Time_s
0.287551879863
0.291787828398
0.295872352341
0.300289940536
0.304638204228
0.308949395677
0.313320769369
0.317688208047
0.322037451828
0.326465904415
0.330766328235
0.335157139273
0.339525200232
0.343885023958
0.348202145309
0.352487491299
0.356825958729
0.361093173143
0.365313093893
0.368986077111
0.373391719218
0.377503106001
0.381932808057
0.385830102102
0.390508866746
0.394985458196
0.399246792705
0.477967432421
0.487360136241
0.496951793053
0.506922846493
0.516468502831
0.526015043456
0.530584071716
0.535127405183
0.539365375966
0.543419275688
0.547305902384
0.551459781111
0.555915895455
0.559932961392
1.029350692857
1.037210207871
1.045754739834
1.054070165286
1.062503396027
1.070784420568
1.079169685137
1.223749455354
1.227607119609
1.231559292527
1.234705361423
1.238056955875
1.241215903231
1.244490507322
1.248039520510
1.251649108249
1.255347149130
1.259014733268
1.262875044738
1.266588146685
1.270404932456
1.274103846092
1.277883988521
1.281587705822
1.285334432759
1.294603786765
1.302163287217
1.309856419366
1.317462757393
1.325172582116
1.332899438710
1.340700537460
1.348463429124
1.356255613998
1.364016336043
1.371741772627
1.379344831483
1.386990625855
1.394598871607
1.402103352575
1.409426259133
1.416748831485
1.424012618541
1.431183354451
1.438072367467
1.441431624299
1.445050763050
1.448768182470
1.452398905645
1.456239754532
1.459933270592
1.463469653302
1.466914590751
1.470634646543
1.474399824598
1.626108150286
1.629906901158
1.633987267123
1.638620260927
1.643245166434
1.647877927180
1.652603429654
1.657499161652
1.662439682941
1.667562358277
1.672902226717
1.678191892516
1.683817089181
1.689173785691
1.694824884382
1.700532451210
1.706020044986
1.738830466864
1.750302580457
1.761956481847
1.772933883312
1.784000369651
1.795006594953
1.812818817669
1.817896291728
1.823182314283
1.828331479933
1.833418873262
1.838528516618
1.843416703830
1.848433590572
1.853373646017
1.858328574833
1.863324191254
1.868252954735
1.873070871051
1.878154371189
1.883165919266
1.888110454555
1.893336199776
1.898426720433
1.903322159018
1.908424904858
1.913220157372
2.104198011138
2.110017875782
2.115417058769
2.120971445562
2.126685304953
2.132403866811
2.137850431193
2.143601008360
2.149075405171
2.154728172243
2.160310339976
2.166184451821
2.171791584995
2.177663561169
2.183390095758
2.189171632876
2.195128872239
2.200799024574
2.206646808099
2.212448520517
2.218430300293
2.224080254470
2.230173894374
2.235858209676
2.241912212971
2.247648169918
2.253701197874
2.259493336635
2.265442993017
2.271202024848
2.276858552945
2.282744716912
2.288648942038
2.294357240447
2.300319767332
2.305938068627
2.311816986700
2.317484139508
2.323223186024
2.328935777527
2.334624690258
2.340358795359
2.345950743808
2.351513718555
2.357108761643
2.362715714479
2.368445711916
2.373624699850
2.416129742933
2.421502211561
2.426883824460
2.432184232383
2.437512291673
2.442966565708
2.453892616768
2.459510136541
2.947754721021
2.951652744647
2.955495988914
2.959263264523
2.963160003024
2.971079270018
2.975033342855
2.978914193629
2.982666403480
3.032425454252
3.037728358061
3.043063982589
3.048464169065
3.053725199412
3.059106548870
3.064288042536
3.069641236784
3.074831350146
3.080183157749
3.085316274478
3.090543951089
3.095714957424
3.100880327772
3.106024036390
3.111023316527
3.115938104929
3.120827489775
3.125755718685
3.130717372183
3.135821586948
3.140820588711
3.145908046334
3.150833112859
3.156026306813
3.161044833281
3.166297576299
3.171576495938
3.176567094902
3.181667410536
3.186699448316
3.191546082014
3.195800861078
3.200942768204
3.206037619103
3.210567081010
3.215722355442
3.220847998895
3.225769100991
3.231641074827
3.236948927438
3.240925040865
3.245096324005
3.250256809174
3.255304197554
3.260375222047
3.264526961219
3.306809634878
3.310392695638
3.314177650879
3.318068687730
3.321923284069
3.325956692878
3.329864787125
3.333862203110
3.337776158708
3.341778030540
3.345694583160
3.349657435011
3.353622203941
3.357603447529
3.361538762975
3.365506065463
3.369479117025
3.373489739522
3.377370072626
3.381370960449
3.385382793725
3.389351501706
3.393305008486
3.397498965385
3.401696302259
3.405481279660
3.409588922307
3.413721717784
3.418119897067
3.421502578967
3.425533350436
3.429199784390
3.432939501177
3.436952313335
3.441053662269
3.444886957477
3.449055923865
3.453205092560
3.456858007304
3.460546376176
3.464631222362
3.468310873736
3.471781153346
3.475516203348
3.479455279035
3.483426576684
3.487509422546
3.491671147338
3.496443537832
3.500547433061
3.504850640932
3.509414287047
3.514163346386
3.518614657176
3.523884781711
3.528584371528
3.533534651949
3.538524266905
3.543606670633
3.548736414828
3.554288664845
3.559756216245
3.565025824007
3.569341206411
3.574664198733
3.579869239475
3.584922101618
3.590166060040
3.595678164787
3.601198487410
3.606884652435
3.612582061744
3.618303213385
3.623901761066
3.629576792445
3.635246920123
3.640923017573
3.646558029452
3.652349538488
3.657995527616
3.663781098997
3.669670563619
3.675512568249
3.681380415795
3.687305430845
3.692999639535
3.698667579528
3.704414312358
3.710122923909
3.715914035209
3.721603797246
3.727337261134
3.733064361193
3.738808120259
3.744560729319
3.750251648726
3.755948567764
3.761758721837
3.767549954198
3.773446000212
3.779384812546
3.785289545842
3.791314743504
3.797103826411
3.802903150997
3.808521313463
3.814535199799
3.820467253411
3.826406631748
3.832346329221
3.838231919346
3.844181843899
3.850030781577
3.856029030547
3.861928213535
3.867743848509
3.873579490854
3.879414139988
3.885192515184
3.890969559006
3.896737861500
3.902547396972
3.908399829581
3.914210022990
3.919902831129
3.925710508382
3.931666370953
3.937409468807
3.943346000818
3.949121527564
3.954678128994
3.960666872408
3.966538044997
3.972504777525
3.977995574543
3.983876004981
3.989729726120
3.995644857089
4.001572729495
4.007426293386
4.013246181540
4.103150457182
4.108601948333
4.114363470348
4.120264724486
4.126169973154
4.132135602344
4.138096680039
4.144089372458
4.150170571393
4.156210246668
4.162434955382
4.168440099341
4.174407883211
4.180451328894
4.186392170391
4.192445603974
4.198355771218
4.204379768546
4.210341036039
4.216342864852
4.222379854185
4.228265620321
4.234152718429
4.240122793631
4.246108369414
4.252206868393
4.258388273238
4.264387713394
4.338627100092
4.343970159220
4.349545906809
4.355478945694
4.361531391473
4.367443335545
4.373411475548
4.379422441635
4.385396720036
4.391369068562
4.397325657839
4.403218642824
4.409163919554
4.415086304334
4.420915619599
4.426840166512
4.432680999854
4.438644409928
4.444525280529
4.450401106953
4.456362129329
4.462297759039
4.468124011949
4.473940628404
4.479794205913
4.485798403614
4.491753308134
4.497403516629
4.503634621329
4.509465006976
4.515221377016
4.521042067372
4.527154659215
4.532695169207
4.538193878016
4.543703157645
4.549018667842
4.554606453487
4.560340974406
4.566370168020
4.572599458877
4.578804965522
4.585322868316
4.591732452627
4.598305443043
4.611137562284
4.623953623022
4.633553622404
4.639723576864
4.646012070443
4.652503922293
4.658842694433
4.665294073244
4.671913357642
4.678138796738
4.684604650332
4.691043614973
4.697416622876
4.703989769414
4.782742951803
4.789003527637
4.795381066818
4.801931640242
4.808438479517
4.815000339089
4.821607155045
4.828042684693
4.834623891279
4.841146679271
4.847654010092
4.853968451225
4.860220602612
4.866618402437
4.872934550580
4.879157551147
4.885576096124
4.891899990171
4.898218759524
4.904550561709
4.910930936547
4.917319223050
4.923696047562
4.930086309645
4.936517254094
4.943097377212
4.949368998674
4.961311133723
4.966558710662
4.973036486237
4.979295417711
4.985534363933
4.991879447068
4.998272984445
5.004765222192
5.011360266814
5.229259724517
5.235731423101
5.241977798370
5.248524528114
5.255149859097
5.261899053494
5.268607381669
5.275381698016
5.282177882205
5.288985547151
5.295825782414
5.302741184231
5.309459331547
5.317682368982
5.324326710118
5.395377127217
5.407698160546
5.419466953532
5.431224430472
6.100807563607
6.105656744178
6.110338882427
6.115098107089
6.119938469060
6.124800379106
6.129686881963
6.134555553312
6.139391878806
6.144272662413
6.149420717673
6.154279799050
6.159112290375
6.163979810505
6.168864563372
6.173762185345
6.178622655652
6.183543053474
6.188401258159
6.193338956497
6.198115731322
6.203353979236
6.208148010703
6.213052681641
6.217835915519
6.222691433362
6.446885180160
6.452318491790
6.457338144895
6.462654107807
6.467965602960
6.473333862442
6.478694926236
6.484094353173
6.489465595656
6.494880999886
6.500317495809
6.505790487263
6.511216378639
6.516596679965
6.522014344000
6.527326171493
6.532751095568
6.538100446896
6.543452451489
6.548779123572
6.554149720393
6.559529422631
6.564920570270
6.570315507441
6.575713034424
6.581135311444
6.586530256355
6.591940392224
6.597488990973
6.602819793120
6.607934419930
6.613050361781
6.618169205754
6.623226621095
6.628189030640
6.633179192674
6.638184162467
6.643175986630
6.648120426370
6.653031518883
6.657942481530
6.662829000442
6.667718318845
6.672593000896
6.677464736466
6.682282747376
6.687080994773
6.691837408344
6.696553697274
6.701234553403
6.705873375638
6.710464201380
6.714934057493
6.719398938133
6.723713183579
6.727925198970
6.732370821337
6.736777770534
6.741222991136
6.745602704175
6.749901680190
6.753707660687
6.758257165800
6.762724285157
6.767306213507
6.771888411866
6.924915071088
6.931021850195
6.936786572711
6.942892384299
6.948373652261
6.954162863124
6.959864989091
6.965546273445
6.971509995433
6.977390220240
6.983320605182
6.988937146042
6.994533904440
7.173561793781
7.178792945653
7.184568598540
7.190161404187
7.195945869643
7.201780447723
7.207668064338
7.213560897082
7.219470865532
7.225413942952
7.231383372449
7.237326976919
7.243215338900
7.249106563178
7.254928150935
7.260767595105
7.266575769487
7.272320320186
7.278115280457
7.283968884201
7.289822985323
7.295650368123
7.300443929579
7.536820595203
7.541307409680
7.546914852175
7.552399892398
7.558053082102
7.563713141240
7.569431671389
7.575201208194
7.580938845833
7.586643738822
7.592294607228
7.597999608957
7.603966541647
7.609823155168
7.615684498644
7.621529788571
7.627357372062
7.633205007282
7.639044686113
7.644895268849
7.650762780544
7.656620748584
7.662455561099
7.668327469927
7.674152289216
7.679883117488
7.685578377603
7.691246874028
7.696977690277
7.702989594738
7.708820614583
7.714585129708
7.720409835641
7.726120073898
7.732115829465
7.738014714918
7.743869407404
7.749702445051
7.755447504546
7.769062918138
7.774740318448
7.780697878486
7.786530060161
7.792464660228
7.798286872441
7.803806935192
7.809578772071
7.815148995290
7.820453484001
7.825580482157
7.831031083445
7.836549403215
7.842195188625
7.847921706303
7.853734550187
7.859563948640
7.865518197226
7.871450928036
7.877481372329
7.883667720219
7.889783960363
7.895854899559
7.901874163301
7.907891073516
7.913858502681
7.919797044447
7.925688322205
7.931636588249
7.937492283808
7.943329205333
7.949174287969
7.954971727819
7.960784914457
7.966540958385
7.972318396208
7.978058914653
7.983760355418
7.989463008000
7.995054256747
8.000523507790
8.005882335870
8.011060473537
8.016068224693
8.021232073031
8.026302798404
8.031069240078
8.035820307946
8.040648935593
8.045302744515
8.050003335778
8.054510607382
8.059033809123
8.063240977839
8.067627881992
8.071211988570
8.075377210898
8.079152257775
8.083972941085
8.174811427790
8.177126192090
8.179150611778
8.181572623517
8.183755230671
8.185635791366
8.187808376395
8.189844881961
8.191458266731
8.193635328738
8.195541532331
8.711444785388
8.716746892282
8.721961222028
8.727557289662
8.733020122097
8.738475409396
8.743974986551
8.749615755333
8.755233915693
8.760857085624
8.766546577875
8.772277561236
8.777991505337
8.783631949059
8.789428169210
8.795183951476
8.800842636603
8.806523606560
8.812206065147
8.817934274149
8.823627794686
8.829319489087
8.834970172025
8.840661116683
8.846258168845
8.851905880833
8.857494401963
8.863005542834
8.868532152440
8.873887480170
8.879148908041
8.884434731827
8.889708945069
8.894978800991
8.900175794662
8.905247902678
8.910141923060
8.914693067954
8.919252505945
8.923920031103
8.928897510845
8.933659331169
8.938280000101
8.943239800196
8.948493143098
8.953725188148
8.958656515998
8.963208244349
9.123844189726
9.128148934896
9.132891601154
9.137621467476
9.142544885679
9.147323409952
9.152130173381
9.156802174813
9.161401591521
9.165648270814
9.170039376233
9.174372380157
9.183253618701
9.188042523913
9.192621033357
9.197264816234
9.201893093282
9.210780389299
9.215559222629
9.220398042517
9.224741666718
9.469104215820
9.474137702231
9.479389996066
9.484635192702
9.489942264661
9.495275499036
9.500737009791
9.506063379713
9.511471361373
9.516625515668
9.522250518607
9.527736025960
9.533166614348
9.538800994468
9.544253432866
9.549796122949
9.555382491325
9.560904788464
9.566410563103
9.571945256398
9.577512907753
9.583044505421
9.588579525460
9.594152405975
9.599711168793
9.605288678324
9.610816459217
9.616438370118
9.622007169637
9.627599530771
9.633142557613
9.638749966443
9.644307153320
9.649852242496
9.655424780005
9.661056310977
9.667682831232
9.673245089215
9.678789328383
9.684377188847
9.689962979128
9.695537496058
9.701067183292
9.706628274498
9.712158013763
9.717743144387
9.723272335870
9.728850368425
9.734358706525
9.739849867106
9.745422283990
9.751021754534
9.760958684027
9.770556439134
9.780395640714
9.790259034887
9.800169810652
9.817931801549
9.823684444161
9.829018448216
9.834476300369
9.839937956222
9.845362999533
9.850828265754
9.856144071030
9.861567607201
9.866945901814
9.872442987790
9.877956118194
9.883368807048
9.888850842095
9.894213230823
9.899633247499
9.905154805404
9.910626734534
9.916079811428
9.921575316608
9.926856038190
9.932367030496
9.937772470762
9.943149795928
9.948619205670
9.953944238963
9.959309471942
9.964844888508
9.970202240890
9.975623603074
9.981272130807
9.986675198282
9.992316171783
9.997978220327
10.004037495762
10.008824774510
10.013671560334
10.019336940395
10.024897909558
10.030618734743
10.036431019547
10.042247796361
10.048110927985
10.054128763622
10.059952171790
10.065389845429
10.070857881476
10.076500881736
10.082289021959
10.088055983300
10.093863221368
10.099670707173
10.105401650056
10.111104610781
10.116814611210
10.122456239710
10.128067342307
10.133604889363
10.139125846028
10.144587749272
10.149904865922
10.155152242018
10.160477941524
10.165706359466
10.171025700369
10.176611302922
10.182068417523
10.187349333765
10.192632265863
10.358336462024
10.362951907385
10.367377219349
10.372039618105
10.377656194055
10.382926462445
10.388445299736
10.394000467436
10.399620208895
10.405309239203
10.410934664916
10.416628398641
10.422337256368
10.428043528063
10.433861434064
10.439663331175
10.445494082054
10.451353611428
10.457270236716
10.463082142438
10.469001014666
10.474924938565
10.480822735269
10.486806362470
10.492735127239
10.498725581548
10.504833305666
10.510848744257
10.516924750606
10.522998046985
10.529003895216
10.535078406265
10.540906022238
10.546763585237
10.552419015160
10.558058209627
10.563708881071
10.569140410307
10.574544854700
10.579944378028
10.585135593533
10.589993697254
10.595130381884
10.600269919712
10.604676911364
10.609726298001
10.614590785416
10.619129068012
10.623807647040
10.628328381386
10.633009038079
11.046683088238
11.052527390134
11.058355053008
11.064455386361
11.070128050996
11.075679880588
11.081417283163
11.087034784017
11.092413743487
11.097867405768
11.103300768171
11.108695688006
11.114184631399
11.119710688239
11.125442542308
11.130915408485
11.136506755055
11.141924203188
11.147601866388
11.153300159434
11.159779310459
11.165314065333
11.171151942654
11.177727204220
11.183601493073
11.189396556621
11.195546845150
11.201327067222
11.207195440821
11.213101149818
11.218919668259
11.224792286960
11.230822334781
11.236791966821
11.241972646207
11.248080078316
11.253964897710
11.259534386674
11.265345701013
11.271151497796
11.276905007660
11.282427961683
11.288254929760
11.294162024291
11.300010511253
11.305827876428
11.311587794123
11.317316252902
11.323100825877
11.328787191606
11.334380273851
11.340014411092
11.345612043660
11.351067699081
11.356529596669
11.361908602547
11.367361834805
11.372681342859
11.378053707760
11.383376302123
11.388702097698
11.393958356640
11.399205210745
11.404655077914
11.410227968579
11.415724010201
11.421113070597
11.426432091800
11.431712223284
11.437293244800
11.442653361573
11.447955719647
11.452151741554
11.457751574248
11.462758057944
11.468050847215
11.473164837957
11.478440103053
11.483665298916
11.488890056944
11.494167193845
11.499396840608
11.504624602233
11.509888317738
11.515050020227
11.520253519760
11.525463522405
11.530717977885
11.535869907368
11.540896461640
11.545871369371
11.550736590322
11.555529153440
11.560338541128
11.565240497290
11.570040221106
11.575011407237
11.579721336177
11.584702670227
11.589816716553
11.594970576760
11.600106294383
11.604726933820
11.609225604202
11.614305077911
11.619375266914
11.624857137558
11.629562708837
11.634424907894
11.720106521015
11.724499492346
11.729018514855
11.733506780494
11.737676897764
11.742025625176
11.746680734387
11.751411155817
11.756265317543
11.761289873015
11.766412808868
11.771603633535
11.776863189182
11.781924143750
11.787544519926
11.793300450082
11.798929326158
11.804874768832
11.810661698286
11.816536275428
11.822414909240
11.828476165370
11.834310913035
11.840297713610
11.846259921873
11.852166742332
11.857969505216
11.863931296848
11.869727541976
11.875580740507
11.881498861066
11.887455014117
11.893349732663
11.899269728500
11.903997591292
11.909870233149
11.915763522588
11.925740086546
11.931558729317
11.937453889143
11.943295243219
11.949189571772
12.023059110703
12.028236049615
12.034026976020
12.039782468451
12.045476399067
12.051200389887
12.056921980326
12.062663448516
12.068496535604
12.074235233563
12.080002203870
12.085748063918
12.091459137232
12.097239968956
12.103048476683
12.108889984295
12.114753923130
12.120618040771
12.126434142539
12.132242914399
12.138038109210
12.144020004244
12.150090887181
12.156175181830
12.162337579403
12.168573558543
12.174841509557
12.181066917061
12.187522034737
12.193980420348
12.200557529843
12.206133793442
12.227795280824
12.240320096934
12.252743746054
12.265218505152
12.278484156291
12.290622308156
12.296721441590
12.302776335578
12.309031345458
12.315313806050
12.321780437664
12.328290883229
12.334759375966
12.341275998228
12.347729974108
12.353959293409
12.360181580957
12.366396920619
12.372773444738
12.378907884957
12.385347301229
12.392510640655
12.398734379766
12.405094322619
12.411426064269
12.417760091698
12.424131562238
12.429274670265
12.435191774530
12.441304583937
12.447436639088
12.453799082834
12.460013617164
12.466210179971
12.472420646208
12.478624239484
12.484789834674
12.491064730158
12.497281625877
12.503540150151
12.510141550106
12.516441098993
12.522655644131
12.528872577139
12.535119579005
12.541292796798
12.547479676236
12.553516575551
12.559721824933
12.565840962869
12.572113171169
12.578337713244
12.584419692020
12.590649787683
12.596772687172
12.603051517312
12.609108874042
12.615188961423
12.620296085645
12.625988021660
12.631850838139
12.637849621420
12.643875016923
12.650085425175
12.656217501798
12.662304862107
12.668449554559
12.674560667876
12.680682825940
12.686958199997
12.692949250362
12.699241737710
12.705311893537
12.711178572382
12.717387940345
13.575095722117
13.584589198330
13.594507842116
13.604200033296
13.613724012770
13.623190412046
13.632620049374
13.642162590353
13.646914744690
13.651797721423
13.656654894177
13.661654950485
13.666617817716
13.671638677718
13.676782027272
13.681966481219
13.687206929130
13.692379159828
13.697638658761
13.702842589560
13.708074129496
13.713407649342
13.718787715712
13.724178392683
13.729604941668
13.735034201347
13.740470391964
13.745897520723
13.751316669632
13.756701475767
13.762079735055
13.767429396082
13.772729587460
13.777977989735
13.783174592327
13.788322916804
13.793425187080
13.798430524925
13.803325052601
13.808222981142
13.813044201402
13.817859879499
13.822549583621
13.827402857620
13.832366477715
13.837495110733
13.842746162306
13.847980867423
13.853211124451
13.858439563153
13.863433713037
13.868470622843
13.873530105402
13.878477415331
13.883398382898
13.938941706419
13.942604755645
13.946082556937
13.949808873022
13.953695591624
13.957652194791
13.961627065009
13.965600073235
13.969557647794
13.973553147879
13.977586504359
13.981600518525
13.985664270583
13.989807857935
13.993834808279
13.997885462648
14.001994026848
14.005999112823
14.010174218081
14.014250817465
14.018246224282
14.022296395790
14.026369400010
14.030474694315
14.034602693690
14.038729963438
14.042834448479
14.046985317024
14.051073665954
14.055211707256
14.059429190201
14.063675200780
14.067957967704
14.072260199302
14.076645977313
14.081057966258
14.085522979182
14.090063902198
14.094695067627
14.099477810053
14.104323555569
14.109271175390
14.114224107454
14.119113529077
14.124151006971
14.129319781873
14.134617640133
14.140076991760
14.144283070166
14.149169891410
14.153865703723
14.159145044582
14.164386597852
14.169552764556
14.174523042151
14.180250189578
14.185389964450
14.191188980409
14.196530394685
14.202084848542
14.207599050035
14.213317509469
14.219219939987
14.224834175368
14.230675622094
14.236059806302
14.241406946739
14.375760566962
14.379995466534
14.384799810616
14.390013245089
14.395297688660
14.400679315953
14.406070256247
14.411138760962
14.416653406406
14.422449073532
14.428208231689
14.433914329708
14.439685927679
14.445473945814
14.451265542493
14.457067038576
14.462878896621
14.468666343056
14.474515887386
14.480335088489
14.486210453655
14.492096396136
14.497947845805
14.503832419455
14.509766626189
14.515646265411
14.521519120729
14.527319310189
14.533096966004
14.538802673746
14.544482042484
14.550184931432
14.555814628792
14.561604874071
14.567427410567
14.573293969966
14.579110516596
14.584938794888
14.590705392307
14.596601172712
14.602418322986
14.608259887960
14.614044269761
14.619959653637
14.665395903978
14.671077331406
14.675900904352
14.680303425960
14.684942225856
14.689802861337
14.694841483450
14.700031836279
14.705287976522
14.710560004566
14.715924110024
14.721464519716
14.727206455521
14.732840460494
14.738626358758
14.744373460095
14.750129322988
14.755853476672
14.761591494070
14.767323996478
14.772988890621
14.778727156512
14.784418451211
14.790111755136
14.795921570915
14.801632565446
14.807263513603
14.812936290909
14.818606148888
14.824293892378
14.829918000758
14.835639223077
15.002924454298
15.008578877001
15.014369268696
15.020333842811
15.026074095686
15.031870251359
15.037720587401
15.043412601083
15.049340323471
15.278769843008
15.284257780289
15.289746258843
15.295317638333
15.301003605792
15.306803761619
15.312683268684
15.318591596578
15.324514290193
15.330467351018
15.336497077967
15.342632995386
15.348687878746
15.354681304255
15.360931490153
15.367157397347
15.373494831440
15.379956951015
15.386522257071
15.393097454167
15.399801002502
15.406481834933
15.413288398352
15.420016951625
15.426791713620
15.433332246992
15.439874603205
15.446172979663
15.452381516288
15.458614905386
15.464538768951
15.470223758958
15.475885913818
15.481487534285
15.487104133089
15.497547272017
15.507945865296
15.518272779403
15.527735369677
15.537162244810
15.658884638647
15.665214773104
15.671365581924
15.677597389392
15.683765707266
15.689886829932
15.695751582857
15.701678826040
15.707667668747
15.713573261961
15.719691453826
15.725648334031
15.731430324724
15.737210738292
15.742953314073
15.748851522008
15.754653665774
15.760504562781
15.766415820209
15.772533144203
15.778719211031
15.784682844373
15.790707451275
15.796506159997
15.802141942206
15.807528407252
15.813130358260
15.819003659877
15.824813193816
15.830784827332
15.836751037967
15.842755719435
15.848807811107
15.854917906061
15.861278019589
15.868322381042
15.874322632346
15.880351229032
15.886469172929
15.892619872655
15.898653730519
15.904761943873
15.910689521265
15.916751152301
15.922833001865
15.928968932990
15.935092372819
15.941214160041
15.947376200415
15.953582525671
15.959609476354
15.965917203601
15.971895359306
15.977757203458
15.983702227183
15.989771576952
15.995853173957
16.001798310220
16.007014774548
16.012540573052
16.018283877852
16.023610423690
16.029372584000
16.035261326264
16.041118734303
16.046926806214
16.052641268376
16.058280475707
16.063863036928
16.069535882381
16.075061746461
16.080234037917
16.085430549113
16.090429385045
16.095783708320
16.101141629748
16.106876568167
16.111957771198
16.117131296161
16.121980574430
16.127148419370
16.132261701194
16.137285852984
16.142452044507
16.147549195493
16.152573649661
16.157623305595
16.162460082535
16.167176904263
16.172294515018
16.177451174662
16.182694602393
16.187755205382
16.192987134947
16.198051285389
16.203343578653
16.208500802095
16.213796955329
16.218878308034
16.325324691977
16.330264926553
16.335167889407
16.340058390690
16.344991769782
16.349913262537
16.354897867498
16.359886257281
16.364957723721
16.370113522391
16.375311464225
16.380560244508
16.385837272591
16.391170984532
16.396579989473
16.402015193062
16.407465780415
16.412948530121
16.418480902188
16.424030983235
16.429564783198
16.435133762819
16.440724570173
16.446277892146
16.451825928867
16.457382133850
16.463023246157
16.468530689046
16.474042862922
16.479538333029
16.484973218244
16.490377122509
16.495704929475
16.501197382474
16.506781226340
16.512313594997
16.517740965693
16.523255588863
16.657704356145
16.663014906412
16.668787898707
16.674750206964
16.680768507857
16.686901115357
16.693105475705
16.699327763019
16.705678448711
16.711992129551
16.718375799285
16.724886709477
16.737324451369
16.749838140939
16.762188777625
16.775420379861
16.788450602554
16.801802963544
16.815117960242
16.821563531787
16.828274215949
16.834564868151
16.840783365314
16.847031462646
16.853187073166
16.859334823660
16.865504135723
16.871542920250
16.993151028932
16.998836837270
17.005159251871
17.011211647626
17.017606344450
17.023669544251
17.030008576452
17.035924663782
17.041916099773
17.048306160825
17.054954999987
17.061189945633
17.067390783116
17.073518990452
17.079707411272
17.085872227185
17.092037561040
17.098196741147
17.124778186549
17.132032027887
17.139191263442
17.146748703748
17.153526995286
17.160799130751
17.167535901564
17.174076742447
17.181102622171
17.299051948083
17.304264579625
17.309978454029
17.315896059080
17.321968635645
17.328278957316
17.334577491015
17.340966969567
17.347506103288
17.353946561137
17.360588421305
17.367189492544
17.373850245303
17.381050615460
17.412281320488
17.422665494879
17.435390985405
17.448404871948
17.461283489399
17.474338334513
17.487599660987
18.328553688221
18.331293137651
18.334716942242
18.338140911087
18.341541219778
18.345355042370
18.349256760962
18.353237054458
18.357217397903
18.361297129682
18.365454704059
18.369687772606
18.374060583715
18.378457184867
18.383189144250
18.387671016173
18.391174191017
18.395144874390
18.399496550767
18.403918466014
18.408452284656
18.413322141620
18.417358978634
18.420723198023
18.428506835597
18.432710201421
18.437494346417
18.441913860906
18.475826423992
18.480485877689
18.486135895070
18.490754191618
18.495059577683
18.499732429026
18.504739910335
18.509809553627
18.515120521450
18.520616291169
18.526387309224
18.531747812511
18.537088396281
18.542219512368
18.547675736961
18.552971285901
18.558348287317
18.563680213344
18.569048980183
18.574472607651
18.579835650358
18.585282789342
18.590866502851
18.596328812735
18.601970113088
18.607357942479
18.612859367480
18.618239012882
18.810976656344
18.816322545699
18.820727586514
18.825720819626
18.830412065078
18.835051368858
18.839577330274
18.843974488505
18.848457126340
18.852589077423
18.857031872495
18.861106566174
18.865409867214
18.869368250508
18.873451020188
18.877586600409
18.881972202002
18.886138985845
18.890257395521
18.894324716024
18.898347425875
18.902747401086
18.907183567960
18.911222814743
18.915409213226
18.919721992483
18.924055041394
18.928013218256
18.932373433979
18.936531736047
18.940680812994
18.944839558411
18.949136510264
18.953269701156
18.957536249080
18.962150708062
18.966274955994
18.969798588355
18.973904125406
18.978044065324
18.982325201166
19.034104480566
19.043870729584
19.053519723464
19.063152189474
19.072793490744
19.082472457728
19.092115961551
19.101768334792
19.111459866500
19.121205321494
19.131043315357
19.140867571122
19.150689936859
19.160554241174
19.170303559778
19.180154606386
19.330735523924
19.335782181975
19.341461342854
19.347077181046
19.352639070050
19.358242456128
19.363949763293
19.369592219241
19.375370396578
19.381068581010
19.386849518595
19.392686213695
19.398480301068
19.404344366742
19.410288765384
19.416212481677
19.422059429626
19.427826666956
19.433590645853
19.439383756544
19.445124822654
19.450870867421
19.456529992119
19.462245140355
19.467887601281
19.473560419901
19.479138837397
19.484764517791
19.490379259435
19.495878353731
19.501433297195
19.507107336749
19.512987283874
19.518635911276
19.524402195037
19.530181596265
19.577230061205
19.582752619478
19.589196554822
19.595256445867
19.601832076516
19.608403805199
19.614697245162
19.621108838481
19.627348868765
19.633511206291
19.639598119514
19.645770265194
19.651943769055
19.658148521933
19.664187312193
19.669773657568
19.675215052638
19.680793501492
19.686591473762
19.692478638918
19.698595273923
19.704552640500
19.710654455370
19.716817374348
19.722933074404
19.787946251856
19.793666350827
19.799471262724
19.805483919732
19.811444924721
19.817321463410
19.823209315286
19.828861070834
19.834845465167
19.840791066533
19.846618185376
19.852253429340
19.858339485491
19.864081797101
19.870164898562

