Time_s
1.125685486121
1.129883135279
1.132935971986
1.136257259810
1.139646762467
1.143100715726
1.146535287899
1.150002801674
1.153474018059
1.157009293402
1.160526481454
1.164059601164
1.167595405756
1.171153839245
1.174695184641
1.178225529545
1.181786435153
1.185356789217
1.188805478445
1.192477964821
1.196098570842
1.199462111132
1.202798201088
1.206025551318
1.209241823600
1.212466791343
1.215693422137
1.218911272465
1.222105919577
1.225296853617
1.228485246086
1.231666864242
1.234831405414
1.237979818310
1.241106659801
1.244184273201
1.247307948577
1.250452920772
1.253589368854
1.256736350840
1.259819782018
1.262906881266
1.265999457877
1.269057781023
1.272113176389
1.275173532025
1.278230069532
1.281272196427
1.284337994314
1.287378947270
1.290390839823
1.293399458061
1.296438599929
1.299452454924
1.302457837344
1.305459042086
1.308445290346
1.311426390223
1.314401551461
1.317380443276
1.320349045421
1.323315993221
1.326270705085
1.329287473464
1.332351306779
1.335349640911
1.338383730737
1.341464800477
1.344520404434
1.347546640026
1.350384008447
1.353967524061
1.467019665249
1.469083502851
1.471330716956
1.473773907358
1.475906192076
1.478157881083
1.480488535056
1.482923226565
1.485381037782
1.489632589793
1.492016638639
1.494366272310
1.496754941015
1.499010027955
1.501329619605
1.516672146282
1.520200233535
1.523713093554
1.527178780588
1.530668995241
1.534178736617
1.537694643651
1.541223821781
1.544801967448
1.548387407104
1.552021340325
1.555690328967
1.559362301808
1.563066690278
1.566793738614
1.570555151492
1.575687357164
1.583286858013
1.590999901629
1.598836364593
1.606813631167
1.614844533194
1.622942892811
1.631113528310
1.639287644860
1.647390850919
1.655593855642
1.663759951560
1.671943651444
1.680185488015
1.688407125204
1.696827743586
1.918969251059
1.923693385932
1.928848977738
1.934018694677
1.939250454147
1.944541056185
1.949794011628
1.955104318780
1.960340150485
1.965609051754
1.970839279578
1.976062274626
1.981327416947
1.986560594540
1.991834234638
1.997197127518
2.002547725385
2.013313724551
2.023952258542
2.034643876846
2.045206031293
2.056115241657
2.067171132959
2.078163118363
2.089583624055
2.100800180107
3.253547137231
3.257070133098
3.260625203315
3.264168870128
3.267804181173
3.272184777696
3.275913942840
3.279869009142
3.283696755793
3.287563291291
3.291365347090
3.295196347823
3.298950799819
3.302723944921
3.306402885971
3.310082562204
3.313726751769
3.317360695084
3.320953685171
3.324537610884
3.328071023390
3.331589213565
3.335125587970
3.338598287478
3.342058416115
3.345504913108
3.348922052770
3.352360381692
3.355744087578
3.359119331798
3.362478340231
3.365836409629
3.369182366227
3.372588185572
3.376032001824
3.379358413577
3.382599812370
3.545112565676
3.548299159739
3.551731482744
3.554858156722
3.557924682022
3.561003420747
3.564141056639
3.567262221265
3.570378165542
3.573505986475
3.576661530835
3.579797399809
3.582935797125
3.586088614845
3.589230722429
3.592409626175
3.595590223179
3.598736424697
3.601918893519
3.605099779242
3.608287734065
3.611485462899
3.614682307930
3.617882290011
3.621100216649
3.624322178740
3.627559082752
3.630805149791
3.634076159658
3.637351598258
3.640650774877
3.643955700925
3.647299238927
3.650666668868
3.654047423211
3.657395330723
3.661021985343
3.664775909615
3.668267820438
3.671742648606
3.675097500700
3.678425922030
3.681753144167
3.685108562337
3.795702816600
3.799569389864
3.803192016733
3.806661030691
3.810321454181
3.814035793996
3.817813446854
3.821634604401
3.825474597689
3.829347923267
3.833276510025
3.837314420892
3.841391468925
3.845534217052
3.849804282751
3.854310119182
3.859028112316
3.863753190143
3.868728196416
3.873846482146
3.878743334648
3.884044774460
3.889257993105
3.894460628857
3.899498688525
3.904415127892
3.909548080326
3.914528810677
3.919429994234
3.924201649992
3.928949169286
3.933624616354
3.938255760357
3.942888229498
3.947455882324
3.951974005337
3.956467044573
3.960920031960
3.965356255938
3.969804723136
3.974218152833
3.978642612451
3.983080776850
3.987548788948
3.992016560992
3.996484578676
4.000962344228
4.005423825090
4.009874728781
4.014303010233
4.018719151020
4.023136598527
4.027564549833
4.032023828349
4.036439982232
4.040860270424
4.045252957117
4.049587571204
4.053905937752
4.058197031634
4.062399073958
4.066583107050
4.070736443562
4.074886421118
4.079009258494
4.083236355723
4.087432865918
4.091592193316
4.095763001518
4.099936551324
4.104109577076
4.108282300637
4.112347444235
4.116369712793
4.120518735043
4.124619711748
4.128687384154
4.132732879769
4.136781256963
4.140853639107
4.144868680806
4.148931583839
4.152988962814
4.157034773044
4.161079334960
4.165191494468
4.169304663157
4.173433964557
4.177501120316
4.181657535627
4.185864506061
4.190148490833
4.194489548580
4.199007948148
4.203615682777
4.208394956067
4.213340993509
4.218457094225
4.223604867137
4.228869369605
4.234108817624
4.239376124209
4.244540148871
4.249570399519
4.254481897594
4.259324758070
4.264014038815
4.268570309900
4.272997558439
4.277467346038
4.281898572095
4.286369647463
4.290899115485
4.295438985407
4.299982374117
4.304603725278
4.309233965738
4.313870680175
4.318552232919
4.323246361900
4.327938917136
4.332605317505
4.337293173828
4.341982895618
4.346688427700
4.351393688122
4.356137344279
4.360841902105
4.365522560486
4.370207749929
4.374879596473
4.379543232072
4.384157046796
4.388729349808
4.393283879868
4.397794064775
4.402260397477
4.406710355108
4.411152500776
4.415565022689
4.419994404635
4.424406926781
4.428936958028
4.433459668589
4.697533615461
4.701257205986
4.705743413141
4.710479445306
4.715304419690
4.720211140662
4.725106783719
4.729925447753
4.734750234131
4.739540412689
4.744361198448
4.749234869321
4.754137479530
4.759076845758
4.764097225165
4.769211276117
4.774389355443
4.779708671275
4.785092382077
4.790607096899
4.796086786302
4.801599548198
4.807161736113
4.812701738597
4.818256439742
4.823815901000
4.829333905576
4.834858078732
4.840265964175
4.845666501216
4.851022499381
4.856359761694
4.861679058289
4.866935688947
4.872179428857
4.877404445605
4.882632249536
4.887815830282
4.892955621769
4.898166451562
4.903312438310
4.908437652540
4.913569664241
4.918723875260
4.923831845621
4.929064190612
4.934257009561
5.054690490525
5.058357529159
5.063127177254
5.067660667022
5.072142752197
5.076719800851
5.081206263290
5.085692932917
5.090173628434
5.094655845192
5.099132705116
5.103632748390
5.108105656063
5.112648934046
5.118102817469
5.122639672300
5.208528470200
5.213000073505
5.217125902727
5.221621934909
5.225987792781
5.230348834656
5.234669555588
5.238912231150
5.243036117388
5.247205573773
5.251344223680
5.255479190644
5.259643788828
5.263885190166
5.268087563647
5.272301561981
5.276513827684
5.280785276266
5.285035489290
5.289322306863
5.293590555044
5.297860270978
5.302142857143
5.306448845450
5.310734091448
5.314989687409
5.319308928910
5.323568010054
5.327831099111
5.332052755790
5.336241830684
5.340477203324
5.344588699344
5.348751533904
5.352833687757
5.357001260748
5.361115760090
5.365278987546
5.369492197538
5.373691865891
5.377929933116
5.382001089160
5.385873865681
5.389952233620
5.394291474476
5.508072910445
5.512203522367
5.516755211402
5.521683612711
5.526523842479
5.531634572909
5.536492901380
5.541530534964
5.546603465719
5.551704014943
5.556803264258
5.561907901667
5.567015725375
5.572301395811
5.577586520559
5.582884660197
5.588066171787
5.593238938298
5.598440366689
5.603619670012
5.608786242942
5.613963411970
5.619156800757
5.624354284580
5.629551785236
5.634753466547
5.639954538685
5.645151841927
5.650327461657
5.655490493868
5.660620813234
5.665643433525
5.670665296133
5.675592478201
5.680405084347
5.685245017794
5.689986955136
5.694696979726
5.699334279249
5.703988847971
5.708718951276
5.713373691121
5.718131566897
5.722952643949
5.886928489245
5.891581218348
5.895253962747
5.899128062972
5.902970672905
5.906888460657
5.911081525305
5.915339160443
5.919596290913
5.923863581134
5.928117962543
5.932397244572
5.936709603380
5.941039993558
5.945374839463
5.949745227497
5.954152632209
5.958605784314
5.963129771639
5.967682783178
5.972295346595
5.976986938829
5.981774215161
5.986585783889
5.991403237694
5.996343795516
6.001229598644
6.006845512791
6.015977419011
6.029101661616
6.040417245879
6.062283089465
6.072960817029
6.083025425184
6.093597531852
6.104531371459
6.115276308502
6.126431729323
6.137594742912
6.149060717189
6.160657884458
6.172192722686
6.796898773236
6.799710065487
6.806418800475
6.809750983194
6.812977293623
6.816471818661
6.820288364191
6.823836391327
6.827763784045
6.831437870418
6.835063788404
6.838707563741
6.842379806525
6.846104893379
6.849645941088
6.853997813935
6.858176130870
6.861966340081
6.865726958214
6.869442600486
6.873118461217
6.876803704715
7.126182136408
7.130468799902
7.134227780407
7.138080632939
7.141988845638
7.145878593468
7.149759036319
7.153642188220
7.157541214143
7.161450694508
7.165368877224
7.169315739554
7.173270389074
7.177275360227
7.181293616833
7.185313893949
7.189354537085
7.193438973277
7.197570453692
7.201693085312
7.205909025044
7.210105193368
7.214313612042
7.218554958105
7.222816357366
7.227143715179
7.231450874655
7.235774941320
7.240114964786
7.244463912484
7.248836104286
7.253199490457
7.257564144335
7.261936843717
7.266287377335
7.270616658060
7.274942662894
7.279227259083
7.283486731590
7.287723148079
7.291949192031
7.296119291407
7.300278245015
7.304433023491
7.308581052218
7.312712740004
7.316876528167
7.320985906038
7.325087326865
7.329184482975
7.333236035745
7.337330406641
7.341423460374
7.345480625248
7.349578926008
7.353702724092
7.357816357870
7.361970344279
7.366207004685
7.370464545672
7.374896431384
7.379568768113
7.384260451430
7.389048260274
7.393800330349
7.398584455500
7.403487213265
7.408257633688
7.412858253072
7.417385717408
7.421850458254
7.426255373103
7.430595490900
7.434955426263
7.439377798032
7.443891824265
7.448542175066
7.453225861396
7.458035888465
7.462962283524
7.467946817822
7.473122423270
7.478803198634
7.484104410700
7.489090857692
7.493873017398
7.697571112425
7.707669018352
7.717618214227
7.727529790571
7.737541637976
7.747644581759
7.755316287304
7.760564762171
7.765569030427
7.770499399327
7.775414520689
7.780270843791
7.785104123408
7.789905927476
7.794641614163
7.799404784740
7.804151889323
7.808921857707
7.813424597636
7.915540161304
7.917470110107
7.920240591137
7.923017912367
7.925247974123
7.927202472427
7.929168189602
7.931138254991
7.933092374351
7.957958498607
7.961829273791
7.965609002039
7.969964838169
7.974516684706
7.978864558758
7.983431979302
7.988026395107
7.992604324568
7.997190756026
8.001751540048
8.006361371115
8.010966739413
8.015568231897
8.020162574571
8.024780955985
8.028963411809
8.033405711094
8.038137512231
8.042799946984
8.047407251070
8.052057900258
8.056668623638
8.061301307659
8.065927081848
8.070554581909
8.075181983119
8.079811205576
8.084427270207
8.089050816881
8.093670189113
8.098300476027
8.102851721082
8.107407622174
8.111881930300
8.116399847162
8.120876177293
8.125368447029
8.129725735323
8.134153147485
8.138482735166
8.142867978041
8.147300430140
8.151879073110
8.156538693520
8.160927358468
8.165329400704
8.169739914086
8.174196575501
8.299921160770
8.304367229135
8.308874036227
8.313350901688
8.317892323701
8.322498493124
8.327181307824
8.331905580611
8.336708392927
8.341587456380
8.346479282364
8.351384675507
8.356371954138
8.361363006269
8.366437936857
8.371571165905
8.376763006609
8.382011642907
8.387251781601
8.392516771640
8.397782509545
8.403023962442
8.408289555073
8.413522961725
8.418782604273
8.424073236812
8.429276357009
8.434478272492
8.439723818481
8.444922347196
8.450103707577
8.455354748322
8.460608420126
8.465858144729
8.471158072365
8.476427680528
8.481708331623
8.486949825988
8.492153220824
8.497381412926
8.502661930094
8.507937643296
8.513240058684
8.518363723638
8.523554549254
8.528615975983
8.534018475101
9.245939411023
9.253075355271
9.260378969921
9.267793642137
9.275351673569
9.283027897890
9.290768633099
9.298512215322
9.306233051231
9.313853091785
9.321364811346
9.328860821583
9.336315119988
9.343696246873
9.350995978271
9.364409651307
9.367957215890
9.371510363724
9.375053033789
9.378562772059
9.382073096710
9.385558704903
9.389021562476
9.392500760911
9.395938654662
9.399357174075
9.402793893895
9.406214946493
9.409620526603
9.413026049075
9.416413783389
9.419792158275
9.423167830611
9.426512676548
9.429853490563
9.433207097314
9.436544428574
9.439872177065
9.443180248748
9.446490048406
9.449820707664
9.453135595070
9.456463350727
9.459801351356
9.463191880413
9.466575685257
9.469960869652
9.473382563998
9.476808317017
9.480229790613
9.483690956861
9.487191699978
9.490703833166
9.494213489627
9.497573290396
9.500891148758
9.504258793528
9.815616571318
9.818742164776
9.822091014314
9.825687956838
9.829424896847
9.833307672393
9.837199891267
9.841455913404
9.845421703132
9.849588499694
9.853755307339
9.857902494331
9.862082373469
9.866255020530
9.870465311762
9.874589829040
9.878783080445
9.882981168334
9.887147484380
9.891554638758
9.896021519578
9.900478477759
10.109411990218
10.118492393489
10.127751910608
10.134840275255
10.139756506268
10.144524046832
10.149268157580
10.154066048699
10.159002586857
10.164114132963
10.169249088441
10.174420218928
10.179620650824
10.184871778654
10.190084288152
10.195204591366
10.200398865717
10.205452663896
10.210564167130
10.215633004642
10.220682514432
10.225804288161
10.230915160415
10.237282418656
10.398699820238
10.409308571592
10.419983350255
10.430538651275
10.441032965643
10.451374873985
10.461652041148
10.471829324889
10.482133525732
10.492583178489
10.502889424254
10.508186603053
10.513554628539
10.518858397093
10.524310780303
10.529771762455
10.535178535241
10.540625356251
10.545805252329
10.550941943560
10.555896778093
10.560840246005
10.565820111573
10.570810054533
10.575816721804
10.579993742695
10.584620595845
10.589137726983
10.593609163880
10.598071012548
10.602544820161
10.607004084663
10.611522184925
10.615983250436
10.620437611890
10.624900835243
10.629378230121
10.633861452130
10.638353337152
10.642839402480
10.647326714810
10.651822420274
10.656326238630
10.660839028783
10.665378284121
10.669903168479
10.674453731538
10.678975860355
10.683504158476
10.688029671169
10.692541965203
10.697037521797
10.701547731808
10.706036224292
10.710529447900
10.715043647243
10.719533092986
10.724041436746
10.728560428966
10.733046225746
10.737552961869
10.742100805046
10.746632271598
10.751299452460
10.756064200775
10.761302647432
10.947000813373
10.951159796954
10.954941974098
10.958769941596
10.962638170740
10.966887307150
10.971195569907
10.975529505558
10.979869538723
10.984268249396
10.988690461477
10.993135347609
10.997612811273
11.002106246804
11.006605565972
11.011099774473
11.015615377006
11.020123451067
11.024643097323
11.029171825238
11.033716853714
11.038253161826
11.042808544969
11.047376297106
11.051958900740
11.056540439381
11.061150723091
11.065814494454
11.070486481337
11.075152089837
11.079851071457
11.084513667515
11.089222671062
11.093941175809
11.098655998412
11.103387489932
11.108125960556
11.112817156065
11.117493532122
11.122127391469
11.126714668301
11.131226189528
11.135830900374
11.140303530931
11.144790576513
11.149330396007
11.153883647347
11.731248064350
11.738842476068
11.746216839261
11.753459847161
11.760625824345
11.774200433246
11.777654885747
11.781117575277
11.784558622443
11.788009433507
11.791432217689
11.794862511486
11.798305040806
11.801729686849
11.805139519153
11.808567632127
11.811976450811
11.815414502080
11.818849926967
11.822261093702
11.825706425159
11.829157380372
11.832622969522
11.836096083851
11.839575820117
11.843073482995
11.846539799895
11.850037773138
11.853534543437
11.857037597310
11.860616091909
11.864204584665
11.867814740155
11.871427550799
11.875086292926
11.878789192526
11.882520315293
11.886153463281
11.889370195137
11.892826200620
11.896255593872
11.899765139285
11.903352064946
11.906954430064
11.910616774802
11.914321312606
11.918066173808
11.921830921539
11.925637030534
11.929465762771
11.933352864172
11.937266480752
11.941223657515
11.945219202833
11.949214153893
11.953259109908
11.957299080747
11.961375175998
11.965484071594
11.969624252716
11.973794585055
11.978049294830
11.982331043101
11.986604894642
11.990941518620
11.995286767952
11.999668147082
12.004048647556
12.008450764779
12.012889978732
12.017354769345
12.021846334834
12.026365417057
12.030916552785
12.035756331384
12.040959429800
12.046108482007
12.051315100045
12.056740121915
12.062066285202
12.067471320891
12.073053996884
12.078604355803
12.084311762002
12.090001191532
12.095107628358
12.099985413876
12.105209860555
12.110111455206
12.115142934861
12.120093282808
12.125054873642
12.130006745485
12.134957993894
12.139939073139
12.144857165848
12.149799938032
12.154655163946
12.159534608422
12.164310552427
12.169204186264
12.174008707513
12.178878660175
12.183750785699
12.188668397984
12.193648703693
12.198740601196
12.203883890704
12.209091646141
12.214368040777
12.219573339439
12.225181506957
12.230286205847
12.356571083286
12.361706171876
12.365914772045
12.370020612805
12.374597830181
12.379244353290
12.383958628629
12.388718723064
12.393551583976
12.398442717881
12.403428162383
12.408490467899
12.413533447198
12.418368760965
12.423432462238
12.428661332328
12.433958842962
12.439227617086
12.444532487212
12.449945949864
12.455317584847
12.460715259135
12.466210897009
12.471659081125
12.477226880429
12.482694735044
12.488192772054
12.493682563485
12.499046631006
12.504650070295
12.510153167896
12.515703053918
12.521256251803
12.526797677737
12.532329304812
12.537303211800
12.542739527135
12.548239829205
12.708632975669
12.713751929219
12.718825000610
12.724016484088
12.729099489660
12.734215914137
12.739248199336
12.744244962749
12.749219674989
12.754131287777
12.759083208342
12.764011118271
12.768979299265
12.773895125000
12.778959644611
12.783926357956
12.788999711032
12.794129269195
12.799291549443
12.804460097312
12.809561310697
12.814481454573
12.819318124404
12.824013653340
12.828433323344
12.832918077271
12.837209061150
12.841469999630
12.845705222154
12.849919938736
12.854169702483
12.858464468747
12.862834358530
12.867238574020
12.871635395289
12.876026727901
12.880372120169
12.884761085606
12.889092633920
12.893478927985
12.897799086195
12.902163701979
12.906516080338
12.910909797623
12.915309179414
12.919798329312
12.924429836321
12.929247968531
12.934005202226
12.938852771448
12.943697337223
12.948564382130
12.953242792318
13.062756797314
13.067795716542
13.072530507691
13.077531784001
13.082705657432
13.087947586009
13.093322895829
13.098803118196
13.104439645413
13.110300843310
13.116201875833
13.122210519560
13.128232761307
13.134276291107
13.140270890777
13.146322816067
13.152383065772
13.158434040020
13.164507842748
13.170537285106
13.176579567697
13.182685426086
13.188882487453
13.194987271887
13.201062487640
13.207001378523
13.212887426124
13.218577938989
13.224348994306
13.230193670466
13.235918448943
13.241472949564
13.246720739862
13.251935412514
13.257189182310
13.262483648659
13.267796155794
13.273155308240
13.278528301674
13.283928319264
13.289310762728
13.294737673546
13.300097733780
13.305507924116
13.310988639881
13.316394588739
13.321836581195
13.327300107698
13.332742262419
13.338256131258
13.343919656697
13.349649415179
13.355323226205
13.361005973400
13.366533602444
13.454367590581
13.459381129939
13.464209025577
13.469039989394
13.473871334860
13.478728975618
13.483636103288
13.488585828962
13.493550228796
13.498619308139
13.503697022272
13.508759378660
13.513938101072
13.519148944077
13.524476548596
13.529830686959
13.535302930724
13.540885361303
13.546569546304
13.552450175554
13.558502419248
13.564552531452
13.570667847537
13.576937663034
13.583215623326
13.588684408408
14.509235387275
14.518518638661
14.534164897127
14.538449970967
14.542797332746
14.547129922163
14.551428235969
14.555703363285
14.559972823497
14.564204051179
14.568407763255
14.572602473064
14.576799622086
14.580908565477
14.585043758684
14.589103101546
14.593138971475
14.597163902008
14.601150092250
14.605122842857
14.609076538753
14.613027210884
14.616911174164
14.620790261972
14.624647752662
14.628499076322
14.632325426338
14.636170549290
14.639979825223
14.643836754068
14.647652822906
14.651498143268
14.655277573019
14.659110241215
14.662873835683
14.666657618862
14.670420978157
14.674195405132
14.677900143267
14.681608266322
14.685247789389
14.688841503721
14.692446618924
14.696070149750
14.699652774141
14.703313389837
14.706946112107
14.710638345484
14.714470777960
14.718622834223
14.722439006082
14.823718301064
14.827126305071
14.830529871174
14.834045397912
14.837549711309
14.841162446910
14.844743660272
14.848312168886
14.851903331155
14.855541456821
14.859215852495
14.862914107647
14.866720741474
14.870531258456
14.874438877772
14.878268545962
14.882270792649
14.886211927848
14.890197159723
14.894148501176
14.898131611259
14.902124503919
14.906138675580
14.910159623591
14.914191310844
14.918240681089
14.922295008661
14.926378529628
14.930457718844
14.934418706405
14.938534483546
14.942647380421
14.946704120025
14.950747616748
14.954806347590
14.958884854428
14.962971256105
14.967058776478
14.971128907593
14.975232650352
14.979308990376
14.983404840532
14.987507437858
14.991601478932
14.995709620105
14.999830631272
15.003938435624
15.008087691936
15.012364540338
15.016717167387
15.021258689826
15.025949500218
15.030665331068
15.035379584052
15.039811252039
15.044213724695
15.048305085461
15.052214345591
15.056512382535
15.060434819035
15.064461493049
15.068377156950
15.072255240929
15.076163033810
15.080038215070
15.083933270792
15.087783647344
15.091759149925
15.095721647939
15.099793891795
15.103870967674
15.107837970230
15.225068204282
15.229332385448
15.232967109296
15.236521805661
15.240093917176
15.243795167525
15.247562664716
15.251451977234
15.255388529101
15.259367847793
15.263360016949
15.267384543608
15.271434321923
15.275519812059
15.279649311978
15.283796201668
15.287950713246
15.292100468222
15.295673031627
15.299999836937
15.304212048312
15.308408730884
15.312653840710
15.316894074938
15.321153804942
15.325417348784
15.329667625076
15.333920105629
15.338161810257
15.342383225171
15.346600540557
15.350799139731
15.354993740825
15.359200649963
15.363391984805
15.367580275312
15.371775693587
15.375983819063
15.380159032055
15.384323969024
15.388477015880
15.392607114305
15.396722349670
15.400832451262
15.404927891381
15.409032664273
15.413084689656
15.417130368848
15.421161632243
15.425164277201
15.429126682115
15.433056124008
15.437014633098
15.440951440344
15.444894520432
15.448819707860
15.452768457554
15.456755607907
15.461648603835
15.465656026954
15.469659578216
15.473280402292
15.476897296170
15.480638095479
15.484447201991
15.596867197808
15.600002485766
15.603127335988
15.606769358723
15.610542656285
15.614433984084
15.618428071459
15.622425632105
15.626537515669
15.630692534175
15.634929263082
15.639331868372
15.643699424980
15.648493613346
15.662286831390
15.672149191493
15.682210494226
15.692299116901
15.702377811905
15.712308294042
15.722112324562
15.901939726268
15.911986689663
15.922207329704
16.118871274636
16.122710703042
16.127509539410
16.132527158865
16.137335281022
16.142302132161
16.147173518182
16.152117001124
16.157104959999
16.162082580627
16.167034751177
16.171910849372
16.176921292024
16.182004993311
16.187122652152
16.192305183075
16.197515993226
16.202760302798
16.207971681688
16.213143678053
16.218299375468
16.223471230714
16.228630445294
16.233728755531
16.238867161409
16.243989166840
16.249125739525
16.254300386562
16.259477332286
16.264683357370
16.269868349027
16.275147915084
16.280405183940
16.285646558167
16.290972329752
16.296177778084
16.301473690330
16.306681631702
16.311893212284
16.317061159479
16.322183125058
16.327261653996
16.332334976523
16.337361343411
16.342373859020
16.347434146881
16.352474580286
16.357538886564
16.362901083297
16.444421092026
16.448683904371
16.453485382025
16.457907533791
16.462747073410
16.467291335586
16.472070030286
16.476754933199
16.481504388774
16.486238877239
16.491253175793
16.495831675599
16.500559831659
16.505183697763
16.509824151074
16.514418755507
16.519029133927
16.523539022737
16.528052751347
16.532601339098
16.537072958014
16.541596332866
16.546077257453
16.550225344793
16.554819315528
16.559308048668
16.563929726701
16.568479774045
16.573072453206
16.577735855592
16.582391224039
16.587045936897
16.591892195462
16.597293295128
16.602223459056
16.607484118605
16.612904297308
16.618014013137
16.623218852181
16.628573973713
16.633886329444
16.639284458809
16.644508564744
16.649649363371
16.654726055660
16.659405670674
16.664356235943
16.703787403674
16.708501829384
16.712790870185
16.717092451933
16.721345143677
16.725578381730
16.729776054519
16.733927881227
16.738035096034
16.742120177915
16.746186831895
16.750250928886
16.754338267820
16.758509665873
16.762529205064
16.767030970001
16.771122372384
16.986716868669
16.990342627117
16.993773399985
16.997221243467
17.000763601425
17.004381899449
17.008052210122
17.011806428016
17.015594890149
17.019453041985
17.023314688904
17.027299374160
17.031264622877
17.035248310324
17.039262507222
17.043298232664
17.047381753012
17.051486069015
17.055577925678
17.059740967310
17.063953275735
17.068141040417
17.072439177234
17.076715546993
17.081057993446
17.085421718177
17.089873446853
17.094234448345
17.098779375672
17.103246566793
17.107809439797
17.112377840744
17.116982355953
17.121612036675
17.126237922796
17.130926062396
17.135590522527
17.140236300981
17.144893148173
17.149537948558
17.154167702303
17.158819069352
17.163486871399
17.168147226165
17.172858417019
17.177523024445
17.182218786213
17.186937196231
17.191682214766
17.196435046851
17.201252212088
17.206145087170
17.211091540197
17.216030668878
17.221015366192
17.226015715275
17.231054458942
17.236091793052
17.241200261501
17.246259836916
17.251137461518
17.255955194226
17.260764180714
17.265379901807
17.269933676950
17.274505329424
17.278767168837
17.283013419777
17.734190259757
17.738607049130
17.742263703845
17.746709282456
17.750797242184
17.754907611517
17.759056815201
17.763225950584
17.767444716420
17.771688882252
17.775988209237
17.780291592665
17.784645320995
17.789041589638
17.793449608123
17.797877401280
17.802335694035
17.806767010178
17.811257052723
17.815750087635
17.820232735773
17.824754515380
17.829270788930
17.833756331768
17.838233629496
17.842675584690
17.847057458290
17.851410780088
17.855710944713
17.859936234963
17.864097007689
17.868240285275
17.872333030644
17.876374747705
17.880422326676
17.884495154594
17.888574825299
17.892542450093
17.896492832226
17.900449423223
17.904452601188
17.908458314714
17.912597823216
17.916732207251
17.920894949091
17.925099340115
18.155371923590
18.160232617316
18.165585598955
18.170395057478
18.175772985710
18.180832952508
18.186133584186
18.191367600521
18.196649017266
18.201903191618
18.207205155803
18.212473465265
18.217717531073
18.222942045104
18.228100087967
18.233351283618
18.238569645320
18.243783138682
18.249477901186
18.255101092148
18.260323951047
18.265713072558
18.271127700139
18.276414467883
18.281115788249
18.285259086507
18.289919503554
18.294946325659
18.299563566602
18.304557202620
18.309162514892
18.314007842332
18.318582110088
18.323310343002
18.327885093010
18.332895540418
18.338148443479
18.343388667095
18.466010683296
18.471188380504
18.475170263859
18.479862509861
18.484686341612
18.489555841792
18.494731022451
18.500095265168
18.505569647092
18.511308245203
18.517290074637
18.523114302034
18.529169374413
18.535435257335
18.541689275184
18.548158522565
18.555397167040
19.555107534626
19.562347848883
19.565828889596
19.569429556356
19.573828226357
19.578190294134
19.582527669089
19.586876312360
19.591230433742
19.595585969856
19.599943359476
19.604306705444
19.608706092201
19.613152687653
19.617650397816
19.622289454008
19.627076278378
19.632580911854
19.713710325730
19.718051261724
19.722467388627
19.726908047802
19.731348607644
19.735822659378
19.740316988958
19.744809875425
19.749324004760
19.753832165977
19.758347322408
19.762861423447
19.767405065647
19.771950089369
19.776423353488
19.780873839927
19.785368196025
19.789869975803
19.794365136594
19.798913901835
19.803497616829
19.808085620941
19.812704455998
19.817101788373
19.821410830058
19.986338755132
19.989837124813
19.993370381837
19.997425889405

