Time_s
0.826001443804
0.828887869515
0.831704215033
0.834348915430
0.837259625963
0.840366341449
0.843370930307
0.846383268662
0.849359539964
0.852337878121
0.855234708918
0.858072212920
0.860793590266
0.863496644861
0.866181931230
0.868860722200
0.871536172167
0.874212793580
0.876905447937
0.879599411227
0.882301485153
0.885004983670
0.887723631783
0.890441248481
0.893156843480
0.895881306151
0.898615454597
0.901359727487
0.904100265571
0.906847356665
0.909611743545
0.912378625456
0.915164957416
0.917949725198
0.920742227415
0.923530419296
0.926326152508
0.929118108476
0.931927625333
0.934729272021
0.937524182695
0.940310501986
0.943110543163
0.945893414529
0.948685068066
0.951481047951
0.954275642296
0.957083513714
0.959881505111
0.962676769422
0.965480238455
0.968299534937
0.971096748274
0.973881949431
0.976669552964
0.979470482768
0.982270402345
0.985072481283
0.987864410054
0.990647352374
0.993429194822
0.996206386103
0.998970304431
1.001722347001
1.004481496703
1.007232839063
1.009991922347
1.012742936463
1.015497849851
1.018240564878
1.020999717203
1.023732619389
1.026460806053
1.029193075865
1.031909925314
1.034628269624
1.037338257327
1.040027784602
1.042754466009
1.045491736744
1.048203209860
1.050882169357
1.053575697693
1.056440089767
1.059361707782
1.062310916172
1.065269962452
1.068192665216
1.071025694670
1.073963028271
1.337364029833
1.341101753455
1.344182871428
1.347283608714
1.350438088431
1.353727745700
1.356921541757
1.360096051287
1.363222801408
1.366292016226
1.369310591154
1.372330770714
1.375326626228
1.378359207531
1.381424206703
1.384535472191
1.387667073577
1.390819084645
1.393982319303
1.397109947631
1.400248451838
1.403374439023
1.406500411442
1.409635002848
1.412769679431
1.415908690178
1.419060381685
1.422202916880
1.425352495737
1.428493023224
1.431629443489
1.434804510340
1.437948761289
1.441092495256
1.444246176137
1.447411409218
1.450552472789
1.453678497648
1.456801614496
1.459901477556
1.463001054367
1.466102494925
1.469188364893
1.472275161717
1.475348289072
1.478434474527
1.481524926574
1.484610706360
1.487693543410
1.490786739167
1.493879427192
1.496958785325
1.500053592169
1.503146611359
1.506259946174
1.509366255907
1.512482523144
1.515606755673
1.518719546741
1.521883506738
1.525034013483
1.528210117401
1.531378457282
1.534565192434
1.537750800151
1.540894578739
1.544034319199
1.547178287414
1.550306634162
1.553406685425
1.556504697902
1.559582689639
1.562661793916
1.565774943876
1.568907241452
1.572066124424
1.575267016623
1.578510122373
1.581715541494
1.584998274066
1.588351656295
1.591569384776
1.594826050285
1.845371203547
1.847955186122
1.851077291524
1.854127413776
1.857194446229
1.860420576780
1.863606478749
1.866803105979
1.870047667991
1.873362029610
1.876736461934
1.880183395287
1.883699747862
1.887200874118
1.890746383947
1.894291396779
1.897897926281
1.901496720194
1.905115093372
1.908742869712
1.912420755819
1.916108388342
1.919835020660
1.923568884399
1.927382027840
1.931166974442
1.935012581021
1.938940876795
1.942915100212
1.946873747965
1.951004039210
1.955145213165
1.959288313449
1.963413025235
1.967609802526
1.971819737637
1.976195582613
1.980578150511
1.984999264344
1.989538487393
1.994061334892
1.998743177985
2.003153846911
2.007839182154
2.016654320004
2.025738233292
2.035099450084
2.044386754494
2.053904188794
2.063510432599
2.073013657188
2.082828343742
2.092824506042
2.102842254281
2.113160880896
2.123636511520
2.133569971784
3.106997422272
3.114055599227
3.121273706956
3.132984497643
3.136497829497
3.139973217825
3.143452926916
3.146935218004
3.150394535430
3.153838717369
3.157369698446
3.160817497654
3.164225447838
3.167698430102
3.171108496527
3.174530083016
3.177959230462
3.181355348545
3.184754921189
3.188137092539
3.191507944352
3.194827479700
3.198171853124
3.201458880425
3.204731820004
3.207988924442
3.211234526341
3.214509940049
3.217776149166
3.221036297118
3.224205828742
3.227434201736
3.230717966814
3.233936796486
3.237207511811
3.240489268041
3.243739859000
3.247067700969
3.250478848644
3.253718944053
3.256942120314
3.260069185985
3.263332823792
3.266716326067
3.270083776846
3.273320573405
3.496452166531
3.498960286882
3.501448718446
3.504178146289
3.507101269862
3.510072590974
3.513217096424
3.516484353223
3.519752294750
3.523021746147
3.526166755079
3.529253876800
3.532314465070
3.535368233029
3.538373679972
3.541393212226
3.544434286583
3.547494424494
3.550586969414
3.553716416158
3.556861692833
3.560001010136
3.563156289424
3.566326470771
3.569496854638
3.572695317899
3.575896907545
3.579096287978
3.582301491388
3.585531039414
3.588768923377
3.592046440251
3.595337188537
3.598583763831
3.601818757120
3.605058490225
3.608305176482
3.611554482195
3.614796159113
3.618047608555
3.621295132582
3.624546196996
3.627781650091
3.631029361890
3.634268849375
3.637490936067
3.640724578531
3.643948557740
3.647172073963
3.650378547225
3.653602810432
3.656878869279
3.660063499280
3.663344193741
3.666670532039
3.669961196811
3.673187399900
3.676410033036
3.679602506438
3.682815593705
3.686007256596
3.689207017085
3.692457615891
3.695667139116
3.698860682193
3.702055220939
3.705272762890
3.708504454576
3.711715949203
3.714909080176
3.718122821617
3.721418477410
3.724575337364
3.796078867132
3.799170355739
3.802229898557
3.805323592591
3.808575593741
3.811817612790
3.815039855183
3.818337723894
3.821675337476
3.825030209836
3.828393044094
3.831785098402
3.835186498468
3.838596640840
3.842032177498
3.845490311197
3.848977739888
3.852508944774
3.856149469794
3.859952713927
3.863919138694
3.868018162064
3.872202018507
3.876378256179
3.880428595657
3.884594116905
3.888823245600
3.893512285436
3.897653710375
3.901808457060
3.906255111482
3.910658047916
3.914993194610
3.919339743857
3.923462759454
3.927447465702
3.931572362321
3.955870497708
3.958973258806
3.962581972728
3.966158821550
3.969686295233
3.973174189956
3.976813047000
3.980359688093
3.983889195317
3.987416048602
3.990898033982
3.994382303465
3.997803675663
4.001237658491
4.004683202698
4.008016749996
4.011334182505
4.014648344727
4.017904399155
4.021133126063
4.024368627359
4.027639382396
4.030979970169
4.034385108687
4.037780739508
4.041188688957
4.044675604943
4.048193634136
4.051701981073
4.055191967175
4.058694874099
4.062190946106
4.065670939093
4.069185961832
4.072673128796
4.076174215053
4.079660298973
4.083154717851
4.086672645806
4.090194556588
4.093706042065
4.097228609101
4.100722279702
4.104253521772
4.107781142294
4.111278462267
4.114788145315
4.118327722165
4.121848786218
4.125374081758
4.128911560082
4.132444925409
4.135987753568
4.139543873972
4.143098951655
4.146651760910
4.150193624715
4.153735427183
4.157279674827
4.160827965906
4.164385920626
4.167960671466
4.171530318004
4.175092622004
4.178679922418
4.182268579476
4.185860505337
4.189460554579
4.193075893309
4.196652561462
4.200296670215
4.203918995790
4.207556207762
4.211206896858
4.214841632566
4.218495402908
4.222166401401
4.225862316313
4.229586568250
4.233335579653
4.237125457292
4.240869351657
4.244742239158
4.248530845567
4.252220307497
4.255715037869
4.259398944539
4.263172612975
4.267009505382
4.270670929526
4.274311680747
4.305431683762
4.309200751903
4.312148572965
4.314942009004
4.318006494163
4.321270227951
4.324771390910
4.328259218746
4.331749287528
4.335295808499
4.338840695185
4.342406254218
4.346013898043
4.349635711984
4.353289764381
4.356949405580
4.360642003823
4.364328489623
4.368026860979
4.371712366885
4.375410469665
4.379109011200
4.382784021192
4.386463929496
4.390138424479
4.393806531543
4.397466007632
4.401111398807
4.404749356694
4.408376631736
4.412004062600
4.415609734549
4.419196970441
4.422772796529
4.426305040589
4.429809481481
4.433309208214
4.436802310690
4.440298127615
4.443813456385
4.447348362554
4.450911058729
4.454494479304
4.458118459017
4.461780018768
4.465462197906
4.469093372487
4.472428355115
4.717847272840
4.720793722704
4.723432967818
4.726406525490
4.729659409869
4.732910712153
4.736157952816
4.739489648125
4.742815069741
4.746175268588
4.749551317885
4.752922715077
4.756387472763
4.759921617353
4.763522847798
4.767115476311
4.770733211038
4.774350786790
4.777982028004
4.781656179149
4.785344645263
4.789016672026
4.792681417301
4.796401542391
4.800110150342
4.803766681018
4.807407978916
4.811039810229
4.814662821512
4.818275463812
4.821890649261
4.825465691143
4.828998183157
4.832532505012
4.836051370686
4.839542254909
4.843024774586
4.846500489390
4.849981150271
4.853462464012
4.856946044370
4.860442716314
4.863952943491
4.867416964589
4.870929901709
4.874490196281
4.878038046083
4.881656230207
4.885278687496
4.888970684024
4.892504922660
4.952939700102
4.955975389931
4.959296756303
4.962972993966
4.966510204275
4.970215529517
4.974026705399
4.977900499784
4.981729525081
4.985759847936
4.989837549895
4.993996818067
4.998210147024
5.002538975419
5.006796866704
5.011079945083
5.015138289036
5.019061789439
5.023119843891
5.027055656240
5.030957642758
5.034742211951
5.038523720678
5.042182011428
5.045782836666
5.049310156618
5.052810250863
5.056215711821
5.059615506091
5.063000391588
5.066330372826
5.069662274031
5.072976638084
5.076259097708
5.079558263792
5.082891560052
5.086207905204
5.089541709435
5.092899052905
5.096259237420
5.099612067662
5.102990393041
5.106383232494
5.109807363366
5.113373582148
5.116980930394
5.120452934936
5.123914355687
5.127471632528
5.130991081511
5.134546365617
5.258249692459
5.262129711123
5.265951522108
5.269880697341
5.274036851912
5.278068218100
5.282279091533
5.286253660011
5.290341214865
5.294261769063
5.298199748812
5.302233055372
5.306158508528
5.310126723932
5.314145556539
5.318238578757
5.322597900114
5.327065310289
5.331348940276
5.335633192722
5.340047947082
5.344464936584
5.348818263626
5.353200719819
5.357608735570
5.362006516263
5.366532002485
5.371118600961
5.375640126907
5.380443200293
5.514934406828
5.518557929778
5.522268927076
5.526276459259
5.530221632976
5.534259389800
5.538155003616
5.542355899217
5.546437997071
5.550794975773
5.554958938304
5.559327990275
5.563520470973
5.567869802000
5.572169082575
5.576491734521
5.580779451410
5.585093810026
5.589438617717
5.593835982450
5.598360019572
5.602612256608
5.606861072877
5.611134977099
5.615425348056
5.619692500983
5.623901309367
5.628124284954
5.632335627196
5.636566566403
5.640801107395
5.645028129527
5.649288913070
5.653572468547
5.657880599189
5.662160047782
5.666431356794
5.670748318282
5.675096933124
5.679478684957
5.683911364438
5.688377307985
5.692803717060
5.697257543373
5.701771098563
5.706425558771
5.710918656964
5.715166652323
5.719414971052
5.723612539325
5.727807914803
5.732016955114
5.736281934852
5.740562110857
5.744865779695
5.749190835635
5.753446921916
5.757648901659
5.761979758038
6.005111027917
6.011315723202
6.014482130201
6.017811132436
6.021260750260
6.024758695951
6.028170836239
6.031639679275
6.035067083061
6.038589605141
6.042050949172
6.045576483688
6.049104112744
6.052690839384
6.056274242223
6.059914031590
6.063587903481
6.067338362084
6.071192146118
6.075071772101
6.078963239209
6.082846184657
6.086723798933
6.090606132814
6.094457241700
6.098339866320
6.102318066675
6.106613347485
6.110786412113
6.114939500383
6.119275758553
6.123496472401
6.127698969524
6.131894779892
6.136066554512
6.140359271292
6.144727069386
6.149089917086
6.153407851592
6.157841330834
6.162158070260
6.166890374850
6.170975020884
6.175679765332
6.180425298849
6.184747018590
6.190030419423
6.194669423447
6.199369972556
6.204188873792
6.208621470851
7.440990745337
7.443329232775
7.445898810357
7.448602381235
7.451452556871
7.454318921876
7.457123165858
7.460033846110
7.462939744022
7.465849698147
7.468786353120
7.471723265213
7.474672899973
7.477636442315
7.480600555459
7.483549597927
7.486503439237
7.489455295092
7.492404342335
7.495369701684
7.498394891882
7.501566103628
7.504830765454
7.508178561187
7.512178085629
7.515476527417
7.518689052471
7.521659459978
7.527206273492
7.530434912340
7.533415935586
7.536362551132
7.539325180985
7.542267748999
7.545210329882
7.847169123845
7.849980915156
7.855517446970
7.858646313866
7.861243588607
7.864201552843
7.867082086691
7.870095456088
7.873125100336
7.876204495848
7.879294738827
7.882396465580
7.885489907327
7.888601918648
7.891729146670
7.894863663074
7.898017540721
7.901200969698
7.904394103074
7.907618329165
7.910905693801
7.914312902523
7.917663451825
7.921004540019
7.924402552548
7.927815054121
7.931219693921
7.934626553341
7.938034475762
7.941445339771
7.944860197804
7.948288543182
7.951727150026
7.955191868554
7.958663471842
7.962108422172
7.965564312815
7.968984665898
7.972425997917
7.975861601437
7.979297532943
7.982733942679
7.986172605843
7.989624598648
7.993045200212
7.996522468726
7.999966092098
8.003482784739
8.006985588029
8.010494078532
8.014019002433
8.017560679857
8.021118781254
8.024668915988
8.028228416216
8.031798535605
8.035392075651
8.039012004605
8.042653662473
8.046308169224
8.049993945236
8.053693146542
8.057425177095
8.061167910436
8.064914218165
8.068660027884
8.072402888916
8.076142903469
8.079884531114
8.083628913176
8.087390874055
8.091163984169
8.094948920036
8.098759369124
8.102591348468
8.106447817382
8.110332496064
8.114254522356
8.118159047772
8.122258936422
8.126352210363
8.130366506547
8.134439481460
8.188151544592
8.191314594437
8.195146260611
8.198906097053
8.202731460227
8.206622343175
8.210659909311
8.214607111094
8.218661522040
8.222637912044
8.226681975343
8.230703240447
8.234732868753
8.238764044039
8.242786040421
8.246802166898
8.250809181875
8.254838217079
8.258867187600
8.262922553612
8.267206856403
8.271587872808
8.275730812977
8.279823946555
8.283876855219
8.288025706304
8.292067234646
8.296060522753
8.300051133870
8.303989481398
8.308130459595
8.312236341356
8.528619898949
8.531842423640
8.535914473994
8.539034502154
8.542342245801
8.545588141197
8.548860176296
8.552148616905
8.555473225847
8.558828814676
8.562212650939
8.565637181075
8.569093473685
8.572584430204
8.576083389196
8.579578418917
8.583066994510
8.586553405719
8.590049525348
8.593545255832
8.597053030928
8.600548131665
8.604047688450
8.607558617310
8.611053285954
8.614560774610
8.618089721620
8.621602805591
8.625119095967
8.628616361094
8.632127850538
8.635598314151
8.639023948943
8.642472564209
8.646013189742
8.649535482525
8.652988626925
8.656531873953
8.660119967858
8.663614653891
8.667064606436
8.670721881673
8.674455465916
9.032231953310
9.035530594154
9.038894588496
9.042362720651
9.045917506709
9.049554035955
9.053247069693
9.056959817635
9.060679551503
9.064442305334
9.068191552618
9.071956937619
9.075732897266
9.079495996375
9.083252818803
9.087036936688
9.090842307611
9.094662219296
9.098462700266
9.102208369394
9.105837023531
9.109450146140
9.113178624025
9.116899526193
9.120647161339
9.124383908333
9.128112464947
9.131828478132
9.135537657830
9.139230575979
9.142918142042
9.146605218986
9.150289936397
9.153976375687
9.157655337935
9.161323949134
9.164994107464
9.168664069619
9.172326344392
9.175995287614
9.179673389761
9.183348228033
9.187032651134
9.190724278051
9.194432901352
9.198140843215
9.201857313245
9.205582488983
9.209312674771
9.213056079064
9.216802606371
9.220567423752
9.224340658044
9.228133325061
9.231932360976
9.235746993927
9.239584216246
9.243441797027
9.247322825309
9.251222138100
9.255151440557
9.259133807291
9.263133670565
9.267155778162
9.271173287093
9.275171241593
9.279113861905
9.282841499049
9.286481011829
9.290319777557
9.294020266315
9.297830982291
9.301521411016
9.305320462387
9.309109303057
9.313060317440
9.316973917830
9.320916885331
9.324698590017
9.328489007332
9.332229994149
9.565014854814
9.568105503635
9.571689222703
9.574800504266
9.578225845901
9.581739509387
9.585345019646
9.588980610021
9.592578875354
9.596221507321
9.599905881715
9.603619442053
9.607361809781
9.611135308376
9.614935657578
9.618714474448
9.622541886875
9.626388652324
9.630242756663
9.634125689277
9.638040837163
9.641967042077
9.645897892059
9.649857395010
9.653804867064
9.657795334588
9.661779014292
9.665789465090
9.669838711658
9.673910776558
9.678019488688
9.682170085896
9.686371404107
9.690609212603
9.694881732711
9.699185899687
9.703550729210
9.707952179109
9.712205315554
9.716730362478
9.721348616258
9.726064136733
9.730849913552
9.735727335554
9.740642125649
9.745624479608
9.750549216408
9.755576819761
9.760602906748
9.765644021399
9.770752276239
9.775861896783
9.781029867714
9.786146422183
9.791306032836
9.796544744039
9.801797584433
9.807022855139
9.812296269039
9.817588643113
9.822930471102
9.828191944361
9.833419097902
9.838602217687
9.843904200052
9.849137099753
9.854095832787
9.859543717707
9.864459413276
9.869400867974
9.874684036152
9.879778409258
9.884636892500
10.645684099044
10.648612480864
10.651524731049
10.654558864264
10.657656483379
10.660909512027
10.664169600800
10.667375659535
10.670591272466
10.673852998456
10.677105214046
10.680382183994
10.683674240606
10.686997259955
10.690333613734
10.693695647837
10.697054838523
10.700423576756
10.703785015334
10.707158672637
10.710539957932
10.713935204446
10.717330958669
10.720729927719
10.724128560276
10.727527147607
10.730934393856
10.734331172654
10.737725363908
10.741120566245
10.744506953056
10.747907134896
10.751327924322
10.754762524094
10.758194969230
10.761614209225
10.765043439403
10.768487192074
10.771925810754
10.775350846905
10.778772903572
10.782188694411
10.785592438447
10.788986466939
10.792369240649
10.795732016284
10.799074929998
10.802397416310
10.805727694311
10.809053291644
10.812360727193
10.815663164457
10.818999113455
10.822336946769
10.825636349479
10.828915637601
10.832106898982
10.835236921500
10.838338699273
10.841470667418
10.844640217161
10.847822770234
10.851011540606
10.854208284808
10.857444298519
10.860703639722
10.864036470658
10.867411821252
10.870996740046
10.874612109976
10.878021474525
10.881395059392
10.884658535742
10.887983848782
10.891204117125
10.894484786547
10.897622765483
10.900948483432
10.903948725985
10.907261035078
10.910537708185
10.913742578242
11.117029012212
11.119867132317
11.122712397324
11.125479058729
11.128391188323
11.131449699454
11.134481988019
11.137529959920
11.140575496159
11.143645500551
11.146729873637
11.149821601376
11.152898901093
11.155953740064
11.159011478262
11.162070403193
11.165028886994
11.167998909698
11.170961920928
11.173896474633
11.176823051999
11.179752448068
11.182664606318
11.185574702539
11.188505778939
11.191448017285
11.194434944546
11.200320834212
11.203528229303
11.207142961165
11.210370817024
11.213359180196
11.216313418839
11.219224408479
11.221877719068
11.224817322532
11.227773099036
11.230701369437
11.233639040626
11.236549423351
11.239480068093
11.242393026861
11.417416682170
11.421095465866
11.423786661018
11.427025630985
11.430165151200
11.433127798420
11.436134022923
11.439158845172
11.442330145828
11.445571739227
11.448812552553
11.452032962464
11.455288683437
11.458556419846
11.461863475477
11.465182909510
11.468519875912
11.471878065601
11.475223035772
11.478609041363
11.481963139899
11.485376039753
11.488593269700
11.491973718978
11.495295188596
11.498598907951
11.502060166591
11.505527831778
11.508985819494
11.512424544090
11.515852536818
11.519274299368
11.522722219886
11.526185231650
11.529679121846
11.533188962009
11.536709073428
11.540251964165
11.543810218110
11.547385883208
11.550969329637
11.554547770142
11.558134915621
11.561734160210
11.565334864779
11.568950961663
11.572585249842
11.576232188235
11.579881224564
11.583545176446
11.587226560596
11.590931300551
11.594640376240
11.598332717212
11.602036866903
11.605730716969
11.609442060899
11.613151997761
11.616859747788
11.620569269333
11.624276305944
11.627994696776
11.631729473464
11.635483786301
11.639237730326
11.642948373311
11.646751301378
11.650222316915
11.653909181264
11.657609520686
11.661273878954
11.665046399061
11.668842996632
11.672577233622
11.676273560283
11.679982117451
11.683719884548
11.687466879206
11.691145094389
11.694871846020
11.698698899892
11.702458624677
11.709922161859
11.713569064012
11.787607328718
11.791537561243
11.794988119737
11.798469396855
11.802124923449
11.805772027345
11.809494448219
11.813211660816
11.816957882512
11.820770884554
11.824619385513
11.828514242769
11.832439348671
11.836388281336
11.840348234516
11.844292572698
11.848300979485
11.852331368189
11.856449580126
11.860635674592
11.868060209526
11.872126106637
11.876290867415
11.880510585438
11.884614595554
11.888622909262
11.892734767563
11.896830087580
11.900752431728
11.904610087540
12.029120323943
12.032862263367
12.036435512454
12.040205280313
12.043969273961
12.047724019429
12.051571407687
12.055315997769
12.059157970046
12.063048401734
12.066908998393
12.070823433319
12.074785388551
12.078727104280
12.082719499344
12.086733217467
12.090743532263
12.094726719179
12.098734782654
12.102759150169
12.106750931908
12.110666728745
12.114572454984
12.118443243727
12.122347155550
12.126243569657
12.130114978046
12.134016736583
12.137911204892
12.141816348844
12.145748547927
12.149651956406
12.153615279219
12.157540437437
12.161496167419
12.165489211147
12.169462855427
12.173450212346
12.177409421963
12.181407167134
12.185370881898
12.189342268574
12.193319637368
12.197365281489
12.201402694486
12.205450905147
12.209491726286
12.213563194924
12.217564821659
12.221632396138
12.225672292540
12.229871320267
12.235106580399
12.239418861873
12.243715317292
12.248129520388
12.252436531312
12.256592566624
12.435255653936
12.438252129518
12.441599369941
12.445006475224
12.448426815212
12.452008928018
12.455515166447
12.459066643921
12.462666742378
12.466259405212
12.469857906814
12.473495249373
12.477138666506
12.480811461590
12.484492012955
12.488207825588
12.491960667435
12.495701645876
12.499490594676
12.503281968974
12.507093507055
12.510913223022
12.514718297803
12.518525135581
12.522289568372
12.526039200017
12.529779151323
12.533479605502
12.537168551304
12.540827702997
12.544489070476
12.548148580211
12.551801103360
12.555432894990
12.559082330135
12.562731348583
12.566353589452
12.569976090105
12.573573747990
12.577162412001
12.580746486879
12.584301216599
12.587857811970
12.591378410543
12.594889999191
12.598398898572
12.601881299298
12.605331405411
12.608746195718
12.612143240042
12.615509213043
12.618859775971
12.622195732839
12.625542848506
12.628924871508
12.632338241531
12.635845511988
12.639483798896
12.642955056514
12.646426063127
12.649986632462
12.653576343579
13.321455824170
13.324912292642
13.328470299025
13.332031255213
13.335819283252
13.339588201010
13.343165292118
13.346770688232
13.350273664034
13.353851113568
13.357435546458
13.361059487112
13.364712982180
13.368390911821
13.372082798382
13.375792279921
13.379503332046
13.383223208244
13.386968936866
13.390696175781
13.394641593778
13.398315579205
13.401947523671
13.405606836844
13.409280917566
13.412931395482
13.416572425857
13.420207336758
13.423830868936
13.427467978413
13.431083525401
13.434692080283
13.438324658320
13.441969488247
13.445611505242
13.449258397730
13.452904322575
13.456561360732
13.460230779853
13.463902791020
13.467591781584
13.471312906887
13.475061273574
13.478845879755
13.482666738770
13.486533990677
13.490414303901
13.494313177466
13.498208899087
13.502132365431
13.506089161322
13.510023448299
13.513921922131
13.517807131618
13.521692183210
13.525534520086
13.529352416158
13.533148069989
13.536918268719
13.540652882719
13.544323859876
13.547960756004
13.551579311535
13.555149750000
13.558732629106
13.562302941060
13.565873956145
13.569437348256
13.573003628293
13.576563295449
13.580123054285
13.583657264115
13.587230481111
13.590788407900
13.594298997359
13.597829096930
13.601342004061
13.604872836079
13.608409001461
13.611926179699
13.615333644178
13.618735659850
13.622222136758
13.625739694589
13.629224543733
13.632716077591
13.636236354492
13.639755368379
13.643267109773
13.646792919290
13.650244732640
13.653786811352
13.657213946516
13.660656385787
13.664116960746
13.667588663659
13.671049334328
13.674499983438
13.677926324235
13.681331629587
13.684725243606
13.688121905538
13.691506228521
13.694890426168
13.698262197844
13.701617229335
13.704977139017
13.708352358482
13.711707127290
13.715076058466
13.718474713779
13.721872926210
13.725258933369
13.728666525977
13.732092985987
13.735514613397
13.738950427574
13.742414912263
13.745986207799
13.749679603136
13.753337639129
13.757083682381
13.760878480515
13.764786826830
13.769050811725
13.773299594406
13.777137606266
13.780872296376
13.784394595466
13.787868748161
13.794928071836
13.802706615366
13.806054008039
13.809442514908
13.812854267659
13.816272818470
13.819718606243
13.823170280167
13.826640016150
13.830108540518
13.833592697532
13.837082304154
13.840577774104
13.844082913621
13.847588135231
13.851087389638
13.854607186721
13.858120526416
13.861627157070
13.865121754038
13.868620560395
13.872092268021
13.875575997345
13.879075635798
13.882551453597
13.886004311048
13.889461930097
13.892903370420
13.896334494993
13.899762845335
13.903183898683
13.906622670375
13.910064928024
13.913515056110
13.916986914295
13.920454841849
13.923921050926
13.927350705352
13.930796242215
13.934230275936
13.937642309939
13.941091879702
13.944522596143
13.947966044112
13.951429720313
13.954903944514
13.958396969530
13.961925750640
13.965516275913
13.969118025058
13.972658910542
13.976289843721
13.979877382777
13.983354471548
14.135530141528
14.138421387050
14.141617245053
14.144955028047
14.148324975124
14.151760259144
14.155213977322
14.158688624530
14.162172790295
14.165657249498
14.169154519439
14.172651434957
14.176133484065
14.179634462121
14.183129370849
14.186657750926
14.190182894114
14.193706412530
14.197231207952
14.200759067802
14.204264024422
14.207674671134
14.211124959018
14.214590403097
14.218074664738
14.221545524682
14.225020990517
14.228501412969
14.231985577326
14.235489170633
14.238994578246
14.242512255399
14.246034446231
14.249579643967
14.253138972532
14.256718256201
14.260308568570
14.263919701587
14.267542204505
14.271219708997
14.274925689142
14.278669109787
14.282448472689
14.286236897154
14.290047165315
14.293858798277
14.297710570648
14.301544086560
14.305414519665
14.309290192574
14.313215251936
14.317150604554
14.321129292557
14.325121928020
14.329141023729
14.333141386890
14.337184083317
14.341107958334
14.344995573416
14.348761173258
14.352352029605
14.356002670861
14.359703057786
14.363528273970
14.367173644689
14.370863621453
14.374717289309
14.378498776918
14.382112162199
14.385912473017
14.389644976644
14.393355245697
14.687962680255
14.691457043601
14.694997767201
14.698712907953
14.702446504704
14.706130602264
14.709795622896
14.713475874004
14.717239861872
14.721171934014
14.725156853271
14.729173735881
14.733203921645
14.737263829259
14.741363448044
14.745504870897
14.749631168944
14.753748437090
14.757915003244
14.762103395598
14.766288515801
14.770480896717
14.774675450994
14.778835481744
14.782976301043
14.787114340432
14.791291087952
14.795456291731
14.799688316661
14.803875209310
14.808094148344
14.812244634928
14.816363192034
14.820540198274
14.824677661486
14.828837336519
14.832993790094
14.837108651581
14.841382550957
14.845640486703
14.849819137809
14.854018414251
14.858205374151
14.862325410172
14.866450725868
14.870548006993
14.874589169446
14.878660880681
14.882703332394
14.886746433286
14.890820007456
14.894886312127
14.898950212318
14.903029547028
14.907091497222
14.911167121580
14.915245453119
14.919316902981
14.923366636821
14.927416562807
14.931445763291
14.935466950890
14.939500766202
14.943542919855
14.947584309991
14.951612995715
14.955648043284
14.959668929695
14.963699353688
14.967745458163
14.971821034371
14.975969808159
14.980201804481
14.984487540317
14.988689729373
14.992775609852
14.996950226330
15.001037317579
15.005148997901
15.009284809042
15.013451508660
15.017685902971
15.021916656922
15.026210721599
15.030596546085
15.035057753788
15.039551792402
15.044019007734
15.048492358744
15.052904895074
15.057429002083
15.062099310927
15.075413305848
15.079098544105
15.083189315086
15.086548149402
15.090372759403
15.094133948045
15.097998737816
15.101886250240
15.105736014160
15.109591816976
15.113425472869
15.117233401368
15.121024008907
15.124827333734
15.128664643356
15.132514182856
15.136348945470
15.140192896938
15.144028664448
15.147841079739
15.151645701107
15.155427525505
15.159204017039
15.162948802191
15.166668512383
15.170363882007
15.174048327910
15.177713219183
15.181371958491
15.185032541385
15.188692389641
15.192365027710
15.196048833539
15.199723150081
15.203444269188
15.207155324027
15.210877080583
15.214604377527
15.218342618010
15.222098167790
15.225866274375
15.229625854901
15.233417003755
15.237230481516
15.241038401328
15.244850080981
15.248689159510
15.252564989646
15.256446710441
15.260454086589
15.264549875969
15.267712806879
15.271480269518
15.275255910965
15.279108801436
15.282818524411
15.286613571917
15.290415863261
15.294194135515
15.298021775865
15.301817156517
15.305578401523
15.309393999135
15.313136498378
15.316893550488
15.353993169810
15.357549991851
15.361291825953
15.365534208011
15.369903122043
15.374424927115
15.379089701051
15.383776790555
15.388463128088
15.393397005218
15.398319748630
15.403395202159
15.408469686599
15.413566876711
15.418480103458
15.423445302272
15.428506278960
15.433229408015
15.438725842876
15.444001858134
15.449074840182
15.454289592624
15.459353401668
15.463994689751
15.644790814863
15.648740311240
15.652097307580
15.655633880028
15.659275179210
15.662956035547
15.666750882562
15.670622707621
15.674509624740
15.678425730932
15.682390189637
15.686330656033
15.690280227404
15.694260327565
15.698234905440
15.702229846316
15.706203451944
15.710184315254
15.714134711967
15.718076249576
15.722037078974
15.726002227834
15.729962042134
15.733922295424
15.737865226543
15.741801135385
15.745780091585
15.749729419336
15.753743843288
15.757782578774
15.761868513402
15.766004994607
15.770154451979
15.774320968476
15.778493784951
15.782713370545
15.786951319368
15.791200077169
15.795492152227
15.799859045734
15.804247749290
15.808697742213
15.813211547849
15.817800384184
15.822388362953
15.826940030886
15.831531561871
15.836168756671
15.840827713756
15.845540102444
15.850356227966
15.855268245778
15.860316065258
15.865369109685
15.870595851195
15.875964327413
15.881258559431
15.886576249754
15.892426762213
15.897587588075
16.915298002697
16.918616915730
16.922006477429
16.925433606183
16.928871474092
16.932321658423
16.935733367627
16.939112455536
16.942516516614
16.945958887215
16.949377386898
16.952800929866
16.956285080988
16.959795243746
16.963353412209
16.966923654993
16.970521322471
16.974145145414
16.977789342478
16.981462151462
16.985154733485
16.988885681426
16.992631221763
16.996408919722
17.000227091955
17.004056496899
17.007910455980
17.011778917610
17.015589592676
17.019392557795
17.023231442243
17.027021729243
17.030770511319
17.034397683500
17.037980230489
17.041454042816
17.044818381929
17.048070476168
17.051238550859
17.054298467514
17.057353863624
17.060416551937
17.063405415431
17.066492953699
17.069561754599
17.072578443303
17.075542239614
17.078490926706
17.081456421432
17.084334984799
17.087164027359
17.089992514315
17.092804097161
17.095612993375
17.098421297723
17.101255864128
17.104091447017
17.106937876669
17.109783749324
17.112642966388
17.115508034021
17.118384126898
17.121262269716
17.124144843224
17.127008178494
17.129865762443
17.132680182714
17.135507159608
17.138286939477
17.141041539094
17.143779326808
17.146519621310
17.149231489167
17.151942992756
17.154650137383
17.157339165895
17.160034533322
17.162701300237
17.165368367955
17.168024598120
17.170664481814
17.173275008601
17.175875635061
17.178474876701
17.181089903769
17.183693926081
17.186299118680
17.188933246079
17.191585732292
17.194254266331
17.196934379407
17.199672565712
17.202461815726
17.205249488595
17.207765648469
17.210399130994
17.213258494422
17.216106003229
17.327101458052
17.329461049934
17.331815015442
17.334199761701
17.336946150527
17.339576662596
17.342283640390
17.345123475317
17.347975735909
17.350802507222
17.353655928223
17.356487315063
17.359325861156
17.362176274462
17.365028211977
17.367894838567
17.370763852368
17.373640457321
17.376527930010
17.379419679299
17.382337088523
17.385240452668
17.388149548996
17.391083745852
17.394046840499
17.397001529301
17.399934431652
17.402918128239
17.405983281121
17.409052117070
17.412108525583
17.415171736888
17.418248527010
17.421334703250
17.424409948987
17.427487987972
17.430568908846
17.433650798679
17.436763641745
17.439878702044
17.442993835028
17.446130517513
17.449264346421
17.452547808612
17.455742002224
17.458938762936
17.462139579345
17.465367382907
17.468574522619
17.471773204643
17.474980355463
17.478213398290
17.481439219968
17.484659945899
17.487908063170
17.491155193191
17.494409884117
17.497670439516
17.500928000187
17.504186329930
17.507451345319
17.510729046022
17.514012000936
17.517292515208
17.520591861849
17.523892767394
17.527181058938
17.530496452556
17.533803728801
17.537123573570
17.540462218179
17.543800938321
17.547152264623
17.550473124928
17.553791371809
17.557087202320
17.560358267509
17.563629853337
17.566881375795
17.570140944273
17.573437659798
17.576712668051
17.580016376176
17.583313724875
17.586642488501
17.589964847161
17.593283519282
17.596637134859
17.600019063186
17.603441087954
17.606821146613
17.610248871355
17.613704133725
17.617251286954
17.620697845337
17.624208478389
17.627692617757
17.631225609367
17.634741622854
17.638252423096
17.641791810464
17.645341474091
17.648899767121
17.652446528873
17.656029400954
17.659602526556
17.663192483583
17.666757971630
17.670332475956
17.673895527907
17.677441404570
17.680997949890
17.684562944507
17.688179472845
17.691932691686
17.695775024586
17.699620712936
17.703588382246
17.707717579345
17.711854935595
17.715768252296
17.719772564809
17.723708586245
17.727617130684
17.731437771299
17.735263916621
17.739047272500
17.742786474729
17.746563636153
17.750291710950
17.754013189827
17.757723367490
17.761452138901
17.765191318836
17.768949695920
17.772726272592
17.776525645826
17.780349551348
17.784179049317
17.788035470228
17.791878857377
17.795737193461
17.799573689977
17.803447013223
17.807407383610
17.811682027898
17.967542733173
17.971214981202
17.974827915898
17.978063850739
17.981338012651
17.984618141699
17.988031010253
17.991521428928
17.995012096634
17.998515211741
18.002032401556
18.005538080955
18.009042008133
18.012542337278
18.016031271582
18.019531350242
18.022992947492
18.026478160253
18.029939751122
18.033498579817
18.037010575802
18.040509611919
18.044008692514
18.047497331370
18.050976429783
18.054466829262
18.057858058458
18.061219702874
18.064446538261
18.067670616191
18.070837253434
18.073970677702
18.077086200093
18.080231339070
18.083385851688
18.086533728887
18.089680924065
18.092825663337
18.095956439508
18.099082666629
18.102200827210
18.105295280663
18.108395998919
18.111487153246
18.114565143784
18.117640622169
18.120704551064
18.123777995678
18.126835052223
18.129856198517
18.132880141185
18.135905849818
18.138941690040
18.142010794252
18.145076446549
18.148129209814
18.151166961393
18.154217217254
18.157258393950
18.160293854867
18.163331669465
18.166360808325
18.169385496055
18.172406142214
18.175412167101
18.178410746963
18.181406888596
18.184405840177
18.187389777486
18.190379317143
18.193349537721
18.196324865361
18.199295494111
18.202263438610
18.205233200541
18.208177616508
18.211119055229
18.214060211672
18.217004748428
18.219944848170
18.222881314366
18.225808721844
18.228728054758
18.231649420453
18.234564202546
18.237470332798
18.240373261798
18.243265120905
18.246162882746
18.249051968154
18.251931798184
18.254812453298
18.257693385389
18.260599938791
18.263517662773
18.266449801680
18.269403809055
18.272399339005
18.275627255557
18.279099704336
18.282335398730
18.285498509036
18.288593654621
18.295055299943
18.298226819724
18.301296249229
18.304158445053
18.306953594883
18.309954438067
18.313003112393
18.476009830710
18.478682045747
18.481784528526
18.485060092297
18.488324480363
18.491408221650
18.494537037818
18.497701193746
18.500871114389
18.504048626628
18.507213687461
18.510364943257
18.513539215810
18.516717332511
18.519914082424
18.523110403825
18.526327326644
18.529570461361
18.532801203921
18.536054946453
18.539313494705
18.542581895352
18.545842110478
18.549107800391
18.552369658061
18.555642777730
18.558900523576
18.562161162582
18.565414644329
18.568663807294
18.571921827155
18.575176111367
18.578421891681
18.581659692966
18.584891085031
18.588103724688
18.591330416105
18.594532043521
18.597765733872
18.601043369050
18.604259901997
18.607598023704
18.610913183520
18.614165228704
18.617403817680
18.620732694119
18.624098001017
18.627392398455
18.630695471476
18.633962821252
18.637225734339
18.640451279945
18.643672188330
18.808423055453
18.811555872201
18.814889368330
18.818115421314
18.821618720247
18.825013911903
18.828486966669
18.832005546976
18.835478663766
18.839013520110
18.842491962398
18.845954926588
18.849463072514
18.852947504042
18.856440816072
18.860001880826
18.863634152103
18.867341003787
18.870961696584
18.874503194233
18.878014803476
18.881496355292
19.115899441015
19.118955385796
19.122083814236
19.125442588303
19.128782663643
19.132216544976
19.135596624988
19.139079875606
19.142541985243
19.145989909023
19.149485680557
19.152975349769
19.156451969724
19.159924589057
19.163391627299
19.166869898636
19.170349197363
19.173822569359
19.177287913184
19.180744759039
19.184033223737
19.187449335842
19.190876721376
19.194268298280
19.197688635814
19.201100545797
19.204510182442
19.207917413460
19.211326370373
19.214734188115
19.218145584265
19.221553328352
19.224971706301
19.228399946688
19.231846107523
19.235307947644
19.238786776046
19.242295396733
19.245810074215
19.249350335021
19.252928125006
19.256526292097
19.260143187349
19.263787154278
19.267443513894
19.271108080646
19.274811953709
19.278541689040
19.282285372036
19.286065184236
19.289896713123
19.293705177195
19.297571958898
19.301456729958
19.305395754568
19.309323937111
19.313320761376
19.317364884922
19.321391575705
19.325422026782
19.329498979813
19.333538021392
19.337523168504
19.341214348413
19.345003391289
19.348894281721
19.352860428074
19.356850345961
19.360808835204
19.364753815598
19.368805997343
19.372655942539
19.714153501803
19.718162781851
19.722112070878
19.726069603313
19.730012845973
19.733890270350
19.737779256594
19.741670524194
19.745505961578
19.749393218842
19.753226106323
19.757028164900
19.760850696327
19.764668184151
19.768523024618
19.772594458654
19.776416073943
19.780128004775
19.783811277960
19.787475866293
19.791143456090
19.794817015539
19.798488583630
19.802135379895
19.805786941289
19.809397761976
19.813028689514
19.816679158184
19.820347438281
19.824026933587
19.827726261048
19.831441657295
19.835171813809
19.838917776028
19.842704179853
19.846478900778
19.850315624716
19.854139289474
19.858003829895
19.861884251145
19.865833571638
19.869877937600
19.873382875072
19.877419183700
19.881290654342
19.885131336168
19.888821991233
19.892496576935
19.896136646537
19.899764369587
19.903361449306
19.906929658685
19.910554395425
19.914210310138
19.917882612279
19.921528235091
19.925176501455
19.928866345149
19.932545836563
19.936230067930
19.939937639771
19.943671111985
19.947417039769
19.951259893462
19.955191486277
19.959045460345
19.962798816205
19.966454305161
19.970140340120
19.973863864760
19.977562589938
19.981282158941
19.985052375817
19.988834026668
19.992753167627
19.996674392549

