Time_s
0.577471399937
0.584692967459
0.588089145823
0.591463286587
0.594940775594
0.598436140181
0.602008061523
0.605666339384
0.609407199602
0.613133841025
0.616897184127
0.620680100981
0.624449571644
0.628170294790
0.631843833265
0.635521273982
0.639223202081
0.642936653123
0.646663465070
0.650436137787
0.654497067367
0.658089298560
0.661696190536
0.665146900295
0.668621405419
0.672127379483
0.675608669593
0.679096218065
0.682576031963
0.686055880575
0.689557243212
0.693058851919
0.696558434173
0.700050391090
0.703521956449
0.706990767099
0.710433845203
0.713884724221
0.717326581601
0.720708900083
0.724124285598
0.727584032386
0.731025942605
0.734470740319
0.737897785925
0.741330917927
0.744763180152
0.748193655960
0.751625462594
0.755048115246
0.758477945675
0.761898202687
0.765305489883
0.768722339352
0.772124332750
0.775516567720
0.778911052950
0.782285051456
0.785672933330
0.789064291133
0.792444268584
0.795822738748
0.799235939698
0.802652588665
0.806105827128
0.809562765448
0.813075692822
0.816576217084
0.819968471787
0.823319076422
0.826788932134
0.830218958498
0.833770227482
0.836991342431
0.840240457420
0.843846698570
0.847321840042
0.850720236763
0.854193173810
0.857401333861
0.860429887296
0.863644085742
1.003901041282
1.007746520004
1.011464590118
1.015453150896
1.019133260651
1.022961202771
1.027060319149
1.031348476441
1.035636784056
1.039936473271
1.044334105738
1.048680558032
1.053021239948
1.057424772530
1.061843810631
1.066252362529
1.070651352928
1.075060556123
1.079511215687
1.083921263914
1.088349751500
1.092794240845
1.097266056971
1.101749226780
1.106229608662
1.110711904774
1.115190112085
1.119661373324
1.124137400516
1.128627779188
1.133074427825
1.137494413393
1.141895527538
1.146284586126
1.150660562641
1.155032719688
1.159468604745
1.164108925291
1.169073529612
1.173838957832
1.367708066249
1.372575551336
1.375973913968
1.379620042872
1.384012853069
1.388427243537
1.392959714289
1.397553193888
1.402209660919
1.406857122331
1.411594967803
1.416346478364
1.421142128519
1.425938732231
1.430821526161
1.435681557916
1.440632205765
1.445587157103
1.450596136933
1.455610567237
1.460667901938
1.465814302111
1.470983303976
1.476205420549
1.481423303662
1.486718529323
1.492122069543
1.497542447227
1.502984388574
1.508458350542
1.513969210451
1.519479975754
1.525046721338
1.530639338561
1.536266073311
1.541832785334
1.547358954004
1.552933127235
1.558539713473
1.564174127704
1.569916882933
1.575671442339
1.581478086627
1.587338056553
1.593215732683
1.598961519410
1.604799605184
1.610507352974
1.616071899576
1.621702456993
1.627372386480
1.633047196312
1.638677196565
1.644386648430
1.650071119056
1.655737659209
1.661413583194
1.667073803103
1.672730487901
1.678399412782
1.684086713844
1.689816796399
1.695584799471
1.701528417613
1.707616225424
2.023961846685
2.028284656755
2.032205699228
2.036512619416
2.040442650260
2.044435382013
2.048370570561
2.052379286383
2.056338257372
2.060288346783
2.064201247682
2.068054551196
2.071888295686
2.075663259573
2.079410156012
2.083097692650
2.086747081782
2.090326834531
2.093888307799
2.097405246540
2.100876506158
2.104336559489
2.107769313492
2.111198210357
2.114591245700
2.117968613754
2.121372296175
2.124729897164
2.128102286191
2.131491715843
2.134928307362
2.138405934911
2.141752839134
2.145280493685
2.148628844065
2.151950084352
2.235216510637
2.238612432650
2.241871682804
2.245112810505
2.248354830345
2.251474639145
2.254569395979
2.257647964553
2.260725543057
2.263772038015
2.266822073270
2.269860399575
2.272872815253
2.275902979433
2.278960719014
2.282022436182
2.285092052207
2.288155228889
2.291238090344
2.294299209055
2.297385633126
2.300558782403
2.303773474860
2.307063971707
2.310384311834
2.314363629696
2.317968442469
2.321263521416
2.324461796698
2.327631023170
2.330787597257
2.333939461028
2.337071220106
2.340225159139
2.343377180345
2.346514949453
2.349589513190
2.352674088972
2.355815839059
2.359055375544
2.362231496584
2.365273103091
2.416470527137
2.419937412808
2.424057601362
2.427362455336
2.430583880399
2.433938009610
2.437374788325
2.440877567226
2.444505119221
2.448145595459
2.454302663594
2.463776925774
2.473323804407
2.483097341183
2.493262158516
2.503369447491
2.513483761767
2.522929607564
2.527528886635
2.532388415752
2.537088879427
2.541650194567
2.546317724905
2.550653076845
2.555161803779
2.559554629043
2.563921899543
2.568239510314
2.572549588588
2.576857189084
2.581118281077
2.585369439502
2.589589089829
2.593811625255
2.597980655985
2.602150087676
2.606338735646
2.610528821169
2.614745910618
2.619030240323
2.623329163580
2.627671769543
2.632016255641
2.636421295169
2.640807249345
2.645180709698
2.649544500673
2.653915248794
2.658265655981
2.662643959703
2.667004672140
2.671376582418
2.675742968481
2.680093909767
2.684477651153
2.688876935962
2.693362976298
2.697782157930
2.702153250385
2.706542236557
2.710940482230
2.715397699778
2.719868593476
2.724376678326
2.728824332887
2.733418648187
2.737949334097
2.742568323285
2.747162216829
2.751803804463
2.756530305133
2.761276752317
2.766077353364
2.770929696416
2.775839045056
2.780842107669
2.786254355992
2.791025873896
2.795798205255
2.800547713100
2.805334549356
2.810202929710
2.814875335783
2.819647440121
2.824367140616
2.829104431982
2.833856738363
2.838600543845
2.843338191242
2.848032406048
2.852680352867
2.857383021640
2.862134405859
2.867089809111
2.871793974875
3.036542492992
3.041242266261
3.044442575483
3.047948405812
3.051889332165
3.055896536646
3.060490479033
3.065214660731
3.069938929404
3.074734718815
3.079550032381
3.084348302242
3.089157080985
3.093951530863
3.098765373332
3.103558139603
3.108425082231
3.113289130741
3.118150942943
3.123079744703
3.128026535845
3.132969814587
3.137931877524
3.142935387348
3.147912091998
3.152909480330
3.157925935944
3.162867569390
3.167799746123
3.172710681482
3.177639546288
3.182531355897
3.187429426054
3.192267802340
3.197042723714
3.201901298670
3.206665790215
3.211387062886
3.216082886302
3.220693190600
3.225267246149
3.229868520326
3.234547962901
3.239331008738
3.244154938755
3.249163167035
3.254584164819
3.259932533584
3.265520796641
3.270553283371
3.275559890020
3.280534719085
3.285276257043
3.290281711541
3.294982514347
3.299575321078
3.303944165542
3.308579139590
3.313235702542
3.317844926171
3.322435512435
3.326755066289
3.330854888996
3.334696358004
3.338983081287
3.343478298290
3.348152726748
3.352932552506
3.357617526101
3.362355830825
3.366853908947
3.370896070250
3.374931513547
3.378947134257
3.383194589948
3.387456206574
3.391788101441
3.396198067112
3.400504334579
3.404627695294
3.408908037088
3.416720713019
3.478324960076
3.482678673890
3.486772001281
3.491077513185
3.495519429748
3.500421958984
3.505884882569
3.511277267459
3.516595486547
3.521789541401
3.527000988474
3.532307503646
3.537550168172
3.542841457373
3.548058124072
3.553303998257
3.558520054183
3.563711326522
3.568920080373
3.573996887927
3.579134034490
3.584233800988
3.589376578657
3.594453987164
3.599540318645
3.604586409087
3.609640320509
3.614670641498
3.619712980109
3.624706081526
3.629695949448
3.634625752565
3.639416347730
3.643788796387
3.647617435693
3.652166678071
3.657135382543
3.662113374112
3.667251138735
3.672228448175
3.677481280669
3.682367462159
3.687368919323
3.692458622896
3.697510459193
3.702746994257
3.707642476325
3.712665238082
3.771123474436
3.775979136035
3.780659512193
3.785251437306
3.789837160729
3.794491411093
3.799112345388
3.803759789184
3.808386544420
3.812991071156
3.817633845586
3.822328701620
3.827059770491
3.831749437748
3.836504693577
3.841238280463
3.846001995818
3.850771463623
3.855612399537
3.860408797557
3.865264856710
3.870098419814
3.875052604474
3.879854326646
3.884712942493
3.889597093742
3.894428073675
3.899357840316
3.904185917177
3.909258865430
3.914271208505
3.919421353939
3.924232690619
3.929067635027
3.933842539481
3.938482805926
3.943008669877
3.947475947064
3.951831703252
3.956169916945
3.960509079580
3.964860320873
3.969249494770
3.973658762186
3.978258601175
3.983095959207
3.988109580146
3.993017527255
4.187485803247
4.191755471749
4.195965284218
4.200559867883
4.205387129858
4.210438274441
4.215599746879
4.220793628382
4.225959916207
4.231183913601
4.236251561495
4.240744393986
4.245763232490
4.250986924842
4.256421200319
4.262019445796
4.267721210328
4.273242732099
4.278678460839
4.284220985685
4.290589765747
4.296307348727
4.946935954686
4.952661965018
4.955120851458
4.957853354297
4.960566426417
4.963370966740
4.966252535688
4.969131531107
4.971999205172
4.974841390439
4.977660389957
4.980481548340
4.983287811057
4.986093118504
4.988899158853
4.991695458888
4.994497157754
4.997313827024
5.000133709009
5.002968290260
5.005808241339
5.008677285392
5.011570263479
5.014482291585
5.017410461985
5.020359405034
5.023424665236
5.026902779366
5.030056416812
5.033071807661
5.035991732123
5.038845376395
5.041720221504
5.044569330518
5.047456490344
5.050331893555
5.053195841270
5.056173840919
5.058990302950
5.061246191185
5.064488028300
5.070983344202
5.073994434260
5.267276812893
5.270291721065
5.273348926807
5.279757792325
5.283164757721
5.286621932428
5.290663664305
5.294894438265
5.299087295533
5.303315217798
5.307583176342
5.311877753665
5.316196482088
5.320523625160
5.324876669301
5.329236740523
5.333656917865
5.338103538828
5.342542608433
5.347169136292
5.351679609152
5.356259535118
5.360880421335
5.365493157959
5.370190103720
5.374842133617
5.379347073546
5.383765590769
5.388188761059
5.392607635090
5.397073629322
5.401517475917
5.405883803049
5.410293780974
5.414641380101
5.419009348864
5.423402486228
5.427769549681
5.432110279196
5.436466577323
5.440839291829
5.445223590262
5.449580246608
5.454026029868
5.458395384266
5.462746822070
5.467102901507
5.471469997250
5.475858180465
5.480267015960
5.484751138658
5.489183401456
5.493646036464
5.498248397759
5.502955138794
5.507638940017
5.512699499403
5.517752485111
5.522602039441
5.527337414561
5.531993047651
5.535897781419
5.539568979084
5.543917301744
5.548286139865
5.552708374432
5.557258892607
5.561747989801
5.565937578502
5.570255495188
5.574452159910
5.578561145769
5.582762662572
5.587215954545
5.591833426065
5.596568860429
5.601378281536
5.606190789234
5.611090307899
5.615970516493
5.620919544003
5.625908312152
5.631005044321
5.636052834534
5.641292697313
5.646180079361
5.651231572121
5.656052543022
5.660859541543
5.665697248065
5.670602774139
5.675281866172
5.850385326535
5.853724599323
5.857350007041
5.860933675837
5.864906218779
5.868963270599
5.873020106853
5.877054876134
5.881127258071
5.885190508435
5.889229335045
5.893240879668
5.897268003699
5.901289930656
5.905304737660
5.909297731399
5.913273858108
5.917254708793
5.921220034718
5.925171145865
5.929113254683
5.933046247899
5.936965422481
5.940859140729
5.944714180545
5.948570189738
5.952399873721
5.956220452411
5.959978170732
5.963716018557
5.967397475332
5.971042508353
5.974653354987
5.978254700746
5.981829229676
5.985380149321
5.988928047055
5.992467622177
5.996035582785
5.999701458149
6.003437600402
6.007070832236
6.010708487717
6.014493436210
6.202998330181
6.206622706370
6.210526922428
6.214739091910
6.219599699849
6.224306691390
6.229215123927
6.234225462292
6.239345557336
6.244438095594
6.249626972571
6.254652763699
6.259868451678
6.265021719243
6.270149422742
6.275279686987
6.280366392258
6.285553069894
6.290631428853
6.295822016322
6.301049789126
6.306196590581
6.311385638624
6.316588948169
6.321740741331
6.326870303030
6.332013154597
6.337141421768
6.342300508375
6.347410139800
6.352730036095
6.357897325011
6.363137908621
6.368521597250
6.373460626831
6.378637298655
6.383815638305
6.388886205894
6.393950119186
6.399170217865
6.404434071683
6.409508835888
6.414616814914
6.508774525455
6.513434829330
6.517445462114
6.521553193549
6.525842515883
6.531044036324
6.536307388093
6.541791633496
6.547360117710
6.553022028660
6.558784257883
6.564504794688
6.570364000892
6.576061750545
6.581782715875
6.587484813572
6.593131975504
6.598745909668
6.604321262601
6.609946145886
6.615551773737
6.621180504236
6.626760817433
6.632376079039
6.637975661368
6.643601870317
6.649131403985
6.654640982580
6.660123038487
6.665695772081
6.671279794040
6.676830071295
6.682340730880
6.687878835929
6.693430973738
6.698992996218
6.704507110798
6.710002861089
6.715621801886
6.721438159501
6.726965857079
6.732529568709
6.738141076360
6.743564652465
7.268365571361
7.271686390045
7.274936812589
7.278716887434
7.282570909839
7.286467999038
7.290365734048
7.294207183902
7.298071751446
7.301951161441
7.305828676775
7.309706762019
7.313588005306
7.317482525651
7.321370482431
7.325239802742
7.329081013363
7.332897405491
7.336668959768
7.340433138540
7.344148110199
7.347834874017
7.351444315318
7.355047228207
7.358604148924
7.362119913999
7.365617250168
7.369126217776
7.372581369142
7.376046751359
7.379514094667
7.382965221984
7.386437750528
7.389915716514
7.393395458354
7.396882112906
7.400365979806
7.403861090529
7.407356545162
7.410884274943
7.414397508417
7.417911976400
7.421468887975
7.425050657254
7.428660250742
7.432269142418
7.435791061904
7.443047055769
7.446586588105
7.450110985656
7.453611568167
7.457332069333
7.461043745090
7.464712611054
7.468421334825
7.472118959625
7.475604522036
7.479119768930
7.482931549884
7.622771597873
7.625558153898
7.630960170919
7.633784011896
7.636704993892
7.639021605581
7.641515832352
7.644100922724
7.646728385806
7.649429774660
7.652226802876
7.655042982655
7.657899295784
7.660776391899
7.663622531587
7.666467214091
7.669327441654
7.672179885998
7.675041151187
7.677901097104
7.680776846816
7.683643019136
7.686504591608
7.689382480168
7.692317811699
7.695327927082
7.698323922473
7.701287291170
7.704306479651
7.707424822913
7.710739679567
7.713826525709
7.716789496345
7.719616730262
7.722352232655
7.725208221584
7.728436394271
7.731389260858
7.734314763522
7.737326983726
7.740376522172
7.743891785045
7.746800302397
7.749684895831
7.753038064227
7.755932005392
7.886904412177
7.890392708156
7.894275567506
7.897924546061
7.901774004836
7.905936436365
7.910134249326
7.914360922874
7.918647183700
7.923006424208
7.927428276950
7.931873088564
7.936367659380
7.940922144561
7.945497420939
7.950076845688
7.954635134126
7.959237635247
7.963812066499
7.968419585786
7.973035469644
7.977737510414
7.982386688979
7.987072350116
7.991790335488
7.996539456578
8.001356228968
8.006202073227
8.011058304871
8.015926794693
8.020798912933
8.025663026974
8.030490874789
8.035328664213
8.040139121976
8.044943423770
8.049701826884
8.054495354250
8.059257055865
8.063996385636
8.068737778382
8.073599640826
8.078607918998
8.083515522832
8.088582887015
8.093493036954
8.098519502388
8.103421263206
8.108254616260
8.113096587660
8.118024106791
8.123135322802
8.127981056837
8.132858003052
8.138466295251
8.143321730359
8.148137171998
8.152994274542
8.194390063881
8.198313012391
8.202553079958
8.207259553131
8.212221306426
8.217095382620
8.222010127577
8.226907744309
8.231825888760
8.236816984439
8.241824752633
8.246877447821
8.251976934359
8.257111563230
8.262253977615
8.267421146028
8.272491195045
8.277764874187
8.283134828363
8.288606273902
8.293948308722
8.299335690718
8.304578697635
8.309509299370
8.314695620167
8.319852050545
8.324812888883
8.329924677607
8.335028383755
8.340075896131
8.344911670534
8.349885902812
8.450959844399
8.455668952880
8.460496135245
8.465424949462
8.470380523807
8.475223642193
8.480101769556
8.484962209451
8.489874664918
8.494771921444
8.499657615597
8.504556198394
8.509407767638
8.514320417857
8.519115190393
8.524189131892
8.528956722562
8.534083837414
8.538054537289
8.542423077603
8.546765572172
8.550941292095
8.555112181412
8.559242469998
8.563368739680
8.567524936542
8.571627181283
8.575697483200
8.579788295239
8.583752828817
8.587754472770
8.591827278704
8.595665316198
8.599600282607
8.603436268888
8.607276817602
8.611050408818
8.614799676972
8.618544114534
8.622236950776
8.625953169671
8.629651052728
8.633401781505
8.637101169150
8.640802199199
8.644495486846
8.648118350682
8.651662216264
8.655231231127
8.658858243877
8.662525931590
8.666170948006
8.669841664018
8.673445569339
8.677069789603
8.680532875678
8.683355946272
8.686539325157
8.690027862291
8.693261582738
8.696911264327
8.700469224015
8.704273180602
8.707917415547
8.711700722955
8.909005656159
8.914018174104
8.919317075429
8.924561202801
8.929870032619
8.935182597285
8.940491194843
8.945880626863
8.951197926388
8.956577583292
8.961946071219
8.967311799142
8.972711662452
8.978109079395
8.983545093816
8.988967229386
8.994387763152
8.999791697496
9.005198607990
9.010636074489
9.016080925096
9.021500589026
9.026926823529
9.032283377957
9.037685109746
9.043052209083
9.048396621467
9.053760513178
9.059094144654
9.064413394533
9.069690402045
9.074954276093
9.080224298709
9.085490496635
9.090713479037
9.095896645090
9.101072911527
9.106273521652
9.111452858506
9.116618513623
9.121840702110
9.127019957028
9.132235363102
9.137430892753
9.142653939643
9.147761586629
9.152942795518
9.158337336221
9.163550311873
9.168782165978
9.174090287829
9.179368113517
9.184363032283
9.477655386478
9.481290826043
9.485006769009
9.489104298305
9.493728755416
9.498507137274
9.503501693628
9.508564972166
9.514040554113
9.518957174436
9.524038074500
9.529098109676
9.534170071991
9.539237980024
9.544266065411
9.549369266351
9.554446354906
9.559519750083
9.564557684481
9.569638808519
9.574695404305
9.579760563761
9.584791533610
9.589886338807
9.594910071325
9.599903793688
9.604878452823
9.609843287572
9.614785534477
9.619724757649
9.624649761246
9.628999574377
9.633812964723
9.638517721149
9.643124330856
9.647722174806
9.652275457797
9.656779184200
9.661246353965
9.665642706165
9.670000775664
9.674288366580
9.678554840905
9.682779858492
9.686996338740
9.691181292136
9.695395013305
9.699555966325
9.703719163907
9.707882596157
9.712022044459
9.716166137612
9.720304801320
9.724450528569
9.728619371434
9.732805140978
9.736996731761
9.741234812599
9.745705061299
9.750118984942
9.754881083136
9.759599717373
9.764231410837
9.768989720554
9.773751439378
9.778503076902
9.783856634299
9.788298578735
9.792728441842
9.797140077987
9.801595076758
9.806143992972
9.810421607661
9.814637650779
9.818822066602
9.823049608206
9.827316323640
9.831581588978
9.835856193771
9.840130831268
9.844400144694
9.848686082961
9.852973936783
9.857272195042
9.861582115285
9.865894690256
9.870212045076
9.874548218896
9.878901814812
9.883256034858
9.887667848802
9.892126963053
9.896661404093
9.901278042114
9.905950432037
9.910634541045
9.915319665825
9.919987311036
9.924644997589
9.929314771006
9.933931540917
9.938536229306
9.943111465531
9.947654935005
9.952085297715
9.956518362941
9.960969948588
9.965391050994
9.969836575788
9.974132913822
9.978304911060
9.982819652252
9.987332254486
9.991693375541
10.085204746704
10.090030711863
10.094671474878
10.098783695114
10.103145384947
10.107713672401
10.112215666884
10.116681960896
10.121178878334
10.125663131697
10.130171732035
10.134728301968
10.139154644713
10.143664968539
10.148110804629
10.152592751306
10.156996469139
10.161417900048
10.165851509235
10.170188256585
10.174267881872
10.178510927391
10.182672625755
10.186816611089
10.190944697510
10.195047828728
10.199160708595
10.203269506178
10.207385538363
10.211486772398
10.215574379602
10.219671129845
10.223770817373
10.227878332809
10.231989465931
10.236141669198
10.240262825468
10.244426953424
10.248564754194
10.252707549276
10.256856507858
10.261001865275
10.265145702698
10.269320407006
10.273452258482
10.277620186405
10.281716303324
10.285864539076
10.289993531428
10.294169191776
10.298366767462
10.302645615539
10.306866196241
10.311288771609
10.315404458382
10.323705773897
10.327841740543
10.331950020435
10.336067081355
10.340220860360
10.344419977709
10.348548710711
10.352682648019
10.478384223450
10.482238480561
10.486385816353
10.491025604101
10.495789374134
10.500579273860
10.505469357147
10.510243748031
10.515106675170
10.520022338983
10.525065841316
10.530356944730
10.535539388777
10.540660672333
10.545925417664
10.551080015335
10.556033115614
10.561307719624
10.566832513179
10.572117998243
10.577250246531
10.582307744033
10.587137126446
10.591916063078
10.596539830160
10.601194977715
10.605896310535
10.610670463133
10.615493912702
10.620393155164
10.625333915649
10.630403011561
10.635621156646
10.640926876345
10.645990578412
10.651338164913
10.656616375481
10.661536115840
10.666931239572
10.672176001169
10.677327799202
10.721979160937
10.731803996619
10.735696790845
10.740012531835
10.744128907041
10.748766949008
10.753360794038
10.757974186308
10.762462444011
10.766861437165
10.771104926216
10.775423295010
10.779678939558
10.783952864055
10.788202531782
10.792617461711
10.797364492106
10.802637051543
10.808008145090
10.813506176043
10.818996781180
10.824484049745
10.830004451049
10.835537217057
10.841060356269
10.846566590750
10.852123452474
10.857627943940
10.863261837085
10.868911568805
10.874946542150
10.880814070822
10.886859893627
10.892789966400
10.898693436977
10.904632577588
10.910309903579
10.916114273929
10.921842689398
10.926843056920
10.932145437925
10.937141994799
10.942111057541
10.947339725307
10.952380648583
10.957502618630
10.962597076414
10.967729001711
10.972813842735
10.977942179182
10.983052104833
10.988238491329
10.993485949044
10.999007807879
11.004102230240
11.009435908419
11.014751441431
11.020133158602
11.025526570985
11.030818413668
11.036214539539
11.041493337625
11.046552346779
11.051991689801
11.057477099654
11.062865332819
11.068081189304
11.115979059457
11.120391848242
11.124743390881
11.129302775609
11.133797729949
11.138290897407
11.142752802808
11.147206549037
11.151699649229
11.156184990148
11.160645084906
11.165100170573
11.169553628076
11.174013476886
11.178484598565
11.182977037296
11.187437194023
11.191918840051
11.196399974682
11.200894772664
11.205410681472
11.209957005522
11.214542487403
11.219165903404
11.223812788745
11.228534911784
11.233266334395
11.238030094900
11.242917185253
11.247838586278
11.252916568492
11.258066510245
11.263373756546
11.268844058635
11.274431977013
11.280214189608
11.286163909098
11.292248126767
11.298498655838
11.304995673207
11.311467303046
11.318028594958
11.324465560621
11.330788736600
11.337196541370
11.343477722310
11.349735284718
11.355979075951
11.362297472708
11.368801572489
12.156994026050
12.161027075812
12.164994867044
12.169388145682
12.174041948862
12.178576713627
12.183156499007
12.187719066595
12.192250114083
12.196777593799
12.201240292481
12.205689300050
12.210088467705
12.214449061022
12.218770804495
12.223054873593
12.227300176145
12.231478786835
12.235591978482
12.239691899416
12.243738758273
12.247719273096
12.251678409059
12.255583645594
12.259443964884
12.263266152102
12.267064105412
12.270818504788
12.274502175666
12.278173912580
12.281849096234
12.285512091510
12.289179557730
12.292797244226
12.296359017932
12.299915800147
12.303438974673
12.306972477080
12.310497081094
12.313968642774
12.317454817172
12.320942166727
12.324497310825
12.328040448657
12.331568050056
12.335098223054
12.338697203336
12.342338887516
12.345820549879
12.349190615384
12.352851739700
12.356412616184
12.359981428639
12.363639203165
12.366985558294
12.370791144334
12.374414441013
12.459931500724
12.463173224956
12.466510539920
12.469849031693
12.473213789141
12.476792020295
12.480271020913
12.483751954786
12.487227135389
12.490692684118
12.494218549529
12.497761439433
12.501339460679
12.504968369680
12.508607778362
12.512267586839
12.515944290210
12.519660240499
12.523368676508
12.527149337810
12.531010184706
12.534836091121
12.538616259732
12.542284672956
12.545954473816
12.549723579300
12.553510364984
12.557332583176
12.561174318352
12.565057562858
12.568976260173
12.572900166195
12.576887908232
12.580912286544
12.584980465058
12.589077003019
12.593191689929
12.597312851248
12.601446270433
12.605583830727
12.609713967818
12.613858016416
12.618016485295
12.622214673814
12.626572222847
12.631288881800
12.636065102026
12.641447587496
12.646447087676
12.651749110100
12.657643633254
12.662951126116
12.668124647010
12.673273873534
12.678252403223
12.683126385161
12.687967264877
12.692699264920
12.697425200805
12.702178833315
12.706944976930
12.711782540997
12.716647949126
12.721565548229
12.726553206182
12.731567449284
12.736627887129
12.741724174448
12.746786183706
12.751815900035
12.756810741679
12.761759846363
12.766704042536
12.771650109241
12.776688604742
12.781783487689
12.786745693489
12.791663513379
12.796728717610
12.801794870342
12.806751459418
12.811737959278
12.816854021108
12.821941810015
12.826925838234
12.831708802897
12.897201615867
12.901485184155
12.905496397119
12.909923272344
12.914583596954
12.919109002273
12.923662738306
12.928276342715
12.932856608707
12.937506533279
12.942146949138
12.946777447298
12.951394597454
12.956031760815
12.960585019482
12.965164447291
12.969509217705
12.973831247363
12.978197740717
12.982455908697
12.986623594620
12.990699077706
12.994712376303
12.998616510823
13.002430810279
13.006186120035
13.009893422289
13.013547549163
13.017122951291
13.020746673299
13.024262145346
13.027740434531
13.031162883004
13.034538413215
13.037900545420
13.041209182032
13.044485047444
13.047759942085
13.050997466506
13.054200387793
13.057315258809
13.060379583558
13.063370999358
13.066307270019
13.069203478422
13.072124285058
13.075045244298
13.077938537054
13.080890123463
13.083730329814
13.086618781475
13.089690105653
13.092945330553
13.096022558578
13.099192777610
13.102592136846
13.105924752430
13.109155466580
13.112480653172
13.115718957106
13.118754764470
13.121942126272
13.125150029024
13.128379427165
13.131557265376
13.134759141831
13.137933101060
13.141090646317
13.144071029681
13.147049887472
13.184677865312
13.187812618354
13.190651763079
13.196941043162
13.199619327933
13.202273123373
13.213566886453
13.217349944453
13.221013863676
13.224552702491
13.228239605001
13.231930926017
13.235723275585
13.239537569978
13.243366237005
13.247193950816
13.251032397702
13.254871040885
13.258696536126
13.262569864907
13.266488907516
13.270434693550
13.274400411975
13.278361425856
13.282372724761
13.286430874349
13.290490127785
13.294526292368
13.298568441886
13.302607843245
13.306626197658
13.310659148974
13.314666152077
13.318670859037
13.322694319021
13.326777887635
13.330934755716
13.335213668025
13.339561566947
13.343942954758
13.348208856874
13.352702360615
13.468170093568
13.472457527008
13.476151530860
13.479809280588
13.483749751869
13.488092987279
13.492443226712
13.496821842620
13.501267763853
13.505760523196
13.510326010963
13.515768446227
13.520826719295
13.684053279876
13.688246074908
13.692178299424
13.696807762952
13.701694643152
13.706532515590
13.711578496521
13.716610439539
13.721721950557
13.726862167765
13.732023612440
13.737234842125
13.742501085194
13.747755706983
13.752896908915
13.758117474025
13.763421613463
13.768680550892
13.773971162868
13.779216636526
13.784494188142
13.789769943529
13.795034170347
13.800274556593
13.805517564106
13.810699414097
13.815907256672
13.821060450459
13.826210113558
13.831369142899
13.836455344602
13.841546646470
13.846614221502
13.851609308332
13.856609355654
13.861523681031
13.866487780931
13.871355485103
13.876245526143
13.881122524781
13.886053189630
13.891055110095
13.896143323135
13.901169695647
13.906252301484
13.911289555249
13.916298864078
13.921267092812
13.926232658880
13.931199365430
13.944267544927
13.949170385691
13.951456238442
13.953989991842
13.956433865504
13.958924465587
13.961427774878
13.964187737644
13.966587577752
13.969070853975
13.971487325342
13.974303599230
13.976596716802
13.979027122308
13.981452305194
13.984131332301
13.986599051149
13.989011401265
13.991596648423
13.994146736239
13.996533027384
14.065452355594
14.069986900246
14.074639358905
14.079488595660
14.084294793982
14.089172328084
14.094056788155
14.099217614760
14.104141656938
14.109252798679
14.114314936226
14.119450972984
14.124626354984
14.129814914261
14.135045420119
14.140281715413
14.145560296871
14.150885897538
14.156240432083
14.161559508637
14.166749221441
14.172106012531
14.177468669524
14.182782820000
14.188055680171
14.193375621489
14.198622094828
14.203888554401
14.209191157084
14.214507300794
14.220006670128
14.225317178106
14.230642050382
14.236085164427
14.241686579654
14.247378670368
14.252990735061
14.258658668959
14.264381638727
14.269944851011
14.275579296908
14.281278948114
14.287034996427
14.292803653405
14.298718978959
14.304566394904
14.310347190708
14.316033027014
14.321787982836
14.326623679268
14.355826139223
14.363738591250
14.367164750233
14.370597892855
14.374057584845
14.377962325425
14.381952578452
14.385925858591
14.389874162099
14.393751006080
14.397556526618
14.401343106747
14.405149510337
14.408887135105
14.412589284089
14.416258278007
14.419925614368
14.423565397635
14.427186004663
14.430755247547
14.434269608373
14.437738596157
14.441199057619
14.444635635979
14.448070309616
14.451458436881
14.454852081539
14.458228296727
14.461577911722
14.464949952418
14.468328497157
14.471728130880
14.475154758396
14.478572399003
14.482020942612
14.485437714673
14.488827575402
14.492310269577
14.495688108246
14.499005074437
14.502520980263
14.506102116062
14.509749234331
14.513325417458
14.516761855856
14.520104352245
14.523441012519
14.526827552830
14.530223265820
14.533566332483
14.536921070567
14.540248457723
14.543534627807
14.546911051419
14.550216844377
14.553618301358
14.556937702993
14.560210072684
14.563633120809
14.567013490338
14.570341692257
14.573735710785
14.577205307678
14.665758795906
14.669199626782
14.673110827382
14.676800197339
14.680837615765
14.685099252199
14.689452816184
14.693847376562
14.698312435602
14.702794859194
14.707350509185
14.711980774353
14.716619020474
14.721321524483
14.726029741686
14.730760373932
14.735476399701
14.740200245471
14.744902964986
14.749625581175
14.754335046596
14.759053787249
14.763772346318
14.768489465792
14.773200880968
14.777935998224
14.782686258855
14.787447960936
14.792174462445
14.796902773723
14.801633584540
14.806339226613
14.811015464737
14.815664584263
14.820230940969
14.824792182466
14.829280825367
14.833781994107
14.838354497201
14.842970036366
14.847847102579
14.852684056041
14.857483518406
14.862207435000
14.866956871864
14.871748846716
14.876524144379
14.881330572468
14.886047684202
15.013084713643
15.017259017774
15.022264461494
15.027272429144
15.032366662146
15.037487471599
15.042645252686
15.047941368733
15.053157027450
15.058488748619
15.063873007315
15.069174177473
15.074524718617
15.079851684158
15.085361579088
15.090700508161
15.095939883230
15.101364833843
15.106659591786
15.112018719716
15.117351967050
15.122687074830
15.128042555015
15.133360278385
15.138674218873
15.144048935226
15.149349310365
15.154689327132
15.160024732825
15.165363409928
15.170671355850
15.175947127825
15.181246998619
15.186569919518
15.191911162336
15.197239128243
15.202562649198
15.207907967973
15.213271865134
15.218609461290
15.223941266688
15.359931036201
15.364865218721
15.369899866908
15.375020373451
15.380164319918
15.385373699477
15.390662966095
15.396153308230
15.402755102041
15.408189074148
15.413614396709
15.419040593878
15.424386943096
15.429571139088
15.435355392620
15.440843163063
15.465849987386
15.469997006577
15.473972194600
15.478571060072
15.483392111516
15.488236894525
15.493147010652
15.498050741237
15.503037642137
15.507949722953
15.512983784356
15.518091732537
15.523384679076
15.528190508195
15.533201766524
15.538076089459
15.542936310470
15.547854588626
15.671072199587
15.675024313496
15.678669364005
15.682293772995
15.686022741138
15.689938896547
15.693876357350
15.697876687186
15.701925651952
15.706008435440
15.710160238521
15.714409414964
15.718709609216
15.723132703258
15.727653119207
15.732228743162
15.737079030055
15.742079690278
15.747220136148
15.752557718672
15.758179795769
15.764126756716
15.770389408585
15.776930910974
15.783440159519
15.790035286184
15.797172412837
15.803786591972
15.810123382230
16.684399019465
16.688054624654
16.692185025531
16.696809272189
16.701337438933
16.705881737082
16.710496549839
16.714839374806
16.719459280150
16.724155368603
16.728851413264
16.733529753636
16.738224841130
16.742985152043
16.747714473653
16.752532940925
16.757353877338
16.762146205778
16.766968626091
16.771734854670
16.776632087484
16.781494041042
16.786410735045
16.791419088492
16.796790796938
16.801634177517
16.806463837018
17.025448928802
17.028209453072
17.031326946144
17.034203500319
17.036932408035
17.039591583153
17.042217607447
17.044825626598
17.047483771355
17.050170635725
17.052912205167
17.055737667921
17.058696534461
17.061692767617
17.064700548022
17.067725804452
17.070864612697
17.073985593034
17.077135261926
17.080267235295
17.083504220877
17.086563893734
17.089151204709
17.091901043067
17.094761458646
17.097766224061
17.101030099166
17.104180278844
17.107120391888
17.109980529128
17.113022179978
17.115413847215
17.118284702113
17.121236124972
17.124159850542
17.127281949956
17.130646342890
17.133730573070
17.136794727206
17.140213215496
17.143471511262
17.146324897407
17.149035723631
17.151806006698
17.154821641589
17.158129925884
17.161199309642
17.164239692192
17.167294087979
17.170194330341
17.172945466935
17.175601233998
17.178587295505
17.181526938730
17.184351088403
17.209531525997
17.212408894094
17.214951126270
17.217684864049
17.220500333143
17.223434054309
17.226581330987
17.229801693868
17.232981416252
17.236173922783
17.239442981545
17.242720276970
17.245997629770
17.249306852273
17.252636600647
17.255958271975
17.259289096809
17.262659089503
17.265991157206
17.269337825856
17.272687688983
17.276044560208
17.279398122457
17.282839405856
17.286231962958
17.289577288222
17.293170634710
17.296881741187
17.300818580435
17.304222120853
17.307664428210
17.311018750076
17.314383761802
17.317780555732
17.321199230549
17.324503477021
17.327784465994
17.330994648872
17.334339502587
17.337817844313
17.341189837846
17.344526766847
17.347922820473
17.351331231271
17.354526585743
17.395333870993
17.398438649895
17.401521236338
17.404950765600
17.408068570826
17.411529639154
17.414814322335
17.418051677902
17.421311357169
17.424645272062
17.428027665775
17.431252334831
17.434633783419
17.437819437452
17.441325630866
17.444422035497
17.451295008297
17.454501226562
17.457680651689
17.461457504255
17.464975023186
17.468470745374
17.472166835793
17.475984586903
17.479897048659
17.483823109273
17.487797860344
17.491814299042
17.495840087149
17.499929386613
17.504027321289
17.508147232457
17.512281773890
17.516433604328
17.520599448792
17.524794059279
17.529014790698
17.533248459389
17.537524978333
17.541800961424
17.546092226198
17.550382627723
17.554655930910
17.558925165544
17.563273076323
17.567603330760
17.571941041561
17.576323182924
17.580596722324
17.584866003924
17.589183871580
17.593382345104
17.597660516329
17.601906376130
17.606128686817
17.610384382727
17.614642274372
17.618849581113
17.623101048729
17.627363771411
17.631695172015
17.636102545579
17.640529068580
17.644859944596
17.649267365366
17.653762807720
17.658594733074
17.711107011960
17.715479411953
17.720832677608
17.725458022949
17.730442434121
17.735255733356
17.740176178467
17.745042271984
17.749974142830
17.754876152457
17.759824757032
17.764741651137
17.769681867294
17.774657925407
17.779571744099
17.784488832098
17.789388753473
17.794274006800
17.799090459624
17.803967285061
17.808782567730
17.813817815036
17.818998179386
17.823571274151
17.883665174941
17.893871122522
17.898802606910
17.903974527524
17.909130473286
17.914315488128
17.919494085061
17.924705407252
17.929885372222
17.934957668941
17.940111895688
17.945325319211
17.950748016342
17.956126745347
17.961214205271
17.966547026408
17.971667867374
17.976700144706
17.981796334949
17.986923073410
17.992124227702
17.997217350459
18.002175534608
18.096392182658
18.100244037357
18.103745502827
18.107548313464
18.110992689468
18.114526054493
18.118374615888
18.122350956635
18.126405663150
18.130461742112
18.134521682445
18.138635473807
18.142779496204
18.146878991463
18.150853677571
18.154983112865
18.158898079633
18.162743837482
18.166501890275
18.170274102972
18.173977887188
18.177670258104
18.181345006965
18.184982316846
18.188642605759
18.192284824323
18.195900455929
18.199518766116
18.203088011191
18.206645456734
18.210190100720
18.213719145535
18.217237926628
18.220747431152
18.224254651646
18.227778277240
18.231279793199
18.234791802259
18.238291440296
18.241807722497
18.245309855148
18.248778648644
18.252241880960
18.255716884496
18.259182067249
18.262641396115
18.266095907616
18.269547758652
18.272981244892
18.276408240471
18.279840206627
18.283280650096
18.286728322760
18.290171062056
18.293606840136
18.297032913236
18.300479619461
18.303939063867
18.307405902658
18.310859556355
18.314310842102
18.317771673936
18.321246954263
18.324719894979
18.328198329346
18.331712624255
18.335215098234
18.338734939906
18.342246434230
18.345795649035
18.349352292334
18.352977410821
18.356575868941
18.360236285791
18.363951155595
18.367714567981
18.371570956440
18.375403611026
18.379255195953
18.383117773240
18.386971882772
18.391209166029
18.395224453963
18.399218243567
18.403229956930
18.407394629582
18.411568235567
18.415605015663
18.419646728707
18.423748928186
18.427860312331
18.431946614126
18.436040406477
18.440155395477
18.444318859901
18.448477646491
18.452718810156
18.456993240963
18.461286376594
18.465612326184
18.469981920432
18.474341671798
18.478730496451
18.483149169048
18.487577028779
18.492018861028
18.496500738449
18.500961377730
18.505464391997
18.509956822297
18.514402332057
18.518884397007
18.523328493376
18.527776354216
18.532219303350
18.536670087484
18.541117564017
18.545595781396
18.550158969625
18.554759020188
18.559829970953
18.564291667081
18.569861500265
18.574644211034
18.579927698977
18.585057514054
18.590264913203
18.595374267110
18.600577542037
18.605857442170
18.611206961228
18.616597859731
18.622020861080
18.627206801155
18.632954349788
18.638084365380
18.642819070499
18.647843063058
18.652549022722
18.657555914985
18.662316096645
18.667971484211
18.673251120413
18.678104752733
18.682826067625
18.688430623678
18.706782671011
18.711506086117
18.716665660660
18.721966413384
18.727319419761
18.732768018169
18.738353304237
18.744004772424
18.749664062978
18.755409655502
18.761070027719
18.766833824052
18.772607411128
18.778452722589
18.784318705688
18.790224510377
18.796141279667
18.802078967661
18.808097884514
18.814145452349
18.820231479443
18.826374985040
18.832549763628
18.838799361020
18.845148373893
18.851489139478
18.857894942915
18.864419636706
18.870782378051
18.877411279591
19.308058745847
19.312027066114
19.315734692194
19.319488583217
19.324179407901
19.328818705378
19.333692729022
19.338417729493
19.343310361049
19.348195918119
19.353075848092
19.358245653454
19.363541005197
19.368474429478
19.373437253090
19.378454272129
19.383419918190
19.388378034291
19.393377595549
19.398294900718
19.403231442279
19.408180442047
19.413241670391
19.418297071746
19.423376626273
19.428491233898
19.433656525562
19.438863635650
19.444122873026
19.449420655938
19.454790610821
19.460173407529
19.465500268891
19.470757893656
19.476001146968
19.481155555537
19.486302106553
19.491411498093
19.496504894675
19.501577140180
19.506584714932
19.511635390215
19.516602039748
19.521566191659
19.526517826329
19.531408211326
19.536295618207
19.541240703733
19.546220115941
19.551227070987
19.556256750326
19.561283263724
19.566326545744
19.571385548526
19.576459249576
19.581532735224
19.586636334773
19.591764300528
19.596865262119
19.602011006761
19.607196923749
19.612388622400
19.617666740147
19.622883060866
19.628057906910
19.633333001843
19.638547992822
19.643737667921
19.648876860979
19.654019863374
19.659189969420
19.664357852521
19.669541001718
19.674747409469
19.679910264343
19.685078503050
19.690075599902
19.695373975033
19.700881835252
19.706387513467
19.711473239962
19.716419613367
19.721840035082
19.726946830293
19.732032860421
19.737199701810
19.742411514568
19.747330202925
19.752438907070
19.757690793867
19.762005679196
19.766366893389
19.770974195713
19.775904034415
19.780965931424
19.786046117628
19.791280778119
19.796607906063
19.801903400584
19.807254855460
19.812650071239
19.818005431128
19.823372729088
19.828744464539
19.834186198543
19.839577849642
19.845013571555
19.850502199761
19.856016157217
19.861409558621
19.866888570430
19.872457549015
19.878009705289
19.883473972667
19.889009767576
19.894609723101
19.899944382048
19.905303200301
19.910673778741
19.916033416418
19.921283571962
19.926645489519
19.932011675917
19.937330762976
19.942682597938
19.947940550801
19.953229924713
19.958526163749
19.963786096530
19.969042779863
19.974302748016
19.979533457075
19.984721338171
19.989884115131
19.995046193832
19.999985102867

