Time_s
0.987452924434
0.991102103942
0.994336884820
0.997492091720
1.000872399103
1.004377661947
1.007873674774
1.011374067136
1.014902614189
1.018518989164
1.022050618616
1.025578977890
1.029094958086
1.032537183692
1.035999601602
1.039412003247
1.042812007123
1.046176733365
1.049527312935
1.052903617600
1.056250895574
1.059576488486
1.062922029095
1.066287371539
1.069616487484
1.072948281022
1.076289907965
1.079618107936
1.082986047437
1.086308397435
1.089629854214
1.092954770418
1.096271128840
1.099550733391
1.102828669484
1.106066737341
1.109283575558
1.112511203701
1.115665353719
1.118839929097
1.121991445867
1.125157592847
1.128437745532
1.131778721011
1.135145532571
1.138344138423
1.141624188326
1.144832866378
1.148139685594
1.151329566479
1.154577204558
1.157795650538
1.161090450660
1.164425089485
1.167685230343
1.170948196199
1.174087174620
1.177341964828
1.180591794266
1.183888348726
1.187170428406
1.190411834472
1.193716304968
1.197016949746
1.200281780012
1.203389300496
1.206677899643
1.209806377911
1.213082242790
1.216320203148
1.219435136476
1.222659184278
1.225954167158
1.229229822841
1.232454837922
1.235676206446
1.238862256893
1.242371081245
1.245347125208
1.249067896626
1.252370884443
1.255724681543
1.259704730518
1.265686229669
1.268994828751
1.271730362652
1.275644101199
1.278402321914
1.281659791353
1.285112797202
1.288395903465
1.291408827140
1.295076664392
1.298235005418
1.301577428403
1.304288601249
1.307716386073
1.311318466803
1.314770490734
1.318888031819
1.322323873386
1.325743156699
1.329539512971
1.333491987369
1.337253935850
1.345045653659
1.348804032394
1.352591574730
1.356536538757
1.360669861986
1.364791719191
1.368963593567
1.373321791068
1.377521028010
1.381879179948
1.386335295404
1.390845211841
1.395418717879
1.400059728553
1.404591096837
1.409153520596
1.413790024074
1.418496714568
1.423189890586
1.427929232232
1.432712500865
1.437469639544
1.442358599447
1.447214339280
1.452094015767
1.456988141135
1.461993858722
1.466999213026
1.471971772230
1.476843918516
1.481891978366
1.486909674163
1.491841462213
1.496836594726
1.501904509862
1.506921518507
1.511919968868
1.516971216576
1.522044762988
1.527152410491
1.532340306366
1.537526117830
1.542696355621
1.547897836377
1.553214257459
1.558780847520
1.564020129054
1.569196409315
1.574613178779
1.579894281772
1.585053881039
1.590258156524
1.762219798513
1.767629688807
1.772919237017
1.778321044924
1.783786402980
1.789214808682
1.794684170466
1.800150499388
1.805544686423
1.810968693896
1.816430812563
1.821881264332
1.827334141874
1.832842201937
1.838357907162
1.843889102135
1.849415882129
1.854942539822
1.860541130445
1.866117917148
1.871714613431
1.877327077835
1.882907062083
1.888472036991
1.894050495864
1.899649874298
1.905226032230
1.910773871440
1.916318097988
1.921903511237
1.927469313018
1.933018952888
1.938485393155
1.943857630528
1.949181661993
1.954543445207
1.959985180462
1.965454569269
1.970836035342
1.976169157070
1.981537338418
1.986929153725
1.992226954364
1.997458306036
2.002641500234
2.007849160923
2.012776202913
2.017824186337
2.022799053956
2.027635485980
2.032538573326
2.036426561550
2.040851785367
2.045701770323
2.050017320594
2.054068221726
2.086072854509
2.091049061874
2.095989517303
2.100982356198
2.498889506782
2.503407669751
2.507998351701
2.512398134489
2.516975250708
2.521598924611
2.526210968621
2.530800507579
2.535394517333
2.540006207183
2.544614305288
2.549180236808
2.553818556728
2.558331260867
2.562897924055
2.567477871820
2.571994126834
2.576427798371
2.580789614627
2.584913764566
2.589121440293
2.593434473030
2.597718179000
2.602061370442
2.606397264868
2.610520957334
2.614839715636
2.619280068693
2.623692744192
2.755386126995
2.759240894852
2.762346205403
2.765325619837
2.768699450870
2.772228423057
2.775849271456
2.779456305636
2.783095851035
2.786753928626
2.790406483406
2.794152337695
2.797946156228
2.806532883490
2.810359728715
2.814068871090
2.818728921409
2.822379419435
2.825984105771
2.829676655210
2.833287859403
2.836967745827
2.840524326559
2.843976540917
2.847159730697
2.850812586919
2.854669235269
2.858487062895
2.862320978594
2.866040637244
2.869668920745
2.873371099651
2.877258986547
2.881370998408
2.885560325759
2.889656038927
2.893774363678
2.897827982188
2.901865922421
2.906125157540
2.910355884404
2.914477149092
2.918597728493
2.922800875658
2.927010907910
2.931179135021
2.935443510410
2.939588131728
2.943738266960
2.947915395212
2.952171724188
2.956373825289
2.960617307083
2.964881113531
2.969136478239
2.973420417795
2.977707166507
2.982003684598
2.986267106558
2.990194870956
2.994452006731
2.998619875045
3.002880222102
3.007013498851
3.011067875843
3.015226221594
3.019443396311
3.023570327280
3.027715371982
3.088654301910
3.091965785180
3.095583523385
3.099364844208
3.103551262484
3.107836963882
3.112142857143
3.116443413843
3.120765642367
3.125390172580
3.129879788609
3.134235366138
3.149725770119
3.160015234361
3.169969643879
3.180038981436
3.192668151373
3.196781800992
3.201484193701
3.205521252315
3.209152132229
3.213198742629
3.217577209069
3.222198357348
3.226643446771
3.231181562195
3.235634737308
3.240260017430
3.244773553748
3.249363589375
3.253968630534
3.258521767744
3.263088496586
3.267626571486
3.272272293161
3.276858282231
3.281485337026
3.286142564402
3.290794696571
3.295416724309
3.300085125284
3.304767473696
3.309405292497
3.314098919048
3.318708705025
3.323399568491
3.328065060904
3.332761927420
3.337471635223
3.342212714804
3.346874436795
3.351467050571
3.356182920816
3.360764264224
3.365402690530
3.370028824595
3.374694938084
3.379377002895
3.384008885036
3.388541681124
3.393206693743
3.397742420461
3.402283365867
3.406897834120
3.411421431732
3.416019328886
3.420544211066
3.425056519245
3.429812603808
3.434391101894
3.439188399404
3.443927158750
3.448792915405
3.453581909697
3.458539190105
3.464233335629
3.469545036039
3.474458591745
3.479484966137
3.484460352766
3.489477389116
3.494588834815
3.499573489032
3.504170269667
3.551339593073
3.555072920352
3.559596788519
3.564252585667
3.569094806517
3.573916937820
3.578798481855
3.583615426465
3.588560496233
3.593446235553
3.598342685255
3.603250450984
3.608150165158
3.613047871884
3.617929079533
3.622855227923
3.627847115928
3.632648787464
3.637831324314
3.642775155574
3.647598617260
3.652497835076
3.657491843591
3.662676219356
3.667509771756
3.672475084307
3.677457556549
3.682283965644
3.687098201006
3.692019032977
3.801312129625
3.808708952263
3.815963444810
3.823290683268
3.830718730735
3.939392616127
3.943960321988
3.948865899633
3.953747267168
3.958686699769
3.963780967437
3.968925901188
3.973899539852
3.978967295029
3.984097267610
3.989205291529
3.994407293415
3.999821577372
4.005230093570
4.010661403562
4.016123130819
4.021589953667
4.027032449810
4.032563566678
4.038157127475
4.043863973390
4.054871665638
4.057807646981
4.060608891864
4.063670472951
4.066495781916
4.069652229668
4.072459710209
4.075599382723
4.078943059415
4.081761297855
4.084786837302
4.090569667965
4.093926564968
4.097616131979
4.100824674678
4.103868770581
4.106878939574
4.109384551554
4.112754148426
4.115258647252
4.119128935071
4.122634902538
4.126028244919
4.129132860441
4.132219075641
4.135497471017
4.138821742765
4.142345362146
4.145026053543
4.148173974359
4.151247880929
4.154106318561
4.157981651492
4.161403956736
4.164476267979
4.167072036594
4.170309963976
4.174363137047
4.177734896487
4.180810842030
4.183667795005
4.187018176510
4.190762766334
4.194010763458
4.196951336588
4.213805400953
4.226956710193
4.239587419711
4.404781158287
4.409954883629
4.415316846115
4.420877087820
4.426314377884
4.431634908115
4.437164444521
4.442422322187
4.447671404466
4.453068887472
4.458355420601
4.463516647018
4.468764147711
4.474023995230
4.479145076511
4.484262111752
4.489353515234
4.494389809619
4.499475194919
4.504545791843
4.509663569291
4.514678725358
4.519782847164
4.524904140134
4.530004479187
4.535138559219
4.540289102577
4.545597318815
4.550968682358
4.556169653121
4.561515766937
4.566844172561
4.572140132333
4.577463947883
4.582731656745
4.588001780805
4.593209147444
4.598362369381
4.603640341537
4.613266305521
4.618738838081
4.624091485072
4.629044177068
4.634541790490
4.640038724263
4.646080756998
4.651278193206
4.656763432705
4.662388466002
4.667790078023
4.673026616735
4.678756110259
4.683806808791
4.689382461011
4.694620672945
4.699900592333
4.705023500456
4.710413521165
4.715521949446
4.720660129738
4.725462695837
4.730716891072
4.735793448835
4.740458963441
4.745212222299
4.749831182178
4.754684249882
4.759819065462
4.765107897383
4.770192165327
4.775200533785
4.780209397836
4.785285213300
4.790315540364
4.795348839416
4.800434141014
4.805525607483
4.810584941662
4.815730972187
4.820878937930
4.825995668930
4.831125695713
4.836227492399
4.841287848543
4.846367447209
4.851430901404
4.856484945756
4.861548620780
4.866598540006
4.871693436261
4.876707141123
4.881718882327
4.886749549565
4.891730495512
4.896762630664
4.901776800051
4.906801520835
4.911815892754
4.916814242733
4.921832933387
4.926815525901
4.931841977853
4.936868319663
4.941858996657
4.946901371822
4.951941799738
4.956946645338
4.961972657548
4.966993462455
4.972148552919
4.977116404827
4.982207431732
4.987387971478
4.992425011722
4.997482861744
5.002573959996
5.007585206518
5.012512984340
5.017487623595
5.022434344503
5.027358822623
5.032302220435
5.037247284437
5.042197748507
5.047196748185
5.052247039471
5.057292474120
5.062423527952
5.067617301461
5.072818798317
5.078033125528
5.083183650091
5.088427257784
5.093642932590
5.098828565605
5.103648717424
5.109531199951
5.114590428902
5.119905081902
5.270954223592
5.274808135764
5.278923050340
5.283684201334
5.288236342307
5.292799850249
5.297429379758
5.302087712040
5.306747222580
5.311481765470
5.316249401424
5.320982312625
5.325726791942
5.330518619828
5.335288413542
5.340119053458
5.345000510938
5.349915099838
5.354922657123
5.360141510863
5.365066055078
5.369985067543
5.375046191996
5.380125751003
5.385239123235
5.390502985001
5.395678108252
5.401084138060
5.406300421308
5.411807652627
5.417139273634
5.422656518561
5.427758911794
5.433023287893
5.438336640132
5.443698243921
5.449021224507
5.454367765539
5.459682408371
5.464943547037
5.470206259756
5.475483011047
5.480732831116
5.486027299206
5.491370594310
5.496645592967
5.501968009273
5.507189768569
5.512571856237
5.517776862312
5.522837809615
5.528202385720
5.533545456921
5.705638269959
5.711074263420
5.716737638776
5.722306072102
5.727949105983
5.733916219879
5.738396453008
5.742428189503
5.746254208848
5.750007057132
5.753724378830
5.757536931870
5.765212100467
5.769872600988
5.773483926628
5.777219720981
5.781050502673
5.784623279536
5.795018866767
5.798872655677
5.802389387847
5.810146933581
5.815427249575
5.820704353014
5.826208466862
5.831749678480
5.914896885302
5.923664184265
5.932478827480
6.163260204486
6.171709721425
6.179678671512
6.281014878968
6.288772380886
6.518944693549
6.523020041022
6.527094609617
6.531143576192
6.535221561520
6.539237085888
6.543269766656
6.547268185118
6.551296510843
6.555326088286
6.559351097116
6.563320071314
6.567325532653
6.571347631199
6.575383760260
6.579393677783
6.583561929704
6.587589266649
6.591616297070
6.595658663049
6.599842682171
6.603858580312
6.607912927191
6.611920761291
6.615999974047
6.620012732897
6.623964531281
6.627915579492
6.631935643416
6.635984112032
6.639956056451
6.644021492460
6.648020156296
6.652074152374
6.656109988525
6.659980222163
6.663882101699
6.746533595053
6.749552306582
6.752962171002
6.756452870005
6.760292925246
6.764169194208
6.768271734247
6.772081114613
7.008730617299
7.012454150936
7.016333882992
7.019979983879
7.023897120217
7.028285859263
7.032435986697
7.036717289545
7.040914550426
7.045199630937
7.049432854804
7.053815820634
7.058100228745
7.062298293253
7.066724873600
7.071066267477
7.075359676319
7.079717259177
7.083979467225
7.088424140711
7.092811933273
7.097149631297
7.101513216474
7.105864413136
7.110236415276
7.114632284769
7.118995601608
7.123384063889
7.127782234801
7.132138135071
7.136479367416
7.140845133897
7.145235427080
7.149570518185
7.153980667196
7.158278464378
7.162663071743
7.167057194027
7.171408354989
7.175817178958
7.180225078257
7.184545614479
7.188952362274
7.193214168585
7.197535405165
7.201882298832
7.206104233445
7.210506996750
7.214656612555
7.219165364829
7.223437633230
7.268745353644
7.273432812637
7.277432336206
7.281221005858
7.285628137648
7.290200659320
7.294865562559
7.299521302988
7.304206990273
7.308902359672
7.313624408105
7.318383028062
7.323125403536
7.327997901126
7.332819546700
7.337614109757
7.342483277715
7.347401188184
7.352286678931
7.357308896484
7.362100585826
7.367368486125
7.372226650878
7.377081346541
7.382522129983
7.387196180398
7.392057963320
7.537284606523
7.542243274667
7.547005520341
7.551875209560
7.556762117009
7.561674608102
7.566641552843
7.571586238290
7.576521665085
7.581483731159
7.586492483109
7.591528883023
7.596505528014
7.601490874875
7.606499148697
7.611514423607
7.616525732229
7.621517043006
7.626525696939
7.631499339602
7.636521995184
7.641549754121
7.646548437490
7.651623023944
7.905587208237
7.910383884971
7.914473389964
7.918871589534
7.923550328693
7.928371271349
7.933220996973
7.938377079079
7.943278145613
7.948173478083
7.953336713957
7.958423314638
7.963525159240
7.968600153662
7.973783632939
7.978920994843
7.984132349455
7.989267519559
7.994430741977
7.999566001365
8.004804813086
8.009947566072
8.015063233193
8.020207006973
8.025300229911
8.030367772672
8.035358824900
8.040354345925
8.045402362006
8.050327537830
8.055386420376
8.060167807031
8.064981937003
8.069857872291
8.074730438029
8.079669868083
8.083626386312
8.088571810683
8.093599363765
8.098750141185
8.103880171097
8.108927441662
8.114706778710
8.119643723566
8.124535401224
8.129620045677
8.134663884589
8.139599083487
8.144713903388
8.149824921435
8.154870432567
8.218485542516
8.221781778563
8.225630235338
8.229535756878
8.233580242535
8.238322075721
8.243340061571
8.248246980987
8.253449561813
8.258630703185
8.263975201573
8.269062771876
8.274562065534
8.279900415513
8.285275629972
8.290702650528
8.296227935111
8.301589794295
8.307103686390
8.312663025439
8.318010326743
8.323569447408
8.329119831160
8.334678948356
8.340158735464
8.345994367989
8.351740230348
8.357287782965
8.362831508240
8.368338480575
8.373863898567
8.379352558570
8.384794369930
8.390342353274
8.395810678033
8.401402404166
8.406947977090
8.412452026597
8.418098525362
8.423108299492
8.428261394775
8.433839339663
8.439572904288
8.445052314389
8.697164317779
8.704658751369
8.712399745837
8.720095176361
9.014443422986
9.018609041367
9.023309034184
9.027715250267
9.032408987754
9.036995317862
9.041626590633
9.046237471919
9.050890624536
9.055592189254
9.060290139360
9.064978754474
9.069685095299
9.074386270020
9.079089405139
9.083794069103
9.088496302472
9.093190410714
9.097894030761
9.102613325356
9.107321078600
9.112017556850
9.116705193505
9.121361133456
9.126013464880
9.130679560549
9.135332516267
9.139980698954
9.144591545440
9.149190291121
9.153827025824
9.158420035431
9.163050145002
9.167664142020
9.172299866248
9.176930869958
9.181550451877
9.186115106539
9.190757160056
9.195396931302
9.200039994440
9.204704193769
9.209352931054
9.214054370882
9.218739329779
9.223419142311
9.228082557973
9.232685641846
9.237222710893
9.241918894408
9.388543721723
9.392642605904
9.396073324569
9.399494577075
9.403532694734
9.407924967277
9.412259942561
9.416724762120
9.421262303232
9.425829486516
9.430829483881
9.435450447351
9.440091568396
9.444764311590
9.449443564122
9.454196928779
9.458623703699
9.463224573278
9.467747863376
9.472414309045
9.477092533120
9.482119691574
9.486735486000
9.491399074558
9.496069836896
9.500692624531
9.505473639405
9.510050622279
9.514564818018
9.519123351900
9.707264656176
9.711518945274
9.715626410008
9.719944098810
9.724838563109
9.729856596793
9.734817338745
9.739865320811
9.744976934716
9.750028902380
9.755100604146
9.760204120445
9.765306205213
9.770491449053
9.775603695209
9.780726709767
9.785866078870
9.790911979824
9.796083382541
9.801326463232
9.806596520042
9.811939225248
9.817326961965
9.822749195597
9.828130976975
9.833564647569
9.839063823023
9.844584918235
9.850128461231
9.855700255787
9.861168131376
9.866655794494
9.872172363245
9.877645205555
9.883169710647
9.888616312020
9.894187573909
9.899646248839
9.905152507805
9.910681608908
9.916200528196
9.921682997458
9.927170597477
9.932673196218
9.938140430005
9.943641802987
9.949126831571
9.954627512892
9.960152117509
9.965643324476
9.971171317172
9.976718631810
9.982210451369
9.987735405528
9.993266914808
9.998758875119
10.004300234491
10.009811320289
10.015224539427
10.020712589029
10.026207337821
10.031707945748
10.037226434443
10.042720088310
10.048238423391
10.053747522558
10.196906046793
10.202045249997
10.207214563706
10.212339283988
10.217637014456
10.223026065510
10.228264633162
10.233579459580
10.239024191090
10.244371912353
10.249773048956
10.255180641945
10.260842302945
10.266280818958
10.271688192445
10.277291521603
10.282851367344
10.288552753328
10.294044585829
10.299674846490
10.305177599343
10.310639621268
10.316138762420
10.321657511248
10.327123926394
10.332587676083
10.338145209345
10.343547084541
10.349051164268
10.354550877177
10.360108665385
10.365612245166
10.371209482319
10.376826361133
10.382452375924
10.388290676905
10.394091185594
10.399815608389
10.405540780303
10.411172281677
10.592688758312
10.602921851457
10.613660597783
10.624117665869
10.634779333114
10.645495164145
10.656245794161
10.747872125314
10.751829111401
10.756623224615
10.761615776201
10.766745862314
10.771918958868
10.777056660951
10.782259340005
10.787507836839
10.792810920136
10.797891297866
10.803107352285
10.808380587267
10.813703260869
10.819092840548
10.824302979903
10.829464090405
10.834709641178
10.839826336480
10.845053816325
10.850249635883
10.855527397583
10.860729234404
10.866020763096
10.871108952710
10.876295131509
10.881450902840
10.886696144601
10.891862632285
10.896869864791
10.902256971000
10.907549866559
10.912738507622
10.917924784449
10.923183333220
10.928428158425
10.933548002283
10.938705772834
10.944062757558
10.949357662219
10.954645772370
10.959825790747
10.964991878366
10.986740380803
10.991357186738
10.996780722413
11.001984881562
11.007442557434
11.012710203950
11.018110853427
11.023388572104
11.028372134999
11.033577418182
11.038894027883
11.044288767871
11.049656955399
11.055032579452
11.060447345033
11.065781810030
11.071161775957
11.076482458537
11.081811589397
11.087176397508
11.092530175167
11.097872898386
11.103198265562
11.108595706203
11.113987815554
11.119348326205
11.124720134939
11.130108707334
11.135491369262
11.140874943847
11.146228991115
11.151586117301
11.156930983123
11.162267353827
11.167603804531
11.172925994187
11.178241020273
11.183647579174
11.189015542367
11.194290341037
11.199741214243
11.345405471797
11.350712699093
11.356257447381
11.361998277385
11.367105120717
11.372602695984
11.378090919249
11.383602840365
11.389133414244
11.394738807167
11.400282705427
11.405829441646
11.411478159537
11.417164744276
11.422898215866
11.428564983781
11.434269179296
11.439956201304
11.445623344376
11.451366057110
11.457122498809
11.463029517003
11.468749735279
11.474427364611
11.480140826674
11.485843159382
11.491514114455
11.497119002936
11.502640079758
11.508276014677
11.513776023895
11.519262981083
11.524764128856
11.530302759590
11.535753168909
11.541105240199
11.546589195206
11.551603542790
11.556760420844
11.561766440112
11.567223233170
11.572738472815
11.578133951013
11.583510167139
11.926168354465
11.931567299959
11.936885673513
11.942128067698
11.947233131312
11.952298887113
11.957393291371
11.962521362157
11.967620719771
11.972735280101
11.978565095584
11.983674343713
11.988677632737
11.993914713781
11.999174854330
12.004314324853
12.009551204539
12.014734229721
12.019967644860
12.025055962250
12.030401059404
12.035619510477
12.040716026310
12.045908065539
12.051075290051
12.056247766352
12.061343926530
12.066480033988
12.071564977001
12.076618735059
12.081659595902
12.086740245189
12.091719756456
12.096721171962
12.107816620944
12.113454530328
12.117220558440
12.121816948178
12.126453012628
12.131050843108
12.135612332904
12.140131924235
12.144643068985
12.148784791509
12.153221267280
12.157914131600
12.162301290884
12.166669005529
12.171020752718
12.175371962928
12.179708851014
12.184013937673
12.188262609388
12.192633637308
12.196936031763
12.201200116609
12.205444703895
12.209696111280
12.213948899020
12.218209051244
12.222441552921
12.226697249867
12.230876999787
12.235173204199
12.239467861227
12.244031205556
12.248563100166
12.253055462256
12.257865299674
12.262589452607
12.267129840329
12.271696621425
12.276677719771
12.280963318618
12.285895271754
12.291424840339
12.295816147476
12.301040088369
12.304850828074
12.308974086960
12.313102159902
12.317505455696
12.321849869784
12.326231538769
12.330602799214
12.335025479156
12.339491657514
12.343954237478
12.348413757423
12.352878442900
12.357635007981
12.362117392380
12.366616027187
12.371124071997
12.375685203296
12.380225457625
12.384998782603
12.389567104188
12.394123130006
12.398738443132
12.403333212916
12.407937699196
12.412544297722
12.417157286049
12.421745119058
12.426367962021
12.430920234001
12.435529233599
12.440073887355
12.444647469106
12.449189892187
12.453714873420
12.458248807084
12.462782863030
12.467283646432
12.471848089313
12.476430278751
12.481068398810
12.485727496803
12.490436314247
12.495175084466
12.499965819047
12.504792506518
12.509653225194
12.514545026289
12.519464303652
12.524382398889
12.529336405066
12.534314403655
12.539329696498
12.544342595708
12.549387565405
12.554424930080
12.559475928791
12.564508291918
12.569472638679
12.574523633894
12.579552069319
12.584564286192
12.589613587883
12.594607645157
12.599609133858
12.604609629966
12.609593989450
12.614724949381
12.718183018363
12.722033051994
12.725957211650
12.730602552944
12.735516421645
12.740399996883
12.745382660611
12.750449838956
12.755436461795
12.760465459956
12.765469359049
12.770503555821
12.775529435708
12.780591651478
12.785654444879
12.790726241192
12.795861406740
12.800942422241
12.806066407507
12.811195336236
12.816330155298
12.821462673599
12.826626647966
12.831785310085
12.836937530181
12.842148352858
12.847326925422
12.852459797888
12.857600684661
12.862770721259
12.867894914612
12.873054570834
12.878091233239
12.883188567532
12.888237232933
12.893354686050
12.898384737212
12.903436086297
12.908892062205
12.913965084049
12.920106820991
12.925225485106
12.930295360926
12.935438247018
12.941255986468
12.946345561812
12.951461357168
12.956607262632
12.961671461959
12.966721122382
13.022104537162
13.027460141739
13.032736738423
13.038103101640
13.043410017468
13.048743715147
13.054001258425
13.059443670071
13.064814912852
13.070239129271
13.075628846283
13.080956321764
13.086292305325
13.091714573644
13.097019290834
13.102320920958
13.107653587229
13.113133299849
13.118427534811
13.279009287823
13.284237365791
13.288843378922
13.293589545227
13.298166939169
13.303090747503
13.308306522229
13.313684354710
13.319173781076
13.324696783434
13.330263622515
13.335859915544
13.341499817756
13.347137618098
13.352759697507
13.358383128573
13.364008689981
13.369629051862
13.375154384546
13.380676513549
13.386182347725
13.391663401459
13.397075104658
13.402487159546
13.407901919819
13.413343927429
13.418773974946
13.424247930997
13.429685181438
13.435175900214
13.440674975935
13.446157168350
13.451537696759
13.456914105467
13.462390513001
13.467904522656
13.473367864972
13.478764839066
13.484210994330
13.489657967989
13.495123207934
13.500618246563
13.506045396690
13.511589344117
13.517120101427
14.215833982958
14.219131992240
14.223057619251
14.227060482207
14.231058310066
14.235043577023
14.239026825480
14.243057744993
14.247114346432
14.251190489085
14.255246810822
14.259291944938
14.263365217104
14.267473822146
14.271618056733
14.275783755462
14.279950484921
14.284186923278
14.288481147132
14.292777773134
14.297024023570
14.301135409649
14.305209925755
14.309420693393
14.313759228081
14.318135385842
14.322582278230
14.327149585012
14.331665130342
14.336127997887
14.340734354229
14.345314161003
14.349842670452
14.354385830492
14.358932182692
14.363405166077
14.367974986235
14.372429448904
14.376949312296
14.382278405880
14.386776985787
14.391119027760
14.395489597437
14.399835522979
14.403783977574
14.408064213458
14.412472798199
14.446085992757
14.450610349105
14.455169579554
14.459850380198
14.464361536978
14.469306294952
14.474203664888
14.479249906995
14.484311991436
14.489345854108
14.494386241864
14.499497737381
14.504590695241
14.509717542980
14.514905222882
14.520149298298
14.525364868658
14.530631172028
14.535947685219
14.541261235230
14.546632816176
14.551960366414
14.557295799317
14.562620900760
14.567931286996
14.573220293163
14.578529589158
14.583852066661
14.589326161039
14.594596879214
14.599973803180
14.605210433112
14.610554219599
14.615908030847
14.621302772876
14.626461064549
14.631868009509
14.637221294844
14.642579291212
14.647766832076
14.653069389287
14.658430678233
14.664082241534
14.668596594515
14.673182701839
14.677696789663
14.682950063261
14.688167605677
14.693620335356
14.698963115280
14.704300920307
14.709615112910
14.714895836377
14.720123710749
14.725362277163
14.730610451853
14.735929578449
14.741275450120
14.746607625865
14.751948929717
14.757285327655
14.762620491003
14.767998072922
14.773377504956
14.778737476712
14.784123628783
14.789522497680
14.794957558121
14.800382980532
14.805820664811
14.811343250040
14.816830813237
14.822116420217
14.827718826660
14.833204706529
14.838622508410
14.843951361682
14.849437318407
14.854827053390
14.860291433632
14.865702206030
14.871210284377
14.882078905127
14.887161787469
14.892838788588
14.898357468566
14.903835834360
14.909280854471
14.914787674701
14.920354439297
14.925847288399
14.931319743894
14.936833735289
14.942384454260
14.947880355360
14.953376954812
14.958843079590
14.964242356508
14.969743441225
14.975246419192
14.980789659452
14.986289017236
14.991752766118
14.997299941640
15.002872067188
15.007837608020
15.013353935569
15.059031503958
15.064031679660
15.069288224503
15.074778178536
15.080302768811
15.085698716392
15.091106464710
15.096628723573
15.102204286837
15.107698218948
15.113176374277
16.231526670612
16.236117690135
16.239975493547
16.244190914115
16.249058632657
16.253610425144
16.258243539368
16.262940130760
16.267698013538
16.272463259157
16.277302598901
16.282133443335
16.287076655533
16.291992081694
16.296961612775
16.301907730437
16.306828257456
16.311725036476
16.316628471979
16.321528874797
16.326455018270
16.331373396511
16.336316392828
16.341251483287
16.346172598949
16.351146657744
16.356088137774
16.361036032907
16.366011524079
16.371019764729
16.375976004864
16.380897561635
16.385754209177
16.390632642542
16.395453034755
16.400176825663
16.404963766888
16.409679656125
16.414330585647
16.419012414539
16.423532607144
16.428103795905
16.432682468218
16.437358893579
16.441870285229
16.446167174131
16.450373264228
16.454458695923
16.458214576775
16.461925769089
16.465951974328
16.469786030888
16.473532336160
16.477371319311
16.481077788926
16.484421331137
16.603978863381
16.607415978089
16.610848986692
16.614277421547
16.617746506330
16.621305935976
16.624926591550
16.628627424858
16.632357253518
16.636120075251
16.639904054749
16.648419939584
16.652186729480
16.655995410181
16.659800271937
16.663792971071
16.667978061929
16.672037816858
16.676102287841
16.680251811092
16.684279578761
16.688234238451
16.692447754241
16.696723503442
16.700796125370
16.705037890546
16.709212279116
16.713376823498
16.717585594927
16.721886913891
16.726160668426
16.730287951487
16.734655040464
16.739042776364
16.743480282106
16.747989783795
16.752278830041
16.757247388488
16.761732097330
16.766763284778
16.771422068070
16.776073407939
16.780649478401
16.786366459048
16.823483396688
16.828218046848
16.832931394783
16.837808679693
16.842695315233
16.847573002109
16.852478334323
16.857432999534
16.862363674267
16.867260470672
16.872198591271
16.877151409471
16.882087109845
16.887037103853
16.891971203330
16.896930286279
16.901941971238
16.906886298749
16.911856979526
16.916838054711
16.921796621093
16.926739992143
16.931565555478
16.936876474989
16.941819633747
17.041153763708
17.045690235396
17.049664011570
17.054008268087
17.058818145582
17.063734064959
17.068605074295
17.073831357541
17.080085155575
17.085238967483
17.090374957784
17.095450331226
17.100564978701
17.105794908720
17.110981573589
17.116198861184
17.121338369055
17.126500324446
17.131684045593
17.136884293359
17.142057417551
17.147223096288
17.152345247931
17.157499330694
17.162636195477
17.167773836790
17.172920762760
17.178078644824
17.183299695320
17.188486569661
17.193656851036
17.199026552253
17.204162410501
17.209266889844
17.214481578430
17.219719516377
17.224865801302
17.229995382344
17.235116438016
17.240373093591
17.245695687890
17.250853168100
17.256043967253
17.261241392467
17.266416357222
17.271559175060
17.276750511356
17.318305274195
17.322861782135
17.326328112912
17.330425805740
17.335106630989
17.339563316715
17.344574707000
17.349620342477
17.354694401352
17.359688022910
17.364790072210
17.369815755875
17.374885565496
17.379956792278
17.385004827123
17.390104377060
17.395153272842
17.400259706232
17.405328169282
17.410391770463
17.415447646822
17.420479531494
17.425512261543
17.430529914457
17.435573960315
17.440611468224
17.445696001832
17.450739792484
17.455877078861
17.460897415440
17.568110459659
17.571638800086
17.575565815876
17.579623419766
17.583924910241
17.588169445052
17.592390437014
17.596662890694
17.601087491831
17.605384095398
17.609534331998
17.613839683359
17.618117856101
17.622670337795
17.724611553824
17.726340671439
17.728716328486
17.730412437503
17.732126496070
17.734010570657
17.735896991183
17.738228974403
17.740247572271
17.742091798066
17.743798565515
17.818988093564
17.823827816390
17.827667413116
17.831706891980
17.836010953618
17.840771714955
17.845638497460
17.850537972021
17.855817505561
17.860755619998
17.865872484645
17.870793149200
17.876347960736
17.881899181336
17.892535003638
17.903026246794
17.913580736118
17.924162623764
17.934635391626
17.945166590455
17.955783706690
17.966438904872
17.977116279145
17.987718471796
17.998338595846
18.008926321553
18.014288638744
18.019503331123
18.024773657150
18.030020245161
18.035235341872
18.040589617176
18.045722075605
18.050946676742
18.056240697429
18.061543472102
18.066744304733
18.072098277910
18.077325602647
18.082634017221
18.087961202478
18.093193143491
18.098441508587
18.104063658076
18.225571682072
18.230312985292
18.235518834232
18.240942843538
18.246249870563
18.251554247257
18.256889128921
18.262357054925
18.267782721087
18.273169224627
18.278644402004
18.284088000942
18.289603649121
18.295118085908
18.300555041425
18.306059059447
18.311379139449
18.316975559148
18.322516582636
18.328024993443
18.333573235380
18.339270702507
18.344885092145
18.350499668781
18.356061517173
18.361631149761
18.367197533078
18.372800453515
18.378400187945
18.384032136868
18.389670971902
18.395307505663
18.400939836938
18.406589351802
18.412606406529
18.418209258103
18.423893990293
18.429712693413
18.435496888160
18.441584353716
18.448153881032
18.454319379329
18.460322509434
18.466369393932
18.472442989883
18.477988989076
18.482489854089
18.488091174032
18.493976034362
18.499631228558
18.505491459914
18.511055612721
18.549122465346
18.553716524979
18.558798644993
18.563746485843
18.568693201245
18.573691633562
18.578641971512
18.583630024488
18.588552443576
18.593542560426
18.598481806476
18.603464676027
18.608450363441
18.613431028253
18.618449971299
18.623410591465
18.628381032809
18.633364345413
18.638338973481
18.643383150877
18.648423801002
18.653423019337
18.658360888064
18.663380558245
18.668451447986
18.673410310039
18.678405130842
18.683389324458
18.688383131023
18.693410940907
18.698433797198
18.703504780762
18.708524965388
18.713500454726
18.776571837071
18.786624580311
18.796771375147
18.804328028712
18.811453831403
18.818902510213
18.826578873020
18.834172333363
18.932322744993
18.936565851828
18.940673995206
18.945041164611
18.949644969422
18.954299502789
18.958929959118
18.963604445005
18.968255513443
18.972876734812
18.977536469336
18.982147839445
18.986820118012
18.991419101011
18.996088601026
19.000722533489
19.005392376301
19.010038942157
19.014692416512
19.019337244286
19.024021520338
19.028678700411
19.033370287688
19.038087728599
19.042742524648
19.047429160472
19.052095268479
19.056754142296
19.061393558871
19.066051139482
19.070654696253
19.075253511232
19.079902940650
19.084478952146
19.089032078144
19.093592759653
19.098082944304
19.102565363039
19.106970846338
19.111331566389
19.115711965133
19.120115004971
19.124499499288
19.128869815285
19.133149002035
19.137650826349
19.141886646239
19.146375929640
19.150619370670
19.155249663118
19.159822231603
19.164405723380
19.169029924960
19.173580655046
19.178251375443
19.182794379538
19.424700213465
19.428492291359
19.432122360883
19.436060878527
19.440232306172
19.444708363120
19.449111706661
19.453685355973
19.458178132427
19.462827058289
19.467441604149
19.472147526377
19.476925789223
19.481724937782
19.486614009866
19.491553412369
19.496545425982
19.501505577531
19.506460750931
19.511535844066
19.516469601592
19.521468087428
19.526417313026
19.531334357918
19.536341191937
19.541237965488
19.546176154616
19.551101989743
19.556038092100
19.561005121837
19.565964903363
19.571013709415
19.575958794165
19.580869664096
19.585859658583
19.590830332837
19.595884783204
19.600881362375
19.605900929378
19.611084129038
19.616105346403
19.621121242032
19.626404797122
19.631591856572
19.636330613052
19.642374433304
19.647518017339
19.652530459224
19.657394217415
19.662106842897
19.666451975219
19.671524843259
19.676536020016
19.681430799968
19.686477314324
19.692448780648
19.697443297860
19.702441400314
19.707696223154
19.712609589514
19.718336051269
19.827744393059
19.833153288772
19.838387800326
19.843736068968
19.849108196707
19.854485662597
19.859854838089
19.865277390568
19.870640911762
19.876078315336
19.881496620963
19.886954595230
19.892370770144
19.897774696557
19.903165334538
19.908546208378
19.913928372893
19.919279358498
19.924658723812
19.930194931964
19.935498875233
19.941047058896
19.946463459725
19.951834498565
19.957326814161
19.962831785714
19.978699079086
19.984455782313
19.990492621651
19.997103127856

