Time_s
0.807634850652
0.812637544677
0.816774545850
0.820957320818
0.825333895032
0.829705800500
0.834103417861
0.838512419053
0.842977774605
0.847462583947
0.851992608437
0.856517178784
0.861090801302
0.865671491651
0.870243553652
0.874876846066
0.879493040012
0.884147809857
0.888830703599
0.893572152369
0.898359961136
0.903245211439
0.908291421380
0.913306131537
0.918048276089
0.922768850033
0.927314480049
0.931755750139
1.087794260614
1.092215587892
1.097076882679
1.101940617521
1.106942518337
1.111988276167
1.117063968747
1.122192990623
1.127289285986
1.132415736189
1.137547028928
1.142663911357
1.147811194405
1.152913142498
1.158037109904
1.163166190491
1.168321649894
1.173514135626
1.178688874503
1.183986239553
1.189262920744
1.194440964423
1.199488918964
1.204572114128
1.209713668354
1.214822405419
1.386886894285
1.391948552901
1.397513151400
1.402795298209
1.408257025147
1.413760453410
1.419164936769
1.424629657960
1.430095214957
1.435608699465
1.441131373780
1.446654515907
1.452247386832
1.457855226679
1.463469945054
1.469139333636
1.474695142544
1.480256595172
1.485912411485
1.491520577651
1.497217917864
1.502896365817
1.508625934191
1.514331705998
1.520043974533
1.525657124011
1.531213366061
1.536737386986
1.542471403346
1.548136406160
1.553827012912
1.559495657161
1.565091644085
1.570826382940
1.576453024986
1.582144126007
1.587883622416
1.593525157902
1.599218606024
1.604818506253
1.610544282623
1.616027403119
1.621447089055
1.626720847766
1.632134839106
1.637684894381
1.643340289376
1.650350199818
2.442502125214
2.447622777742
2.452631376717
2.457644776839
2.462691761163
2.467732844349
2.472821315807
2.477910807416
2.482983946471
2.488132315442
2.493231180375
2.498411346691
2.503427390476
2.508502168326
2.513558661783
2.702422094309
2.706372466113
2.710770081059
2.715530145374
2.720232515793
2.725127844661
2.729998883572
2.734947876964
2.739897719572
2.744873743722
2.749897808649
2.754913051528
2.759955070578
2.765048735035
2.770218245829
2.775396030859
2.780527381401
2.785580893979
2.790669655357
2.795786891055
2.805829291437
2.811084391780
2.816337620971
2.821624251636
2.826763247161
2.831839431145
2.836933571916
2.842081168196
2.847263045103
2.852595862323
2.858148156824
2.864280287272
2.869918529826
2.876557487527
2.881740220315
2.887134554733
2.892408912216
2.897458967571
2.966165954493
2.976665660269
2.987512078211
2.998226755407
3.005454281318
3.010695206884
3.015982614986
3.021290408343
3.026643643044
3.032031855912
3.037378484404
3.042712429305
3.048056043175
3.053336491632
3.058679042165
3.064050639797
3.069420378721
3.074724054964
3.080085278004
3.085449863970
3.090786472050
3.096162435388
3.101478145036
3.106830105081
3.112181235627
3.117515861099
3.122871622318
3.128267472368
3.133677281772
3.139055495424
3.144404994537
3.149783667377
3.155197052437
3.160558002635
3.165908297048
3.171270254806
3.176690495671
3.182086506795
3.187510609366
3.192928604420
3.198306722803
3.203692967721
3.209069895776
3.214435601265
3.219820885230
3.225236632102
3.230594224982
3.236011300058
3.241366863078
3.246782162815
3.252182416752
3.257677805252
3.263230270964
3.268725499869
3.273603774264
3.436035980782
3.441161881265
3.446133398233
3.451281319397
3.456528092897
3.461914530283
3.467271060785
3.472636848584
3.478047731969
3.483512604771
3.488998951105
3.494425522208
3.499857598737
3.505339609704
3.510718620701
3.516164154230
3.521607498447
3.526944332387
3.532324741974
3.537702527078
3.543064253144
3.548508325860
3.553914007763
3.559349112010
3.564819687924
3.570349541070
3.575901739976
3.581623968091
3.679289470321
3.690322401883
3.700735587440
3.711527701534
3.721905692839
3.732587533719
3.743666763673
3.754945071504
3.766221202426
3.920302980356
3.924776031541
3.929810244099
3.935419940112
3.940872979290
3.946405165733
3.951950024873
3.957495539128
3.963141147239
3.968845510791
3.974523646108
3.980333127979
3.986149824164
3.991717329706
3.997442172818
4.003537499694
4.123340177040
4.128866546651
4.134445135055
4.140006187911
4.145602781484
4.151268965008
4.156916879692
4.162679645908
4.168372287658
4.173872203115
4.179453333238
4.185011812606
4.190572434797
4.196127151932
4.201723605506
4.207350471031
4.212953242297
4.218558279063
4.224165875213
4.229796338645
4.235423261490
4.241132701630
4.246763906509
4.252494667975
4.258046502259
4.263579696231
4.269320717468
4.275145916271
4.280926005714
4.286839916606
4.292783803160
4.298625749803
4.304042362923
4.519230434315
4.524934856871
4.530401365026
4.536023010427
4.541692840997
4.547376627432
4.553101860605
4.558742432383
4.564427198715
4.570131149920
4.575781095545
4.581461522744
4.587098932346
4.592913814549
4.598620109987
4.604320293409
4.610015370303
4.615777540085
4.621592103884
4.627410977159
4.633160724830
4.639015735898
4.644799879939
4.650648878100
4.656539266695
4.662467301866
4.668362817516
4.674262722098
4.679954383466
4.685574581593
4.691455476545
4.697276324699
4.703232065293
5.750291927982
5.755472786752
5.760267047625
5.765280028035
5.770350645268
5.775393465596
5.780551837141
5.785626002041
5.790783485780
5.795819942697
5.800969779612
5.805720520137
5.811158668120
5.816214232473
5.821229809432
5.826332640195
5.831422967354
5.836616277772
5.841955930620
5.847040241424
6.115342833442
6.126057608116
6.133953177784
6.139278594252
6.144636237079
6.149973281350
6.155266832024
6.160571289830
6.165893307717
6.171193802607
6.176404578860
6.181732012394
6.187194909699
6.192571435099
6.197946364312
6.203397247041
6.208848835378
6.214247660165
6.219633407144
6.225117985433
6.230608431420
6.236069938206
6.241541140245
6.247000596823
6.252351435859
6.257692304654
6.263148450998
6.268542660508
6.273922599064
6.279292508229
6.284771806372
6.290164955714
6.295507077994
6.300845650869
6.306186143590
6.311582065583
6.317175550703
6.322145162497
6.398988032910
6.410104240163
6.421429404129
6.433050921154
6.444599598775
6.589328202283
6.594628382191
6.600102701025
6.605618553179
6.611191599675
6.616721612449
6.622276389534
6.627853989175
6.633403175776
6.639040760188
6.644616090360
6.650325349272
6.656051518572
6.661832351230
6.667379553561
6.673289026973
6.918974809685
6.924062792208
6.928584503648
6.933567883802
6.938926648156
6.944552907269
6.950146713616
6.955803697755
6.961614291011
6.967259576223
6.973075539196
6.978854761107
6.984660508081
6.990485976343
6.996272099280
7.002087333811
7.007811580943
7.013594941526
7.019306135920
7.025047966657
7.030854294239
7.036591878404
7.042363269737
7.048309020402
7.054195420668
7.059937253097
7.065684913776
7.071447701751
7.196680784793
7.208018256375
7.219342763407
7.230741921469
7.242432142391
7.253647892437
7.265050289877
7.276466562084
7.287928055732
7.299429051688
7.310898100162
7.322511493416
8.263530313760
8.274199448597
8.284657015141
8.295415927409
8.306623340652
8.317884347113
8.329022914933
8.335930408622
8.341491669801
8.347117691123
8.352688232830
8.358246279672
8.363873145766
8.369421874888
8.375017951828
8.380619880270
8.386301095539
8.392023951690
8.397769752136
8.403550199884
8.409250731069
8.414819446122
8.420353139270
8.565493454270
8.575529662975
8.580821400179
8.586272452349
8.591805673785
8.597294306438
8.602767773358
8.608302574919
8.613867231483
8.618299806094
8.623816418104
8.629413766184
8.634868157814
8.640522151868
8.645993222514
8.831601249766
8.836077368101
8.841600311194
8.846862742967
8.852441311286
8.857831240961
8.863333208883
8.868908155237
8.874320928554
8.879911139238
8.885548604694
8.891338896608
8.897043801612
8.902853503941
8.908701915926
8.914529709259
8.920356759671
8.926130490821
8.931957887715
8.937746986769
8.943591728087
8.949410846541
8.955186039198
8.961020450362
8.966866946326
8.972730932914
8.978605253731
8.984483833646
8.990510469950
8.996424479463
9.002195321521
9.008019615751
9.013849910388
9.019686853642
9.025552872173
9.031361276699
9.037158483278
9.074269233179
9.076286580403
9.078765452142
9.080618506236
9.082798270853
9.084475267712
9.086514638523
9.088196081130
9.090428969374
9.092809707461
9.095006891000
9.125860186334
9.137298552426
9.149196308882
9.161056573521
9.172719757643
9.287868341881
9.293461838424
9.299199551118
9.304919798618
9.310688785478
9.316499471275
9.322313143879
9.327988344291
9.333706445865
9.339464082938
9.345148712856
9.350960271197
9.356749141086
9.362393919581
9.368095742970
9.373800827807
9.379497590923
9.385171898890
9.390824122714
9.396489379779
9.402174537032
9.407896571733
9.413621035156
9.419428942053
9.425367073123
9.431209406320
9.436927436040
9.442507351545
9.448358323710
9.593426419237
9.604834073599
9.616204147433
9.627600376404
9.639032955805
9.650491489373
9.661971864319
9.673532186971
9.684981672936
9.696734182121
9.708391228870
9.722791906606
10.446093250013
10.450769232242
10.455177242789
10.459509012804
10.464234882454
10.468372543694
10.472212173828
10.503955225706
10.515051013764
10.525988215873
10.538090906968
10.572406116008
10.584254454514
10.596434881302
10.617729442699
10.622610686861
10.628145184006
10.633691935204
10.639110011659
10.644520924287
10.649970545475
10.655456882747
10.660899920332
10.666481823700
10.671732179159
10.677311308113
10.683050735732
10.688791691542
10.694482149604
10.700253597024
10.705942012473
10.711717766875
10.717464215002
10.723182164082
10.728970343388
10.734705609639
10.740447992076
10.746163177049
10.751881382253
10.757628702940
10.763328031230
10.769042183609
10.774972307180
10.780781106783
10.786635525560
10.792552035887
10.798539327026
10.804398205505
10.810381592868
10.820709199060
10.826800204258
10.832132062999
10.837769609972
10.843342335466
10.848933177217
10.854554974926
10.860200260735
10.865843762192
10.871553317839
10.877216086477
10.882941375934
10.888667986865
10.894374444314
10.900134249130
10.905948356240
10.911788785543
10.917706874272
10.923729745652
10.929656639046
11.075473415090
11.079642758766
11.084895084380
11.090166557179
11.095417633761
11.100868237599
11.106479463489
11.112036385024
11.117759888089
11.123410573255
11.129151877479
11.134977022121
11.140652409130
11.146499879057
11.152238521718
11.158191115042
11.164024037008
11.169864416829
11.175726262979
11.181556585148
11.187346988626
11.193111302290
11.198982181100
11.204782614813
11.210571679682
11.216367984245
11.222295603889
11.228114383667
11.234003997259
11.239853433550
11.245683156414
11.251517852435
11.257339808202
11.263146748335
11.268984955243
11.274830667821
11.280637948822
11.397714954631
11.402269316013
11.407828037039
11.413488847124
11.419274956084
11.425011450203
11.430885306686
11.436675527681
11.442590144745
11.448344561696
11.454105146104
11.460151324565
11.465692602083
11.472284395660
11.478204551770
11.484115462450
11.490240410743
11.496136497802
11.501781806997
11.507304502746
11.512822126855
11.518575019831
11.524324721218
11.530287726650
11.536148003500
11.542120925688
11.547743811069
11.553639011971
11.636944333605
11.648559500828
11.660147061587
11.671892718964
11.677784160577
11.683675810637
11.689574475297
11.695471513404
11.701447316524
11.707447986522
11.713280235746
11.719117579171
11.724962236138
11.730830781878
11.758149058570
11.769854084226
11.781596675967
11.787527901332
11.793399506534
11.799245396776
11.805133721331
11.811105494193
11.817035962041
11.822873184002
11.828805512254
11.834709144962
11.840624376568
11.846470104676
11.852409408708
11.858282310947
11.932015324086
11.937892794033
11.943845059867
11.949744638034
11.955612790143
11.961515830478
11.967439387377
11.973287193903
11.979184336117
11.985039388882
11.990923383559
11.996820148236
12.002741587572
12.008684196978
12.014599129415
12.020537278896
12.026447194323
12.032488246950
12.038405423347
12.044401328877
12.050423267535
12.056437621330
12.062474954162
12.068518072104
12.074636905563
12.079500255303
12.085435487691
12.091309552081
12.097286051707
12.103250909432
12.109243532466
12.115235884796
12.121151390639
12.126987818828
12.132796565160
12.138653185485
12.144754929059
12.150784041009
13.308918862718
13.319167865429
13.329745099863
13.340175372243
13.350674076047
13.356012283704
13.361308632173
13.366666653769
13.371972572628
13.377293123839
13.382621753878
13.388119616545
13.393587057596
13.399130229896
13.404667154637
13.410282109206
13.415871494198
13.421458960092
13.427059124149
13.432645013785
13.438224656448
13.443838295587
13.449461477471
13.455125164541
13.460791373675
13.466491213976
13.472252711946
13.477993126583
13.483554832774
13.489182550071
13.494822700872
13.602157375103
13.607933148366
13.613335925385
13.618924628861
13.624677535912
13.630287423837
13.635994486490
13.641761170744
13.647584292858
13.653152332053
13.658864386679
13.664572758725
13.670235921862
13.675966576707
13.681698145528
13.687427810149
13.693090130687
13.698896936462
13.704693316340
13.710424819922
13.716055326912
13.722016265841
13.727831436822
13.733574418255
13.739429422122
13.745205722033
13.751070397884
13.756850214819
13.762710221444
13.768423733363
13.774274683435
13.780069429540
13.785853646574
13.791691041416
13.797578335545
13.803644648525
13.809450161851
13.815366785530
13.821158514688
13.827111890332
13.832261052949
13.838476135435
13.843962495151
13.849745555815
13.855421465767
13.861177866074
13.866954260948
13.872765310894
13.878673224493
13.884406841305
13.890098476576
14.017300096084
14.022350609866
14.026859348678
14.031985393538
14.037479699404
14.042979188371
14.047822223752
14.053640941629
14.059057881588
14.064725850176
14.070321853351
14.075903309998
14.081559785994
14.087162559514
14.092795553961
14.098371238441
14.103944717135
14.109552012167
14.115133298699
14.120694634443
14.126265823566
14.131872539528
14.137522491391
14.143127609488
14.148801141554
14.154466422930
14.160158044409
14.165786939757
14.171432973217
14.177091077717
14.182762017527
14.188419856218
14.194055132398
14.199715922149
14.314221367312
14.325583401757
14.337164459336
14.348780074186
14.360350625132
14.372033496013
14.383767368397
14.389699390165
14.395579980555
14.401457829063
14.407383689928
14.413252564707
14.419159606473
14.424971123590
14.550993114977
14.562469677312
14.574047619048
14.586002895633
14.600433428229
14.763955563608
14.768626777723
14.773841900742
14.779297754465
14.784661036113
14.790213417974
14.795808883246
14.801485566432
14.807165960099
14.812878686058
14.818570914992
14.824272595089
14.829931054819
14.835562739037
14.841170660463
14.846765077571
14.852360945708
14.857860745485
14.863353893519
14.868778282902
14.874176370736
14.879586951322
14.884959726590
14.890335354972
14.895741819742
14.901199631003
14.906720549518
14.912176780545
14.917251187168
14.922653249986
14.928082448312
14.933508182638
14.939151404511
15.479825883700
15.491527883318
15.502855056589
15.508645536158
15.514452729697
15.520274197091
15.526070369722
15.531919442765
15.537837108428
15.543709446488
15.549538512944
15.555497084881
15.561396537428
15.567284851159
15.573034628281
15.578878775382
15.584692574821
15.590876296239
15.596546107648
15.602254570287
15.608141327167
15.613935803474
15.620142343949
15.673661379204
15.679553877988
15.685062678645
15.690607343113
15.696287721260
15.701831272324
15.707401769583
15.712945774413
15.718486542122
15.724498927009
15.730305871703
15.736018428436
15.741616156585
15.747194355337
15.752679768756
15.910902614400
15.916601156171
15.922179641720
15.927827509464
15.933529247241
15.939237868301
15.945006002903
15.950768074618
15.956561258527
15.962373765223
15.968131381236
15.973977991095
15.979724292805
15.985520771043
15.991225166419
15.996985036790
16.002800150173
16.008588158345
16.014356779100
16.020439416414
16.026416291119
16.032206238353
16.155871025503
16.161262439233
16.166647504238
16.172394226135
16.178090096003
16.183789103349
16.189540454066
16.195329376774
16.201170845530
16.207048264158
16.212964335950
16.218762573976
16.224709074072
16.230636308578
16.236518019667
16.242520577482
16.248485591882
16.254508367763
16.260665810936
16.266686054614
16.272824504115
16.278987494549
16.285039376204
16.291244487477
16.297390321214
16.303514292980
16.309653682617
16.315703174778
16.321731403701
16.327820410515
16.333923134741
16.339938596642
16.346030539499
16.352008761883
16.536283982639
16.547962325632
16.559628994963
16.571289084196
16.583047972055
16.594806584833
16.606710114893
16.715442038360
16.720233159650
16.725991681531
16.732025822923
16.738054527783
16.744167753939
16.750266028453
16.756469188073
16.762571220679
16.768623537007
16.774747231224
16.780817109360
16.787089306446
16.793384594318
16.799872811502
16.806130142592
16.812351254438
16.818562862832
18.267083382895
18.271973767200
18.276616834744
18.281363800221
18.286822330343
18.291809339990
18.297365979846
18.302520582066
18.307551053893
18.312117917154
18.316726551328
18.387794454733
18.393023854031
18.398894662086
18.404957593321
18.410918071500
18.416559190173
18.422302795458
18.428075653600
18.433833471602
18.439577255630
18.445343673995
18.451134051136
18.456839007491
18.462617202201
18.468365461801
18.474160216006
18.479953852401
18.485921835954
18.491720285649
18.647871581994
18.653509143069
18.658099970334
18.662948414197
18.668402049491
18.673549744849
18.679016353685
18.684380719546
18.689897133190
18.695289080527
18.700785845256
18.706311028003
18.711727909300
18.717258989249
18.722854480652
18.728862461836
18.734449901993
18.740081609262
18.745674613034
18.751348519496
18.885104076775
18.896535140154
18.908009665839
18.919423467202
18.930806404657
18.942225306649
18.953575324873
18.965081363641
18.976800043168
19.136972970224
19.141561466944
19.146890222902
19.152433364334
19.158076380130
19.163729977568
19.169362713283
19.174945837466
19.180597326499
19.186294227493
19.191924407530
19.197530829671
19.203112945526
19.208706555342
19.214258506508
19.219718478920
19.225222055081
19.230690090423
19.236067388700
19.241404469403
19.246758850390
19.252058274938
19.257348634996
19.262594225661
19.267838424327
19.273051245855
19.278221545770
19.283345549970
19.288494940142
19.293626387806
19.298679464144
19.303753813893
19.308869072980
19.314011321636
19.319105879169
19.324202838556
19.329070935136
19.333835996463
19.339218447363
19.344457258593
19.350652645441
19.355918856313
19.360156379817
19.365055485925
19.369483559572
19.374566271574
19.379509817105
19.384456587885
19.389172147430
19.394767011929
19.400313757274
19.405881399999
19.411439210349
19.417129530455
19.422728920709
19.428452567473
19.434182935320
19.439888063078
19.445597891269
19.451354482919
19.457024498783
19.462758071903
19.468528720583
19.474408950871
19.480312010827
19.485929832223
19.557676558193
19.563755214802
19.569477357272
19.575299835808
19.581171834181
19.586896103209
19.592639021097
19.598356341174
19.772334817490
19.783451387620
19.794974738036
19.806443279041
19.817678204403
19.829012702591
19.840569562843
19.852104772968
19.863672086934
19.875231548426
19.886924644564
19.898610709718
19.910449836588
19.922206039034
19.934035110472
19.945706949908
19.951636050372
19.957419403789
19.963463948226
19.969431968710
19.975551015604
19.981593307961
19.987646068105
19.993763348897
19.999870096352

