Time_s
0.595656412693
0.597381194434
0.599233719589
0.601075106828
0.603518727472
0.606275390111
0.608680839367
0.611083856083
0.613783717334
0.616065903870
0.618731497853
0.621190272934
0.623582115061
0.625873139402
0.628362025786
0.630908141813
0.632710736018
0.634490506322
0.663234764959
0.666500059424
0.669648903898
0.672817384916
0.676419500732
0.679714054199
0.683224419501
0.686687568390
0.690213294787
0.693725777774
0.697252289460
0.700794450091
0.704341439549
0.707921040627
0.711524159147
0.715170842978
0.718873916812
0.722578156996
0.726291028928
0.730045398984
0.733810828411
0.737583025482
0.741365719059
0.745167543300
0.748965111688
0.752771392032
0.756574441289
0.760372649306
0.764177839210
0.767996038148
0.771816444368
0.775645742449
0.779471146999
0.783303654668
0.787137922211
0.790978315627
0.794816344277
0.798667544290
0.802514424445
0.806358640222
0.810194086463
0.814020813809
0.817822694492
0.821629322808
0.825439207039
0.829253296904
0.833065576067
0.837121451221
0.841256519195
1.084973292919
1.089162437874
1.093153524182
1.097428620127
1.101690286800
1.106027072080
1.110430708155
1.114824720451
1.119269113890
1.123767563362
1.128295783983
1.132802935611
1.137344268858
1.141846253165
1.146383213867
1.150908622972
1.155435823370
1.159950058026
1.164449831092
1.168924228148
1.173398650001
1.177863154337
1.182297545011
1.186724640818
1.191149743485
1.195605741868
1.200003928975
1.204438558336
1.208832486552
1.213231145874
1.217639467265
1.222105851851
1.226544177407
1.230960258378
1.235393167088
1.239812945221
1.244248481436
1.248650226580
1.253074664439
1.257396033509
1.261966848875
1.266612981829
1.271238302613
1.504760356557
1.509454753199
1.514129824164
1.518882382015
1.523630900594
1.528377409078
1.533127415896
1.537883232634
1.542627082836
1.547373251118
1.552122343531
1.556872841489
1.561626406216
1.566389190231
1.571167371535
1.575946010457
1.580737806937
1.585578000403
1.590390139218
1.595202683224
1.600033231244
1.604839300522
1.609645076434
1.614471555166
1.619365766639
1.624304141605
1.629254346373
1.634336563221
1.639420865265
1.644611288343
1.649931022871
1.655279248284
1.660798674772
1.666338405199
1.671978798195
1.677612514311
1.683342056705
1.689074398356
1.694849463730
1.700757184226
1.706663950426
1.712659526373
1.718684159467
1.724681318155
1.730726596442
1.736777934718
1.742754982961
1.748774409348
1.754754152197
1.760779883680
1.766702626290
1.772739432116
1.778799159960
1.785211747049
1.791406384873
1.797654645162
1.808947917266
1.839541428985
1.844348796270
1.849471265432
1.854880341398
1.860939379552
2.425176095808
2.430010225302
2.434721143208
2.439334377612
2.444000485991
2.448585024909
2.453211847417
2.457833498122
2.462441846122
2.467035347134
2.471597818272
2.476107248807
2.480582227257
2.485006520290
2.489423498797
2.493767462081
2.498093442431
2.502335207115
2.506536902986
2.510701786201
2.514825998631
2.518985084329
2.523054971305
2.527265975564
2.531451138379
2.535571817802
2.539734416712
2.543936484141
2.548316322740
2.553120379324
2.725186918675
2.728799223839
2.732121886410
2.735409177422
2.738897326082
2.742317061147
2.745810567670
2.749297456923
2.752806230960
2.756319527772
2.759869478679
2.763429217475
2.767003313032
2.770589100639
2.774201866437
2.777819813492
2.781452591961
2.785086385306
2.788731798692
2.792383769854
2.796048750106
2.799717989723
2.803384674572
2.807069900871
2.811797924569
2.815979692609
2.820120121755
2.824414247648
2.828714716209
2.833123538079
2.837743764172
2.842256638121
2.846497508003
2.850505431909
2.854568690806
2.858050594295
2.861635526151
2.865340926804
2.869020336850
2.872737031165
2.876457094678
2.880184079129
2.883953723366
2.887740310621
2.891594689886
2.895479423755
2.899362877800
2.903300911470
2.907888331342
2.912353052109
2.916749122909
2.921155200530
2.925685819769
2.930305891322
2.935303223607
2.940005110289
2.944880419200
2.949623558165
2.955255713104
2.986629412531
2.990452510825
2.994514916180
2.998831390949
3.003060591311
3.007353292268
3.011600058973
3.015886980129
3.020179755430
3.024485416878
3.028845341702
3.033232602927
3.037610484442
3.041997320602
3.046460808202
3.050942111409
3.055412140307
3.059922232342
3.064472482692
3.069018126467
3.073587810497
3.078163838404
3.082733665648
3.087297089204
3.091825729819
3.096349683291
3.100858723143
3.105324269760
3.109763606573
3.114204429980
3.118621732253
3.123055867660
3.127480070222
3.131927299811
3.136385649178
3.140838081128
3.145321860431
3.149796724558
3.154298847122
3.158782507660
3.163260081937
3.167781485529
3.172302391511
3.176849229673
3.181408439970
3.185958663140
3.190510346928
3.195111286357
3.199791107454
3.204528039860
3.209410700901
3.214337326043
3.219646744963
3.224766487095
3.229958513757
3.235418918759
3.277556524943
3.282524710645
3.286157561627
3.290660403869
3.294884158619
3.299180751950
3.303496812831
3.307868301746
3.312255451369
3.316675243934
3.321102442502
3.325546287328
3.330010088875
3.334472106032
3.338960393520
3.343452535923
3.347920612883
3.352394365813
3.356871449117
3.361313311437
3.365751267467
3.370155550647
3.374534492506
3.378875118945
3.383193032567
3.387516274870
3.391807644862
3.396064105900
3.400294512272
3.404518410685
3.408741187650
3.412933552046
3.417189515433
3.421376106878
3.425640113935
3.429929418246
3.434385468442
3.438690599752
3.442882198114
3.629077925818
3.632461521262
3.635737725742
3.639656688295
3.643272368724
3.646880975274
3.650546563474
3.654210898336
3.657925569092
3.661599054578
3.665278277650
3.668997296697
3.672688757229
3.676411351029
3.680116720546
3.683853525276
3.687668396687
3.691453547891
3.695254850085
3.699070738319
3.702888543747
3.706720512761
3.710571672632
3.714388984584
3.718234285854
3.722088200343
3.725968688674
3.729879838871
3.733787129885
3.737737840281
3.741694979779
3.745731270980
3.749704934621
3.753727827072
3.757741309389
3.761835239286
3.765942147847
3.770064840678
3.774228815351
3.778401805063
3.782613799053
3.786828910087
3.791101457147
3.795357298220
3.799700228418
3.804073245442
3.808458853937
3.812847985525
3.817303602064
3.821789897096
3.826297068002
3.830871222806
3.835567758033
3.840416213692
3.845339876125
3.850428910550
3.855457319300
3.860612705751
3.933308669454
3.938099500128
3.942871349676
3.947522540434
3.952363929851
3.957388840747
3.962457027749
3.967476744734
3.972619047619
3.977330834170
3.981792979941
3.986232263292
3.990802184585
3.995311706182
3.999748709898
4.004519490779
4.009945472564
4.163147250704
4.167516825744
4.171736167017
4.176246674481
4.180900968063
4.185655408693
4.190443878894
4.195255132349
4.200126685164
4.205013133174
4.209948472863
4.214927272020
4.219923403453
4.224948010255
4.229972648148
4.235040529036
4.240136455158
4.245255072742
4.250366037223
4.255516640062
4.260686946761
4.265921230076
4.271157535370
4.276485609258
4.281834769021
4.287483237017
4.293763315941
4.300068047344
4.391563966433
4.395752768438
4.400769564617
4.405800615205
4.411061559382
4.416444840850
4.421988763694
4.427527011650
4.433042207531
4.438582563500
4.444573060229
4.449927944537
4.455223497376
4.460585233728
4.465957882858
4.471210982419
4.476487600165
4.481895472088
4.487321491655
4.492678156852
4.498042190774
4.503346963980
4.508728439662
4.514089171954
4.519364831293
4.524684611871
4.530133422823
4.535686348123
4.541286543297
4.546871713081
4.552619213048
4.558111347002
4.563765984921
4.569090232494
4.574189930245
4.578803787240
4.583801728642
4.588511348234
4.593491038456
4.784139141031
4.788817903197
4.793316189268
4.797953428840
4.802639589866
4.807364146844
4.812114996697
4.816919793417
4.821822788686
4.826809510784
4.831905787781
4.837039931468
4.842187051839
4.847334171285
4.852582074621
4.857861838154
4.863192535398
4.868600880827
4.874059532100
4.879450612373
4.885010053238
4.890600777644
4.896298699404
4.901997944270
4.907828461460
4.913693987548
4.919709674092
4.925784119114
4.931890384212
4.938232868985
4.944608341372
4.951399263145
4.957881271673
4.964267732275
4.972895823573
4.982954007007
4.992419492133
5.004931720168
5.014674870509
5.025287630647
5.042428136568
5.050754755192
5.059084220337
5.067488219256
5.075951353814
5.084948213207
5.094443254740
5.104339297209
5.109243958324
5.114746777725
5.119802083471
5.924968924335
5.928420615101
5.931661841725
5.935352945590
5.938735958829
5.942335251914
5.945861435979
5.949400868441
5.952944821023
5.956510069996
5.960142056300
5.963723261265
5.967374575819
5.970943445576
5.974459624986
5.978094688068
5.981676874220
5.985140652021
6.248889007970
6.251922904449
6.255228374102
6.258619080298
6.262360067769
6.265872924317
6.269499305991
6.273066735472
6.276664280119
6.280301719463
6.283938825860
6.287608730040
6.291257180671
6.294983289720
6.298631899181
6.302357050678
6.306054797170
6.309771298543
6.313480891629
6.317158623234
6.320861625241
6.324565580141
6.328260710200
6.331970763952
6.335675636436
6.339353062164
6.343049257620
6.346787087255
6.350473784083
6.354141460530
6.357794013156
6.361452051281
6.365106775830
6.368740320085
6.372372474927
6.375980494482
6.379581917563
6.383166356939
6.386736955809
6.390307859129
6.393890329884
6.397468515731
6.401063645653
6.404600028979
6.408120960571
6.411662332685
6.415203916583
6.418760150402
6.422365786027
6.425819750915
6.429320828433
6.432845810990
6.436376118966
6.439892323814
6.443385723019
6.446889645792
6.450381658744
6.453888424265
6.457389983481
6.460911058177
6.464481968792
6.468125013163
6.471903884342
6.475873821866
6.480091665007
6.484155419720
6.507736405583
6.511305285124
6.515328271989
6.518780721047
6.522311714305
6.525891063279
6.529498888620
6.533143463783
6.536823762625
6.540549832294
6.544323452071
6.548170188778
6.552108069168
6.556143398676
6.560221410239
6.564346500585
6.568491559540
6.572731504382
6.577002939748
6.581231195386
6.585709710703
6.590265363074
6.594718897673
6.600290369366
6.768704337570
6.772855855395
6.776529031085
6.780614537985
6.784837150432
6.789130755003
6.793465151334
6.798053514872
6.802684927528
6.807277213185
6.811937526926
6.816602154158
6.821254271505
6.825849521454
6.830445481017
6.834915286918
6.839360019635
6.843790902450
6.848301241834
6.852753363335
6.857579823046
6.862396411772
6.867265724671
6.872031518779
7.079357144306
7.082633297917
7.085951523583
7.089815663024
7.093742557052
7.098209331058
7.102548046075
7.106990545507
7.111509494328
7.116127426183
7.120756034584
7.125394701385
7.130126443274
7.134660987029
7.139586421094
7.144494133540
7.149358219135
7.154213513649
7.159067627604
7.163927999232
7.168790327163
7.173652660653
7.178532335220
7.183380908251
7.188232655056
7.193077944876
7.197873542717
7.202694131162
7.207505600765
7.212256326347
7.217009621252
7.221814453287
7.226595757707
7.231337942620
7.236128534636
7.240871041684
7.245704332253
7.250519079922
7.255353656325
7.260207401969
7.265061461470
7.269818190090
7.274630833729
7.279958405633
7.284791270531
7.425278503090
7.430885560309
7.436221625679
7.441623864567
7.447125982599
7.452691034097
7.458364907426
7.464210631274
7.470233537563
7.476216625451
7.482364561517
7.488492468058
7.494712968423
7.500949665422
7.507302539777
7.513558005028
7.519991976902
7.526209161469
7.532736965852
7.539108545827
7.545660756699
7.552287366065
7.558494269220
7.564836481239
7.570963531072
7.577068520878
7.583132161678
7.589095014874
7.595032612547
7.600841532668
7.606574615982
7.612174994611
7.617786640965
7.623317799077
7.628822297523
7.634275972090
7.639643701094
7.644921845654
7.650104364422
7.655079902069
7.659922535818
7.664914758207
7.669694734965
7.674407248852
7.678969200119
7.683554763052
7.687882932229
7.692480045037
7.696613752760
7.701142916977
7.705267696094
7.709572797298
7.714068398427
7.719006345704
7.724082390482
8.312545855460
8.316525225345
8.320489188479
8.324816352093
8.329114022185
8.333439187667
8.337808119004
8.342216339672
8.346880265913
8.351507203966
8.356112864664
8.360723798944
8.365340456960
8.369958271846
8.374553473791
8.379180091320
8.383793671031
8.388413980627
8.392957305297
8.397548625009
8.402124173061
8.406621837770
8.411173799250
8.415790923199
8.420303268909
8.424960807819
8.429427146628
8.433946001710
8.438476740726
8.443002622086
8.447537113979
8.452031175271
8.456528733555
8.460997627957
8.465447762923
8.469877049850
8.474297358913
8.478758245029
8.483200881918
8.487693894330
8.492253074132
8.496801682490
8.501427346365
8.506067256136
8.510827809845
8.515524555115
8.520208371042
8.524853958082
8.529516991152
8.534024740342
8.706804894093
8.716149963074
8.719303491845
8.722219187912
8.725448119430
8.728574396960
8.731731240793
8.734880110083
8.738036500418
8.741191847662
8.744338587356
8.747503155981
8.750707985639
8.753790308083
8.756955883806
8.760159221082
8.763354272815
8.766392808965
8.769631256245
8.772795748057
8.775873225486
8.778799766131
8.781902990981
9.007469929066
9.011484273750
9.014973709758
9.018174044907
9.021404363943
9.025125648308
9.028666847530
9.032319478009
9.036029545029
9.039777043605
9.043577324411
9.047432191265
9.051301946118
9.055209956489
9.059136221920
9.063092515817
9.067069865154
9.071086048875
9.075150945843
9.079251929689
9.083391761422
9.087558368040
9.091749567092
9.095978855387
9.100220682742
9.104473278949
9.108741884717
9.113024928953
9.117310406609
9.121608224317
9.125893235139
9.130213630336
9.134522332532
9.138837628222
9.143174863624
9.147448794352
9.151763665046
9.156015387557
9.160238927244
9.164483236879
9.168660412299
9.172909284773
9.177083415054
9.181351200836
9.185591979341
9.189947090486
9.197547244839
9.202201568873
9.206917697538
9.211669869189
9.216195901448
9.220704522701
9.225696299047
9.230568501210
9.234298330951
9.292486896635
9.297728210320
9.301951854169
9.305875119002
9.309827839341
9.314360737659
9.318772807416
9.323209790907
9.327579532565
9.332047264484
9.336657305497
9.341547442126
9.346353463641
9.351278674351
9.355991375948
9.360934681817
9.365915318079
9.370894117957
9.375934447948
9.381054176496
9.386237008264
9.391384210767
9.396228140471
9.401522032513
9.464391219847
9.474264896426
9.477964023789
9.482073792446
9.486302446846
9.490844632480
9.495353972639
9.499833804165
9.504296228101
9.508733924665
9.513213903634
9.517668372598
9.522070350826
9.526509912934
9.530876886563
9.535271911219
9.539614735209
9.543929409422
9.548318685039
9.552565643023
9.556932180660
9.561262656543
9.565521882181
9.569821968056
9.574184360261
9.578470242659
9.582811346322
9.587130429340
9.591408769890
9.595710955371
9.599997054892
9.604301742272
9.608542272163
9.612778917265
9.617072998028
9.621288451341
9.625527425794
9.629780614701
9.634050117201
9.638357497371
9.642822818051
9.647356759895
9.652013475081
9.657039928098
9.662321498380
9.791812748233
9.795839818081
9.803652105145
9.807261565461
9.811156402875
9.814721483464
9.819112616293
9.823234711657
9.827447022957
9.831981801201
9.836364987021
9.840737165519
9.845159108738
9.849749642364
9.854195619525
9.858760956084
9.863262729982
9.867842772148
9.872378431900
9.876987467504
9.881602071073
9.886261120488
9.890936200986
9.895632987473
9.900402796649
9.905245692644
9.910172806824
9.915169287357
9.920286623782
9.925455994694
9.930710321231
9.936033855758
9.941532017420
9.947141476363
9.952797611599
9.958615000063
9.964518429222
9.970559499025
9.976730973495
9.982950537676
9.989272167582
9.995765199511
10.002392001998
10.009173750103
10.015906550347
10.022480416964
10.028999212873
10.035447029268
10.041786971899
10.047936650540
10.053895253873
10.059790750584
10.065647341574
10.071281417133
10.076261516507
10.081277069688
10.086241985994
10.090614497665
10.095483318221
10.100079019602
10.104744176305
10.109616375821
10.114711023704
10.610913523066
10.615773749631
10.620579596071
10.625242771289
10.629899485101
10.634656764601
10.639315375173
10.643970337299
10.648570970831
10.653204573887
10.657859715161
10.662640351824
10.667513080620
10.671998103080
10.676575986616
10.681169584193
10.685740782482
10.690341763355
10.695009484409
10.699596598755
10.704165930634
10.708790105877
10.713403414815
10.718035687885
10.722622149738
10.727207398088
10.731815112378
10.736424293448
10.740958451690
10.745513547251
10.750089722481
10.754709961634
10.759270672435
10.763788441369
10.768202387455
10.772740531154
10.777252764165
10.781689678171
10.785716861429
10.790124167688
10.794443993964
10.798759247604
10.803043966577
10.807331079231
10.811604704888
10.815865356187
10.820148963949
10.824396554631
10.828623526571
10.832820949725
10.836977221181
10.841059104216
10.845066766623
10.849036865521
10.852966459589
10.856883506331
10.860790669107
10.864681894772
10.868567005777
10.872460903479
10.876322018193
10.881173404082
10.885812159260
10.890381983041
10.894961587559
10.899275884369
10.903412362500
10.907435213934
10.911358772565
10.915257620309
10.919050012783
10.922822203086
10.926583635708
10.930358183651
10.934145325346
10.937963413098
10.941787147107
10.945618645279
10.949442228565
10.953279067731
10.957113630224
10.960932895366
10.964738315929
10.968518550448
10.972271021233
10.975995164512
10.979725070588
10.983448652929
10.987195011596
10.990953005686
10.994716165653
10.998492759052
11.002290769143
11.006099807394
11.009903115358
11.013702001041
11.017484629577
11.021255728475
11.025033897767
11.028815961090
11.032615672970
11.036457557313
11.040346936366
11.044285007344
11.048281567136
11.052332236344
11.169675881849
11.173227185490
11.177139739736
11.181137572612
11.185291903927
11.189501369258
11.193785002118
11.198076648579
11.202311795989
11.206722273326
11.211172721839
11.215674504267
11.220227553965
11.224822387026
11.229471556868
11.234176346261
11.238937469656
11.243731170940
11.248583297572
11.253478596090
11.258426913481
11.263400740534
11.268395267025
11.273413168580
11.278466133793
11.283511252653
11.288461158575
11.293329077219
11.298142226438
11.302928247869
11.307679400516
11.312365631703
11.317027658498
11.321668608936
11.326319055349
11.330853475767
11.335565111262
11.340329775519
11.345087061224
11.348917801573
11.354669114444
11.486097422974
11.489687924418
11.493575498098
11.497600243685
11.502006040460
11.506297308227
11.510755778532
11.515232665544
11.519790430576
11.524455436968
11.529059763577
11.533634088109
11.538500367187
11.543172893282
11.547965721982
11.553074456985
11.558521920970
11.564357242453
11.570328853712
11.574696070646
11.579506564269
11.583912539950
11.588152569303
11.592566106981
11.597055465230
11.601607606741
11.606186792480
11.610797001818
11.615401163331
11.620016156078
11.624670459741
11.629364473850
11.634134146704
11.638961732104
11.643795230896
11.649646919434
11.654627346317
11.659622896981
11.664836576191
11.670025489360
11.675124180989
11.679961839654
11.684947385877
11.704984626630
11.709499367875
11.714595228572
11.719782938490
11.725014691909
11.730214265661
11.735387775489
11.740543348073
11.745737666540
11.750947997090
11.756167112044
11.761397152663
11.766653680964
11.771879612174
11.777120150563
11.782359410515
11.787607486804
11.792847037981
11.798083042155
11.803345766356
11.808920903735
11.814435271133
11.819777180429
11.825021440509
11.830335124180
11.835666002005
11.840819360472
11.845638886058
11.850671632324
11.855839207296
11.861056339781
11.866304490395
11.871580140394
11.876878384093
11.882192886744
11.887502445015
11.892807806762
11.898103098312
11.903461488250
11.908904688945
11.914488721452
11.921075066759
11.926301657402
11.931837417094
11.937294099278
11.942656662161
11.948432854488
11.996031460124
12.000648862337
12.005756168084
12.010827460911
12.015998691009
12.021200625982
12.026514055441
12.031825735656
12.037246896365
12.042702316990
12.048331199352
12.054076344853
12.059847310856
12.065610154661
12.071330445215
12.077432394791
12.138703117789
12.151372163411
12.165411217795
12.179342244241
12.192390762346
12.205622639501
12.218323251991
12.228815467250
12.239448158189
12.247985232479
12.256682083306
12.266390308401
12.276120596345
12.285265863805
12.290053247878
12.294746475277
12.299586694992
12.304219759461
12.309271974420
13.073301854925
13.081974079993
13.090271864704
13.098567643131
13.113998846347
13.118132932118
13.122179767784
13.126190296433
13.130244105188
13.134311280498
13.138342984575
13.142354584185
13.146307493434
13.150237945530
13.154187760110
13.158122848671
13.162042487974
13.165970806782
13.169998610403
13.174104099899
13.178299257045
13.182552636594
13.187112120223
13.191899540801
13.196582892199
13.201337118818
13.271919779411
13.276308150773
13.280695888818
13.284891806120
13.288981960051
13.293014367767
13.297002660078
13.301009018177
13.305016749258
13.308947119701
13.313004497577
13.317072506208
13.321040494628
13.324987859790
13.328865538103
13.332642520563
13.336372468393
13.340082427632
13.343769666437
13.347392449133
13.351032812608
13.354616775516
13.358208729750
13.361807994440
13.365504232353
13.369114358279
13.372928045371
13.377307711032
13.381768373138
13.475752367831
13.479368510826
13.482387093581
13.485408409674
13.488584748808
13.491780311867
13.495036097616
13.498313434827
13.501622932443
13.504952374574
13.508309516343
13.511692162517
13.515078931438
13.518473245185
13.521879171191
13.525302235833
13.528733375979
13.532179270285
13.535646656807
13.539135483366
13.542633740108
13.546136768028
13.549664286560
13.553211949084
13.556795264685
13.560364813456
13.563960080139
13.567603917027
13.571213042022
13.574868380138
13.578531855382
13.582223760805
13.585921002224
13.589647680594
13.593361432384
13.597094426065
13.600857315485
13.604629362862
13.608389245627
13.612158928140
13.615983238076
13.619769157945
13.623613734181
13.627471246693
13.631371500490
13.635219335719
13.638821948487
13.642700696584
13.646556841336
13.650410826895
13.654283605428
13.658139690404
13.661996570611
13.665850842244
13.669710523595
13.673589653846
13.677483927070
13.681373498629
13.685285772743
13.689195414187
13.693111438450
13.697061161189
13.701001278097
13.704965182798
13.708928034305
13.712884129885
13.716849960269
13.720812372664
13.724771013090
13.728703081273
13.732638529136
13.736554804883
13.740476593721
13.744391331028
13.748306670654
13.752247553337
13.756165430751
13.760109370187
13.764047610935
13.768015369117
13.772008482343
13.776094915863
13.780177444051
13.784247658632
13.788285030401
13.792300433474
13.796314253774
13.800296908930
13.804266714263
13.808236941000
13.812193991131
13.816144124956
13.820124366743
13.824137496292
13.828172564679
13.832245519359
13.836492741456
13.840846707937
13.845315640023
13.849606398166
13.853596928595
13.985820129635
13.990255552150
13.994696576093
13.998888650897
14.003029843780
14.007266771375
14.011501541493
14.015709450538
14.019883000959
14.024164663916
14.028512984000
14.032892513599
14.037273104956
14.041476867115
14.045872713134
14.050302444408
14.054723386839
14.059161887800
14.063603821130
14.068048184706
14.072497298854
14.076951900776
14.081420367386
14.085867736073
14.090344566667
14.094805828614
14.099269741537
14.103730930691
14.108205400353
14.112663459874
14.117145568121
14.121613372772
14.126063179597
14.130532729468
14.134990171158
14.139461090492
14.143917772492
14.148384490213
14.152822616887
14.157265875011
14.161725576865
14.166169667195
14.170655406800
14.175370096683
14.180274340510
14.184684939042
14.253239586349
14.255321177970
14.257544495620
14.262398512090
14.265244617082
14.268113569275
14.270145972580
14.272069548711
14.274435871943
14.276801277450
14.279000330110
14.281409940124
14.283897716495
14.286868428988
14.290586438048
14.294427346922
14.298179041762
14.302047550110
14.305991151375
14.309950562941
14.313925431575
14.317966817309
14.322008658371
14.326061949842
14.330154759384
14.334283245716
14.338449206656
14.342568112363
14.346716200165
14.350893204989
14.355034883744
14.359236848612
14.363482830331
14.367791550490
14.372129686460
14.376523441880
14.380664475510
14.384948007598
14.389289212942
14.393477780806
14.496036779929
14.499718089402
14.503117365419
14.506578017092
14.510114026888
14.513735730606
14.517349263922
14.521042718183
14.524837622105
14.528991079502
14.533185938500
14.696714855059
14.700502664511
14.704399265582
14.708592566639
14.712992208525
14.717381650691
14.721941743080
14.726653325477
14.731377362519
14.736238935341
14.741055865063
14.746027471593
14.751248098631
14.756525918192
14.761878323363
14.767325824365
14.772853216912
14.778460098049
14.784145368437
14.789793898564
14.795555431160
14.801273388570
14.807008919371
14.812760468534
14.818526407183
14.824300775859
14.830122388774
14.835914308055
14.841730845067
14.847358653267
14.852908092269
14.858352259430
14.863729570964
14.869145690403
14.874551665217
14.880051558658
14.885598505821
14.891053430042
14.896537559013
14.901991542525
14.907240240573
14.912506940073
14.917601500705
14.922314196591
14.927387924984
14.931810485225
15.053847619332
15.059806977695
15.065290434479
15.070425744190
15.075405070694
15.080337143833
15.085265421612
15.090171090956
15.095061249153
15.099933331730
15.104856593275
15.109940157076
15.114971211366
15.119858223319
15.124731760725
15.129658488361
15.134626603030
15.139522132256
15.144555407187
15.149470075526
15.154427608224
15.159324910582
15.163939506398
15.168830156126
15.173811227601
15.178770883683
15.183718711692
15.188703386898
15.193766313956
15.199363899847
15.204728503286
15.210138992031
15.215490003136
15.220756445182
15.277635403368
15.281934660267
15.286727078506
15.291357651534
15.295932589000
15.300606506225
15.305268980163
15.309937689756
15.314604950178
15.319268378983
15.323898669953
15.328604687389
15.333298734815
15.337997349524
15.342904458166
15.347723680490
15.352357658045
15.357426749580
15.362284188522
15.367178458962
15.372105140820
15.377001746447
15.382010437905
15.386856925563
15.391840293729
15.396700368433
15.401664862813
15.406567482745
15.411409983461
15.558780826923
15.563226823113
15.567265378700
15.571152281371
15.574936815283
15.578998625131
15.583060969761
15.587231216395
15.591433819983
15.595691115731
15.600000588122
15.604419634356
15.608838664691
15.613283143262
15.617730531199
15.622215896819
15.626693477878
15.631201096368
15.635686667654
15.640212375295
15.644707475162
15.649196910856
15.653679373977
15.658172027641
15.662681540132
15.667183599647
15.671720796026
15.676251415157
15.680794501705
15.685330731429
15.689859487155
15.694314640545
15.699133245371
15.703925807939
15.708557676153
15.713170433641
15.848382628840
15.853171237875
15.857956817961
15.862945535668
15.868055841858
15.873276802484
15.878541579221
15.883894228583
15.889385555064
15.894985533232
15.900767318287
15.906573616518
15.912340428587
15.918144691528
15.923861438555
15.929604060706
15.935436495070
15.941099487522
15.946902988977
15.952544779031
15.958314871961
15.963999093754
15.969711002165
15.975432427205
15.981154175614
15.986892205595
15.992612570715
15.998395596823
16.004175178803
16.010094403608
16.015898687120
16.021859695246
16.027668160792
16.033535473892
16.039309130475
16.045109367091
16.050768762920
16.056366067841
16.061993804587
16.067730348480
16.073225710306
16.078464411262
16.083853034670
16.089271977603
16.095034608936
16.197364328728
16.201455015513
16.205861472999
16.210222564151
16.215180691552
16.220068653926
16.225136761801
16.230231256419
16.235405607286
16.240669567203
16.246558836815
16.251941384947
16.257293032776
16.262795815364
16.268412533409
16.273478020114
16.278674221753
16.299259451726
16.304598518700
16.309654727080
16.314749151121
16.319799374658
16.324940717966
16.330078332741
16.334853005184
16.339748659385
16.465652758328
16.469749049369
16.473815463184
16.478467256231
16.483419492960
16.496010482020
16.504991766386
16.515178108377
16.524957505761
16.533981164221
16.543028714031
16.552145885004
17.555493877421
17.559152035401
17.562582645450
17.566333244097
17.570174849277
17.574029920921
17.577882734203
17.581733725073
17.585595221090
17.589449168535
17.593339831857
17.597245297964
17.601302703897
17.605578703452
17.609820324830
17.614811395750
17.619432414190
17.624104058042
17.698534593943
17.702616722237
17.706813479740
17.710716514587
17.714543739263
17.718451776616
17.722361542453
17.726309539576
17.730292741118
17.734276786878
17.738263366538
17.742381747624
17.746465787645
17.750559187525
17.754525768897
17.758540998141
17.762629052263
17.766674243373
17.770644423093
17.774725437915
17.778823879827
17.782888550524
17.786929003349
17.790985947907
17.795038305559
17.799072348578
17.803097668873
17.807139156400
17.811159608221
17.815194822263
17.819189604203
17.823209089521
17.827257075706
17.831263142487
17.835447424880
17.839714551187
17.843614445670
18.005727727617
18.008482522171
18.011652770612
18.015632793482
18.019076232405
18.022481960985
18.025652440832
18.028836734035
18.032044329766
18.035278799306
18.038508097750
18.041736734349
18.044955269609
18.048164821537
18.051374367169
18.054581721373
18.057770770593
18.060953243158
18.064118481434
18.067261345854
18.070400996476
18.073505063624
18.076615792567
18.079714156750
18.082806732890
18.085888715199
18.088976010250
18.092103086973
18.095321884926
18.098751479050
18.105099631746
18.108402501031
18.111613003331
18.114716303261
18.117830061034
18.120941805454
18.123935292736
18.251147516994
18.254349218969
18.257638050725
18.261048472669
18.264738973677
18.268283384576
18.271989399774
18.275711871457
18.279458361302
18.283223528006
18.287016453068
18.290810931838
18.294644238041
18.298473853165
18.302326889577
18.306185991267
18.310061659969
18.313922142410
18.317802262506
18.321669440161
18.325539045887
18.329384181671
18.333240054717
18.337075693131
18.340926789922
18.344732731570
18.348558073687
18.352359777721
18.356159833886
18.359937543940
18.363715897397
18.367477427243
18.371230473304
18.374955805778
18.378710472278
18.382453891163
18.386248882210
18.390122319458
18.394025056406
18.398009589045
18.402163753566
18.540149698109
18.544471050094
18.548558564151
18.552681597021
18.557079340246
18.561608981712
18.566137570937
18.570722002108
18.575337962305
18.579993682546
18.584703086253
18.589477240671
18.594291846585
18.599160660729
18.604072133115
18.609035088547
18.614084849563
18.619197373687
18.624361562443
18.629629478733
18.635006252356
18.640436066688
18.645853608386
18.651310581594
18.656814215404
18.662284868480
18.667725384132
18.673138676248
18.678526871297
18.683855470570
18.689219884086
18.694418898838
18.699669347188
18.704739989530
18.709815728630
18.714934778833
18.719975133183
18.724920428666
18.729928294330
18.734886575949
18.739700037565
18.744674295454
18.749351441274
18.754256869704
18.759078853905
18.763882723855
18.768660635355
18.773450464854
18.778186953921
18.782924818650
18.787649480629
18.792379132579
18.797053380465
18.801772020187
18.806503454706
18.811200248832
18.816046698545
18.820868952855
18.825864418979
18.830900907076
18.836094249622
18.841488296510
18.877633408810
18.882246586938
18.886357092617
18.890867767760
18.896206414925
18.901675138411
18.907487428468
18.957338341267
18.962909053635
18.967970195438
18.973015946752
18.977110750654
18.981791996923
18.986079848146
18.990744616452
18.995256730791
18.999806777548
19.004370090630
19.008995041360
19.013676724025
19.018338994007
19.023046053106
19.027839522253
19.032791352212
19.037605784579
19.042506271971
19.047675787930
19.052892348880
19.057529301301
19.062289662463
19.066943215355
19.071074817488
19.075504942042
19.079754688500
19.084098103415
19.088381428538
19.092756516897
19.097131057265
19.227935494149
19.231856395463
19.235605708984
19.239250209981
19.243636408822
19.247625320513
19.251788612631
19.255841213410
19.259967300504
19.264064903089
19.268160263940
19.272292142379
19.276411641303
19.280552203151
19.284697880015
19.288817851291
19.292955931844
19.297095282285
19.301240102222
19.305346939188
19.309482514740
19.313609661744
19.317746991920
19.321880965501
19.326011020296
19.330165485095
19.334322549762
19.338504163328
19.342697771800
19.346889440586
19.351102893032
19.355353482039
19.359698857383
19.364208865154
19.368891214185
19.373570335240
19.378230042519
19.383092926026
19.387964039282
19.392578913908
19.397160970798
19.401725224621
19.406290738381
19.410792648630
19.415258047311
19.419696220673
19.424081334998
19.428483662232
19.432882185725
19.437316246328
19.441757025815
19.446202360827
19.450669025629
19.455115383934
19.459600152257
19.464109167920
19.468660687832
19.473212150970
19.477794203485
19.482372723728
19.486967245403
19.491580636902
19.496267937072
19.500908666248
19.505498876122
19.510154476403
19.514796490503
19.519422427708
19.524051744259
19.528713609162
19.533379114004
19.538065046355
19.543824871508
19.548779931130
19.553509418939
19.558262028439
19.563438307361
19.568506296421
19.573651561931
19.578838324100
19.583785723229
19.588772743598
19.667336588127
19.672453405687
19.677531159267
19.682859785463
19.688180429994
19.693529414659
19.698937740477
19.704437956336
19.709999866510
19.715598028856
19.721202326081
19.726902672250
19.732636853426
19.738384375881
19.744219643051
19.750095885588
19.755932419449
19.761814096772
19.767651161480
19.773535207450
19.779245358154
19.790958425731
19.802464713841
19.812051761326
19.821808974061
19.831781678257
19.842029407444
19.863187120877
19.868921072289
19.874707826232
19.880382614278
19.885873696711
19.891426684185
19.896724968381
19.902080999767
19.907561229144
19.912845876439
19.917952548443
19.922918813101
19.927750308924
19.932411668196
19.936971756135
19.941579065504
19.946163529995
19.950556680336
19.955096339623
19.959567766261
19.963959751809
19.968194567508
19.972346337261
19.976661794532
19.980828867220
19.984986815936
19.989306326017
19.993628868273
19.998282886168

