Time_s
1.334405186432
1.338806092871
1.342984315585
1.347495186688
1.352070882248
1.356798671767
1.361415693524
1.365941707086
1.370788600324
1.375602871914
1.380346819594
1.385375694515
1.390312534264
1.395220223617
1.400142714825
1.405103748046
1.410078258854
1.415140446840
1.420072610873
1.425059909114
1.430071932592
1.435077339413
1.440068196204
1.445051339927
1.450036499614
1.454968992099
1.459870140012
1.464681565316
1.469421759213
1.473935489540
1.478294780565
1.482612572711
1.486737668038
1.490546478175
1.494347843521
1.498164878337
1.502291782363
1.724447605310
1.730207977723
1.735957124233
1.741901315357
1.747799353707
1.753871702366
1.759796802757
1.765862335296
1.771864449673
1.777831767699
1.783826837576
1.789750654295
1.795671205861
1.801627296365
1.807519164251
1.813448833809
1.819342656872
1.825246837304
1.831125850327
1.837098539045
1.842936772417
1.848676794538
1.854303395987
1.859927752190
1.865528854242
1.871100720848
1.876696508804
1.882318886798
1.887900362633
1.893403618303
1.898829858964
1.904228184472
1.909569191021
1.914609671523
1.919762045070
2.198966163059
2.204520678222
2.210373840913
2.216212661900
2.222337791719
2.228277213864
2.234490144376
2.240542412973
2.246915136591
2.253253037707
2.259705181971
2.266240858024
2.272790313164
2.279389312519
2.286192246210
2.293286261589
2.300976022459
2.319120101741
2.325989733760
2.332502113732
2.339318786163
2.346166697812
2.353009703448
2.360010787338
2.366381142449
2.373080219212
2.380310077523
2.387426544929
2.394600483390
2.401785521833
2.409221042982
2.963985865260
2.969774419773
2.975374780265
2.981018647310
2.986633736723
2.992235221053
2.997815426523
3.003358534439
3.008881287754
3.014351762832
3.019755384981
3.024994339702
3.030314052788
3.035721375788
3.041073534153
3.046361765847
3.051600227408
3.056816160654
3.062269261072
3.067707272188
3.073183662354
3.078580238609
3.083800369601
3.263873327199
3.268214389941
3.272432418767
3.276720159903
3.281332714567
3.285959960101
3.290767444786
3.295485718189
3.300475806391
3.305526319601
3.310758755772
3.315721768382
3.320932177357
3.325948080339
3.331146924555
3.336382784354
3.341709461596
3.346934294851
3.474858151234
3.479102742409
3.483107565448
3.487689681627
3.492645421275
3.497809278972
3.503079015278
3.508498223195
3.513951458285
3.519524962811
3.525278155667
3.530825884556
3.536395086975
3.542177148042
3.547898280557
3.553682042317
3.559586567767
3.565333243429
3.571147256378
3.576937909358
3.582877133290
3.588850968852
3.594883307096
3.600884910812
3.660854271366
3.665354920706
3.670534211155
3.676077986881
3.681746374155
3.687506044748
3.693326598302
3.699155641077
3.704977722913
3.710806761227
3.716652948249
3.722489324616
3.728353551623
3.734241896103
3.740147940879
3.745953224345
3.751802662063
3.757665972211
3.763447454940
3.769293014623
3.775010075022
3.780802135597
3.786466853908
3.792165532880
3.797783585396
3.803389242636
3.808994650846
3.814562402233
3.820112800667
3.825642778013
3.831157058631
3.836657205822
3.842154469872
3.847682394362
3.853210523712
3.858720887261
3.864254011315
3.869827156048
3.875394688978
3.880983896613
3.886596916747
3.892260049491
3.897980697294
3.903740778934
3.909573269247
3.915540348110
3.921558611369
3.927585990361
3.976769552175
3.981505894286
3.987107736843
3.992842130971
3.998743686744
4.004654692195
4.010616932809
4.016626178472
4.022606169493
4.028526408640
4.034348011599
4.040112246723
4.045737921022
4.051343393024
4.056705272546
4.062103907913
4.067360204377
4.072536830781
4.077616692882
4.082725298928
4.087791115287
4.092461182192
4.097449491327
4.386174118411
4.392228235853
4.398480279119
4.404869179123
4.411362630315
4.417773806058
4.424168302194
4.430518238692
4.436859709500
4.443189581565
4.449551268931
4.455901813471
4.462342189353
4.468806227437
4.475243382769
4.481651321201
4.488086256576
4.494479803029
4.500879977658
4.507242892091
4.513549244286
4.519804631007
4.525945181655
4.531977768462
4.537958053227
4.543864292204
4.549730551640
4.555584262004
4.561226515013
4.753715228839
4.759016090434
4.764101454018
4.769004553515
4.773948465512
4.779030241906
4.784284603575
4.789319081956
4.794433133559
4.799431215821
4.804577286793
4.809669894215
4.814841531925
4.820063780617
4.825276174265
4.830445915047
4.835604498388
4.840722180582
4.845831487664
4.850909029962
4.856125957647
4.861362083450
4.866650359518
4.871974028477
4.877467443133
4.882852212629
4.888212994135
4.893532513227
4.898834155687
4.904083862136
4.909361529090
4.914753121784
4.920205998370
4.925673818032
4.931219744049
4.936981652416
4.942736061200
4.948695014168
4.954615415538
4.960930244071
4.967213284751
4.973631534644
4.980064068464
4.986477925676
4.992822435728
4.999172663858
5.005477178421
5.011729233633
5.017881744916
5.024050243704
5.030107644646
5.036106646483
5.042099578567
5.048037378053
5.053931522546
5.059788359536
5.065591187859
5.071329035140
5.077053988332
5.082709184540
5.088245613511
5.093658424076
5.099089297733
5.104650793421
5.310484292662
5.315831607457
5.321636716810
5.327484907381
5.333606937240
5.339801216686
5.346121861913
5.352448830505
5.358903346043
5.365367473442
5.371777191445
5.378277415469
5.384678472019
5.391049496394
5.397670455596
5.404475078076
5.412056578498
5.750441610836
5.755847627222
5.761447261055
5.767017285062
5.772736855648
5.778578767602
5.784469788236
5.790323235065
5.796183711275
5.802122013803
5.808309625525
5.814351090382
5.820480864221
5.827353102380
5.833261538721
5.839037808677
5.844873379547
5.850718523203
5.856594568073
5.862542953655
5.868591862876
5.874792976052
5.881138555940
5.887616386191
5.894139584076
5.900813126064
5.907743525190
6.199487493516
6.205254628533
6.211360388309
6.217711941829
6.223999402984
6.230472161084
6.237054902576
6.243577188751
6.250233191458
6.257022819236
6.263747500660
6.270599249594
6.277465038739
6.284413309543
6.291436357671
6.298525953394
6.305681664399
6.312938581430
6.320216768739
6.327541931437
6.334778128140
6.342092380557
6.349418475004
6.356787310874
6.364204153584
6.371562425770
6.379154639276
6.386815339119
6.394228478986
7.488528320600
7.494866439511
7.499835352353
7.505001421038
7.510355132209
7.515551131987
7.520772891963
7.526084806856
7.531314649507
7.536506176703
7.541683652648
7.546861637629
7.552029273894
7.557204350082
7.562357200979
7.567607523801
7.955360491896
7.959561013015
7.963507100809
7.968002198179
7.972715696642
7.977543269756
7.982437924001
7.987409851055
7.992402471046
7.997424478699
8.002443800897
8.007497657208
8.012491615076
8.017510188668
8.022522729717
8.027556788929
8.032605154937
8.037639921620
8.042673698899
8.047702451082
8.052756516548
8.057783597916
8.062822864733
8.067847108744
8.072876013066
8.077912435001
8.082952066915
8.087957310484
8.092978508739
8.097964499256
8.102948219994
8.107911624808
8.112859717881
8.117821908603
8.122751320900
8.127684511549
8.132535523163
8.137384999013
8.142153184368
8.146926823671
8.151653622784
8.156356825160
8.161046821510
8.165671534307
8.170282736404
8.174838774825
8.179320394681
8.183773212418
8.188258148624
8.192565113885
8.302915840437
8.308307880888
8.313764685264
8.319521101375
8.325335819939
8.331333604059
8.337586567139
8.343192882527
8.517790273497
8.523611303958
8.529301291648
8.535173687226
8.541092454207
8.547102426033
8.553157112371
8.559306789988
8.565354308051
8.571539146300
8.577607380363
8.583752961804
8.589874106716
8.595877005782
8.601822317143
8.607718862606
8.613529434877
8.619322658662
8.625063671674
8.630744058287
8.636432730466
8.642193687347
8.647688129987
8.653331264415
8.866741210533
8.871083823845
8.875976881633
8.881026162450
8.886182795739
8.891389133351
8.896653470424
8.901952888100
8.907229904928
8.912700912058
8.918184091511
8.923547264501
8.928931475445
8.935020613303
8.941085209945
8.947167396759
8.953251979024
8.959356464303
8.965444807247
8.971616715447
8.977643001526
8.983764375674
8.989709562468
8.995734522753
9.001676279893
9.007694819457
9.013544159528
9.019476246396
9.025407814409
9.031459294401
9.037638162480
9.043578362450
9.158023081325
9.162712715909
9.167214487133
9.172134257338
9.177315555606
9.182552598483
9.187999536119
9.193416866858
9.198976740859
9.204553250335
9.210178069772
9.215807759625
9.221465768529
9.227158168503
9.232781941867
9.238439211850
9.244027207359
9.249638704278
9.255226983597
9.260832174429
9.266469691426
9.272089410073
9.277762462511
9.283380687785
9.289069428393
9.294664400845
9.300230855888
9.305748601653
9.311208719975
9.316617922959
9.321979708791
9.327276274753
9.332436781776
9.337539259527
9.342475374542
9.347449068138
9.352325115252
9.357157624529
9.361612846520
9.366133666957
9.370533487702
9.374720320022
9.378997494455
9.383087067682
9.387477082631
10.301927618876
10.308382462591
10.314622920424
10.320958623455
10.327245670704
10.333655350524
10.339926170039
10.346301089281
10.352594815136
10.359004805540
10.365212119897
10.371608274645
10.377797658078
10.383984917842
10.390188339282
10.396188820506
10.402238437525
10.408310233883
10.414181976915
10.420061448954
10.649320246406
10.653528011094
10.657668359301
10.662412297252
10.667420101434
10.672666663622
10.678026623175
10.683315883438
10.688648707987
10.693926288182
10.699222025353
10.704519569201
10.709819298400
10.715099496796
10.720375035828
10.725672120503
10.730990917633
10.736372717585
10.741646005530
11.029080916771
11.033362520900
11.037872919973
11.042044017315
11.046531594641
11.051171805700
11.055870695733
11.060751277769
11.065955476525
11.071254800752
11.076497997619
11.081513125902
11.086031035389
11.091507854005
11.096794533294
11.102153881524
11.107502662409
11.112901181749
11.118333686358
11.123768306660
11.129233502655
11.134649632328
11.140161199025
11.145511866694
11.150970075752
11.156397905259
11.161880530874
11.167375482441
11.172894182525
11.178408238001
11.183998228519
11.189549217508
11.195086501433
11.200651438919
11.206148191643
11.211704027388
11.217246641332
11.222832674367
11.228316704616
11.233828481326
11.384214786749
11.389294914727
11.395227204061
11.400759544426
11.406432751787
11.412179505358
11.418102087228
11.424045048901
11.430121455651
11.658096464173
11.663549763643
11.668429675815
11.673306386499
11.678841810589
11.684497820943
11.690061980073
11.695903846958
11.701860088758
11.707886868478
11.713919437160
11.719957615806
11.725977285545
11.731952523878
11.737875604350
11.743714135471
11.749593896682
11.755412336894
11.761231052035
11.766954033323
11.772602382672
11.778395213068
11.784089410563
12.010077050159
12.015744315635
12.020724439134
12.026225223786
12.031585402150
12.037069474731
12.042551656998
12.048016990076
12.053476666824
12.058951482242
12.064458347474
12.069932600403
12.075429429517
12.080882598867
12.086335876405
12.091726691746
12.097082546701
12.102415111994
12.107661566895
12.112894493280
12.118082506413
12.123269534113
12.128405790728
12.133532098172
12.138572080404
12.143525283229
12.148426480471
12.153198228280
12.157966457937
12.162649847351
12.167342348354
12.171933665216
12.176586305614
12.181333615878
12.186135849491
13.013083117396
13.018614631984
13.024781518730
13.030632207578
13.037117621090
13.043827593310
13.050191304165
13.056476055939
13.062796709077
13.069057820578
13.075361033566
13.081610568293
13.087885849869
13.094151913923
13.100383390693
13.106591105013
13.112829816401
13.119013848553
13.125204433704
13.131370975252
13.137538746433
13.143712332511
13.149848213245
13.155978488107
13.162090363095
13.168183747404
13.174268345490
13.180074392956
13.185567997844
13.191523300809
13.197449297559
13.203291869152
13.209157615328
13.214952629557
13.220773226075
13.226616011434
13.232340854417
13.238122450974
13.243875093443
13.249595820427
13.255267950195
13.260875523546
13.266478380179
13.272052976741
13.277638615131
13.283210429627
13.288777134990
13.294348734233
13.299907961332
13.305459169035
13.311025751777
13.316612234832
13.322175622660
13.327869678748
13.333504746554
13.339096089931
13.344681764677
13.350278646770
13.398183885848
13.402547695127
13.407183786742
13.411849510012
13.416724846603
13.421562760058
13.426459117269
13.431383690135
13.436273546021
13.441269354207
13.446243359388
13.451248297565
13.456317748832
13.461361794451
13.466499721139
13.471706478614
13.476931468347
13.482247432839
13.487613564724
13.493034197921
13.498508355621
13.504005572796
13.509510214886
13.515052558420
13.520677283254
13.526322035327
13.532103639535
13.537972053579
13.543978179137
13.703435147638
13.708649002314
13.714825835526
13.720886369960
13.726976173400
13.733135955553
13.739299918566
13.745497255928
13.751652595588
13.757810907653
13.763954029037
13.770091250990
13.776274344895
13.782390534507
13.788497174934
13.794640934030
13.800844523964
13.807429529080
13.983439987676
13.989128055515
13.995288752212
14.001416742548
14.007670593500
14.013964005972
14.020256885294
14.026578451265
14.032927171221
14.039404968930
14.045946916171
14.052479426728
14.395622857190
14.408138856731
14.421076965981
14.434333285826
14.441456372773
14.448417870868
14.454912287834
14.461490991629
14.468226152131
14.474998808503
14.481732694858
14.579694907010
14.592741108500
14.606097126380
14.614272496451
14.620944385817
14.627619000224
14.634345580163
14.641098050891
14.647836823452
14.654576249712
14.661334406823
14.668070245587
14.674854053826
14.681633094550
14.688441248004
14.695225743008
14.701992169413
14.708670319250
14.715368733938
14.722037797917
14.728590435189
14.735157495510
14.741654649999
14.748204895546
14.754614287832
14.761007531847
14.767307545035
14.773597872595
14.779832810791
14.786051658775
14.792319310170
14.798985857743
14.805515095842
14.812012371673
14.818425683500
14.825383489972
14.831662460863
14.837690005142
14.843968654933
14.850230651388
14.856526496555
14.942634163786
14.949459147570
14.956376863961
14.963351310191
14.970452724244
14.977715220344
14.985047864936
14.992508017601
15.000052592156
15.007615641751
16.172816396415
16.177603870615
16.182860599435
16.188297226311
16.193858038147
16.199514784266
16.205234814591
16.211118880101
16.216973611397
16.222800927171
16.228691794141
16.234593241380
16.240515429384
16.246453813250
16.252416135009
16.258335050740
16.264312321123
16.270164486468
16.275971811447
16.281679756747
16.287409768833
16.293117613114
16.298863794065
16.304617292277
16.310318342505
16.316020011874
16.321633261642
16.327176914723
16.332653782461
16.338042646115
16.343383674805
16.348675922326
16.353938493988
16.359163351818
16.364370854440
16.369573905085
16.374759584663
16.379935274232
16.385126134920
16.390306001740
16.395462306260
16.400589577232
16.405663543885
16.410751731858
16.415793602361
16.420837613900
16.425836319353
16.430800947132
16.435753496290
16.440829461246
16.445905825433
16.586294414063
16.590126040251
16.594077787702
16.598298369920
16.602833231815
16.607310050392
16.611872626768
16.616452418736
16.621035216148
16.625663843301
16.630287297465
16.634944931374
16.639615507701
16.644285875699
16.648993763481
16.653697482112
16.658460548134
16.663286952906
16.667896709538
16.672642826039
16.677326307805
16.682102170078
16.686858748600
16.691649243102
16.696429047013
16.701229104889
16.706037566471
16.710856700696
16.715680686905
16.720526810088
16.725362062280
16.730218761150
16.735065572833
16.739982524738
16.744852423310
16.749734315098
16.754645112591
16.759548896711
16.764454887964
16.769534768545
16.774483583741
16.779455151436
16.784398553327
16.789421415783
16.794440315270
16.799491799303
16.804556833233
16.809646511541
16.814747238529
16.819908143395
16.825077365144
16.830262777045
16.835482653667
16.840731000593
16.845983298821
16.851264956441
16.856566879693
16.861886736294
16.867209109321
16.872561018431
16.877902935822
16.883288209102
16.888674869178
16.894056976807
16.899468651259
16.904877499860
16.910289865574
16.915720495526
16.921139837522
16.926571017354
16.931989589109
16.937419241181
16.942867837391
16.948300061155
16.953676717801
16.959087907010
16.964496091251
16.970006956074
16.975738405449
16.981203737986
16.986705931657
16.992188591340
16.997574132888
17.013912585251
17.018906633039
17.023205098511
17.028322085610
17.033429317377
17.038835549160
17.044245637940
17.049744549506
17.055321229568
17.060946044739
17.066599970684
17.072330295243
17.077972772520
17.083508950520
17.236548818064
17.241039945284
17.246466915928
17.252163771763
17.258017624037
17.263904810055
17.269940490639
17.275923329916
17.281152765268
17.287428006253
17.293493576142
17.299534179786
17.305535843563
17.311602348916
17.317690118034
17.323754376517
17.329781592736
17.335778655844
17.341751113067
17.347678919520
17.353583713437
17.359461641083
17.365329182282
17.371092125537
17.376925196466
17.382882892614
17.389627548440
17.508990828596
17.514046487182
17.519245121338
17.524649055366
17.530053189549
17.535445889667
17.540960003879
17.546563331010
17.552047426585
17.557803539566
17.563230203061
17.569032270168
17.574524248266
17.580155968624
17.585829425470
17.591417480458
17.597018418208
17.602545444227
17.608174206401
17.613642875998
17.619217384419
17.624649858000
17.630126417929
17.635624610079
17.641180126868
17.646715698846
17.652211622883
17.657725497691
18.056495252493
18.060872665158
18.065625989988
18.070577608661
18.075628993484
18.080878736911
18.086347272662
18.091847268437
18.097258489943
18.102774027670
18.108328094399
18.113913290596
18.119553589499
18.125234217807
18.130991677552
18.136783975011
18.142590702930
18.148381779377
18.154236344593
18.160114327200
18.166053897219
18.172008844496
18.178016536134
18.183915409850
18.189938379899
18.195838171833
18.201839686385
18.207788639183
18.213731715314
18.219647295510
18.225531520411
18.231422419345
18.237292853914
18.243174666264
18.249056478517
18.254994190404
18.260920286017
18.266834234174
18.612409281428
18.617254758729
18.623007676460
18.629018037098
18.634939625503
18.640956074453
18.647013235242
18.652922396576
18.658929347345
18.664990007785
18.671620807114
18.677616907501
18.683743854792
18.689380792335
18.695457744394
18.701529775444
18.707750982825
18.713757115780
18.719948448704
18.726083734781
18.732222948313
18.738398594098
18.744640972769
18.751651437185
18.757873043500
18.764012357564
18.770255080019
18.776575212023
18.826364819350
18.831477604760
18.837430597630
18.843623746736
18.849956949542
18.856217252392
18.862474015889
18.868693977751
18.874902681027
18.880998874841
18.887078114683
18.893049373522
18.899033969377
18.904860720477
18.910394597074
19.115646302227
19.120813527830
19.125618523434
19.130923548965
19.136336139971
19.141808514619
19.147333988766
19.152932352730
19.158518353447
19.164193575526
19.169879650218
19.175629061227
19.181347399536
19.187054820034
19.192774538272
19.198489592430
19.204212969990
19.209935755221
19.215650955492
19.221352365116
19.227079869466
19.232775490835
19.238451230657
19.244082676759
19.249674107839
19.255229569088
19.260787785459
19.266383056485
19.272087645057
19.278068110695
19.468994081308
19.475267085109
19.481378896071
19.487953981745
19.494446108529
19.500928557800
19.507433682542
19.513958675621
19.520514393881
19.527055728578
19.533588047998
19.540077581402
19.546575553004
19.553089821752
19.559656017261
19.566231979508
19.572745938212
19.579277076406
19.586087865105
19.592743328514
19.777987499030
19.783397016852
19.789269601192
19.794986342314
19.801034253278
19.807001652103
19.813034672077
19.819096581590
19.825230611572
19.831604941535
19.838035787113
19.844504771236
19.851010000062
19.912260305776
19.918693026310
19.924604800780
19.930698675613
19.936779036451
19.942930789055
19.949166521588
19.955535096986
19.962058437565

