Time_s
0.688676895839
0.692973594487
0.696662635653
0.700389452246
0.703812135106
0.707397515185
0.711046633004
0.714760120071
0.718489323556
0.722194053872
0.725954993785
0.729680101900
0.733348759148
0.736970205986
0.740605524983
0.744214114092
0.747762081443
0.751311485241
0.754844662051
0.758395865667
0.761943026304
0.765481440432
0.769022821890
0.772565803478
0.776112908960
0.779653792821
0.783168950762
0.786677581947
0.790192518492
0.793704754316
0.797219455268
0.800716242912
0.804238429419
0.807739931476
0.811206887063
0.814675629017
0.818144982182
0.821630870108
0.825094431950
0.828624841393
0.832128499549
0.835643090207
0.839233953346
0.842836631253
0.846477664501
0.850105500755
0.853814842719
0.857474814205
0.861167487223
0.864636038791
1.030900947220
1.033991243461
1.037523792690
1.041335686895
1.045255920043
1.049168546467
1.053114744109
1.057103038929
1.061116125425
1.065150377873
1.069218705391
1.073307601063
1.077399749440
1.081524593927
1.085671593135
1.089827691852
1.094005549822
1.098196024542
1.102371629202
1.106561885492
1.110756985660
1.114961403143
1.119179643240
1.123428433170
1.127682731160
1.131895878119
1.136101859959
1.140295620669
1.144467393504
1.148659314143
1.152858656405
1.157072791556
1.161329972849
1.165628076674
1.169927840439
1.174232385837
1.178552754509
1.182777788872
1.186988733163
1.191217495531
1.195360891209
1.199539746097
1.203790625313
1.355649454944
1.359150409647
1.362609791616
1.366254715374
1.370505608886
1.374793390760
1.379234718686
1.383665452335
1.388155775370
1.392637479002
1.397215237658
1.401885323208
1.406585737139
1.411290150897
1.416039090015
1.420857634583
1.425754815729
1.430630274147
1.435528781636
1.440457863674
1.445431756120
1.450440357144
1.455398431317
1.460437221665
1.465517558218
1.470540567175
1.475608235291
1.480732820845
1.485888210774
1.491074604220
1.496171989233
1.501331428701
1.506571155693
1.511823990703
1.517090405334
1.522497232398
1.527871129408
1.533234617382
1.538557446178
1.543892093146
1.549289528821
1.554758868326
1.560287988419
1.565831718371
1.571410764633
1.577004297040
1.582677985839
1.588401033155
1.594136465424
1.599910701747
1.605707944953
1.611567185427
1.617457166053
1.623355394092
1.629245641386
1.635126046642
1.640930302149
1.646716698766
1.652523198792
1.658278494372
1.664120960239
1.670049906415
1.675809100209
2.127284350902
2.131623985378
2.135950444207
2.140251840616
2.144542211684
2.148776167457
2.153033609078
2.157239600782
2.161431155988
2.165630060395
2.169806801330
2.173924535972
2.178073663211
2.182132880208
2.186098026898
2.190091378318
2.194033468885
2.197967136842
2.201871364317
2.205747967464
2.209617744337
2.213408635684
2.217224348058
2.221047723610
2.224918302418
2.228923518731
2.232891395208
2.345102103712
2.348382502713
2.352213372527
2.355302617712
2.358706845324
2.361881565204
2.365124378269
2.368413604052
2.371727119810
2.375012916495
2.378323488718
2.381640933285
2.384963826517
2.388275527564
2.391582823515
2.394892188619
2.398222512576
2.401548969702
2.404881951928
2.408225889576
2.411567122769
2.414903576534
2.418245136880
2.421581316980
2.424928218186
2.428295566537
2.431658513613
2.435030711011
2.438404444908
2.441771604814
2.445168774906
2.448610773047
2.452032382302
2.455454408007
2.458889000951
2.462292103026
2.465684040661
2.469117289485
2.472588009707
2.475994199895
2.479436307407
2.482807573111
2.486191358452
2.489476742978
2.492855673966
2.496278626821
2.499539595468
2.502836296257
2.565013378721
2.568192488833
2.571627977263
2.574452586528
2.578087713896
2.581159919733
2.584648622170
2.588513312255
2.592508762544
2.596509481867
2.600646135208
2.605221931969
2.609538838180
2.613860816440
2.618134536674
2.622640627388
2.627120202276
2.631605751916
2.636104815426
2.640731151905
2.645350282937
2.650005655840
2.654943079651
2.659819701275
2.664881798662
2.669707483315
2.674511619524
2.679103303068
2.683499178937
2.687795772915
2.692628366218
2.696555946085
2.701270903870
2.705539816392
2.709712728783
2.714215847302
2.718806635190
2.723338768481
2.727861588746
2.732408589774
2.736925889093
2.741378164945
2.745844699597
2.750323784612
2.754742960999
2.759130421129
2.763499402891
2.767841395681
2.772187024835
2.776525093366
2.780860740009
2.785193256219
2.789489691082
2.793779821420
2.798056103757
2.802337502193
2.806619532577
2.810913936817
2.815223146546
2.819521177623
2.823826367890
2.828123076112
2.832431483122
2.836747010014
2.841073587400
2.845408363522
2.849751631849
2.854096386690
2.858442328591
2.862797734450
2.867161352302
2.871525257207
2.875882539262
2.880256523761
2.884639671019
2.889035335081
2.893405406572
2.897789119758
2.902204135234
2.906634837325
2.911078318320
2.915528441228
2.919962316340
2.924421782836
2.928905247543
2.933407149622
2.937940251286
2.942478032646
2.947076666330
2.951760240700
2.956684267621
2.961592953981
2.966470724175
2.971248889000
2.975862517474
2.980242247450
2.984430568764
2.989038442538
2.993724355451
2.998291270634
3.002848702326
3.007319269837
3.011635138061
3.015932543504
3.020469225566
3.025001520910
3.029426780120
3.034035563455
3.038600077782
3.042554578004
3.047151608816
3.051662212168
3.056150315507
3.060667846988
3.065167847499
3.069652466422
3.074158573919
3.078650678406
3.083131204170
3.087626521616
3.092081800924
3.096504205397
3.100883868090
3.105260513968
3.109661429123
3.114085064574
3.118449823313
3.122819796612
3.127185352711
3.131500382555
3.135794116583
3.140060426620
3.144335281371
3.148572705784
3.152894043932
3.157239476580
3.161581736395
3.165863693852
3.170113086993
3.174447898653
3.178794978201
3.183034763607
3.580990337122
3.584502049506
3.588427261377
3.592472884611
3.596554017208
3.600665391936
3.604811564237
3.608967147158
3.613129796205
3.617316570785
3.621509596490
3.625722318805
3.629957764145
3.634206736311
3.638478501273
3.642758978717
3.647065082392
3.651417358945
3.655788619254
3.660178395646
3.664586812847
3.668990233893
3.673397366053
3.677817611274
3.682257603018
3.686715600701
3.691170247090
3.695662718696
3.700165002823
3.704670225252
3.709176236967
3.713672530288
3.718182731448
3.722682514360
3.727175070117
3.731641650976
3.736107865720
3.740563655386
3.745022341566
3.749476698610
3.753923965876
3.758350649236
3.762739849604
3.767108139542
3.771436425520
3.775776213199
3.780097825715
3.784390351040
3.788654487865
3.792900206938
3.797140470427
3.801362371225
3.805608841101
3.809865895128
3.814122783890
3.818500906594
3.822902126322
3.827229265214
3.831480126188
3.835709123300
3.840029239675
3.844257677222
3.848622063327
3.852822329302
3.984540753589
3.989139939391
3.993353321329
3.997799693769
4.002333839849
4.006985193761
4.011642478971
4.016280451338
4.020933212063
4.025578328515
4.030236093397
4.034913962394
4.039624580669
4.044314718295
4.048989923197
4.053696274992
4.058378917197
4.063072504302
4.067728281653
4.072166105555
4.076673700710
4.081442694912
4.086126644059
4.090794289968
4.095403694402
4.100019798047
4.104529630667
4.109084329993
4.113793735331
4.118372561927
4.123032984369
4.127566016145
4.132211569657
4.136840500104
4.226876686860
4.231471123391
4.235934727604
4.240197514526
4.244573929046
4.248986605420
4.253394827029
4.257814555316
4.262286689994
4.266788841247
4.271332873440
4.275939698743
4.280566490372
4.285239945552
4.289908980607
4.294600045815
4.299324816355
4.304069841217
4.308822071876
4.313588729029
4.318360000859
4.323124619212
4.327879219346
4.332641057019
4.337375647738
4.342092883520
4.346801456531
4.351510483907
4.356194831694
4.360867923646
4.365566166930
4.370236467534
4.374888697227
4.379521426198
4.384154644876
4.388779880765
4.393374893093
4.397982850084
4.402614952909
4.407271427460
4.411960385340
4.416635796908
4.421337281146
4.426012313924
4.430745870015
4.435409273130
4.440141864752
4.444879006539
4.449529608094
4.454211349758
4.458826284776
4.463448622481
4.525324890632
4.530029219976
4.534650783598
4.538422940038
4.542835093751
4.547395298348
4.551973471618
4.556597874073
4.561306010686
4.566042963517
4.570840417615
4.575594569025
4.580447023722
4.585341974393
4.590244800572
4.595206365023
4.600214580591
4.605133734135
4.610041792190
4.615113341621
4.620079306130
4.625076569253
4.630017475038
4.634997896042
4.640110163474
4.645199721562
4.650314397885
4.655412239340
4.660531729788
4.665658491804
4.670824409831
4.676016727819
4.681183070123
4.686372193506
4.691612858902
4.696829490330
4.702162446306
4.707424689707
4.712658602748
4.717752016525
4.722751597437
4.727707621985
4.732519522728
4.737799937391
4.743001850304
4.748195756686
4.753458769060
4.758714157617
4.763990887644
4.769274613568
4.774486068678
4.779888742374
4.785318225178
4.790500963986
4.795705156692
4.801609938336
4.986678326992
4.991312718111
4.995744211378
5.000333248927
5.005062577368
5.009939826384
5.014916860715
5.019929456720
5.024952834140
5.030052864978
5.035201538161
5.040419999209
5.045641859161
5.050864700642
5.056202744189
5.061628710473
5.067065653253
5.072567800507
5.078111908344
5.083667748949
5.089254129364
5.094933895328
5.100646863543
5.106372099648
5.112178519283
5.117984527170
5.123870423960
5.129770446592
5.135726404372
5.141750902569
5.147791705422
5.153869420181
5.159976917973
5.166073324963
5.172226528006
5.178407320743
5.184553178209
5.190773537517
5.196951582711
5.203245196585
5.209443442187
5.215621206217
5.221767688556
5.227931380162
5.234151605382
5.240266409490
5.246452771425
5.252652047781
5.258805064493
5.264947614322
5.271136386944
5.971592013918
5.974350056381
5.977411143696
5.980903925543
5.984437890508
5.987858918934
5.991250403609
5.994661401095
5.998034250130
6.001380047602
6.004713321404
6.008033355127
6.011326240971
6.014594461665
6.017868157005
6.021105462708
6.024321620825
6.027513239037
6.030707573759
6.033871334724
6.037044598633
6.040235802840
6.043444521505
6.046695702067
6.050083829350
6.053354715805
6.056813427681
6.060007753501
6.063191581100
6.066342722717
6.069298213665
6.072545933278
6.075773549775
6.078957228230
6.082540737144
6.085999655217
6.089270017077
6.092448298268
6.095609492287
6.277367202243
6.280530799057
6.284136499840
6.287278599658
6.290600606557
6.293944910465
6.297336927908
6.300734775498
6.304162009656
6.307603534577
6.310996142645
6.314416665517
6.317874994416
6.321314818346
6.324775178382
6.328237802032
6.331704583103
6.335178507133
6.338667300922
6.342179887735
6.345692967456
6.349222151700
6.352771417551
6.356257329096
6.359772782148
6.363313659762
6.366867796250
6.370396841929
6.373936495727
6.377453932713
6.380977405925
6.384513212970
6.388047366126
6.391554874217
6.395069797655
6.398576556844
6.402071811370
6.405565349214
6.409053354245
6.412536100476
6.416019288148
6.419485256272
6.422962994508
6.426434470272
6.429892527082
6.433347514955
6.436845075093
6.440401562743
6.443903308559
6.447384657588
6.450860421790
6.454351803650
6.457840589540
6.461312755056
6.464741862959
6.468167398116
6.471571600780
6.474979615917
6.478369629211
6.481801738813
6.485246506929
6.488679362942
6.492197365990
6.495791759252
6.499370083597
6.503016971509
6.506823831710
6.510621284840
6.514401731077
6.518039312213
6.521570803560
6.671602758596
6.676294060532
6.680703828109
6.685406933302
6.689970635624
6.694589537175
6.699143010582
6.703705652829
6.708271520563
6.712881009165
6.717548173336
6.722290549533
6.727043456040
6.731817942053
6.736762566793
6.741586460886
6.746416124208
6.750980078611
6.755757600749
6.760487605221
6.765219587309
6.769860536290
6.774554397827
6.779255852778
6.957485650151
6.961469594162
6.965263486301
6.969425419249
6.973592127475
6.977728193274
6.981931474248
6.986144274713
6.990384032712
6.994549014056
6.998777212309
7.003019454042
7.007237254064
7.011489144566
7.015723980007
7.019975719076
7.024215358934
7.028464265544
7.032705143941
7.036940122694
7.041137744730
7.045332732195
7.049477558750
7.053580327189
7.057678637204
7.061719649708
7.065722901034
7.069723932692
7.073750261708
7.077770313137
7.081798360245
7.085810222515
7.089847500005
7.093847434041
7.097807327986
7.101853232672
7.105893786950
7.110023254754
7.114429184643
7.118667819072
7.122790418096
7.616631896165
7.620604396624
7.624360479402
7.628172019889
7.632136312919
7.636141626092
7.640181009294
7.644249176714
7.648339223030
7.652423539906
7.656531665262
7.660649814863
7.664762276219
7.668870126088
7.673010528360
7.677147970724
7.681337997123
7.685577156305
7.689759793759
7.693676245215
7.697858660291
7.702210014055
7.706586272467
7.710942831770
7.715289965588
7.719694261321
7.724117170880
7.728540283713
7.732984348415
7.737451429957
7.741939332354
7.746418989345
7.750904422070
7.755403109365
7.759902460645
7.764403909645
7.768911261735
7.773422128138
7.777903995945
7.782360969630
7.786833525508
7.791311248097
7.795755618069
7.800171790625
7.804572663660
7.808945533761
7.813297438116
7.817654067263
7.821994159753
7.826291633769
7.830589824198
7.834914433573
7.839198649232
7.843439468791
7.847688167118
7.851975808280
7.856281776324
7.860603834170
7.864945662009
7.869288916705
7.873483731454
7.877754024535
7.882038936026
7.886298847037
7.890547105509
7.894782480727
7.898855770469
7.903150598839
7.907505507786
7.911698290213
7.915955633970
7.920183365791
7.924458169443
7.928710867318
7.933038037844
7.937373926575
8.027392870521
8.030744884633
8.034726293729
8.038320362559
8.041926429452
8.045538149418
8.049185819383
8.052855862248
8.056541307158
8.060219661209
8.063908450791
8.067575689200
8.071249013856
8.074967862182
8.078713111924
8.082480019266
8.086250013754
8.090011599873
8.093823485014
8.097612966337
8.101429650314
8.105259660938
8.109116368512
8.112991277977
8.116859021653
8.120734891715
8.124629273929
8.128551953237
8.132483956950
8.136416047148
8.140360403203
8.144300319194
8.148243353293
8.152173327332
8.156108401993
8.160054069724
8.164010150147
8.167963141875
8.171916320349
8.175863784487
8.179816976558
8.183767354557
8.187704266227
8.191640233020
8.195602172830
8.199523960495
8.203433373561
8.207365990418
8.211316148994
8.215243245614
8.219194661122
8.223123643857
8.227071475968
8.231014268971
8.234958414625
8.238870082599
8.242786463654
8.246707803579
8.250614276428
8.254515528426
8.258418006919
8.262300343601
8.266161107025
8.270051617909
8.273899846864
8.277729943581
8.281601577224
8.285455436478
8.289303234830
8.293142232766
8.296982446623
8.300840377404
8.304693338152
8.308570068950
8.312364980302
8.316301824051
8.320237337959
8.324095103580
8.934532086004
8.938736488787
8.942750255619
8.946727783772
9.232344896832
9.235523762031
9.238694041787
9.242456308916
9.246459597171
9.250492564729
9.254529723114
9.258562686711
9.262638762644
9.266669521711
9.270676548259
9.274691894498
9.278709446057
9.282748139934
9.286805827364
9.290844544131
9.294875187550
9.298918149552
9.302971669642
9.307005789462
9.311030622855
9.315065435720
9.319088222847
9.323093098481
9.327082981723
9.331056226936
9.335025650718
9.338972987371
9.342926643960
9.346836870999
9.350768412058
9.354671363678
9.358563026220
9.362427005585
9.366275602029
9.370116933335
9.373923354576
9.377727536628
9.381533706807
9.385297534368
9.388993696758
9.392695316749
9.396374924825
9.400194750990
9.403833438175
9.407416513446
9.410956870593
9.414507442279
9.418033401520
9.421560781709
9.425090593653
9.428546342598
9.431976570203
9.435497946198
9.438968739092
9.442433658133
9.445945953298
9.449443589301
9.453037342180
9.456590023166
9.460173527585
9.463781310651
9.467486398148
9.471109285752
9.474740281018
9.478326171299
9.481906380364
9.485482397738
9.489075177084
9.492674031918
9.496202260557
9.499845181790
9.503479237436
9.507128555622
9.510756117060
9.514395821382
9.517699700087
9.812791431016
9.816831187470
9.821016617025
9.825095056189
9.829128450619
9.833244509744
9.837357067884
9.841509734727
9.845720196286
9.849970347119
9.854233310185
9.858540192828
9.862877279980
9.867221435721
9.871573460797
9.875926457360
9.880281015571
9.884647265769
9.889018703763
9.893358440978
9.897703549595
9.902019848885
9.906306116454
9.910565771220
9.914752195038
9.918899283777
9.922987929326
9.927047503244
9.931403489647
9.935761722044
9.939807088139
9.944138660269
9.948224957541
9.952373619791
9.956551716355
9.960735049804
9.964827721249
9.968964239842
9.973027280960
9.977104265061
9.981272909916
9.985481206838
9.989765295993
9.994091842370
9.998268282004
10.002587910533
10.187396818704
10.191489819733
10.195145548303
10.199107744254
10.203212405047
10.207319673616
10.211492532441
10.215731928283
10.219987660799
10.224274109227
10.228587833570
10.232954543871
10.237287545790
10.241517825340
10.245883203591
10.250334984043
10.254624388017
10.258903030386
10.263440919142
10.267948944578
10.272513800255
10.277064544064
10.281650960887
10.286227900370
10.290851499478
10.295484695527
10.300138386654
10.304810807713
10.309501125870
10.314227619913
10.318986750395
10.323763215723
10.328557429337
10.333374110128
10.338193485573
10.343062196277
10.347886099089
10.352713301763
10.357523662618
10.362379623595
10.367202698852
10.371996418355
10.376770903595
10.381518232080
10.386267588859
10.390972012252
10.395678891004
10.400344969504
10.405001500824
10.409647736017
10.414275724795
10.418885397911
10.423479608160
10.428062212180
10.432599397580
10.437115703690
10.441643415393
10.446138888460
10.450643970500
10.455261257170
10.459879956233
10.464441746735
10.469066769034
10.473636968122
10.478212369246
10.482870306101
10.487516701275
10.492203589689
10.496669081785
10.501410725670
10.505872975864
10.510431767252
10.514679447911
10.518922233226
10.523535397252
10.528005159613
10.532376874321
10.536643437685
10.541317298843
10.545513443033
10.549812534559
10.554225836401
10.558685188780
10.563134215573
10.567584498026
10.572053322233
10.576533951180
10.581050074574
10.585604368717
10.590209581160
10.594855118309
10.599528014398
10.604296030260
10.609259362952
10.614093993271
10.619036023405
10.623848769710
10.628770248640
10.633476261705
10.638082384585
10.642710375868
10.647250851685
10.651958885681
10.656560914520
10.797879932343
10.802525429985
10.807108191410
10.811893618927
10.816662819708
10.821759096478
10.826605216466
10.831139008452
10.835750745825
10.840407757369
10.845001593583
10.849579958522
10.854146010820
10.858732294051
10.863302536194
10.867871001313
10.872393364583
10.876944217936
10.881478198207
10.885962776169
10.890449892401
10.894863111275
10.899238192250
10.903564715029
10.907893599719
10.912204074600
10.916533291299
10.920876708798
10.925215911567
10.929441048576
10.933581118846
10.937721797692
10.942037608973
10.946487325030
10.950861252356
10.955134271042
10.959427142252
10.963676063286
10.967833509697
10.971980856317
10.976209609166
10.980510134214
10.984823874315
10.988990909855
10.993098175606
10.997441488631
11.001689979856
11.005968985226
11.165551525526
11.168802234352
11.172835945264
11.176860597316
11.180748979655
11.184590962542
11.188498717940
11.192421849596
11.196354713596
11.200300928775
11.204246670095
11.208190305769
11.212170957361
11.216177988989
11.220231612445
11.224310725955
11.228390645477
11.232512855622
11.236658814940
11.240812052123
11.244973898738
11.249159428543
11.253371053685
11.257585694342
11.261792091341
11.265998778622
11.270208500203
11.274418048002
11.278639205171
11.282863362026
11.287098998014
11.291349578097
11.295591062300
11.299833040425
11.304069720705
11.308307691404
11.312555710019
11.316805826492
11.321066895131
11.325316132294
11.329582093809
11.333851940211
11.338122933267
11.342416580598
11.346698392631
11.350980039310
11.355252878056
11.359553993465
11.363847528259
11.368127511710
11.372410223508
11.376699155576
11.380973845516
11.385226209168
11.389491615310
11.393739548089
11.398004964294
11.402231748241
11.406497105111
11.410731220951
11.415005615470
11.419189856011
11.423423713418
11.427652978642
11.431833397253
11.435902523862
11.439991569624
11.444068688001
11.448299324965
11.452377065283
11.456488066039
11.460772000999
11.464991415278
11.469294387974
11.473356370781
11.913634124325
11.918103011193
11.922866085479
11.927561033144
11.932350201831
11.937073361065
11.941826004118
11.946592288724
11.951324770522
11.956129713070
11.960947663833
11.965756805455
11.970749864108
11.975519439084
11.980302595831
11.985080625704
11.989878654306
11.994669439819
11.999453036779
12.004298127810
12.009169098315
12.014020332654
12.018890678961
12.023724491559
12.028582264328
12.033414765839
12.038238907063
12.043063954401
12.047873435721
12.052726300503
12.057560006968
12.062365193482
12.067161662423
12.071932750094
12.076695721806
12.081448305095
12.086186255850
12.090892330796
12.095566598451
12.100207025344
12.104912769995
12.109567927287
12.114177997682
12.118756239950
12.122965937929
12.127295348839
12.131785013595
12.136280942819
12.140682106555
12.145062160453
12.149421548076
12.153749487606
12.158035932894
12.162301971665
12.166541595799
12.170743807666
12.174926193486
12.179074211492
12.183216620315
12.187337554735
12.191438239672
12.195536942520
12.199615991388
12.203677454105
12.207722803870
12.211731315130
12.215755209404
12.219774218565
12.223745419909
12.227706295876
12.231660548718
12.235637195312
12.239605080030
12.243508866570
12.247367706051
12.251213595530
12.255086497378
12.258980094684
12.262838860487
12.266701804748
12.270585087537
12.274556320787
12.278548670658
12.282489695476
12.286470679074
12.290482866656
12.294539568456
12.298597814660
12.302680180042
12.306746916894
12.310859988043
12.314971965666
12.319056827307
12.323107591602
12.327111008680
12.331053498726
12.334963641956
12.338867818165
12.342748328991
12.346620193551
12.350487424892
12.354353724181
12.358212728044
12.362081455034
12.365971783862
12.369885083186
12.373781202891
12.377729213460
12.381667611182
12.385606553158
12.389596127823
12.393745837640
12.397958341764
12.402179442411
12.406389836740
12.410629680253
12.414926693238
12.419278577514
12.423622918792
12.427965375919
12.432335125518
12.436732763120
12.441162261304
12.445637818075
12.450148155480
12.454699702832
12.459258921108
12.463768432329
12.468298199451
12.472930535203
12.477466289795
12.482113455133
12.487067207840
12.492596422443
12.497057436566
12.501547835091
12.643835316648
12.647136058046
12.651026097512
12.655174848703
12.659391237318
12.663668193497
12.667965478878
12.672251267101
12.676561437211
12.680845852095
12.685125267607
12.689308921957
12.693332982363
12.697686909081
12.702069729288
12.706448486245
12.710818384468
12.715218733929
12.719638480492
12.724066253599
12.728500194051
12.732939298137
12.737396649176
12.741853707977
12.746319240507
12.750792052639
12.755233065803
12.759679510661
12.764110239012
12.768536484194
12.772946639918
12.777335557965
12.781713296307
12.786079144903
12.790452640974
12.794800872020
12.799132433065
12.803474014363
12.807813271193
12.812135778944
12.816467477262
12.820794005951
12.825115079742
12.829441527573
12.833774672346
12.838094539475
12.842435419737
12.846767753390
12.851079016417
12.855408561418
12.859758466011
12.864107785781
12.868468834869
12.872748899648
12.877013097328
12.881383120503
12.885689750023
12.890060524356
12.894378924579
12.898773579684
12.903131671718
12.907279670659
12.911632046022
13.033974972015
13.039226214028
13.043461526106
13.047603356740
13.051854534464
13.056196574571
13.060577760386
13.064962756352
13.069372736603
13.073829246450
13.078326716548
13.082858616449
13.087431217970
13.092037954114
13.096678728973
13.101380682535
13.106181243709
13.110947689252
13.115732937737
13.120556494390
13.125441528269
13.130312256688
13.135225668787
13.140203788611
13.145200115989
13.150180199461
13.155232732807
13.160480341998
13.165468879253
13.170570490366
13.175748382236
13.180853146610
13.185683442190
13.191137328718
13.196741109815
13.202298652966
13.208036521954
13.213576875604
13.219103217188
13.224750749796
13.230153343402
13.235702379513
13.241115670915
13.246400954780
13.251664903189
13.256930292601
13.262110263541
13.267307900585
13.272494600352
13.277675605923
13.282885643476
13.288059615797
13.293244710982
13.298453258232
13.303650947447
13.308878402904
13.314091059650
13.319369864623
13.324642603213
13.329983414532
13.335321920410
13.340670340646
13.346020372207
13.351384850178
13.356764824324
13.362185380964
13.367632111786
13.373002072390
13.378466352227
13.383895897949
13.390597652901
13.396323666318
13.401935401899
13.407329574024
13.412588098155
13.418126649956
13.423384873454
13.429132421633
13.434908278039
13.468475488653
13.477953414274
13.488325646305
13.498565582752
13.509223882013
13.519963362748
13.530780348641
13.541705313075
13.575529256440
13.580085356823
13.585069765241
13.590042288014
13.595004486197
13.600056364499
13.604976099229
13.609911327875
13.614805261640
13.619665358032
13.624558739979
13.629434924547
13.634283800123
13.639104625405
13.643876105096
13.648605718221
13.653378247245
13.658168698787
13.662996607973
13.667780674081
13.672562787402
13.677330648735
13.682102976771
13.686868067738
13.691628988153
13.696356326907
13.701057719819
13.705768855366
13.710472439345
13.715146361316
13.719849176429
13.724521363930
13.729190364107
13.733865322218
13.738525951707
13.743189219803
13.747844216178
13.752493074929
13.757148522525
13.761796972312
13.766459731018
13.772298835069
13.776979224534
13.781676277909
13.786732446681
13.791864508833
13.796981171719
13.801817799557
13.806622028822
13.811444096405
13.816299432696
13.821112676146
13.825935311119
13.830824168994
13.835777565638
13.840714599143
13.845726100490
13.850744129874
13.855744846040
13.860842498826
13.865981892278
13.871120345751
13.876287734795
13.881501149763
13.886812804300
13.891987671258
13.897072711914
13.902236790249
13.907465029677
13.912836962375
13.918223524093
13.923455034678
13.928686736359
13.934277646500
13.939315623733
13.944232070332
13.949424840052
13.954650442083
13.960003635383
14.006437258705
14.011007469416
14.016262670866
14.021712913591
14.026997053061
14.032307170902
14.037647827401
14.043061358698
14.048464667094
14.053913126347
14.059353347170
14.064784654807
14.070237768356
14.075712489736
14.081202516042
14.086732550165
14.092282013294
14.097821626174
14.103416040285
14.109042678793
14.114680692436
14.120365798793
14.126083215853
14.131847571797
14.137641125812
14.143517077943
14.149416083925
14.155332388611
14.161312064710
14.167365708870
14.173433200871
14.179634689285
14.186002710532
14.192425766699
14.198930227055
14.205350937448
14.211858468250
14.218430685639
14.225111335912
14.231874828878
14.238584923542
15.028492148934
15.032506714574
15.036744206474
15.040589821573
15.044783578034
15.049328607418
15.053725932724
15.058310843292
15.062522310029
15.066880281383
15.071119040406
15.075466805846
15.079787440740
15.084095461495
15.088396738319
15.092683617403
15.096979376766
15.101263661227
15.105577436239
15.109887443058
15.114217364219
15.118619422143
15.123019884546
15.127335936756
15.135865672980
15.140174888356
15.144392565145
15.148497066499
15.152790182180
15.156915147406
15.161428169329
15.165531899694
15.169705218464
15.173878109398
15.178221174479
15.182507748728
15.186979214554
15.191288423986
15.195755650856
15.200051824461
15.203889229682
15.208358465050
15.233175626532
15.237687272737
15.242043377012
15.246319603150
15.250529482952
15.254703208083
15.258832647176
15.262933318931
15.266999830909
15.271018000420
15.275006863831
15.278964528506
15.282892883937
15.286781390692
15.290640215815
15.294513032406
15.298353146933
15.302135298208
15.305897081680
15.309642424418
15.313400403408
15.317080620343
15.320807660199
15.324446788143
15.328122289148
15.331740876685
15.335423875522
15.339004396239
15.342641006807
15.346229943649
15.349912008875
15.353525771820
15.357213730230
15.360996068827
15.364763012467
15.368576806115
15.372245890578
15.375897706113
15.379764306902
15.383415274209
15.487382971359
15.490940766101
15.494034849332
15.497109431436
15.500347476493
15.503594374377
15.506879250658
15.510179318887
15.513483807480
15.516805678451
15.520147755808
15.523506190097
15.526860001594
15.530229763544
15.533612849675
15.537007762557
15.540423356996
15.543865507496
15.547360091851
15.550822318708
15.554335278913
15.557898205708
15.561478413153
15.565061808277
15.568647336039
15.572243356069
15.575863757066
15.579561788568
15.583236312905
15.586923612542
15.590590297280
15.594273736359
15.597985472225
15.601685832134
15.605383218806
15.609112544826
15.612863741573
15.616654128951
15.620453975816
15.624267970083
15.628087772669
15.631892919962
15.635716665585
15.639574638668
15.643413596626
15.647178131556
15.651028246268
15.654867146005
15.658711570599
15.662550309292
15.666402782731
15.670269377293
15.674133120107
15.678006531217
15.681898542404
15.685800792340
15.689709270103
15.693625945333
15.697547072577
15.701475773633
15.705439090688
15.709417520886
15.713393672376
15.717382026603
15.721393229947
15.725404679993
15.729451098135
15.733501326763
15.737550772522
15.741607773939
15.745712659603
15.749818867076
15.753919729065
15.758060348290
15.762201554528
15.766317742377
15.770437280660
15.774594820951
15.778719808682
15.782855630534
15.787071585358
15.791324441196
15.795646751302
15.800030702962
15.804371004960
15.808667802650
15.813046782664
15.817495244864
15.821916450892
15.826273776598
15.830642290948
15.835027272029
15.839435053047
15.843927093787
15.848463090492
15.853012857286
15.857628825961
15.862223607003
15.866816286711
15.871460519329
15.876223705819
15.881039765734
15.885963019423
15.890702946492
15.895406079142
16.048354439165
16.052677728105
16.056517535407
16.060580142974
16.064738684778
16.068925690997
16.073138077026
16.077353451895
16.081579930854
16.085795994134
16.089998989829
16.094241113788
16.098479043496
16.102733453993
16.107002872674
16.111426817762
16.115766948484
16.120092196926
16.124413267867
16.128716404287
16.133036504720
16.137375364904
16.141727368900
16.146083526937
16.150448110921
16.154794675049
16.159116058182
16.163448256412
16.167770587277
16.172072070669
16.176357156960
16.180672760634
16.184943724192
16.189209402498
16.193462592930
16.197705666089
16.201946554742
16.206212164981
16.210482102155
16.214738969916
16.218992660062
16.223243345366
16.227507123837
16.231762779889
16.236006945190
16.240276863728
16.244574172098
16.248913329325
16.253264541734
16.257551225951
16.261795317444
16.266032139048
16.270279277991
16.274516892347
16.278799396956
16.283027274389
16.287294682544
16.291508888701
16.295789593410
16.300006416146
16.304290397444
16.308557549973
16.312871801136
16.317173300040
16.321515018592
16.325892048282
16.395041829715
16.399030088611
16.403893557371
16.407709242076
16.411906160595
16.416192999754
16.420458379634
16.424686182642
16.428949829306
16.433254383759
16.437584437487
16.441960405091
16.446354464155
16.450752813419
16.455161959793
16.459604156659
16.464073879105
16.468533989827
16.472989408362
16.477460638309
16.481890174798
16.486318232624
16.490705573073
16.495070869208
16.499420244743
16.503794852447
16.508116417880
16.512431760212
16.516739239647
16.521044490230
16.525344094377
16.529652316363
16.533951516149
16.538278931627
16.542636456530
16.546916184439
16.551134674029
16.555496082154
16.686974422126
16.690220452499
16.693589324435
16.697276712361
16.701129330974
16.704945504906
16.708767776849
16.712672886511
16.716626360405
16.720424208159
16.727028734607
16.730892227412
16.734951467783
16.738733135418
16.742225525730
16.746272538129
16.750185017080
16.754066655743
16.758480082107
16.937004009204
16.941031193283
16.945409060976
16.949300501270
16.953290793626
16.957345226306
16.961447113953
16.965625077526
16.969847762522
16.974088800642
16.978311427518
16.982496613792
16.986734490391
16.990968977064
16.995244182923
16.999493922954
17.003769530321
17.008064681178
17.012394687397
17.016703143805
17.020921732770
17.025041862007
17.029300970629
17.033720054157
17.038158132429
17.042583704741
17.047018537548
17.051504801609
17.055980980736
17.060509134334
17.065056729527
17.069596720777
17.074158021267
17.078722016793
17.083288480572
17.087847898391
17.092407196589
17.096976779670
17.101546995418
17.106107853677
17.110663010104
17.115211371625
17.119768570422
17.124326144537
17.128882463941
17.133433036677
17.137979383173
17.142507545218
17.147043256414
17.151575456373
17.156095077150
17.160627309220
17.165175033188
17.169729387440
17.174260907326
17.178784999497
17.183292605323
17.187768327806
17.192255635262
17.196756769832
17.201249494687
17.205708408354
17.210161190594
17.214565829969
17.218958513287
17.223322864438
17.227671018333
17.231993045570
17.236288230675
17.240703681302
17.245108114254
17.249383305353
17.253419035299
17.257647909255
17.261929041762
17.266263995260
17.270582577575
17.274983322211
17.279413217688
17.283860101222
17.288356615030
17.292748252501
17.297015509780
17.704305461755
17.709120014418
17.713701254451
17.718361209942
17.722962351537
17.727566462143
17.732149255968
17.736697701040
17.741230723896
17.745805079304
17.750349202624
17.754999605466
17.759603251293
17.764640819257
17.769258469424
17.773962219621
17.778584017687
17.783288378579
17.787932176542
17.792570717956
17.797450511857
17.802143226660
17.806833127077
17.811620735232
17.816359845883
17.821126167772
17.825948800322
17.830772962377
17.835600155048
17.840131696621
17.844741766056
17.849551296261
17.854391740801
17.859346333542
17.864221195744
17.869169664928
17.874156893734
17.879095128102
17.884117053643
17.889166494519
17.894248719365
17.899345665576
17.904450930137
17.909629627913
17.914767479692
17.919929708371
17.925078897157
17.930327640399
17.935565201811
17.940783344498
17.946072252635
17.951361391059
17.956697621006
17.962187654895
17.967825103912
17.973256647503
17.978592365511
17.983832993852
17.989157022381
17.994612680861
18.000430252206
18.063639784615
18.067417757519
18.071553790104
18.076126591170
18.080715521220
18.085063220303
18.089420524812
18.093749896491
18.098093928158
18.102386986321
18.106660637109
18.110899046657
18.115101266067
18.119268666422
18.123419677314
18.127532167150
18.131605896653
18.135682272632
18.139743882311
18.143767313068
18.147792596964
18.151826156333
18.155860022454
18.159872299898
18.163966812111
18.168076617610
18.172307443628
18.176389484952
18.180495762346
18.184705571118
18.188784732433
18.193074627487
18.397118283953
18.401289501347
18.405581560747
18.409381036185
18.413311633947
18.417339279395
18.421363480778
18.425394770052
18.429465305133
18.433589818671
18.437762009343
18.441931238614
18.446111219203
18.450306092966
18.454537346813
18.458785007695
18.463014292396
18.467247558308
18.471530683606
18.475819996390
18.480108291376
18.484426064560
18.488745628474
18.493079855967
18.497434264118
18.501801884587
18.506155650842
18.510529141969
18.514927919054
18.519315306583
18.523724093497
18.528139768733
18.532571487845
18.537006666672
18.541460884861
18.545932383758
18.550431015178
18.554954506445
18.559462287906
18.563973057499
18.568518266418
18.573020285853
18.577553314239
18.582076943414
18.586594301280
18.591102702091
18.595646833777
18.600167516817
18.604667424073
18.609141354242
18.613663131182
18.618230019128
18.622539338850
18.626952806382
18.631379135115
18.635864798812
18.640305717308
18.644877724956
18.649322513512
18.653854201639
18.658375466229
18.662852269711
18.667300970796
18.671950838303
18.676486123243
18.680955322581
18.880515008537
18.884083232981
18.888257706010
18.892521430936
18.896774362023
18.901058188515
18.905336279493
18.909650274617
18.913971121977
18.918295289451
18.922653659588
18.927028848138
18.931400013012
18.935817307219
18.940268706595
18.944764123484
18.949295999347
18.953870999511
18.958434696708
18.963027518750
18.967670950578
18.972350121332
18.977028634958
18.981715094128
18.986424514022
18.991139974463
18.995851417019
19.000577165844
19.005328651058
19.010140111478
19.014915771693
19.019744072802
19.024615822114
19.029424162415
19.034290431581
19.039173402268
19.044083637968
19.048988297040
19.054082543839
19.059016529114
19.064015361794
19.069116292999
19.074318134741
19.079456442386
19.084697151009
19.089859908502
19.094983303505
19.099969543911
19.312283297265
19.316427340587
19.320977472482
19.325652658714
19.330356312289
19.335078327366
19.339867990596
19.344720756913
19.349616677901
19.354553881991
19.359533871426
19.364553070420
19.369594371706
19.374645219337
19.379729544417
19.384892116259
19.390059940073
19.395281791837
19.400494365276
19.405651074360
19.410849168245
19.416056590269
19.421339769176
19.426621322616
19.431959599674
19.437290249433
19.442634295273
19.448208515025
19.453642009572
19.459043839254
19.464403582753
19.469870497565
19.475456969340
19.481347568836
19.487101863820
19.492823369419
19.498553425895
19.504294092425
19.510051688804
19.515856650684
19.521725902418
19.527600537602
19.533389556457
19.539171291101
19.544970837096
19.550802604397
19.556666411687
19.562585615857
19.724286829135
19.728223395987
19.732450982946
19.736914397867
19.741618121239
19.746277831491
19.750975622049
19.755790862122
19.760664299529
19.765556416575
19.770474147274
19.775427892693
19.780476621442
19.785608428879
19.790692262475
19.795938361687
19.801309907966
19.806706801075
19.812038367785
19.817715707110
19.823855116328
19.829823147051
19.835879822804
19.842046166778

