Time_s
0.448421043558
0.451875699510
0.455149757285
0.458569503515
0.462023188296
0.465463891180
0.468933587777
0.472408548029
0.475899127771
0.479404398865
0.482694553516
0.485952398806
0.489297255898
0.492579071498
0.495824229291
0.499082033615
0.502333235277
0.505594868710
0.508853974319
0.512116701077
0.515391482325
0.518695577123
0.521988555605
0.525308633526
0.528634802605
0.531985232212
0.535353551734
0.538723284225
0.542116967062
0.545519108976
0.548923770724
0.552335728414
0.555761264304
0.559206716977
0.562662772262
0.566128488049
0.569603959513
0.573082589832
0.576577700677
0.580080732121
0.583594677531
0.587132220695
0.590692163494
0.594256046248
0.597849660463
0.601470882613
0.605127811476
0.608795166583
0.612489909526
0.616213366047
0.619971444977
0.623736037458
0.627528344419
0.631387082357
0.635305265704
0.639158390540
0.643028673180
0.646922747477
0.650745452837
0.654777742596
0.896923395826
0.900845448507
0.904641885815
0.908193099130
0.911857181737
0.915500663243
0.919173059330
0.922870614501
0.926598450292
0.930349154485
0.934131010849
0.937972601534
0.941821608537
0.945669509402
0.949532681350
0.953413101755
0.957318104372
0.961250830147
0.965196270549
0.969149343175
0.973102002404
0.977092803383
0.981105534213
0.985149261293
0.989178353178
0.993204768013
0.997254985570
1.001328255291
1.005426447469
1.009529120828
1.013649067194
1.017802614220
1.021960459979
1.026099952568
1.030236820999
1.034390093287
1.038565457515
1.042718044641
1.046817388907
1.050898804912
1.054925376011
1.058933738691
1.062943885516
1.066934199834
1.070915007399
1.074903301220
1.078903530562
1.083069873726
1.087077820434
1.091203963444
1.095304833202
1.099507767613
1.103655759697
1.107776170626
1.111850844604
1.319863255105
1.323587913790
1.327711956825
1.331764633075
1.335862103235
1.340319843414
1.344825081082
1.349327623399
1.353900001282
1.358558613428
1.363269807232
1.368073515814
1.372974582413
1.377891573360
1.382891031795
1.387916179639
1.393009479662
1.398100446031
1.403257893098
1.408423978468
1.413645994333
1.418906171155
1.424219342574
1.429562620100
1.434918932969
1.440368876572
1.445820387078
1.451315342763
1.456792794117
1.462353261075
1.467928430713
1.473514870771
1.479157641307
1.484821786125
1.490473669535
1.496154713313
1.501856474557
1.507677423383
1.513510470382
1.519428557133
1.525402226046
1.531438839947
1.537484409931
1.543774873816
1.550259105358
1.557000460333
1.564121747208
1.571333234814
1.578863904240
1.586592522362
1.624879367575
1.646460998146
1.656972503842
1.667639951806
2.244746898202
2.249061422735
2.253340060593
2.257599659744
2.261850581576
2.266052599669
2.270253425690
2.274412570262
2.278538161566
2.282620480253
2.286628654258
2.290583542887
2.294483327776
2.298332697040
2.302080199353
2.305827829991
2.309477965819
2.313065196353
2.316544525395
2.319976134535
2.323422691215
2.326761301300
2.330029269333
2.333284942202
2.336491252131
2.339708351851
2.342870198976
2.346062302713
2.349267792827
2.352501124762
2.355723347302
2.358994439706
2.362803440173
2.530585378564
2.533244459895
2.535907818266
2.538501574504
2.541250737261
2.543943546103
2.546688469866
2.549412548246
2.552147121828
2.554853434398
2.557533256500
2.560201517804
2.562856050971
2.565506174527
2.568161415014
2.570799386062
2.573423532679
2.576039828745
2.578649028107
2.581263913653
2.583877891134
2.586490608711
2.589093346337
2.591685425755
2.594282130528
2.596866438516
2.599460678856
2.602035751821
2.604615734473
2.607167243814
2.609727633675
2.612278450878
2.614831557341
2.617378980476
2.619930039731
2.622488868534
2.625056861515
2.627660646923
2.630256790498
2.632981311780
2.635670598580
2.638287798303
2.640932209268
2.643557874813
2.646162284338
2.648729711947
2.651314452949
2.653813425859
2.656391900502
2.658992859850
2.661611410452
2.664214884602
2.666818058683
2.669430907805
2.671920194507
2.674554324860
2.716181893851
2.718442289990
2.720732846046
2.723024330913
2.725305197785
2.727752657743
2.730246210641
2.732693340324
2.735117069225
2.737595473916
2.740100421538
2.742616234224
2.745141165344
2.747662605262
2.750194611191
2.752743478073
2.755302864582
2.757881805984
2.760472157449
2.763072595456
2.765699838562
2.768352969255
2.771021784002
2.773727495862
2.776480656500
2.779270186302
2.782065408608
2.784893449634
2.787879740159
2.790839714402
2.793651319494
2.796464916956
2.799245359040
2.802088390393
2.804695498015
2.810601958847
2.813368950662
2.816058539904
2.818725111479
2.821275046585
2.826496262510
2.829443883832
2.832231723806
2.834792354379
2.837339635294
2.840011657640
2.842899487124
2.845769581173
2.848593729763
2.851253023701
2.853844734485
2.867126403042
2.870028645906
2.873341306976
2.876742796260
2.880078844391
2.883545832891
2.887041216227
2.890465706208
2.894020345187
2.897606588539
2.901215936892
2.904898301693
2.908574956125
2.912282042820
2.916017311597
2.919797351416
2.923580111015
2.927415360933
2.931270450962
2.935163315138
2.939039787179
2.942942769833
2.946834784103
2.950754384414
2.954677027230
2.958605509818
2.962545632591
2.966495083288
2.970451895059
2.974396057832
2.978346049895
2.982299406402
2.986252780031
2.990195198224
2.994156058605
2.998107616396
3.002072147292
3.006016999022
3.009983423657
3.013953528331
3.017906597970
3.021878169451
3.025826963693
3.029795321034
3.033755629319
3.037763255776
3.041775560575
3.045785724469
3.049755304998
3.053712435950
3.057702483945
3.061666376326
3.065678552144
3.069685756706
3.073702687443
3.077732624936
3.081759521158
3.085786005831
3.089848965352
3.093968298174
3.098105598425
3.102164981405
3.106056350116
3.110068766165
3.114156589115
3.118229995508
3.122325943707
3.126402058664
3.130473568260
3.134513403114
3.138558328111
3.142590059190
3.146600756509
3.150598743353
3.154559972149
3.158477645953
3.162418949629
3.166309984429
3.170173636956
3.174018466173
3.177853328857
3.181675989684
3.185560921085
3.189477285045
3.193487588943
3.377287855627
3.381648473188
3.385545050132
3.389477981462
3.393751814352
3.398072760910
3.402509989134
3.407024245931
3.411587737890
3.416187779292
3.420834336128
3.425514413221
3.430206805910
3.434921076356
3.439655275185
3.444416599727
3.449181608438
3.453965693553
3.458751346108
3.463521692473
3.468324543441
3.473156667049
3.477986142262
3.482878359047
3.487764602217
3.492587653380
3.497425142867
3.502282347571
3.507120826251
3.511957596524
3.516828792002
3.521695818214
3.526523816420
3.531389712191
3.536243944614
3.541092048435
3.545922914503
3.550723432617
3.555534101359
3.560303946829
3.565050490015
3.569725359277
3.574397002962
3.578970513789
3.583502897468
3.588012936296
3.592442012767
3.596854642259
3.601293124392
3.605779687840
3.610129470086
3.614610758904
3.618912090462
3.623326552211
3.627660736725
3.631997956785
3.636408748611
3.640778279358
3.645242149377
3.649621004943
3.654218818219
3.658646519158
3.663111842152
3.667641020546
3.671763489107
3.675762956628
3.679697406635
3.683673522466
3.687671917615
3.691680974687
3.695683386142
3.699668704407
3.703620772535
3.707574090302
3.711528431263
3.715467109528
3.719389957036
3.723282848364
3.727171705340
3.731042508164
3.734904174387
3.738744016468
3.742588399116
3.746393097323
3.750176555516
3.753992057560
3.757852323930
3.761812758095
3.765829815482
3.769736684044
3.773574006792
3.879220189708
3.882728410483
3.886821156280
3.890687940663
3.895037242758
3.899453752181
3.903958870979
3.908647006282
3.913373161528
3.918125937282
3.922990428985
3.927956294332
3.932999844634
3.937990414018
3.943002811221
3.948044655981
3.953102322324
3.958165301736
3.963255993308
3.968386035244
3.973500627965
3.978626105729
3.983765852554
3.988886805309
3.993995039739
3.999126799895
4.004201532856
4.009213844782
4.014152757361
4.019057776247
4.024003164815
4.028926913522
4.033812716280
4.038689237853
4.043513287997
4.048264796049
4.052896875593
4.058015579917
4.062628824257
4.067173862414
4.071593759778
4.076064207823
4.080450433189
4.084850357836
4.089277077773
4.093932927202
4.098524275657
4.103214983757
4.266391685056
4.270729160783
4.275110596986
4.279588511776
4.284139134415
4.288675335172
4.293244621925
4.297844355317
4.302493567216
4.307158351514
4.311865720214
4.316605274922
4.321402377167
4.326312219943
4.331184408359
4.335839485363
4.340462529480
4.345080257916
4.349706639395
4.354383868998
4.359060832122
4.363655946141
4.368255261070
4.372867575144
4.377450070213
4.382138355576
4.386788251476
4.391498363973
4.396189250515
4.400881402631
4.405592249302
4.410367151974
4.415192394205
4.420038371522
4.424681334950
4.429150769437
4.433862131101
4.438577917903
4.443198696507
4.447806783378
4.452320307520
4.456791725116
4.461296328400
4.465788030667
4.470190068530
4.474617407115
4.479018666636
4.483640185097
4.488119357171
4.492615906978
4.700246313301
4.703622379823
4.706694085793
4.709946933757
4.713205697481
4.716446724725
4.719696552303
4.722944766490
4.726196154725
4.729462250608
4.732743014423
4.736049699027
4.739365837590
4.742697992075
4.746064790304
4.749461145422
4.752905248142
4.756409698703
4.759981021031
4.763661720453
4.767439244832
4.771303295851
4.775305383315
4.779498959567
4.783758342820
4.788150224178
4.792738562440
4.797505610530
4.802531931501
4.807676788381
4.812950856362
4.818510619302
4.824175914620
4.830169941783
4.836302918587
4.842528203328
4.848806183691
4.855377871480
4.861934470938
4.870041304037
4.876479276714
4.883109580234
4.927649621827
4.933145399800
4.938247245332
4.943196670411
4.948263431007
4.953400180605
4.958480349794
5.507507254454
5.510916501817
5.514635591096
5.518414630635
5.522179035708
5.525950262758
5.529692651757
5.533425021897
5.537141232712
5.540822208692
5.544480526495
5.548118110646
5.551721368434
5.555326125119
5.558963133386
5.563064482295
5.567375167789
5.571154708756
5.574722802596
5.578391743545
5.897745241533
5.902123198081
5.906130300261
5.909471459519
5.913037025018
5.916926304317
5.920901337471
5.925061005525
5.929211265117
5.933476373839
5.937858685852
5.942247236090
5.946729371271
5.951239858553
5.955822160291
5.960525021630
5.965312358704
5.970058792989
5.974796840493
5.979544645237
5.984282663866
5.989023996963
5.993767349620
5.998533543871
6.003315978197
6.008073331859
6.012823504960
6.017586006046
6.022340901878
6.027053856401
6.031768394223
6.036460327049
6.041156713446
6.045842109565
6.050521794830
6.055186393623
6.059824894639
6.064436601455
6.069013741049
6.073568217326
6.078071166046
6.082554631108
6.086962738811
6.091356121878
6.095691363411
6.099983864661
6.104215273151
6.108379336790
6.112490796931
6.116601877396
6.120677178846
6.124753389312
6.128777845075
6.132675602368
6.136490389384
6.140339461208
6.144183909302
6.147954046918
6.151549389624
6.155076190244
6.158726680453
6.162397166573
6.166080182109
6.169549250098
6.173064506390
6.176560872639
6.180111511725
6.183574125030
6.187063090754
6.190592692630
6.194124539897
6.197650699087
6.201098490719
6.204659816181
6.208020221313
6.211466812535
6.214936310301
6.218269351512
6.221639764322
6.224968494824
6.228183566174
6.231411531491
6.234645917527
6.237891006757
6.241149667144
6.244416967476
6.247696838501
6.251006249038
6.254333566710
6.257665696215
6.261010851273
6.264369484784
6.267731188437
6.271094484619
6.274459322787
6.277813911712
6.281152847473
6.284483951856
6.287795870185
6.291101381852
6.294385250722
6.297644701903
6.300895740449
6.304134702155
6.307364594602
6.310575555470
6.313786365692
6.317028348212
6.320270397443
6.323532974931
6.326844804621
6.330191375907
6.333575697782
6.336958062482
6.340267687972
6.343549082925
6.346838179600
6.350186758700
6.353390556903
6.356747795131
6.359942700524
6.363404814177
6.508457960388
6.511831648572
6.515932700609
6.520128836993
6.524505781412
6.528995335455
6.533491896324
6.538046208868
6.542699643122
6.547348115091
6.552053840646
6.556794817853
6.561552628463
6.566342155467
6.571184018383
6.576044471390
6.580888558261
6.585795936381
6.590675636061
6.595549116669
6.600412984299
6.605272532827
6.610049745512
6.614843957289
6.619607415502
6.624285343468
6.628744549894
6.633424982227
6.637940682474
6.642455487076
6.646857577517
6.651584824944
6.796235075053
6.800050696080
6.803964183722
6.807710206350
6.811689377506
6.815809698674
6.819943524895
6.824113547674
6.828321151285
6.832509741284
6.836798379628
6.841143352485
6.845437878964
6.849815962342
6.854170447253
6.858504590449
6.862897312999
6.867346450624
6.871839629419
6.876392055781
6.880993299012
6.885640464041
6.890357379528
6.895118094776
6.899934563156
6.904765800517
6.909628888213
6.914507008944
6.919414856259
6.924356735870
6.929307869723
6.934254047080
6.939232398213
6.944180231035
6.949159894234
6.954076634498
6.958845281365
6.963670522895
6.968391631960
6.973248352917
6.978095505628
7.105360115659
7.109443879339
7.113417710513
7.117659773180
7.122759310365
7.127755896424
7.132996937951
7.138172873766
7.143494481984
7.148894107210
7.154362871630
7.159856545851
7.165412233110
7.171094506249
7.176779771406
7.182446005684
7.188102434957
7.193809348481
7.199526723063
7.205293070330
7.211060803127
7.216820011668
7.222563716619
7.228321705430
7.234060236743
7.239767358387
7.245444354112
7.251107772769
7.256752828991
7.262287397619
7.267862904484
7.278690284017
7.289562078216
7.300691722621
7.311787671731
7.331849345356
7.340878130678
7.349745981864
7.358385543067
7.366632079762
8.021644822571
8.025149148942
8.029207087109
8.033207662074
8.037220902352
8.041307675814
8.045491860173
8.049762149243
8.054053600211
8.058454186870
8.062951020065
8.067449111279
8.071977663152
8.076521850239
8.081111272155
8.085689129738
8.090298221765
8.094946732658
8.099575739067
8.104220755785
8.108833527221
8.113473077231
8.118089648285
8.122700396746
8.127269779888
8.131832195407
8.136376469499
8.140859667432
8.145312076381
8.149693657648
8.154009437296
8.158283312722
8.162463644863
8.166583462236
8.170661110596
8.174691363938
8.178688837118
8.182622143305
8.186499490213
8.190264563097
8.194088084777
8.197755791713
8.201308423361
8.204980164118
8.208559107336
8.212521482066
8.216801115192
8.221212502759
8.388518466531
8.391948741707
8.395569756211
8.399334970684
8.403050203312
8.406814158978
8.410578426460
8.414350385121
8.418137466198
8.421940872844
8.425732420219
8.429536697112
8.433346194003
8.437161518641
8.441011801189
8.445073285177
8.449310773961
8.453568177854
8.457767075488
8.461991324174
8.660316405555
8.663477805844
8.666977069060
8.671152555947
8.675064660856
8.679197180294
8.683255006693
8.687386438776
8.691600257730
8.695790423321
8.700089511748
8.704366194004
8.708506131615
8.712773380839
8.717095819900
8.721457964288
8.725846408053
8.730295144223
8.734756351284
8.739228684683
8.743736887628
8.748275741621
8.752871393423
8.757478473245
8.762133858788
8.766822862521
8.771525217836
8.776254458428
8.781037690517
8.785804841092
8.790580907882
8.795358454279
8.800139961904
8.804940656160
8.809765282348
8.814580671926
8.819390596856
8.824194071580
8.828980810444
8.833779267697
8.838634230556
8.843708183712
8.848516306888
8.853313863145
8.858108032333
8.862957226762
8.867716039262
8.872446476223
8.877172464401
8.881949553402
8.886708963395
8.891537358409
8.896337327435
8.901137120236
8.905890418334
8.910559482597
8.915277068064
8.920162282145
8.924926555793
8.929933272623
8.934452308615
8.939170899156
8.943624536918
8.947893710475
8.952264732975
8.956610225065
8.960936120373
8.965325517743
8.969796106194
8.974287354277
8.978768595428
8.983265876333
8.987756055257
8.992248655489
8.996746976489
9.001246324946
9.005704657779
9.010150843462
9.014632504502
9.019102699848
9.023659389342
9.028185205067
9.032764566107
9.037282598409
9.041871220255
9.046327402337
9.050684326960
9.055132925178
9.059494486756
9.064052486264
9.148258724876
9.151719101042
9.156798709177
9.160541209725
9.164617285743
9.168925088664
9.173334291831
9.177684515070
9.182052500668
9.186464403640
9.190929276942
9.195393431765
9.199935938816
9.204499222587
9.209115815103
9.213726673229
9.218218974728
9.222811039272
9.227474569714
9.232164120520
9.236910794769
9.241665727941
9.246376669856
9.251106062528
9.255787983747
9.260481371437
9.265146936205
9.269826184065
9.274502491063
9.279182291616
9.283851631509
9.288577210219
9.293232453110
9.297929858421
9.302593980519
9.307276461965
9.311882298974
9.316497887808
9.321122779432
9.325921660058
9.330769068527
9.335340793301
9.340073926212
9.344714262417
9.349396392632
9.354038378164
9.358670523102
9.363206823637
9.367957387322
9.518751479321
9.522952305298
9.527621205273
9.532825269829
9.537929607679
9.543279955477
9.548671398784
9.554075447295
9.559546033245
9.565066420373
9.570657794410
9.576289478096
9.581933118036
9.587645883469
9.593358684316
9.599086822401
9.604904249155
9.610693781453
9.616484597495
9.622290781074
9.628089694323
9.633911281561
9.639718023698
9.645482390051
9.651330248561
9.657127081923
9.662955002146
9.668777854723
9.674588597572
9.680250664275
9.685912541437
9.691497449094
9.697126605822
9.702597874390
9.708092865556
9.713481970005
9.718875526220
9.724147367052
9.729471857349
9.734587037372
9.739607332123
9.744141375170
9.749417294159
9.754604823828
9.759253082503
9.764040359427
9.769255113441
9.774322899686
9.779163123385
9.784071378694
9.789112137116
9.794049606985
9.798969501115
10.188066816352
10.192790971926
10.197429942733
10.202043388371
10.206706247516
10.211371748260
10.216058428312
10.220760172095
10.225432504766
10.230125534210
10.234804226092
10.239417316653
10.244062883738
10.248653789394
10.253271023144
10.257855492007
10.262475168262
10.267129738051
10.271875802578
10.276468053385
10.281030082351
10.285611838220
10.290153139618
10.294676484474
10.299198081711
10.303685675149
10.308163661965
10.312717674383
10.317198891998
10.321755497510
10.326264852693
10.330734566595
10.335245841873
10.339761065572
10.344249991123
10.348705374842
10.352876762178
10.357380000100
10.361844946557
10.366310957274
10.370816398955
10.375350441162
10.379879613518
10.384373609060
10.388875585633
10.393361041679
10.397854903496
10.402337948111
10.406809599571
10.411255392872
10.415683086602
10.420088268430
10.424483809982
10.428849388160
10.433190619884
10.437501491724
10.441794797667
10.446055258677
10.450303765731
10.454504896927
10.458743787104
10.462840519494
10.467419811301
10.472079510871
10.476470926665
10.480971206711
10.485462827789
10.489908220185
10.494361568892
10.498770158673
10.503014147891
10.507141084455
10.510798240355
10.514844237617
10.518820185007
10.522462869964
10.526086486002
10.529764971186
10.533402029735
10.537003110916
10.540604270247
10.544171453508
10.547733130612
10.551220403159
10.554712817031
10.558167396863
10.561613390114
10.565021804914
10.568423397257
10.571810051324
10.575185729248
10.578544786760
10.581887704189
10.585210699369
10.588506140275
10.591789309722
10.595054507114
10.598303934551
10.601537726669
10.604747829177
10.607940022546
10.611123334312
10.614296599479
10.617454449673
10.620602585705
10.623733872391
10.626850847659
10.629944894780
10.633035011877
10.636120116537
10.639194635852
10.642270085111
10.645322997449
10.648379459848
10.651482416131
10.654610305910
10.657804486019
10.661015984754
10.664222599596
10.667483864932
10.670639875037
10.673554888623
10.786878630867
10.793050292152
10.796437133422
10.799902637322
10.803603806665
10.807398516912
10.811261198531
10.815260371473
10.819306881554
10.823363047867
10.827503701869
10.831761955006
10.836053300387
10.840411059876
10.844869066226
10.849384590214
10.853943990863
10.858599806088
10.863298785567
10.868052985105
10.872842971487
10.877715413605
10.882581339644
10.887540001122
10.892506051352
10.897533569242
10.902556098315
10.907622968252
10.912685696184
10.917790491062
10.922902862119
10.928013382467
10.933131777750
10.938195299251
10.943215134550
10.948205895233
10.953138490246
10.958066633324
10.962951553000
10.967809419757
10.972597387135
10.977424380345
10.982306811136
10.987120456445
10.991800382238
10.996440167914
11.001221921670
11.005989937567
11.010897302057
11.015901511285
11.020855121168
11.025785869619
11.030870596683
11.035917589284
11.040877586814
11.044894718319
11.187739326359
11.191541529691
11.195825054952
11.200126477583
11.204477189146
11.208894562622
11.213350290625
11.217839706987
11.222382195890
11.226938935335
11.231547120337
11.236175740037
11.240810911298
11.245434343732
11.250068826732
11.254688832306
11.259284169181
11.263872858859
11.268463888099
11.273054388012
11.277654360717
11.282269507146
11.286906403037
11.291562708962
11.296317220669
11.301284716360
11.306122210775
11.310950456419
11.315784183513
11.320562900766
11.325396858727
11.330142315504
11.334817299445
11.339391549708
11.343946486744
11.348523403495
11.353079309271
11.357677027904
11.362232512773
11.366780640975
11.371320988970
11.375886028820
11.380448577819
11.385040999867
11.389655835789
11.394350483861
11.399062921607
11.403778224560
11.408535522392
11.413312350752
11.418156801062
11.423043655252
11.428151077672
11.433278916953
11.438414255405
11.443483375493
11.448912607902
11.454320210857
11.459429651455
11.464713804921
11.469652104939
11.474731110133
11.479784941197
11.484936053501
11.490334871678
11.495855009662
11.501138113982
11.506407272728
11.511690287361
11.516135329134
11.520964479280
11.526643169704
11.531295123121
11.536168702109
11.541672808441
11.546516233647
11.551351603915
11.556329284016
11.561304982474
11.566326355685
11.571366586488
11.576453374413
11.581569730662
11.586708273311
11.591851997971
11.596986516786
11.602149228290
11.607384562232
11.612706854552
11.618074966261
11.623460898868
11.628855484959
11.634272146970
11.639697369351
11.645118250148
11.650540936201
11.655944737424
11.661375711160
11.666771327456
11.672179097755
11.677538335870
11.682896615059
11.688267701616
11.693725687083
11.699215226439
11.704561269717
11.709938701011
11.715326859581
11.720728637116
11.726054241905
11.731365897484
11.736729756473
11.742169355232
11.747520400051
11.752904139001
11.758091193945
11.763324444574
11.768769516005
11.774408826898
11.780092508609
11.785880495471
11.791721720047
11.797633995692
11.803613628386
11.809749158985
11.815833054350
11.821683582010
11.827523508020
11.833491411979
11.839334090746
11.845103059000
11.850754446096
11.856729955163
11.862304156791
11.867951207685
11.922877109165
11.928589661402
11.934373242980
11.940242821462
11.946101880180
11.951948554502
11.957854491593
11.963769244664
11.969726112634
11.975725246666
11.981742278903
11.987833036381
11.994042967234
12.000308261818
12.006796297819
12.013293657042
12.020158942007
12.027094257106
12.034287983131
12.041444322364
12.048579384593
12.055757126800
12.062904650192
12.070083175842
12.077473430276
12.085032839326
12.885069499601
12.888557311369
12.892965978069
12.897324359945
12.901734701125
12.906082465558
12.910454541732
12.914829169679
12.919185825490
12.923514403893
12.927857287362
12.932212187495
12.936569505875
12.940965394314
12.945319582364
12.949650867211
12.954001058046
12.958327719184
12.962660450360
12.966975034107
12.971258526927
12.975534360884
12.979796092223
12.984067570572
12.988379717235
12.992736667949
12.997070519423
13.001391652329
13.005694965538
13.009988877031
13.014283721210
13.018548820989
13.022785496588
13.026996415405
13.031174338630
13.035326719245
13.039419270234
13.043464857740
13.047484644752
13.051474506315
13.055428314931
13.059349083464
13.063254179142
13.067142785712
13.070926037829
13.074598625324
13.078372964564
13.082326062065
13.188022593861
13.191173202180
13.193981781339
13.196912857927
13.199871597472
13.202843088182
13.205816118920
13.208787318735
13.211759889438
13.214730429921
13.217689290768
13.220656883958
13.223626551989
13.226600592206
13.229578537287
13.232547145841
13.235518714360
13.238497914358
13.241488394971
13.244491021086
13.247552408945
13.250690911876
13.253684456481
13.256661746841
13.259673135699
13.262681200487
13.265674061674
13.268647630641
13.271638182282
13.274596439127
13.277580273858
13.280562304276
13.283519609162
13.286476491834
13.289414948072
13.292372224035
13.295285952630
13.298199503334
13.301029990547
13.303901283782
13.306772050812
13.309631869409
13.312507951969
13.315348118136
13.318197047547
13.321037906894
13.323874349326
13.326700848903
13.329518680075
13.332344995362
13.335161312950
13.337958144925
13.340752984603
13.343533301300
13.346318573396
13.349085955180
13.351853468920
13.354615385259
13.357377132502
13.360146749817
13.362915072780
13.365695016434
13.368466320253
13.371254332675
13.374035180391
13.376822188961
13.379610898777
13.382404897825
13.385195602034
13.387971022630
13.390753642079
13.393546040861
13.396343709089
13.399140929720
13.401962263738
13.404809525646
13.407726067238
13.410648672985
13.413612241377
13.416522057894
13.419390333568
13.422217913414
13.425010046626
13.427784525073
13.430536396390
13.433264507894
13.435963197158
13.438647303699
13.441322257003
13.443970038751
13.446596601861
13.449205744780
13.451806639507
13.454403829390
13.456986940595
13.459556831039
13.462121479685
13.464679611943
13.467240716337
13.469799883491
13.472355984308
13.474916080842
13.477478491607
13.480038874664
13.482594498706
13.485146495892
13.487702923538
13.490264348372
13.492832382015
13.495405959121
13.497982567292
13.500573366753
13.503185154095
13.505834786136
13.508512281514
13.511244030452
13.514023807256
13.516585904512
13.519176819284
13.521782756491
13.524446279634
13.636836125481
13.640668134443
13.643805005779
13.647045052636
13.650432048399
13.653889014684
13.657382044650
13.660926589680
13.664487598615
13.668149459407
13.671827831614
13.675575440230
13.679224506366
13.683051101664
13.686853319507
13.690655570354
13.694480731821
13.698311927654
13.702161803513
13.706028355134
13.709892062264
13.713765169085
13.717641768275
13.721532776380
13.725423418640
13.729306099884
13.733177312018
13.737052174594
13.740916829307
13.744768151270
13.748604330990
13.752416225336
13.756210296552
13.759974152440
13.763715571897
13.767426813002
13.771126698088
13.774813830901
13.778497686606
13.782200302674
13.785900251365
13.789558201606
13.793182597860
13.796731818203
13.800299192428
13.804084566008
13.807896800619
13.811681782613
13.815473358030
13.819295892408
13.823095238095
13.826900910994
13.830611982453
13.834493980911
13.838255653175
13.842047133264
13.845841567970
13.849622575718
13.853390239859
13.857241048386
13.860975759562
13.864552880081
13.868017352672
13.875609432147
13.879272144276
13.882618513889
13.885946335996
13.889459907213
13.892957756755
13.896482275499
13.900038724348
13.903599971268
13.907140398913
13.910641211669
13.914183183503
13.917912391618
13.921649631305
13.925385559237
13.929119107510
13.932882237585
13.936642247442
13.940408828491
13.944173165839
13.947930505929
13.951681708853
13.955409123807
13.959123909687
13.962828494773
13.966508354476
13.970150858204
13.973780258056
13.977391753226
13.980966143893
13.984524879872
13.988063266040
13.991632628387
13.995177986697
13.998744535674
14.002308009666
14.005830342808
14.009372890652
14.012931984338
14.016523236349
14.118675484833
14.121936651861
14.125021442541
14.128391470757
14.131819059393
14.135200882697
14.138621918473
14.142009108969
14.145419192766
14.148819729209
14.152203045156
14.155579243021
14.158969196360
14.162367048647
14.165758176915
14.169209313330
14.172695416404
14.176178169168
14.179629800766
14.182987796023
14.186363320821
14.367551422931
14.371535474047
14.375424902018
14.379456527414
14.383545852503
14.387781797495
14.391994972592
14.396287063789
14.400599913736
14.404952888009
14.409294877872
14.413717591945
14.418177022953
14.422649226616
14.427241857236
14.431864507134
14.436491603483
14.441164008365
14.445858663674
14.450590004891
14.455310903932
14.460022013147
14.464809757225
14.469579378869
14.474367302197
14.479141096112
14.483971944330
14.488819542772
14.493686645497
14.498570329654
14.503412215202
14.508272096921
14.513122755813
14.517956580183
14.522807670052
14.527636459172
14.532489662179
14.537342928021
14.542231255706
14.547127897590
14.551983950645
14.556783792672
14.561366735450
14.565935173138
14.570452193055
14.574925397321
14.579340999243
14.583714222366
14.588043609047
14.592281525862
14.596481950518
14.600604133035
14.604632814307
14.608571008114
14.612511461412
14.616317173569
14.620056414815
14.623804450206
14.627291767335
14.630948846015
14.634696281233
14.638295342559
14.641855718257
14.645696815174
14.650339019415
14.654858086074
14.659323528709
14.663871047971
15.079720903579
15.083784383896
15.087863042365
15.091991285043
15.096157890064
15.100275385223
15.104391279981
15.108567106122
15.112787688460
15.116959684626
15.121225953131
15.125443443753
15.129668904724
15.133881928359
15.138073136159
15.142282177571
15.146474563733
15.150644716425
15.154790259928
15.158940239574
15.163094360641
15.167528965250
15.171773084471
15.175871051479
15.180006364306
15.184180548749
15.188310766067
15.192452830819
15.196593712245
15.200771584173
15.204945907889
15.209142978721
15.213337166155
15.217577209783
15.221738844831
15.225810604477
15.229929066228
15.234078258064
15.238265097816
15.242453448892
15.246654386237
15.250875027602
15.255116433981
15.259384609157
15.263704746878
15.268002043061
15.272299956900
15.276635949638
15.280998761475
15.285398389902
15.289854895990
15.294329318535
15.298847106112
15.303853820383
15.308477217145
15.313256155553
15.317933023461
15.322571541237
15.327210376842
15.331863573554
15.336715628843
15.341723138883
15.346667813858
15.351598193269
15.356413228092
15.361152299253
15.366041136957
15.371131100955
15.375982045427
15.380830532204
15.385637353003
15.390520618097
15.395390706515
15.400223599390
15.405130285508
15.410037908290
15.414458347043
15.418595546743
15.422855124340
15.427069596337
15.431258234229
15.435394722906
15.439493513061
15.443571805935
15.447638640134
15.451649458382
15.455634650507
15.459582729550
15.463487149154
15.467364103261
15.471194799908
15.475020274850
15.478786996324
15.482555164930
15.486304488862
15.490035982131
15.493760983663
15.497455545034
15.501137122203
15.504839236901
15.508551974964
15.512274886392
15.516019681010
15.519744789621
15.523485862195
15.527590417097
15.531682543066
15.535745889238
15.540121644000
15.544240343859
15.548214231471
15.574505058695
15.578254708487
15.582294057803
15.586145747667
15.589675596619
15.594062210644
15.597613385970
15.727377892880
15.732040241091
15.735147684725
15.739143340602
15.742754003400
15.746535056691
15.750318162103
15.754158109949
15.758034979308
15.761970050513
15.765946158538
15.769941466080
15.773978527883
15.778045583773
15.782143073581
15.786274863531
15.790429250237
15.794602368838
15.798814253369
15.803067151531
15.807336540727
15.811615326481
15.815927741603
15.820222693649
15.824531017780
15.828834048712
15.833180997553
15.837542350766
15.841913048861
15.846278918862
15.850641729298
15.854994323003
15.859318720086
15.863584896465
15.867804070218
15.871970402750
15.876134943840
15.880166452414
15.884139187629
15.888158049671
15.892172747313
15.896200191039
15.900191477527
15.904289178707
15.908627708669
15.913113698511
15.917774142380
15.922248540684
15.926406059055
15.930590903901
15.934942336087
16.062121291829
16.066199399813
16.070327301004
16.074541821545
16.078854244768
16.083237019157
16.087661921751
16.092130602007
16.096669185955
16.101237506541
16.105835766840
16.110477010715
16.115147272590
16.119854990501
16.124601909439
16.129362063762
16.134163196289
16.138991944035
16.143853058620
16.148770439631
16.153728808670
16.158695831545
16.163655170353
16.168607618311
16.173587449117
16.178556292938
16.183484655132
16.188418183904
16.193318213923
16.198233424036
16.203103859064
16.207920124517
16.212774415680
16.217641858317
16.222491442046
16.227397204568
16.232346992845
16.237288398817
16.242115053109
16.247056376652
16.251982770043
16.256821109670
16.261738402227
16.266647504831
16.271440483690
16.346466717618
16.350854922205
16.355134615133
16.359760353863
16.364588832269
16.369396529171
16.374238635015
16.379119541407
16.384101503824
16.389139090549
16.394198239532
16.399305645465
16.404453822209
16.409699453260
16.415234913758
16.420450812150
16.425712854585
16.430912668853
16.436190626317
16.441623772870
16.447019698573
16.452191252402
16.457235999731
16.462453885767
16.467815395067
16.473241045477
16.478782273548
16.484336766271
16.489907698129
16.495534001944
16.501173541116
16.506809603256
16.512469000802
16.518051890072
16.523624943683
16.529283293895
16.534829695341
16.540278066593
16.545613156019
16.707741425579
16.712173931082
16.717479692073
16.722865623564
16.728633394018
16.734466504350
16.740251033344
16.746223986297
16.752467417240
17.657133659780
17.661541323228
17.664961058026
17.668427050598
17.672238986248
17.676028831991
17.679869818772
17.684080879309
17.688560526443
17.693043263771
17.697787918281
17.702401360400
17.706734101896
17.711091142406
17.715758367808
17.756313677110
17.760862909141
17.764568166496
17.768416544399
17.772272070586
17.776215341218
17.780208645341
17.784235150771
17.788290727112
17.792354676233
17.796414548167
17.800502447303
17.804658688172
17.808811809809
17.813014958907
17.817224479474
17.821459845817
17.825745638038
17.829976404282
17.834258038381
17.838498964387
17.842731537740
17.846980603888
17.851225333922
17.855498546595
17.859725462393
17.863992529874
17.868243863717
17.872391715995
17.876656160469
17.881002779266
17.885332240485
18.055059135052
18.061263091981
18.064639789468
18.067611825511
18.070566102924
18.073634030205
18.076813084742
18.079987626790
18.083104163503
18.086203125050
18.089305271929
18.092369714195
18.095423672977
18.098462141910
18.101482696559
18.104500230025
18.107486522862
18.110448842197
18.113405461702
18.116346832042
18.119256241408
18.122158131970
18.125068833887
18.127978262334
18.130913671949
18.136746931898
18.139808705542
18.142994150419
18.146243530305
18.149495757139
18.152645094295
18.155806057751
18.158985939666
18.162207119423
18.165463055828
18.168554853301
18.171563253739
18.174611835043
18.177528702282
18.180463547021
18.183509008212
18.186531653957
18.189718367128
18.193029119377
18.196372365606
18.199736044805
18.203086366215
18.206413710711
18.209833200681
18.213163558984
18.216509491223
18.219899900851
18.223249475248
18.226655141446
18.230087329119
18.233529656739
18.236900440159
18.240165515480
18.243368138661
18.246797303368
18.250170532041
18.253616836839
18.257133917467
18.260052903092
18.262959916989
18.265855006509
18.268717891353
18.271574455246
18.274454380699
18.277341345508
18.280213321687
18.283077832122
18.285916592747
18.288742599358
18.291568174288
18.294375067049
18.297173888990
18.299949826158
18.302710737252
18.305470015704
18.308212760266
18.310939895766
18.313643161906
18.316336807096
18.319021648180
18.321698513060
18.324369764010
18.327037497401
18.329699338236
18.332370691607
18.335038059292
18.337708280562
18.340365298749
18.343022201178
18.345680469657
18.348316386997
18.350944545355
18.353565472942
18.356173123051
18.358780054490
18.361389669449
18.364001302975
18.366652783363
18.369300111531
18.372053590772
18.374736428335
18.377477734583
18.380191451693
18.383078198122
18.568232525389
18.572155710938
18.575384431429
18.579049116338
18.582745169024
18.586493155935
18.590292474760
18.594143047312
18.598016528157
18.601963970145
18.605969037512
18.609964013583
18.613978960812
18.618047968376
18.622143776429
18.626228052231
18.630359245184
18.634501862054
18.638658833181
18.642815840949
18.646990189732
18.651164366737
18.655336238913
18.659525057695
18.663713053532
18.667858421872
18.672047081760
18.676237388336
18.680413044292
18.684594810016
18.688792056664
18.692970674712
18.697157866448
18.701342344690
18.705527336527
18.709718616874
18.713942550248
18.718143880015
18.722354973365
18.726560249626
18.730772768520
18.734973208568
18.739163718667
18.743346915049
18.747497592400
18.751695365619
18.755800861016
18.759925742772
18.764036423662
18.768141853783
18.772264762976
18.776364225669
18.780399704871
18.784445889874
18.788607340648
18.792775911478
18.797153727953
18.801360396688
18.938330453764
18.941720128657
18.945202199470
18.948968936601
18.952799581268
18.956633971595
18.960861475427
18.965044497852
18.969217953277
18.973514360156
18.977834934266
18.982168054219
18.986495802323
18.990853403261
18.995217100071
18.999512661269
19.003874071445
19.008318975645
19.012679687657
19.017019223836
19.021336007572
19.025767353013
19.030275866329
19.034733569337
19.039436049240
19.044009183464
19.048671101516
19.053250055714
19.058198097023
19.062668942407
19.117527250347
19.120974194088
19.125141770094
19.129302596879
19.133554937253
19.137890591196
19.142304500886
19.146762768864
19.151274017254
19.155837153390
19.160488142676
19.165149833346
19.169816815766
19.174460186612
19.179074054570
19.183647955780
19.188232803117
19.192815321483
19.197403429505
19.201987719145
19.206493746711
19.211133469658
19.215814238471
19.220366708207
19.224964080465
19.229588632368
19.234141126112
19.238574212405
19.243114320549
19.247506252403
19.251911187719
19.256543596964
19.261053288603
19.265595862300
19.270111462865
19.274683967079
19.279290466563
19.283916007174
19.288407246536
19.292826432982
19.345290181833
19.349569793712
19.353735338374
19.358102239744
19.362507488244
19.366897385127
19.371337040521
19.375736346296
19.380099094205
19.384382681147
19.388661682141
19.392884139626
19.397035881676
19.401133204342
19.405154010250
19.409131144049
19.413089635203
19.416989487441
19.420860815722
19.424674747438
19.428500160670
19.432288614896
19.436034380597
19.439741981700
19.443428753144
19.447082591669
19.450722470950
19.454320853566
19.457872110969
19.461360783824
19.464826075217
19.468256759767
19.471651165653
19.475019735696
19.478377409309
19.481708378486
19.484999158734
19.488264399926
19.491520596144
19.494758825309
19.497974135835
19.501174268048
19.504363946435
19.507512451275
19.510657393720
19.513816759143
19.516953477710
19.520057930865
19.523157951399
19.526269524025
19.529410141039
19.532562797073
19.535762076158
19.538924609136
19.542088078751
19.545250468279
19.548424829084
19.551582827261
19.554754796652
19.557918418188
19.561092895953
19.564262935562
19.567440227497
19.570617342387
19.573788624888
19.576962536963
19.580129646836
19.583283615111
19.586431429083
19.589572584838
19.592715344181
19.595859560812
19.599028693930
19.602179678496
19.605353233994
19.608520326957
19.611685894439
19.614864626147
19.618038753791
19.621233854723
19.624466798390
19.627727682925
19.631006365263
19.634304442449
19.637619714269
19.640932906669
19.644243707836
19.647545662029
19.650829742576
19.654125114241
19.657421596238
19.660710912760
19.663994835907
19.667280161594
19.670553148660
19.673858405103
19.677124282290
19.680409503871
19.683687317624
19.686958660382
19.690235095012
19.693509046220
19.696761341675
19.699997424925
19.703264691709
19.706513062749
19.709791036908
19.713068308041
19.716367075708
19.719670170145
19.723020871360
19.726391860858
19.729871062583
19.733378718925
19.736968494382
19.740406031260
19.746940047327
19.750625634829
19.754554220889
19.759525494650
19.763630523306
19.767659333607
19.772240908626
19.776754422474
19.781356890723
19.786211432493
19.790962236382
19.795884153957
19.800778371286
19.805602634590
19.810353757363
19.815454314104
19.820453742080
19.825415925463
19.830513153439
19.835408270911
19.840631560036
19.844943982935
19.849970251718
19.855024488385
19.860311344895
19.865690760116
19.871123824904
19.876582856124
19.882036487619
19.887496030023
19.892979450965
19.898518987341
19.904080024566
19.909610294466
19.915199404775
19.920771365064
19.926335828120
19.931893257734
19.937475628758
19.942986797759
19.948519063427
19.954014092148
19.959509663997
19.964993618481
19.970446920747
19.975929204802
19.981391648250
19.986869799596
19.992351776011
19.997829045648

