Time_s
0.934888952721
0.938053416019
0.941649301644
0.944717856951
0.947692259291
0.950879395355
0.954053995631
0.957185642426
0.960325926716
0.963388186403
0.966408323853
0.969401929186
0.972416172948
0.975424699142
0.978405211218
0.981289593154
0.984270668883
0.987164321911
0.990067813384
0.992912153111
0.995772426654
0.998592364608
1.001410592994
1.004218892135
1.007037261432
1.009873745285
1.012717309865
1.015541517272
1.018341994012
1.021146990114
1.023925944068
1.026673391856
1.029431403625
1.032216489237
1.034994940782
1.037773967651
1.040555550334
1.043362423818
1.046160850184
1.048943053347
1.051724560532
1.054516676354
1.057287344026
1.060001902640
1.062802894887
1.065599724100
1.068447433689
1.071272065197
1.074372253699
1.077185819869
1.080013965755
1.082747291732
1.085485914771
1.088280290020
1.091267890117
1.094125996291
1.096555343297
1.099298076616
1.102368523027
1.105163958878
1.107877257841
1.110881680492
1.113855931917
1.116688162491
1.201223051371
1.204394650893
1.207325701701
1.210833645840
1.214381897227
1.217986118293
1.221616324107
1.225293772119
1.229007487652
1.232810286621
1.236608996481
1.240614143193
1.244558491217
1.248540674901
1.252561887107
1.256630072173
1.260776590703
1.264849763852
1.269028691745
1.273171788955
1.277508557258
1.281844300285
1.286275864362
1.290675786413
1.295168392938
1.299683489692
1.304162124879
1.308646301992
1.313223692994
1.317610667263
1.322046378044
1.326462564009
1.330911551310
1.335422057027
1.339940952460
1.344438690483
1.349174270867
1.353732233586
1.358259541190
1.362626062498
1.366958478314
1.371590120004
1.376146163621
1.380583251852
1.384953881517
1.393896790982
1.398409668803
1.402986197099
1.407005618115
1.410925465396
1.415403012479
1.419747933780
1.424245260864
1.428794498200
1.433280811983
1.437657851309
1.442039071066
1.506875514392
1.511137586524
1.514676927605
1.518577179072
1.522784352195
1.527209521737
1.531732964678
1.536364281630
1.541013253532
1.545738560342
1.550512633484
1.555349081588
1.560205541515
1.565119936944
1.570073313126
1.575050983881
1.580030346926
1.585059539080
1.590112096371
1.595269078581
1.600451326451
1.605619802521
1.610815162587
1.616049166854
1.621288956875
1.626532240444
1.631768924204
1.636997669575
1.642207164225
1.647407356589
1.652583327809
1.657729783580
1.662856147441
1.667953000584
1.673027516344
1.678099033658
1.683149520445
1.688200408640
1.693276618250
1.698328646883
1.703358922441
1.708384767348
1.713421239548
1.718494519637
1.723562895570
1.728576581823
1.733561709380
1.738586453067
1.743573803481
1.748578551958
1.753601212003
1.758625318361
1.763638095089
1.768646757615
1.773647017333
1.778628701656
1.783627903519
1.788611099810
1.793586276978
1.798513313968
1.803433129505
1.808248754544
1.812957247616
1.817708834751
1.822486734160
1.827210507626
1.831898145742
1.836474635141
1.841076913400
1.845407440404
1.849754494047
1.854185868202
1.858365083786
1.862599418101
1.866868713027
1.871030688649
2.042434145793
2.047127035016
2.051595384963
2.056329949943
2.060812621735
2.065372290783
2.069747467249
2.074122949993
2.078436390920
2.082704042520
2.086852125401
2.091048073135
2.095169758891
2.099240469124
2.103302531098
2.107308111444
2.111259949398
2.115170552766
2.119122812777
2.122994658046
2.126802915672
2.130647781129
2.134491689154
2.138340211974
2.142194196437
2.146044224114
2.149970901635
2.153864834395
2.157770206374
2.161659354510
2.165660675659
2.169660803995
2.173648980242
2.177560238396
2.181401127141
2.185328803497
2.189213891414
2.192650163711
2.196823104030
2.200618508810
2.204614564187
2.208344111808
2.212276758889
2.216240576978
2.220165646706
2.224209056883
2.228122798567
2.232161488562
2.236244969667
2.240201124805
2.244174577599
2.285099497146
2.288833070804
2.291516073429
2.294081850658
2.297165935858
2.300285845291
2.303461867214
2.306674708910
2.309962367892
2.313220518942
2.316456690423
2.319656551349
2.322865078420
2.326088196043
2.329320486416
2.332554091941
2.335813767161
2.338440927155
2.341643990930
2.345026217605
2.348279643951
2.351608428007
2.354773266963
2.358130244365
2.361371240602
2.364563751527
2.367889141708
2.371261570334
2.374551803599
2.377748284982
2.380848721149
2.383968855930
2.387163402255
2.390447199875
2.393734975872
2.396935710018
2.438130809419
2.441875446691
2.445134142359
2.448646188862
2.452085113395
2.455546744871
2.459038801501
2.462542994852
2.466052412644
2.469599146032
2.473186158230
2.476830711929
2.480552934528
2.484358851058
2.488257386061
2.492204480398
2.495412175423
2.499091817798
2.502929135431
2.506838988011
2.510608499640
2.514508427037
2.518625267617
2.522414183581
2.526430540614
2.530829480071
2.535529694767
2.540127832106
2.543991040191
2.547741218151
2.551350095062
2.554811499408
2.559269177650
2.562893227446
2.566946998188
2.571326062091
2.575671975396
2.579958951259
2.584183645446
2.588305820123
2.592373441719
2.596447998218
2.600505796598
2.604567688154
2.608641883686
2.612603447158
2.616605626156
2.620603919127
2.624592860206
2.628618632149
2.632655388611
2.636741328389
2.640799782241
2.644883304031
2.649000012785
2.653116030663
2.657306432821
2.661548506827
2.665806347055
2.670078387067
2.674350149803
2.678618187661
2.682865706499
2.687115414036
2.691413374001
2.695751436531
2.700140373917
2.704623409677
2.709175190052
2.713873378185
2.718582841424
2.723408307800
2.728113017768
2.733300497908
2.743161637217
2.747884758756
2.752759949628
2.757650671187
2.762876873009
2.767525881180
2.772345056282
2.777113332540
2.781816069848
2.786457857939
2.791195961444
2.795964682021
2.800543679499
2.805157392156
2.809756878415
2.814348836357
2.818968935679
2.823597331476
2.828211783975
2.832842502560
2.837500521861
2.842192190315
2.846902181459
2.851643242755
2.856215589253
2.860462276151
2.865245012448
2.869984819442
2.874682404559
2.879458875589
2.883989817249
3.014522194213
3.018614000308
3.023093308220
3.027278683658
3.031512183780
3.035760599543
3.040060789426
3.044405905138
3.048733896691
3.053059599387
3.057385152098
3.061688209795
3.065889472076
3.070091655327
3.074335788735
3.078665063368
3.082924896699
3.087190934839
3.091482588997
3.095729992115
3.100012678063
3.104312432480
3.108576440886
3.112886142917
3.117186083427
3.121509853122
3.125817323528
3.130080309095
3.134389741019
3.138730163566
3.143107683205
3.147483648937
3.151837454646
3.156221334669
3.160591654293
3.164971013919
3.169364370329
3.173755421597
3.178275618152
3.182837762633
3.187591511402
3.192216697531
3.196516746918
3.200715497624
3.205268535248
3.209792476538
3.214514249165
3.218819637374
3.223082910274
3.227447679176
3.232173714267
3.286437597076
3.291939358627
3.297147449532
3.301942998714
3.306762441645
3.311529764573
3.316333033890
3.320991478196
3.325723814812
3.330566919334
3.335364209678
3.340190483204
3.344984194841
3.349739496978
3.354656456930
3.359594104102
3.364540922343
3.369509948577
3.374532755189
3.379645207522
3.384825454888
3.390081106401
3.396279454453
3.401518701309
3.406430805532
3.525135596733
3.529748886846
3.534463287688
3.538844467422
3.543204477170
3.547637669802
3.551996397759
3.556315543301
3.560548113187
3.564756283863
3.568942542612
3.573235148415
3.577681156973
3.582209206979
3.586685994839
3.593268330529
3.602253492955
3.611589733057
3.620999944650
3.630456023652
3.639943878323
3.649575235865
3.654408494304
3.659382500738
3.664368367179
3.669355549018
3.674309537076
3.679339730773
3.684384151745
3.689498128547
3.694661700471
3.699682995212
3.704594393364
3.709673835673
3.714556749444
3.719471452417
3.724417753282
3.796500627814
3.800524619469
3.805307390959
3.810027335341
3.814762585443
3.819536471421
3.824364010527
3.829370118893
3.834363935309
3.839252295000
3.844341199968
3.849108536620
3.854367297431
3.859204020094
3.864431041104
3.869383842969
3.874726867817
3.880034925583
3.885300547054
3.890722197146
3.896269383909
3.901909319906
3.907701986909
3.913451514616
3.923818431300
3.929423385387
3.935054795883
3.940617583563
3.946281222064
3.952039101224
3.957901167178
3.963794031694
3.969794693802
4.147924041561
4.152963236518
4.158296780307
4.163724798025
4.169091811381
4.174459999210
4.179898844939
4.185541025303
4.191194631786
4.196950077797
4.206552171000
4.218381424604
4.230286306570
4.242269726498
4.270699515551
4.276668506175
4.282605661136
4.288901967496
4.295074855323
4.301344464576
4.307134204898
4.313810498334
4.319933678197
4.325789014372
4.332129162885
4.338525923949
4.344474749671
4.350482958574
4.798208575014
4.801629997850
4.805037809266
4.808709152602
4.812396565371
4.816012423062
4.819597129021
4.823155407604
4.826666953305
4.830089962465
4.833483261022
4.836828091406
4.840181975321
4.843559074252
4.846782834559
4.849959532687
4.853112802581
4.856433349197
4.859785325089
4.863148722289
4.869721670614
4.873057055774
4.876352422480
4.879717749128
4.883097954789
4.886459663109
4.890063011318
4.893468534466
4.896872526026
4.900219113334
4.903500051948
4.906141748554
4.909406038983
4.912742683948
4.916092845224
4.919476314992
4.922762313336
5.064047368339
5.067748476271
5.070800635406
5.074335481807
5.077636003702
5.080937257091
5.084475795882
5.087798247607
5.091293376476
5.094701909766
5.098120562849
5.101602005542
5.105064628050
5.108530201208
5.112016674744
5.115464341047
5.118908231485
5.122423175456
5.125943921048
5.129468241391
5.133016811052
5.136572565504
5.140098490452
5.143664044149
5.147225702684
5.150782327876
5.154333504955
5.157912748544
5.161487879113
5.165064797872
5.168679989495
5.172294372225
5.175897286605
5.179486488846
5.183093988249
5.186700192146
5.190325473781
5.193951787858
5.197600565666
5.201240386811
5.204895657892
5.208551695831
5.212228400108
5.215894701080
5.219559148400
5.223228646687
5.226897595027
5.230566430851
5.234242395405
5.237920574149
5.241609840549
5.245330818433
5.249005808986
5.252661704468
5.256320494740
5.259996773839
5.263675517162
5.267345514782
5.271002136799
5.274651077772
5.278296465113
5.281943790939
5.285597707285
5.289267544805
5.292912420295
5.296558788856
5.300168545579
5.303748125802
5.307409492171
5.311117225743
5.314755961181
5.318376039675
5.322014642634
5.325641777136
5.329280883424
5.333005876643
5.336715957609
5.340340283220
5.343936953788
5.347600875617
5.351294753545
5.354974049372
5.358624023640
5.362250693109
5.365874849159
5.369676054194
5.373353704810
5.377056110057
5.380733926923
5.384317675517
5.387960198463
5.391637956824
5.395474074278
5.399243859938
5.402580381291
5.406122843001
5.409611834421
5.412633603126
5.415753059551
5.425545064009
5.433613212774
5.441720481611
5.448290747791
5.453523323397
5.458721563036
5.463922175622
5.469210052709
5.474516124173
5.479864854407
5.485242952978
5.490616981383
5.496049968401
5.501340056333
5.506658325878
5.511940703807
5.517235130487
5.521530098022
5.526805052436
5.532045126081
5.646906513959
5.650766666344
5.654886582365
5.659121973226
5.663445294337
5.667687683932
5.671910020922
5.676213484727
5.680574996974
5.684972954466
5.689301962737
5.693412180407
5.698359612360
5.707180544716
5.716000619417
5.724740374851
5.730436826830
5.735230930285
5.739702284285
5.744184098694
5.748781858919
5.753227951434
5.757649710702
5.762064550040
5.766521963862
5.771067111656
5.775607255881
5.780572584049
5.784989739719
5.789567594389
5.794131860672
5.798670387660
5.803175912973
5.902964314808
5.906783513798
5.911001502807
5.915048428054
5.919163135709
5.923388601005
5.927679660575
5.931889097750
5.936203005789
5.940461573038
5.944724268730
5.949118823431
5.953437792641
5.957903700909
5.962287904111
5.966408235429
5.970976034968
5.975451364188
5.979993785346
5.984504061002
5.989041723627
5.993614272692
5.998196844051
6.002781621122
6.007367292777
6.011980738520
6.016620744526
6.021275721466
6.025938333981
6.030563335521
6.035113446076
6.039633090752
6.044182218767
6.048656509869
6.053138828569
6.057626978899
6.062117580956
6.066625253223
6.071168824330
6.075717919475
6.080149894480
6.084715191408
6.089298693568
6.093924579558
6.098468791671
6.103013364882
6.107495878776
6.111945828264
6.116501324286
6.198135931863
6.202721594649
6.206803153329
6.211008566698
6.215312838148
6.219664046683
6.224362573431
6.229233025119
6.234147129241
6.239061682753
6.244193321160
6.249394104370
6.261542847803
6.264607130847
6.267451301562
6.270281392439
6.273074423734
6.276141844047
6.279289690160
6.282531064669
6.285664039672
6.288817317790
6.292067069967
6.295049766522
6.298328313853
6.301469193468
6.304517487312
6.307554575856
6.310517176191
6.313719969755
6.316654067994
6.319716596263
6.322896653836
6.325985921674
6.329163000299
6.331960575795
6.335283325674
6.339045814563
6.341820926546
6.344901438331
6.347683835775
6.350525409980
6.354017156444
6.359773401562
6.362916786140
6.365377015097
6.369221326756
6.372232657358
6.375439962370
6.378791794159
6.382037701504
6.385117116502
6.388094459413
6.391105618548
6.394034860923
6.397385427807
6.400731491734
6.403796970556
6.406918091602
6.409445283483
6.419395586724
6.422615482559
6.425737236655
6.429169536428
6.432207575987
6.435303225308
6.438366034394
6.441573042413
6.444660534923
6.447882782425
6.451201417877
6.454533417877
6.457531864019
6.460681623854
6.463623112704
6.466525021922
6.470033505458
6.472909971353
6.476117577023
6.992867725463
7.001777822264
7.006271736640
7.010748672194
7.015242273649
7.019708066521
7.024121038591
7.028543034833
7.032845804989
7.037124620809
7.041324727595
7.045464315042
7.049551653916
7.053558912239
7.057526639035
7.061375668494
7.065211902745
7.069042845730
7.072802800423
7.076536431806
7.080061139975
7.083629158314
7.087195782364
7.288806094076
7.292347050666
7.295979607420
7.299829001455
7.303677289014
7.307456773677
7.311162257082
7.314852158017
7.318562050232
7.322223874586
7.325907074510
7.329582113449
7.333274618501
7.336988227576
7.340705248860
7.344426776988
7.348153520874
7.351901102773
7.355659486831
7.359411701970
7.363172517916
7.366950188827
7.370738820471
7.374549476973
7.378370525199
7.382230559157
7.386130101382
7.390047958336
7.393993008780
7.397982903165
7.402031265143
7.406094242810
7.410080809408
7.413978953747
7.417777358298
7.421553540772
7.425402150069
7.429443954775
7.433537290300
7.437862944024
7.441798389729
7.445860100251
7.449799644847
7.454517754531
7.458442525139
7.462340712620
7.466257650330
7.470216076098
7.474389319094
7.927339416810
7.931103409035
7.935550233347
7.939964351514
7.944461692445
7.949030563302
7.953593720739
7.958198050053
7.962772381842
7.967308368738
7.971720524898
7.976251355061
7.980754068432
7.985237390946
7.989623673750
7.994253501229
7.998907765256
8.003473419130
8.007959040279
8.012536589578
8.017109612577
8.021685469100
8.026223312987
8.030715368901
8.035387365938
8.040098522941
8.044785165800
8.049497506633
8.054200590514
8.058903814157
8.063597814152
8.068305116260
8.073040200269
8.077760301954
8.082478326094
8.087180769751
8.091853689578
8.096493207361
8.101264625648
8.105998974132
8.110693132107
8.115560837222
8.120314467529
8.124930998970
8.129822667041
8.134516378529
8.139207848888
8.143881771873
8.158261593170
8.164182995046
8.170273310256
8.177323423843
8.183261170458
8.187011274626
8.191608096682
8.196293090982
8.201004326251
8.205687788424
8.210359561941
8.215231985931
8.219888479643
8.224686808518
8.229462436568
8.234311550638
8.239295798058
8.244090392213
8.248847336911
8.253641581832
8.258444498405
8.263173906703
8.267904141958
8.272618819341
8.277404682511
8.282243786493
8.287134664720
8.292112630372
8.297200149281
8.302433272617
8.307667861138
8.312922285528
8.335836755107
8.346563648751
8.357443802424
8.368023094117
8.378831027367
8.389384875476
8.398399848308
8.403065024752
8.407910366117
8.412948780402
8.418014906319
8.423081460362
8.428025202399
8.432967642212
8.438134728015
8.443011986573
8.447513093762
8.452123634398
8.456839871517
8.461635707266
8.466453814380
8.471293070206
8.476128533886
8.480902662994
8.485874335602
8.490715026265
8.495707755715
8.500518310845
8.505400881643
8.510245432426
8.514969274059
8.519755555007
8.524440510254
8.529162711509
8.533861260799
8.538565884031
8.543243815939
8.547933955874
8.552577509804
8.557238858797
8.561812746445
8.566392380938
8.570916684424
8.575438439784
8.580003085858
8.584822114612
8.589326938543
8.594034220228
8.598579015980
8.603173045445
8.607856385676
8.612448429909
8.617008163081
8.716154775159
8.720218623401
8.724042106603
8.728559086074
8.733103849801
8.737709162187
8.742409530575
8.747221067573
8.752089549620
8.756990069727
8.762018321723
8.767053674920
8.772061002131
8.777064147720
8.782098190931
8.787167725174
8.792256733573
8.797334758838
8.802437641723
8.807515031896
8.812608139868
8.817724548479
8.822827490604
8.827922517248
8.833005514809
8.838052276615
8.843100824832
8.848149673095
8.853200224991
8.858288841665
8.863427592394
8.868635731915
8.873977599491
8.879752184595
8.885447623854
8.891121069313
8.929547536696
8.934342762684
8.938974375359
8.943601662909
8.948171256129
8.952789928834
8.957547140387
8.962401100349
8.967395736033
8.972635795364
8.977811680958
8.982975629919
8.988198861680
8.993411654084
8.998615677027
9.003967348251
9.009192563651
9.014296700041
9.019412842848
9.024484041818
9.029615920880
9.034907533142
9.039771397251
9.044901321679
9.049978188599
9.054889323224
9.059925029225
9.064801436329
9.069779506986
9.074735159072
9.079639733587
9.084553089995
9.089365768311
9.094247000901
9.099067881982
9.103927216461
9.108822479206
9.118318201753
9.123149381689
9.127841038975
9.132505121219
9.137154839223
9.141746811736
9.146344121539
9.150926681348
9.155508447044
9.160065064912
9.164629086945
9.169197223701
9.173776513155
9.178333184876
9.182533543293
9.187693276415
9.191975897521
9.196771746168
9.201381821512
9.206038581306
9.210577121349
9.215359175399
9.220005928723
9.224477600067
9.229019358714
9.233900558345
9.238163928769
9.242337404488
9.246469789797
9.250530307576
9.254587159167
9.258721078017
9.262829659757
9.266943304232
9.271066375153
9.275195531749
9.279326045310
9.283509774931
9.287662510456
9.291857957412
9.296050625806
9.300276369619
9.304514636049
9.308766723946
9.313038468007
9.317333943130
9.321658118211
9.326001597739
9.330374328315
9.334799110836
9.339447413345
9.344178552182
9.348919767146
9.353664300946
9.358484676935
9.363433853634
9.368390374528
9.373460882725
9.378406713676
9.383468678609
9.388497264699
9.393645674543
9.398653975496
9.403641346369
9.408826895215
9.414508059404
9.419892197502
9.425365831336
9.430530497890
9.534213753607
9.537989623303
9.542266569304
9.546717050769
9.551268452743
9.555833831597
9.560365231298
9.565010077162
9.569677742019
9.574230832278
9.578904860973
9.583600397710
9.588190714341
9.597420902252
9.606768620709
9.616130161484
9.625564828512
9.635315196996
9.645039262839
9.654738865282
9.664462416858
9.674317591850
9.809111828248
9.813922293841
9.818833966863
9.823745809421
9.828655284693
9.833699414661
9.838751388288
9.843794546097
9.848914448925
9.854082074960
9.859309821093
9.864524690467
9.869738200255
9.874944476240
9.880117001512
9.885270538593
9.890499299518
9.895745380511
9.901016667328
9.906259139531
9.911519356649
9.916774073868
9.922037509151
9.927330642605
9.932434988578
9.937812392318
9.942638428880
9.948181567240
9.953601575473
9.959685540820
9.965270671781
9.975745881144
9.988004320531
10.000581463866
10.012907736918
10.025313261385
10.038532768062
10.043868745190
10.049136008853
10.054412591568
10.059514051264
10.064618754362
10.069688568483
10.074674711442
10.079640366028
10.084543966135
10.089394659619
10.094217286681
10.099016071630
10.103783563609
10.108548639848
10.113318016153
10.118038585140
10.122710061259
10.127370279294
10.132007418541
10.136628067902
10.141165331136
10.145682465681
10.150186108844
10.154588444955
10.158988167748
10.163381721170
10.167714468151
10.172003248745
10.176328497568
10.180628348583
10.184932573586
10.189501446594
10.194040625910
10.198542453986
10.203046697968
10.206703472790
10.211283736630
10.215670399188
10.220116231479
10.224622265398
10.232430139741
10.236759156783
10.241028336465
10.245373436777
10.249963693012
10.254621314221
10.259352144416
10.264183667270
10.269076807358
10.274077112117
10.279278232749
10.284615430202
10.289979815100
10.294276341035
10.299994567788
10.305750861768
10.311873168993
10.317850817948
10.323817219627
10.329517128220
10.352086136814
10.363942369670
10.375599078218
10.392368723223
10.397396908398
10.402950682800
10.408532479235
10.414086760558
10.419626999816
10.425129485898
10.430655675611
10.436169840095
10.441759701590
10.447633496040
10.453102116285
10.470004103349
10.481883061762
10.526848742093
10.530048345646
10.533841539620
10.537655735715
10.541368352853
10.545450794030
10.549187218369
10.552908925376
10.557049265974
10.561363951225
10.565728452877
10.568790848139
10.572325331118
10.575759182567
10.579176140481
10.582812585482
10.586285062221
10.589845525466
10.593364050843
10.596906673374
10.600577366714
10.607862953173
10.611208256237
10.614824710534
10.618506123542
10.621769911467
11.080667661526
11.086629825574
11.090829869077
11.095659946214
11.100951538779
11.106074655237
11.111177894875
11.116247649818
11.121253913366
11.126301577322
11.131312730735
11.136323340498
11.141320690459
11.146258433724
11.151148967547
11.156002343324
11.160811083589
11.165651000594
11.170486481888
11.175365861437
11.180395068643
11.185387149371
11.190253087822
11.195306043180
11.200159524974
11.205213462080
11.210240627634
11.215280372284
11.220305855332
11.225363050756
11.230442338794
11.235507845354
11.240558722548
11.245604326277
11.250609531718
11.255581647497
11.260507554696
11.265334874094
11.270082163018
11.274723325928
11.279283080354
11.283850566981
11.288371453496
11.292606084361
11.297098459165
11.878813908188
11.883557788471
11.888345708175
11.893069296888
11.897738301612
11.902299695022
11.906794286860
11.911206467946
11.915582848994
11.919781426015
11.923862844066
11.927961153738
11.931868646386
11.935694420884
11.939519364545
11.943358028336
11.947087680327
11.950787299556
11.954361340772
11.958042459377
11.961710183601
11.965489029514
11.969150764892
11.972813882487
11.976569955079
11.980355151130
11.984093174920
11.987839706836
11.991637049227
11.994985654590
11.998793426062
12.002443047403
12.006295635807
12.009925554702
12.013493324024
12.017189990416
12.020877975471
12.024719279348
12.095564584855
12.098844836299
12.101944601619
12.105239850362
12.108419110829
12.111617957720
12.114862028319
12.118130365757
12.121420298847
12.124755592832
12.128141157894
12.131537033127
12.134947329963
12.138350787016
12.141746689637
12.145162513403
12.148612482683
12.152063186874
12.155526936476
12.159002435682
12.162494190078
12.165989710022
12.169490905175
12.173008600681
12.176556130148
12.180123942826
12.183724490427
12.187439604828
12.191090850027
12.194689749362
12.198327177899
12.201949922096
12.205602199961
12.209302932990
12.213013790947
12.216703311100
12.220403741493
12.224135844284
12.227894733053
12.231646534977
12.235404108861
12.239204636207
12.243087089620
12.246953913716
12.250766127165
12.254542927247
12.258334457588
12.262144158567
12.265987543863
12.269796123612
12.273602263642
12.277411270485
12.281216643263
12.284998737665
12.288795675627
12.292586945271
12.296373108024
12.300158719116
12.303948960953
12.307731773490
12.311525658554
12.315314757164
12.319095045279
12.322875110059
12.326644279813
12.330421584415
12.334225184509
12.338039291798
12.341890327104
12.345807384575
12.349746256432
12.353754522316
12.357711102365
12.361609530056
12.365445467658
12.369362315413
12.373321175592
12.377408618416
12.381442379689
12.385650763091
12.389974103719
12.394224356069
12.398454021165
12.402744497166
12.407084165570
12.411419281229
12.415787762688
12.420165267624
12.424532742289
12.429186242016
12.433912586243
12.438641169045
12.443424026558
12.447928460913
12.452390052124
12.457113848967
12.461716346682
12.466221396784
12.470591330512
12.474741214882
12.479071222553
12.483362743856
12.487849659151
12.492297305229
12.553895494563
12.557729401867
12.562425023992
12.566762535856
12.571130355913
12.575282638583
12.579718554461
12.584247547479
12.588821517467
12.593408906413
12.598004586069
12.602631544570
12.607268469390
12.611928537176
12.616615540764
12.621323109959
12.626039840257
12.630789039857
12.635548113019
12.640328114121
12.645141659208
12.649983445383
12.654825317941
12.659666823517
12.664506495493
12.669347822102
12.674203180447
12.679080833699
12.683965179631
12.688895302102
12.693931480719
12.713812942133
12.723535302970
12.733371989738
12.795486114091
12.799726769546
12.804421688847
12.809194543293
12.813942468311
12.818579709577
12.823248328480
12.827829678075
12.832380421604
12.836898319598
12.841336357921
12.845764284354
12.850192277402
12.854666425676
12.859182706101
12.865714041909
12.871053869398
12.880479840164
12.889820675899
12.899216846561
12.908695729829
12.918316282141
12.927996452835
12.937717248985
13.073517289348
13.077094086493
13.081730275181
13.085789196131
13.090006148010
13.094334043407
13.098763823761
13.103329297430
13.108012651174
13.112401655435
13.117752614095
13.121875708331
13.126384648325
13.130813944388
13.136203799710
13.140557376993
13.144882486354
13.254596005767
13.258131178541
13.262484655837
13.266901211481
13.271107953365
13.275425290608
13.279751215739
13.284160568262
13.288659736228
13.292925351706
13.297565117570
13.302125165989
13.306817616991
13.311445465849
13.316322843534
13.321288726375
13.326069757948
13.331063139928
13.336163533599
13.341207969201
13.346224280461
13.351280809575
13.356374564671
13.361464127997
13.366591122848
13.371780483366
13.377009673236
13.382310847508
13.387642847411
13.392960112945
13.398265999145
13.403506385079
13.408735116653
13.413942273694
13.419168732703
13.424377712918
13.429570086898
13.434772114517
13.439983265053
13.445276412831
13.451192915348
13.457013746294
13.462733372608
14.009734411819
14.014267430019
14.018875375398
14.023609375612
14.028343856521
14.033600618123
14.038757798886
14.043666457051
14.048460492662
14.053320808351
14.058137609673
14.062864460044
14.067593574292
14.072297306370
14.077355256695
14.082130749577
14.086874722271
14.091661196024
14.096461537628
14.101317091706
14.106199656084
14.111080950618
14.116016414143
14.121018443307
14.125909980830
14.130907363171
14.136060724585
14.141257215542
14.146511353188
14.152109157462
14.157829745265
14.163475992256
14.169269097829
14.175056498117
14.181791650473
14.187553649616
14.193473056146
14.199354185675
14.205627142883
14.211162331599
14.225058255113
14.230419129043
14.235422752781
14.239773726950
14.244189153514
14.248634373744
14.253084027111
14.257506086508
14.261888148503
14.266217644650
14.270502404449
14.274731134751
14.278924777194
14.283078138644
14.287202554821
14.291304742738
14.295357313360
14.299341746933
14.303228781871
14.306730007858
14.310652372422
14.314737630068
14.318911726567
14.323086871014
14.327181990846
14.331178641494
14.335247999532
14.339511598956
14.343743673652
14.347868129562
14.351992071050
14.356100343184
14.360320834936
14.364700679878
14.369084246001
14.373308463342
14.377483206948
14.381483999352
14.385480230658
14.389601240675
14.393767459152
14.398045330378
14.402182732782
14.406311169210
14.410524934493
14.414709267523
14.418923508520
14.422951015610
14.427416914166
14.431303814798
14.435046280139
14.439447550205
14.443476728235
14.447263508492
14.451168690365
14.455047557680
14.459221809185
14.463518717823
14.467768670334
14.472017341808
14.476272730249
14.480593050104
14.484912948582
14.489272145336
14.493695395504
14.498257112345
14.502736376303
14.507168570621
14.511584934609
14.516034611086
14.520557772175
14.525171762307
14.529737324932
14.534379223178
14.539072617379
14.543767425772
14.548487821974
14.553191325233
14.557916325593
14.562643800279
14.567363808606
14.572067120616
14.576740935136
14.581407432346
14.586059160780
14.590713569770
14.595385270890
14.600032961459
14.604694557790
14.609339709625
14.613998420619
14.618701778295
14.623447514419
14.628139565684
14.632820876584
14.637444590068
14.642196812071
14.646797952285
14.651466417353
14.656073043071
14.660625137785
14.665272404029
14.669966709382
14.674743252121
14.775322816468
14.778896002335
14.783190194838
14.787568382424
14.792015226121
14.796454361930
14.800921926446
14.805437850410
14.810026426040
14.814682709772
14.819359702702
14.823999775959
14.828666771142
14.835335504232
14.844860128171
14.854464371108
14.864297730199
14.874018513861
14.883949394211
14.893931601061
14.903857170760
14.913699772111
14.923761202301
15.044499049940
15.048160094424
15.052159450581
15.056478103220
15.060902784544
15.065411122207
15.070112943208
15.074988234771
15.079864307180
15.084333917177
15.088921480882
15.093812411162
15.098526399852
15.110965032783
15.120062054520
15.129134404491
15.137503971984
15.142485441014
15.147536362461
15.152708668527
15.157870875811
15.163081593870
15.168562249784
15.174515765011
15.180352414083
15.186269833635
15.306312883093
15.310304459110
15.313941707668
15.317572264117
15.321439466647
15.325444494320
15.329439296575
15.333449098910
15.337486598234
15.341568578140
15.345667031533
15.349793845212
15.353898406218
15.357993383943
15.362184978005
15.366430485612
15.370736708358
15.375054995496
15.379384527901
15.383756110120
15.388136984161
15.392425065293
15.397069619594
15.401420498673
15.405879016985
15.410063126017
15.443913704869
15.447205508965
15.450703834963
15.453931384865
15.457697771232
15.461058610821
15.464562802462
15.468172443904
15.471641305042
15.474930208998
15.478784300184
15.482411993265
15.486018097628
15.489664247284
15.493222517148
15.496895046453
15.500903598252
15.504782324878
15.507790444610
15.511057536260
15.514886551129
15.518535428232
15.521791262292
15.524876867566
15.531231764075
15.534716125952
15.537967034795
15.541671686076
16.178578123675
16.182357758322
16.185891439747
16.189745620986
16.193692520340
16.197545159873
16.201323487684
16.205082092536
16.208836030249
16.217469998575
16.221411454144
16.225660247107
16.229472280839
16.233391581112
16.237304037065
16.240371702265
16.243599457845
16.247489379469
16.251498802883
16.255365400699
16.258832377727
16.262037608460
16.265782321960
16.269614323943
16.273472168700
16.277199230816
16.309646304038
16.312938469199
16.316137595632
16.320143637410
16.324066772247
16.327892204430
16.331708856307
16.335532760480
16.339405385342
16.343377619384
16.347757508937
16.351823449084
16.355881362411
16.359930948988
16.363966652991
16.368035448088
16.372036193839
16.376180292102
16.380198964573
16.384378143578
16.388508614928
16.392628649897
16.396752190743
16.400922292555
16.404909739871
16.409059317969
16.413147135686
16.417218495594
16.421292391644
16.425417945554
16.429500170952
16.434162721431
16.438323159748
16.442437333991
16.446493719236
16.450769908730
16.454807394123
16.458896501547
16.463003472585
16.467042310008
16.471020418707
16.474860219978
16.478634275602
16.482656285944
16.486825217713
16.490966673741
16.494934936431
16.499021519136
16.503154058929
16.507264547322
16.511480397261
16.515379001900
16.520097906537
16.523910081975
16.646289879893
16.649497046845
16.652903248869
16.656326566570
16.659706571061
16.663033317673
16.666266454381
16.669443641642
16.672610445988
16.675783608140
16.678933549517
16.682086113088
16.685279061911
16.688449929258
16.691640587587
16.694809284872
16.697994099856
16.701171348686
16.704345008673
16.707540648246
16.710741291613
16.713968875738
16.717203438135
16.720437223230
16.723675213141
16.726778609211
16.729561137439
16.732840076742
16.736223674066
16.739475310319
16.742707785774
16.749401871133
16.752675905921
16.755884981461
16.758983258427
16.762129983789
16.765201067603
16.768319528155
16.771255604860
16.774262968975
16.777611090269
16.781052794477
16.784627805603
17.004007588092
17.008404722495
17.012983641071
17.017997821714
17.022951237464
17.028744816484
17.034006062346
17.039717705145
17.044977669751
17.056689452787
17.061826659743
17.066735609423
17.071491428755
17.076224501518
17.080905773192
17.085553409914
17.090185320545
17.094809371889
17.099438316783
17.104046479492
17.108677527863
17.113315943651
17.117961311523
17.122614221360
17.127282249337
17.131973196286
17.136646304105
17.141129587641
17.145706748332
17.150339993315
17.155159737895
17.159823194353
17.164494372141
17.169071870082
17.173718088411
17.349098310028
17.353043405073
17.357693829203
17.362061189111
17.366491233067
17.370831289533
17.375161821214
17.379530317800
17.383964307030
17.388479672564
17.393108879832
17.397859095368
17.402553202232
17.407247854415
17.412029624862
17.416847717818
17.421586027633
17.426334371623
17.431189595777
17.436166040088
17.441103826454
17.446056535961
17.451164367259
17.456271591358
17.461327383392
17.466486848380
17.471544830786
17.476716721915
17.481859318779
17.487025506508
17.492277740014
17.497560691594
17.503051386463
17.509081094271
17.514869517602
17.520411150617
17.548575971939
17.551384352126
17.554045715596
17.556829465785
17.559749298121
17.567458223169
17.570397996209
17.573180552190
17.575904085442
17.597676977790
17.602002658203
17.606857100121
17.611557008931
17.616442646934
17.621559983568
17.626689679501
17.631624902899
17.641259520159
17.650819937824
17.660357089385
17.670406455533
17.675611690297
17.681267742155
17.687188570221
17.693015111229
17.698860521253
17.757845992583
17.762071085987
17.766180668721
17.770241476805
17.774809709554
17.779564224713
17.784423557279
17.789370803015
17.794357520383
17.799393024320
17.804443855537
17.809583907614
17.814831277087
17.820205217526
17.825645258511
17.831211137460
17.836805474180
17.842528745770
17.848311028855
17.853167266145
17.858785895589
17.985563822944
17.990309762333
17.995216429712
18.000291823143
18.005316316105
18.010183005939
18.015003232920
18.019634785326
18.024261947565
18.028746635178
18.033137848068
18.037477927495
18.041741459242
18.045941296874
18.050075887629
18.054225303486
18.058393394038
18.062574266253
18.066718265510
18.070849459967
18.074994435068
18.079172500045
18.083345080741
18.087531751447
18.091727755680
18.095939915579
18.100141874952
18.104358651263
18.108586924742
18.112832393831
18.117073994819
18.121305222780
18.125527698538
18.129738427696
18.133939747489
18.138136376963
18.142340379144
18.146566843741
18.150834968470
18.155153800338
18.159529475000
18.164025754554
18.169118095848
18.173585893669
18.178047880336
18.182523532298
18.187323598104
18.191877124497
18.196382748310
18.200933603071
18.205528095718
18.210096580059
18.214506623739
18.218828251077
18.223135492951
18.227408512557
18.231695080364
18.236048272160
18.240434344842
18.244908817054
18.249443298274
18.254016523272
18.258630816809
18.263227267902
18.267869027651
18.272532216292
18.277200926203
18.281871519356
18.286560250999
18.291244807397
18.295921291241
18.300602181558
18.305290342621
18.309986325729
18.314672686733
18.319350331302
18.324038320438
18.328715973634
18.333389571231
18.338035564859
18.342630926528
18.347233058987
18.351929201771
18.356657799699
18.361321569908
18.365872597841
18.370531550785
18.375218018716
18.379897082387
18.384582457035
18.389176236546
18.393679748030
18.453145077200
18.458130063009
18.462840834910
18.467848003609
18.472814820123
18.477751220373
18.482766377739
18.487780472920
18.492770784099
18.497773284528
18.502790756793
18.507847950807
18.512917340581
18.517918926160
18.522953835642
18.528020971485
18.533082822509
18.538148976532
18.543255430115
18.548352979785
18.553515390185
18.558623474119
18.563663247425
18.568756122979
18.573900411822
18.579147603576
18.584429356147
18.589582053803
18.674100564363
18.685295965751
18.725603588530
18.729462853545
18.733021408134
18.736240715600
18.740508479205
18.744281185112
18.747824049088
18.751693101712
18.857615537686
18.862166795525
18.866677274439
18.871430211181
18.876423928813
18.881409142789
18.886290560901
18.891267057948
18.896240836973
18.901432749685
18.906944918268
18.912449965902
18.917666528582
18.922829140032
18.928014968138
18.933032618445
18.938078464954
18.943244582905
18.948397275770
18.953657341574
18.958875119228
18.963618186918
18.968863325335
18.973962798266
18.978902069702
18.983827061116
18.988701721330
18.993684660878
18.998656075329
19.003683527201
19.008783080671
19.013849604480
19.018961716350
19.024180934064
19.029425602642
19.034769454958
19.040195510841
19.045583051668
19.050955211626
19.056349482112
19.061669719165
19.066840207198
19.071929735830
19.077009295767
19.082031193231
19.087083431398
19.092085977581
19.097039835565
19.101960487679
19.106798440994
19.111624832047
19.116463385948
19.121330258865
19.126217684168
19.131124693007
19.136028438455
19.140943117332
19.145934436088
19.151028649163
19.156201684697
19.161460433065
19.167318995164
19.172901771502
19.178766286401
19.184766458080
19.191143638866
19.197025826693
19.203063748890
19.249722966982
19.254822653947
19.259687934886
19.264752902936
19.269693897096
19.274499263676
19.279292275304
19.284158326463
19.288932545932
19.293712034613
19.298552429713
19.303433726015
19.308331472211
19.313228106714
19.318110652892
19.322978670833
19.327857853203
19.332753706927
19.337663269186
19.342600250850
19.347642401948
19.352847947862
19.357920412377
19.363224319523
19.368478290328
19.373157245915
19.378137557048
19.382990452198
19.387876672011
19.392780447518
19.397650628779
19.402391692666
19.407218162026
19.412234076786
19.416948792877
19.421779287889
19.426597111358
19.431480080356
19.436336582667
19.441193739975
19.446086463261
19.450918886113
19.455483466056
19.460403967553
19.465155378209
19.469848834469
19.474706769079
19.479675453816
19.484317729702
19.489314869891
19.494212056767
19.499147770804
19.504122574073
19.509032234973
19.513996088462
19.518986956582
19.524018854171
19.529056814711
19.534016776948
19.539024282704
19.544160827877
19.549111832233
19.554356446930
19.559403688251
19.572533129463
19.578100657944
19.581989490865
19.586412036561
19.590997669540
19.595486500746
19.600045424419
19.604668713305
19.609367129877
19.614167877480
19.618848020715
19.623809733311
19.628724505211
19.633703928608
19.638642538056
19.643604556630
19.648792707353
19.653908802689
19.658995519653
19.664016245174
19.668993990859
19.673806777888
19.678512971579
19.683132118814
19.687721949988
19.692197757437
19.696618344663
19.700997404644
19.705378159068
19.709834693445
19.714373103302
19.718979047857
19.723668289643
19.728333649015
19.732998049143
19.737722924688
19.742475673537
19.747289671254
19.752156322940
19.757065944162
19.762097189550
19.767187524088
19.772399110223
19.777636185735
19.782882018026
19.788114139816
19.793479948620
19.798840597204
19.804133155431
19.809552916190
19.814873964226
19.820207534246
19.825522005046
19.830835882283
19.836207411947
19.841545471049
19.846922888116
19.852294264498
19.857723857331
19.863107829952
19.868520504685
19.873663220716
19.878968430977
19.884196018080
19.889529891999
19.894861330411
19.900010192076
19.905157550365
19.910202579455
19.915190076462
19.920136485989
19.925010416133
19.929886300027
19.934709037826
19.939437022009
19.944247936270
19.949166715212
19.954047375141
19.958941305710
19.963858285095
19.968776100630
19.973722316027
19.978681785572
19.983684005836
19.988687131922
19.993730156956
19.998713121754

