Time_s
0.626067375118
0.629954082681
0.634191132949
0.638184377107
0.642038670284
0.645743771415
0.649445984205
0.653096240093
0.656774313506
0.660426624424
0.664047900017
0.667667822275
0.671245420705
0.674797775873
0.678332197536
0.681873675901
0.685382573456
0.688932177926
0.692473762944
0.695996369530
0.699528934440
0.702984662060
0.706383535696
0.709709296022
0.713063595668
0.716368798997
0.719652297263
0.722929291981
0.726205229931
0.729488211941
0.732793177437
0.736098872759
0.739400139719
0.742720663994
0.746033540364
0.749345605138
0.752657804590
0.755974231356
0.759289056151
0.762598406039
0.765915352867
0.769215576386
0.772533013036
0.775853378755
0.779161476363
0.782470494733
0.785809700347
0.789153310284
0.792509925778
0.795852939936
0.799206007086
0.802584141552
0.805973675120
0.809378761349
0.812782326031
0.816198560780
0.819613065179
0.823035785785
0.826457955432
0.829886424017
0.833307594742
0.836718633219
0.840117644227
0.843508215721
0.846882600235
0.850276248727
0.853648480820
0.857018746114
0.860391358218
0.863749344947
0.867102672080
0.870447552460
0.873792937593
0.877119904055
0.880457409862
0.883795500940
0.887134978232
0.890466417911
0.893797172813
0.897135668195
0.900505056811
0.903873408610
0.907263628893
0.910688745359
0.914172004846
0.917748332894
0.921459765244
0.925198134496
0.928751825435
0.932394334132
0.936032486663
0.939574930057
0.942923587094
1.166341129430
1.170366312069
1.174470356515
1.178632098723
1.182921413860
1.187262363561
1.191618135742
1.195994938936
1.200393223698
1.204812271167
1.209232308096
1.213650679504
1.218094197159
1.222560651760
1.227045665292
1.231558652991
1.236058951908
1.240598808358
1.245171146514
1.249770429749
1.254376356115
1.259011304236
1.263686602114
1.268407036303
1.273180698579
1.277985872208
1.282805539163
1.287653054941
1.292507814104
1.297351504749
1.302191551044
1.307013480012
1.311808729552
1.316610288655
1.321374031081
1.326128251351
1.330873331990
1.335612741019
1.340366100713
1.345174161824
1.350019608095
1.354873325929
1.359818146097
1.364502101192
1.596845159640
1.601250791432
1.605374399777
1.609865087296
1.614530131072
1.619191406979
1.623900162706
1.628646969254
1.633435700389
1.638281440887
1.643195882142
1.648095077625
1.653047724819
1.658065930206
1.663121584585
1.668219239554
1.673525302200
1.679139094528
1.683945775887
1.689043678446
1.694255350993
1.699449852956
1.704694747784
1.709952883144
1.715169076402
1.720424832462
1.725689500331
1.731047384191
1.736505904998
1.742084732292
1.747859636516
1.753626139441
1.759436741754
1.765500116621
1.771817661915
1.778404193159
1.838489212268
1.850432010074
1.861846369854
1.872968366796
3.023220631905
3.027449169504
3.031170511404
3.035243675066
3.039558905473
3.043610180488
3.048035513102
3.052199318232
3.056330702677
3.060452477526
3.064503845257
3.068531749502
3.072549488562
3.076578878847
3.080619659425
3.084677132185
3.088695605580
3.092729910091
3.096770320278
3.100812357883
3.104993074244
3.109208228650
3.113401329059
3.117555329958
3.121946519517
3.126332975422
3.130640477622
3.325145981064
3.330333639304
3.334175869966
3.338548861329
3.343087796103
3.347492545981
3.352107212626
3.356843538821
3.361665910688
3.366524430883
3.371478625592
3.376502652589
3.381682484804
3.386842466461
3.476176953278
3.481248221940
3.486112913977
3.490658212376
3.495438552629
3.500662954219
3.505957791519
3.511380742648
3.516939216578
3.522982424092
3.528585692335
3.534252514322
3.540152509235
3.546141322942
3.552056584408
3.558061060021
3.564098745982
3.569901510724
3.575604202690
3.581671695176
3.587571202607
3.593182132423
3.597790051636
3.602402292521
3.607539686804
3.612736219383
3.617987079948
3.623307008533
3.628668457736
3.634134808294
3.639609756328
3.645095652035
3.650587597712
3.656080334190
3.661593920485
3.667091528635
3.672558195315
3.678061431354
3.683556760116
3.689055520548
3.694539127128
3.699998685242
3.705442441395
3.710871348697
3.716293125953
3.721697228160
3.727065132187
3.732420701480
3.737795730140
3.743134248509
3.748523362502
3.753972179646
3.759403105161
3.764780560801
3.770145682962
3.775485852872
3.780843289947
3.786191375929
3.791562049813
3.796965996813
3.802404217259
3.807987028798
3.813630641181
3.819281148496
3.825047160573
3.830749231640
3.836411753865
3.842058356384
3.847691207284
3.853250057302
3.858784530274
3.864085533122
3.869163378389
3.874021189261
3.878842378280
3.883550946134
3.888165864037
3.892737851305
3.897274427757
3.901771849743
3.906218180331
3.910626595292
3.915022317826
3.919395267860
3.923718215991
3.927998624624
3.932205600097
3.936382719359
3.940553781051
3.944693000841
3.948798122363
3.952899331171
3.956972104712
3.960998896662
3.965004719968
3.968996426252
3.972974024472
3.976948316120
3.980924746060
3.984886860455
3.988828200333
3.992725803585
3.996604019258
4.000440614626
4.004256301058
4.008050827500
4.011849858180
4.015629365982
4.019441632243
4.023278189436
4.027168408615
4.030990983400
4.034975703993
4.038789869981
4.042857656266
4.301309369415
4.306533192665
4.311469319584
4.316682130127
4.321879193448
4.327131015591
4.332368937802
4.337637017110
4.342946977974
4.348273043168
4.353564086238
4.358993487182
4.364446822286
4.369934887997
4.375476159114
4.381095555308
4.386724999230
4.392405153183
4.398050823982
4.403676046136
4.409364449993
4.415041686182
4.420754859635
4.426474322676
4.432216577338
4.437971441024
4.443738343256
4.449514917094
4.455342670521
4.461140221734
4.466972055662
4.472776803016
4.478602430113
4.484414173527
4.490227268538
4.496037026291
4.501863674915
4.507703899051
4.513504210181
4.519291517205
4.525064281315
4.530823519193
4.536554419076
4.542225812768
4.547970795976
4.553768621385
4.559347148375
4.565068130337
4.570724495441
4.576460468984
4.582847049896
4.705276612788
4.711434433705
4.717239219075
4.723164083100
4.729077057863
4.735101475159
4.741174578236
4.747455983962
4.753797247964
4.760172856030
4.766556041026
4.772965355686
4.779252784975
4.785339783371
4.791257402256
4.797166238624
4.803106609413
4.809041821188
4.815009920974
4.820991261609
4.826978009618
4.832997017510
4.839022401915
4.845046871382
4.851041855616
4.857057864044
4.863109928890
4.869292930862
4.875623189181
4.881973250798
4.888113901778
5.017776343395
5.022649316074
5.028300457944
5.034347984724
5.040350459852
5.046098395044
5.051787491963
5.057470608059
5.063343958065
5.069126422395
5.074797769825
5.080564141899
5.086329440415
5.092133431095
5.097928388810
5.103800281910
5.109699390556
5.115558109698
5.121559529225
5.127453236145
5.133347821012
5.139054211477
5.144792895668
5.421242668670
5.425034026184
5.428704219772
5.432860285670
5.437033560499
5.441200600574
5.445392464772
5.449599720681
5.453816385275
5.458050002234
5.462281603146
5.466524053601
5.470771333075
5.475009831193
5.479283391016
5.483567912127
5.487881195388
5.492216480888
5.496569667205
5.500954458050
5.505376384141
5.509855259103
5.514381279971
5.518976216429
5.523664915048
5.528425519858
5.533219391753
5.538076456349
5.543043589770
5.548160602866
5.553409984430
5.558716714182
5.564124793883
5.569614881002
5.575094871440
5.580529356934
5.585992145378
5.591444740764
5.596902065773
5.602282718635
5.607608802241
5.629771398731
5.641057648592
5.652811487499
5.665766032913
5.674652227141
5.677307437879
5.679610115489
5.682390177374
5.684613307885
5.686755871349
5.688822516342
5.690747382664
5.694801850383
5.697045266695
5.699262505699
5.701416486743
5.703595573393
5.705610815008
5.707466388590
5.709648244539
5.711674473472
5.713813363509
5.715863144774
5.717987834879
5.719786252080
7.017100630625
7.019742657610
7.022922845854
7.025756814184
7.028528284043
7.031269592475
7.034188955503
7.037302055559
7.040227656496
7.043158177460
7.046081856286
7.048995683049
7.051886292941
7.054779725545
7.057672604767
7.060574959369
7.063503401361
7.066458443528
7.069442432828
7.072461814170
7.075717828550
7.079069019139
7.082330211501
7.085428843218
7.088541849800
7.091793003391
7.094787857099
7.097809316342
7.100734320269
7.103522644418
7.106540595833
7.109370863602
7.112284007015
7.115389021808
7.327952311318
7.331813534867
7.335608140545
7.339705888553
7.343804657331
7.347918410308
7.352049970096
7.356180522804
7.360330827903
7.364504324274
7.368702098636
7.372925462365
7.377174322787
7.381434304739
7.385733547632
7.390038793180
7.394357041211
7.398696793215
7.403037523918
7.407348135004
7.411719743456
7.416146153271
7.420593324618
7.425079053684
7.429600553339
7.434154005011
7.438721009003
7.443311376340
7.447890412050
7.452456628019
7.457012084208
7.461534700086
7.466081222237
7.470616341323
7.475170303858
7.479748438250
7.484311710066
7.488872803367
7.493455091271
7.498042645514
7.502636234644
7.507262188690
7.511896204841
7.516549315492
7.521251864151
7.526002333585
7.530821528930
7.535717895567
7.540690882527
7.545667516787
7.550666478305
7.555748384248
7.560664014064
7.565628859742
7.570610911523
7.575716248902
7.580874474509
7.586070770793
7.591278005641
7.596487174051
7.601740399011
7.607115310870
7.612573059975
7.618075687999
7.623522495343
7.782720404827
7.793294536770
7.803826093681
7.814300143080
7.836269409235
7.841884371369
7.847606828192
7.853247303103
7.858984876771
7.864839538007
7.870708197482
8.039068552071
8.043475328761
8.047790650865
8.052154083483
8.056524930647
8.060904798736
8.065271551161
8.069598035922
8.073797466504
8.077872503135
8.082014445605
8.086186893598
8.090351748913
8.094499705269
8.098627352592
8.102743846604
8.106844288400
8.110930123824
8.115000197181
8.119045876006
8.123084202871
8.127090559020
8.131094915876
8.135083745720
8.139035606090
8.142987474014
8.146919424168
8.150823363554
8.154724631247
8.158622556702
8.162528224163
8.166442896811
8.170360373338
8.174281220837
8.178209799152
8.182145641049
8.186079502419
8.190024868478
8.193954494085
8.197875855811
8.201786711544
8.205677223070
8.209574117506
8.213466721079
8.217361859912
8.221255487507
8.225180773998
8.229114630399
8.233104810383
8.237192300036
8.241391613869
8.245753115378
8.250516156808
8.255066914725
8.259589759206
8.263921385687
8.268096284070
8.438097898472
8.442222430638
8.446257698174
8.450303266059
8.454375542927
8.458450556818
8.462543837600
8.466670291713
8.470805587979
8.474975798386
8.479182419184
8.483430599460
8.487717914802
8.492022232523
8.496327709225
8.500665178302
8.505006579455
8.509352545562
8.513723439083
8.518099578151
8.522506873383
8.526934126619
8.531378979116
8.535826429880
8.540285961551
8.544771227137
8.549259304174
8.553763232038
8.558248390722
8.562769895550
8.567301796984
8.571858542313
8.576414439061
8.580970895430
8.585559999503
8.590158146446
8.594753892867
8.599361209709
8.603980432209
8.608633563050
8.613247664305
8.617899690324
8.622549343771
8.627201212339
8.631861490493
8.636527152487
8.641188782118
8.645796318540
8.650448632401
8.655091161547
8.659739148889
8.664386129318
8.669031012840
8.673668508115
8.678329111655
8.682986991574
8.687659980170
8.692352490767
8.697083295701
8.701823191715
8.706585398863
8.711366977773
8.716190466578
8.721107648991
8.726015271143
8.731005135260
8.736044644912
9.745356229290
9.748537482453
9.751618375224
9.755362308351
9.759201714221
9.763054664684
9.766948830339
9.770845243299
9.774741875091
9.778669606263
9.782608314778
9.786565755679
9.790522682842
9.794487258699
9.798440406108
9.802374741555
9.806309136596
9.810244181787
9.814171486952
9.818103280413
9.822037975340
9.825961524445
9.829883179562
9.833808229627
9.837734581324
9.841662479508
9.845629707218
9.849605722620
9.853596160034
9.857585501960
9.861595442892
9.865609736321
9.869625092319
9.873648077531
9.877660188259
9.881666579053
9.885664675495
9.889645967128
9.893619637507
9.897596588885
9.901586602741
9.905626650925
9.909745082175
9.913924091412
9.918060851672
9.922078092257
10.117681440328
10.122289010563
10.127175825230
10.132214637323
10.137352859166
10.142549148299
10.147872748449
10.153195059473
10.158156707347
10.163800881188
10.165829416340
10.167973917733
10.170172213706
10.172371395485
10.174571374310
10.176706348077
10.181224622869
10.183187509688
10.185367353392
10.187552124520
10.189688634462
10.191846630968
10.193960099580
10.195918512002
10.197906905156
10.199922248451
10.202090951847
10.204213297585
10.206047470840
10.538704117821
10.542736293518
10.546776945340
10.551047819608
10.555366118084
10.559667450850
10.563863523694
10.568047605458
10.572414958129
10.576836997309
10.581286130236
10.585765645047
10.590220685152
10.594714708939
10.599208816949
10.603724627403
10.608243608864
10.612767792986
10.617300966692
10.621821154243
10.626353961765
10.630901560542
10.635468175950
10.640035151957
10.644616277339
10.649204206244
10.653808594321
10.658433579288
10.663064951805
10.667689788381
10.672322204488
10.676958429494
10.681612980647
10.686280101415
10.690967605608
10.695673154173
10.700355681819
10.705082395158
10.709806082032
10.714538806951
10.719277685966
10.724025267031
10.728786226852
10.733529885550
10.738319769905
10.743156902019
10.747867122072
10.752680092394
10.757404053589
10.762190647383
10.803064527931
10.807984592216
10.812929274418
10.817990456955
10.823161806119
10.828663244414
10.834209688411
10.840038880521
10.845279353515
10.851903928277
10.857523907682
10.862943055183
10.868266750039
10.873599420419
10.878969996824
10.884445180376
10.889907628221
10.895389077572
10.900932278224
10.906522821963
10.912175394145
10.917868650399
10.923620708594
10.929413195540
10.935288251388
10.941171706087
10.947319057028
10.953514120299
11.038435818762
11.042808798027
11.047881997684
11.053483563071
11.059033912882
11.064608368607
11.070179942976
11.075681394222
11.081146155018
11.086234642552
11.091486125873
11.096951890147
11.102502164240
11.108063412691
11.113643929961
11.119266676290
11.124873051538
11.130502304750
11.136175529119
11.141870973941
11.147597525533
11.153313270581
11.159053502587
11.164867624656
11.170653637239
11.176442738802
11.182294475300
11.188164190175
11.194082207651
11.200062314671
11.206098588729
11.212150976809
11.218239938732
11.224525730477
11.230780813157
11.428341262804
11.432407875678
11.436476131116
11.440696027876
11.444921306635
11.449136892344
11.453351086534
11.457557833253
11.461766086279
11.465976900241
11.470171220567
11.474366482628
11.478557872509
11.482740727539
11.486930288722
11.491130445574
11.495320839883
11.499529008265
11.503740870164
11.507958421606
11.512177721363
11.516404287685
11.520635842603
11.524875728137
11.529136842766
11.533403321481
11.537692023595
11.541989476181
11.546302494759
11.550625253070
11.554963616230
11.559314253044
11.563662430589
11.568030278280
11.572401921876
11.576785178633
11.581165588761
11.585539289287
11.589919322045
11.594303761598
11.598687200637
11.603086719231
11.607507502015
11.611946836558
11.616385461259
11.620825875166
11.625263203374
11.629703533578
11.634159392961
11.638625438861
11.643100216575
11.647586956450
11.652069803791
11.656562129169
11.661060928743
11.665565835164
11.670064944694
11.674600976047
11.679142538436
11.683703540393
11.688281279731
11.692864396387
11.697464851856
11.702054850885
11.706682701645
11.711304088989
11.715940035348
11.720575537657
11.725217642111
11.729888665766
11.734583351626
11.739274264482
11.743988676016
11.748735741534
11.753502125985
11.758268336173
11.763052553461
11.767878167281
11.772716713525
11.777596879394
11.782522005771
11.787493854164
11.792521421387
11.797602555948
11.802741366175
11.807879768367
11.812969429178
11.818072792853
11.823204096977
11.828286219699
11.833390581286
11.838392012398
11.843587664424
12.785822110791
12.789770782636
12.794448908617
12.799145963302
12.803804730604
12.808396502125
12.812932131256
12.817456899233
12.821955089885
12.826426071221
12.830872138429
12.835288327472
12.839685863125
12.844074647257
12.848457313194
12.852809637352
12.857140750287
12.861464239855
12.865737997040
12.870003836890
12.874237587991
12.878453068862
12.882645277423
12.886801891766
12.890928458571
12.895003365862
12.899055906380
12.903062565637
12.907057337018
12.910993718854
12.914909336034
12.918776222517
12.922601381565
12.926038382922
12.929654952803
12.933231063270
12.936798553713
12.940389056305
12.943932715732
12.947463248845
12.950989346360
12.954516839093
12.958030050058
12.961530842497
12.965025317723
12.968482355512
12.971938357122
12.975377066144
12.978793754583
12.982205850867
12.985612117459
12.989004162979
12.992378967413
12.995747428681
12.999105563715
13.002466819037
13.005825079036
13.009217197408
13.012596401282
13.015929396641
13.019234706002
13.022547781952
13.025910642783
13.029264352098
13.032646415456
13.036028399854
13.039423699405
13.042874846556
13.046341427601
13.049862619467
13.053463258098
13.057190454368
13.060943002375
13.064653613115
13.068331457870
13.071861218347
13.074873940716
13.164376796832
13.168431244076
13.172560571308
13.176892272914
13.181379489039
13.186290108416
13.191251525479
13.196276882542
13.201455298537
13.206697179626
13.211887902538
13.217131655906
13.222358123816
13.227626986706
13.232924998162
13.238238202082
13.243627865637
13.249141137462
13.254628205423
13.260214015731
13.266044654175
13.272119942687
13.427024117625
13.431748268266
13.436369065146
13.440933391873
13.445549484712
13.450172730952
13.454814281669
13.459461731245
13.464035590586
13.468510216223
13.473024234093
13.477682199401
13.482486050831
13.487317125391
13.492271282017
13.497249653136
13.502303259685
13.507446068626
13.512629226762
13.517844238806
13.523091366008
13.528401169575
13.533720590178
13.539083463558
13.544404312725
13.549743034845
13.555539369581
13.571604966072
13.584402761111
14.027065582725
14.032235691167
14.037723121786
14.043104587181
14.048607601025
14.054015857032
14.059438600365
14.065047421129
14.070625211939
14.076279270242
14.081979429566
14.087769968261
14.093610367079
14.099441489831
14.105354824997
14.111366043913
14.117497401463
14.123730295503
14.130365476449
14.136324090776
14.142524765710
14.226822276723
14.232990629709
14.238748658062
14.244528192475
14.250534178650
14.256545934507
14.262660364058
14.268746951704
14.274806400478
14.281021581261
14.287069205581
14.293232509582
14.299359010960
14.305704665772
14.311854069954
14.379027870707
14.383679773029
14.389018155575
14.394951282740
14.401159037060
14.407523467710
14.413501144757
14.537346653681
14.541439880650
14.546162047831
14.551315023151
14.556427720694
14.561616889629
14.566805645479
14.571976770233
14.577141165038
14.582336127585
14.587513195232
14.592734071617
14.597959287670
14.603201377433
14.608503078275
14.613825289825
14.619174451862
14.624531853354
14.629954608845
14.635383339800
14.640835603234
14.646317195933
14.651856726173
14.657393422620
14.662983216882
14.668577147378
14.674197694335
14.679860435345
14.685513657950
14.691226410187
14.697013753696
14.702804428587
14.708647580443
14.714562329133
14.720480158172
14.726422443608
14.732374982297
14.738319467573
14.744266637141
14.750380593540
14.756409855633
14.762627751892
14.768668284377
14.774958589408
14.781024212998
14.787245931081
14.793294122035
14.799513945125
14.805627577378
14.811857024129
14.818245331545
14.824634360727
16.065938876547
16.070187373495
16.074560834500
16.079006367023
16.083460648660
16.087932322606
16.092374939522
16.096781155865
16.101139600398
16.105450707654
16.109694916238
16.113901825937
16.118054807202
16.122148854003
16.126193530291
16.130192060046
16.134144003069
16.138054236856
16.141921085536
16.145750433434
16.149542839890
16.153307982636
16.157056330987
16.160788991988
16.164495547425
16.168169499076
16.171829323906
16.175486062900
16.179126919152
16.182737139098
16.186323238066
16.189861164502
16.193379089612
16.196885151069
16.200381979317
16.203871128338
16.207337218368
16.210783924821
16.214205131557
16.217602666738
16.220945862881
16.224246632737
16.227522463003
16.230781113529
16.234050895585
16.237298632445
16.240543479368
16.243766781363
16.246994693106
16.250216098575
16.253432971392
16.256644715827
16.259861777753
16.263085736089
16.266306208087
16.269505579564
16.272737431007
16.275934020796
16.279180140407
16.282421692549
16.285652565214
16.288907002260
16.292123561058
16.295385316726
16.298634407607
16.301914947867
16.305145953111
16.308473286812
16.311622282237
16.314785344661
16.318086677421
16.321164958944
16.324447956305
16.327729996345
16.330913109038
16.334453340111
16.337700083633
16.340975553779
16.344390667069
16.458241304768
16.462266586630
16.466561885905
16.471263168958
16.476341493933
16.481539033590
16.486790226477
16.492134258012
16.497526524797
16.502938689492
16.508411665019
16.513924563965
16.519616434612
16.525249620961
16.530672725047
16.536200839845
16.541736369867
16.547263889555
16.552800453515
16.558391559849
16.564060661911
16.569807451412
16.575560552519
16.581403257238
16.587258163550
16.593115590403
16.598948631058
16.604782128781
16.610642985170
16.616563056645
16.622507863597
16.628553260080
16.635355343222
16.641477931073
16.660100137878
16.666468473230
16.671577044990
16.676759516909
16.682041133959
16.687442109130
16.693044963659
16.698705095226
16.704366820056
16.709916199355
16.715410942946
16.720945562676
16.846880921867
16.851580457165
16.856295762517
16.861053213929
16.865867407420
16.870726031189
16.875541125448
16.880158986275
16.884875528000
16.889611340005
16.894345364421
16.899064166120
16.903759637695
16.908448285304
16.913143896974
16.917826889446
16.922507406599
16.927194701906
16.931895811493
16.936614732876
16.941350154904
16.946109106388
16.950919714178
16.955840327136
16.960785310084
16.965647236903
16.970327626286
16.974983604965
17.098043737243
17.101164179495
17.104218756386
17.107244162383
17.110287223777
17.113402427283
17.116555422979
17.119760373197
17.122989528170
17.126227481701
17.129472785147
17.132766560410
17.136081002291
17.139420560140
17.142794266583
17.146211525056
17.149640011987
17.153107711437
17.156611518316
17.160123314217
17.163721171753
17.167244933699
17.170737170853
17.174385032981
17.178608608026
17.181828247272
17.668232048112
17.672898472007
17.677775002623
17.682935144032
17.688235079535
17.693627919028
17.699054300106
17.704501255520
17.709975218835
17.715446209081
17.720896801014
17.726418900063
17.731926162195
17.737489629871
17.743081358226
17.748711403315
17.754380870470
17.760118297306
17.765921418255
17.771799189851
17.777813285276
17.783951902187
17.790423262396
17.796778773739
18.125587870174
18.130346484812
18.135429753540
18.140637043417
18.145972654697
18.151569541658
18.156805481383
18.162059720333
18.167468942228
18.173009593284
18.178485478980
18.183870424697
18.189138551693
18.194583056125
18.200051416391
18.205636012263
18.211848045726
18.217324372803
18.222919735711
18.312174483379
18.323419869508
18.334839113475
18.346467176593
18.352729115551
18.358976215886
18.606639003830
18.610476389516
18.614219861743
18.618008831216
18.621892032232
18.625779191126
18.629644540044
18.633515272119
18.637395305625
18.641306653487
18.645223017492
18.649149741383
18.653130268592
18.657152981155
18.661183321296
18.665236033852
18.669292241163
18.673388799384
18.677522486339
18.681667614457
18.685806791472
18.689987457707
18.694168075450
18.698356343642
18.702547423158
18.706736079346
18.710921946505
18.715103617587
18.719285068386
18.723460054303
18.727627887914
18.731788071058
18.735954551793
18.740135803765
18.744368246823
18.748638190260
18.752975700689
18.757369843038
18.761939228359
18.766656719055
18.771311951469
19.154556132862
19.159094568568
19.164204762321
19.169671673977
19.175233921646
19.180805543974
19.186376328289
19.192015273176
19.197697900230
19.203431282588
19.209304814435
19.215586499582
19.221942246471
19.227801441309
19.276699046003
19.288295767551
19.486502741966
19.489998088534
19.494053416865
19.498123803185
19.502105863525
19.506095522498
19.510090271707
19.514106472140
19.518150229474
19.522208838212
19.526288474474
19.530394759234
19.534540515706
19.538753037526
19.543023099978
19.547353794566
19.551746552752
19.556217829392
19.560731855619
19.565265019638
19.569815350912
19.574441528855
19.579139188330
19.583812084424
19.588516686514
19.593309402437
19.598132266659
19.603005559271
19.607955445284
19.612946493666
19.618018225762
19.623115983471
19.628258473082
19.633412812156
19.638581877948
19.643757501998
19.648981396598
19.654217098983
19.659493454300
19.664786587434
19.670089680387
19.675458600459
19.680906384675
19.686445232857
19.693175490865
19.698703020890
19.704253218820
19.709932532263
19.715653821716
19.721434586513
19.727178453651
19.733008380408
19.738842578770
19.744718037643
19.750677615401
19.756519311706
19.762546385418

