Time_s
0.556483891084
0.560869435049
0.564745434863
0.568259091163
0.571903828620
0.575476940190
0.579141612943
0.582860491367
0.586556701517
0.590253090280
0.593948801483
0.597644560517
0.601288949220
0.604802387551
0.608334115000
0.611858647698
0.615385339990
0.618900416312
0.622417214336
0.625938005618
0.629459154786
0.632985591904
0.636488714017
0.639982045470
0.643471443918
0.646943992980
0.650412125913
0.653859094326
0.657299136427
0.660729434689
0.664163216255
0.667591795579
0.671005143206
0.674389264287
0.677766998351
0.681135650456
0.684476601806
0.687798497102
0.691102634829
0.694386519847
0.697634458391
0.700858441293
0.704040208062
0.707199253251
0.710361185015
0.713490528683
0.716620616238
0.719735460948
0.722862646889
0.726044881527
0.729345700774
0.732675045038
0.914455677101
0.919329684035
0.923310307081
0.927745326761
0.931698115255
0.936366303295
0.939773570410
0.943168985572
0.946827751533
0.950808093481
0.954862754055
0.958954178979
0.963060072990
0.967155980462
0.971274897716
0.975419077552
0.979594788942
0.983755868421
0.987947394838
0.992146249644
0.996352892947
1.000569760093
1.004785963602
1.009021166602
1.013275634593
1.017532490238
1.021799432095
1.026088851968
1.030376972082
1.034672800739
1.038985340713
1.043302511238
1.047615475365
1.051933665965
1.056249675560
1.060567768451
1.064882580186
1.069186722369
1.073472456123
1.077752631718
1.081993199444
1.086219212002
1.090423475682
1.094592084419
1.098752135989
1.102882132893
1.106992159322
1.111094841113
1.115208337213
1.119302747445
1.123434433173
1.127526583489
1.131582238759
1.135796057555
1.139937123258
1.144044448536
1.148207690513
1.366380947455
1.370003371483
1.374138278974
1.378443258807
1.382858635348
1.387293714661
1.391748072358
1.396208478718
1.400683529876
1.405155084200
1.409623592695
1.414097249806
1.418578420519
1.423069137108
1.427582250670
1.432103672985
1.436657071851
1.441221549449
1.445799677586
1.450399228288
1.455007798115
1.459637813519
1.464279150133
1.468936420723
1.473643474647
1.478379600123
1.483041905800
1.487772905841
1.492512660909
1.497252891890
1.501993986251
1.506765927667
1.511579685185
1.516357538689
1.521054856342
1.525602787554
1.530195562682
1.534897275203
1.539608686998
1.544354705025
1.549117137848
1.553900740565
1.558694447200
1.563514742381
1.568359363992
1.573218217015
1.578086437763
1.582971597120
1.587875627896
1.592784926809
1.597703671469
1.602638202702
1.607575622610
1.612518088880
1.617482502371
1.622411469831
1.627342640682
1.632270129519
1.637185982762
1.642102719111
1.647004374304
1.651879654013
1.656728240698
1.661624925570
1.666529625920
1.671393417022
1.676289049293
1.681247354915
1.686164292199
1.691129247967
1.696169311346
1.701239382753
1.706286470398
1.711329812266
1.716328213308
1.721371704226
2.054388037983
2.057571892840
2.060761981801
2.063986182405
2.067268436777
2.082750483185
2.086400692945
2.090440293319
2.094385932649
2.098456002390
2.102618952005
2.106787563287
2.110931160712
2.115064328992
2.119198219661
2.123316089300
2.127413660032
2.131466543413
2.135491763243
2.139490538687
2.143479834995
2.147423296577
2.151316732487
2.155171478800
2.159027932148
2.162889341885
2.166748581016
2.170739139521
2.174822717620
2.178840338023
2.182810980616
2.186909701260
2.190925888065
2.194988199590
2.198971425160
2.203025558371
2.375414096347
2.378801084934
2.382626151568
2.385886429431
2.389161765289
2.392438670593
2.395796460200
2.399178243675
2.402608084957
2.406021735588
2.409428165614
2.412823616639
2.416214945200
2.419595735851
2.422970965297
2.426345668389
2.429719701472
2.433090540290
2.436454925240
2.439820408843
2.443185987882
2.446556908284
2.449930890212
2.453309029419
2.456699219993
2.460102809560
2.463542888184
2.467042475352
2.470779016947
2.474303272039
2.477821222621
2.481393203747
2.485160791691
2.488666514318
2.492164402507
2.495635854672
2.499053089596
2.502470083577
2.505861703803
2.536556024583
2.540389656575
2.544034592880
2.547327670475
2.550520217492
2.553832286688
2.557207168131
2.560656975596
2.564131007178
2.567604914369
2.571106324776
2.574636824056
2.578201016427
2.581804723166
2.585463099385
2.589191878836
2.593044527994
2.597005434068
2.601105174081
2.605461387653
2.609832834968
2.614184246840
2.618514867392
2.623020395381
2.627708223980
2.632488494810
2.637243265159
2.641785571712
2.646768998134
2.652292647191
2.657305116965
2.662023441481
2.667005610606
2.672209934463
2.676395064150
2.680262486467
2.684411076762
2.688402444815
2.692604461803
2.696303518719
2.700168427460
2.704317118935
2.708538888029
2.712822765626
2.717133413358
2.721458556808
2.725819943208
2.730175302821
2.734509950793
2.738835531310
2.743134729002
2.747425716037
2.751696370735
2.755937203769
2.760164311781
2.764363478211
2.768565176059
2.772755173571
2.776945710079
2.781118659941
2.785293604774
2.789449619377
2.793602177750
2.797755755470
2.801913503899
2.806062909726
2.810215613708
2.814374705558
2.818581659112
2.822752752129
2.826915924133
2.831074006257
2.835205222506
2.839323389622
2.843438754279
2.847539032141
2.851578610324
2.855664027725
2.859736176469
2.863819893419
2.867860131009
2.871893028305
2.875909537427
2.879918958105
2.883950412387
2.888001594760
2.891992402775
2.896003155645
2.900025355344
2.904038141685
2.908075961147
2.912150879853
2.916250247150
2.920357884025
2.924497442109
2.928611431126
2.932860800745
2.937071082547
2.940860433360
2.944626126423
2.948407116433
2.952212840747
2.956049417946
2.959931357912
2.963826920888
2.967741579305
2.971673419878
2.975603221257
2.979523054943
2.983455539017
2.987388061640
2.991325734541
2.995259113516
2.999191448781
3.003118809939
3.007049126353
3.010967193338
3.014861133659
3.018775663629
3.022684056988
3.026576205987
3.030497180865
3.034501229940
3.038572120452
3.042657766052
3.046703839356
3.050862260591
3.054928370342
3.059068833839
3.063108506757
3.066846847445
3.070749804809
3.074826545921
3.236484098202
3.240853740521
3.244618031683
3.248297864907
3.252259436152
3.256393252843
3.260622525774
3.264875280042
3.269141458517
3.273414513061
3.277725223004
3.282027701784
3.286335442849
3.290642879645
3.294941610811
3.299246676502
3.303556384784
3.307858851720
3.312166772811
3.316478588027
3.320780129853
3.325099096855
3.329406373030
3.333726299703
3.338038271993
3.342344367312
3.346645095921
3.350954836137
3.355252126501
3.359544588786
3.363829849115
3.368114555386
3.372379353404
3.376654562866
3.380885950377
3.385067560856
3.389248433869
3.393416771569
3.397568671170
3.401691550710
3.405807154804
3.409903525343
3.413966033908
3.418031915627
3.422040535270
3.426120701920
3.430297295143
3.434229492508
3.438225167767
3.442218220639
3.557760586747
3.562067803611
3.566392283836
3.570700767392
3.574978181386
3.579288657745
3.583613081340
3.587901410088
3.592150388542
3.596380072711
3.600615059781
3.604894122027
3.609200266599
3.613562775169
3.617930909994
3.622323331077
3.626764142734
3.631213362226
3.635697716995
3.640215284785
3.644751554021
3.649303793936
3.653966514534
3.658628767642
3.663122640268
3.668283536900
3.672798051801
3.677274657847
3.681752750732
3.787926230128
3.791631502713
3.795628605851
3.799528701055
3.803723517147
3.808010568495
3.812382363356
3.816772844174
3.821168045709
3.825573342233
3.829978005485
3.834384805754
3.838794211573
3.843209214023
3.847619829472
3.852022512678
3.856427043408
3.860840543193
3.865246182740
3.869651744931
3.874053070827
3.878444466857
3.882837601915
3.887233299195
3.891623759400
3.896011294462
3.900388840274
3.904760234254
3.909121977629
3.913465780621
3.917806717173
3.922131464212
3.926444497183
3.930747631574
3.935032124291
3.939305659777
3.943565052105
3.947814220680
3.952053579066
3.956291319669
3.960506509068
3.964695760064
3.968891297925
3.973065058205
3.977238184110
3.981434341327
3.985642441852
3.989812635620
3.994076874824
3.998400504488
4.002747031120
4.007290780956
4.011582946609
4.015812580325
4.155790900590
4.159931115931
4.163871070292
4.167856084511
4.171976335867
4.176245075657
4.180606930290
4.184996727546
4.189410288353
4.193839569427
4.198276447268
4.202742362222
4.207224548395
4.211719022436
4.216233374684
4.220744715741
4.225268487411
4.229800654938
4.234312574090
4.238839206456
4.243355722647
4.247887098287
4.252419434297
4.256943630469
4.261446356230
4.265960293258
4.270467596468
4.274952849336
4.279444636300
4.283921538124
4.288402524199
4.292887126493
4.297397692584
4.301942623172
4.306484792075
4.310982906822
4.315459686627
4.319923342568
4.324398666143
4.328838991493
4.333327342631
4.337834724025
4.342278184229
4.346767651338
4.351224504262
4.355689372937
4.360168478027
4.364652556522
4.369117813127
4.373574752083
4.378097698402
4.382652362829
4.387167088585
4.391730186407
4.396384836353
4.401160850438
4.405798542537
4.410669269131
4.416170707084
4.421079866916
4.425692792048
4.430069645718
4.434229090645
4.438483711359
4.442792283119
4.447152704680
4.451536927461
4.456003090944
4.460503405212
4.465055614409
4.469614811413
4.474042567548
4.667464256024
4.671836364873
4.675821314103
4.679878202960
4.684131422156
4.688653905712
4.693338174191
4.698071994778
4.702828731727
4.707647549023
4.712511018648
4.717401343194
4.722328110932
4.727255681109
4.732216578538
4.737188606893
4.742159629406
4.747156883004
4.752117317071
4.757092024588
4.762071299770
4.767019811992
4.771999591978
4.776972600724
4.781941101456
4.786946416898
4.791998593994
4.797014327044
4.802035154729
4.807063793123
4.812115071073
4.817136966696
4.822151055453
4.827169967778
4.832192847458
4.837242046956
4.842312931426
4.847395804347
4.852485957740
4.857572615979
4.862650865110
4.867705429145
4.872761067871
4.877802680902
4.882852465452
4.887880569728
4.892909995191
4.897916507128
4.902858098805
4.907792426992
4.912726879363
4.917642062234
4.922535789869
4.927646380790
4.932864597182
5.393367670752
5.396573768368
5.399758590119
5.403427583658
5.407140995279
5.410887952504
5.414609881452
5.418322138032
5.422007307240
5.425690757207
5.429381570482
5.433082538221
5.436807748843
5.440547037422
5.444667706973
5.448798808863
5.452517521957
5.456195680284
5.459905920331
5.463590361754
5.467290326866
5.471010951342
5.474757301865
5.478461378738
5.482175934492
5.485882352432
5.758405164777
5.761455891825
5.765128126912
5.768666922711
5.772603953016
5.776637329830
5.780660173436
5.784741595835
5.788818397816
5.792917942690
5.797012538026
5.801109425912
5.805213534007
5.809315298226
5.813411191012
5.817573199527
5.821753239681
5.825968424035
5.830153280457
5.834362617771
5.838561990677
5.842740752564
5.846936321872
5.851139579488
5.855347026113
5.859535727039
5.863733666411
5.867927794785
5.872097505669
5.876271260830
5.880428581757
5.884557544359
5.888704631835
5.892845513734
5.896985797101
5.901116486426
5.905217440419
5.909363786036
5.913566132488
5.917716264496
5.921877758495
5.926020851394
5.930158182082
5.934276717691
5.938385680682
5.942505697932
5.946635045426
5.950767743607
5.954906324573
5.959051335866
5.963213120958
5.967360293859
5.971500622437
5.975622895634
5.979640390323
5.983449131695
6.047648918751
6.051264202788
6.054696297118
6.058649937424
6.062693449905
6.066809780143
6.070984016691
6.075210317332
6.079456535243
6.083750205464
6.088094971153
6.092491580991
6.096894037447
6.101318922988
6.105764134326
6.110248738456
6.114774216021
6.119325327932
6.123884448683
6.128247325044
6.132661674555
6.296311077787
6.300873303886
6.304569290394
6.308140513146
6.312289238284
6.316484131830
6.320740932878
6.325019064507
6.329320359765
6.333628208186
6.337932401384
6.342251501305
6.346574749075
6.350906331104
6.355232431327
6.359566374554
6.363902820166
6.368238074141
6.372582336900
6.376930428880
6.381280441682
6.385632246698
6.389986359527
6.394330514839
6.398643559574
6.402958192649
6.407238268371
6.411494099844
6.415729896476
6.420052263962
6.424416628306
6.428710481241
6.433109672099
6.646817182976
6.650999265502
6.655022673301
6.659038460932
6.663191020158
6.667407794021
6.671748614788
6.676195108621
6.680564146571
6.684966138183
6.689442238483
6.693929301812
6.698424609452
6.702887706696
6.707348472531
6.711796935075
6.716273197790
6.720755774830
6.725224495483
6.729713652482
6.734213211094
6.738720775717
6.743212892126
6.747711362529
6.752207890278
6.756711886187
6.761219806576
6.765733817815
6.770261565358
6.774787304060
6.779307038033
6.783797807881
6.788303622276
6.792806244800
6.797318643726
6.801850021717
6.806383583924
6.810889827189
6.815401316909
6.819923296361
6.824465469609
6.829034008097
6.833720894175
6.838414160046
6.842143826199
6.846851676106
6.967866853634
6.972136309477
6.976352402531
6.980477829080
6.984821245630
6.989229950964
6.993694938147
6.998200609878
7.002693436920
7.007188379192
7.011677710939
7.016168934557
7.020646098957
7.025121095087
7.029590562665
7.034066078627
7.038531580815
7.043012796601
7.047483350721
7.051968893074
7.056441899156
7.060906705685
7.065357916885
7.069801373235
7.074226547867
7.078635580845
7.083021258108
7.087367223619
7.091690065365
7.095998708638
7.100245151038
7.104479576520
7.108683613513
7.112850193635
7.116962844589
7.121047589057
7.125109491672
7.129126303110
7.133110577107
7.137071761712
7.140986058231
7.144867357607
7.148728885015
7.152540336456
7.156354464006
7.160135218576
7.163902571324
7.167650200683
7.171378655570
7.175062686943
7.178727522046
7.182346859205
7.185852382638
7.189569084174
7.193291025162
7.196982424002
7.200775814191
7.204643559437
7.208377703039
7.211874043142
7.983365837688
7.987182805267
7.990719392140
7.994826391107
7.998898837879
8.003016828768
8.007177203233
8.011327898018
8.015510726478
8.019715878005
8.023918161275
8.028137784649
8.032381633898
8.036632285768
8.040908385528
8.045202081862
8.049502240260
8.053814346678
8.058125495714
8.062446823991
8.066764763246
8.071092802557
8.075422223451
8.079749647888
8.084067659039
8.088381739510
8.092692040360
8.097003100825
8.101308637838
8.105604205340
8.109882648752
8.114136330114
8.118421251061
8.122698820113
8.126963282573
8.131220850269
8.135466023987
8.139684394240
8.143880230867
8.148054086599
8.152173728179
8.156236181173
8.160256565258
8.164234807980
8.168180272209
8.172121247520
8.176091805276
8.180012886326
8.183910643479
8.187798795827
8.191612155122
8.195451864000
8.199313382536
8.203107958441
8.206898028751
8.210684295040
8.214474535020
8.218321613130
8.222219186500
8.226144929620
8.230012423089
8.237394386950
8.241470636379
8.245373427098
8.249223915436
8.253174130579
8.256939349323
8.260695006293
8.264461032948
8.477790116358
8.485281375246
8.488726386803
8.492148107142
8.495703485970
8.499451545462
8.503257063370
8.507047872008
8.510807181850
8.514580334562
8.518348096492
8.522108797104
8.525869343579
8.529628694761
8.533386659802
8.537138799197
8.540872752247
8.544614823170
8.548367022496
8.552128812716
8.555932887662
8.559769059449
8.563633095814
8.567397719104
8.571209032609
8.574987245892
8.578749368202
8.582485596497
8.586218692340
8.589936325627
8.593688455320
8.597410801537
8.601160650942
8.604907918582
8.608658016152
8.848394521066
8.852350587071
8.855963328956
8.859676195865
8.863332839848
8.867387358270
8.871503364411
8.875688385864
8.879924638010
8.884190833523
8.888524009453
8.892890944559
8.897288424804
8.901707299351
8.906065037254
8.910445593418
8.914900087251
8.919355786476
8.923842561182
8.928351504136
8.932873064053
8.937415725409
8.941984576845
8.946552766215
8.951159809316
8.955777111528
8.960391778339
8.965015686963
8.969652914835
8.974302134835
8.978938690614
8.983600209767
8.988264963274
8.992916823728
8.997587660582
9.002266000756
9.006939442212
9.011601488110
9.016256541324
9.020916663823
9.025562403617
9.030188642774
9.034794442324
9.039387819226
9.043959658111
9.048523712801
9.053044721304
9.057552724309
9.062042483005
9.066503278814
9.070937081604
9.075337254492
9.079677220623
9.084013745991
9.088317312575
9.092608515643
9.096932499890
9.101307590146
9.105754972691
9.110185786487
9.114596315574
9.118958156822
9.123362361039
9.127783669898
9.132230968979
9.136610133999
9.140984111663
9.145374626048
9.149745296352
9.154063021597
9.158423253792
9.326126545236
9.330573056778
9.335201014006
9.339687286331
9.344130034959
9.348472597205
9.352837440702
9.357226660909
9.361599747081
9.366048299157
9.370411872807
9.374857601768
9.379354179412
9.383892254004
9.388480936513
9.393111914102
9.397762982718
9.402443247809
9.407065413143
9.411668695754
9.416132000762
9.420549622828
9.511683018977
9.516642086004
9.521322069691
9.526094934889
9.531130085102
9.536263521046
9.541432418174
9.546602478041
9.551796830560
9.556952102463
9.562139655473
9.567422794627
9.572632041833
9.577811553951
9.583126688934
9.588365596368
9.593306362990
9.598309604473
9.603257963739
9.608231423679
9.613148478690
9.618057297857
9.622946546074
9.627778743457
9.632636300221
9.637468901582
9.642281199695
9.646787889093
9.651262116850
9.655663135165
9.660071707531
9.664443947409
9.668839338150
9.673211094102
9.677582619678
9.681946482045
9.686295521644
9.690647542510
9.694970259545
9.699292384535
9.703601709752
9.707897077043
9.712174086948
9.716447344871
9.720705399251
9.724955434837
9.729198491488
9.733454537985
9.737689747049
9.741927602347
9.746190212859
9.750473559524
9.754766561962
9.759025631151
9.763240855399
9.767426364556
9.771645784615
9.776095089909
9.780676758011
9.784993721760
9.789288687695
9.936014708221
9.937790810732
9.939490472462
9.941493620192
9.943466160296
9.945169335554
9.947193004441
9.949192152808
9.951482470315
9.953538249326
9.966034813887
9.969844689324
9.973574257132
9.977723629541
9.981972246234
9.986311810989
9.990655488739
9.995030941551
9.999420075042
10.003842638826
10.008285760134
10.012743880108
10.017215694516
10.021712886655
10.026227538233
10.030766574324
10.035323700163
10.039880702377
10.044459769669
10.049038768764
10.053618250039
10.058212877156
10.062783996585
10.067373972396
10.071940357013
10.076502070565
10.081042386761
10.085570755741
10.090084009756
10.094562901161
10.099027645115
10.103480731680
10.107891447623
10.112268772111
10.116616820306
10.120926217831
10.125199982330
10.129406481575
10.133616149645
10.137782851652
10.141929184160
10.146011937311
10.150095438404
10.154144654442
10.158174389275
10.162187032570
10.166173631283
10.170132674217
10.174077776252
10.178001703475
10.181956161558
10.185866182799
10.189765170010
10.193642476752
10.197505335367
10.201416904441
10.205301731303
10.209137897772
10.213155257856
10.217277554595
10.221341396194
10.225489666162
10.229571149211
10.233664192337
10.477117027633
10.481136059979
10.485157351634
10.489063475205
10.493203677435
10.497676241660
10.502166711305
10.506742131201
10.511327973281
10.515928511700
10.520521753190
10.525115939784
10.529709458743
10.534303023542
10.539043877848
10.543633741530
10.548174794127
10.552774818524
10.557375000541
10.561963904403
10.566550104932
10.571133932603
10.575725356889
10.580291581606
10.584788724795
10.589334990876
10.593865992142
10.598399893606
10.602919047557
10.607442019268
10.611945524402
10.616441715460
10.620875055228
10.625349062140
10.629817924524
10.634274035721
10.638698881655
10.643115255774
10.647522421055
10.651922666928
10.656306887445
10.660669073752
10.665029115672
10.669396959142
10.673711089891
10.677824505009
10.682069193641
10.686251076730
10.690419442639
10.694574900978
10.698727252392
10.702867837129
10.707005565914
10.711118374665
10.715219111446
10.719300211694
10.723368759621
10.727420529554
10.731441170339
10.735451510306
10.739453065473
10.743434080874
10.747385343628
10.751340651216
10.755284970711
10.759245438565
10.763222551811
10.767200755245
10.771196183915
10.775224029907
10.779351936235
10.783515506723
10.787651319259
10.791697186739
10.795682249050
10.799696119025
10.803664679748
10.807619692754
10.811414302373
10.815271448275
10.819055556877
10.822800041176
10.826536117853
10.830261325603
10.834001461690
10.837745695519
10.841488056646
10.845232749020
10.848973482091
10.852720612986
10.856461317692
10.860205260791
10.863956601827
10.867707564706
10.871468583900
10.875245936923
10.879019577567
10.882811899382
10.886616859395
10.890437797113
10.894266052239
10.898107547242
10.901984007698
10.905906318623
10.909834206101
10.913816176349
10.917836847639
10.921898659258
10.926032775798
10.930235587338
10.934488390370
10.938777705664
10.943024007414
10.947414423105
10.952434754717
10.956784387705
10.961100862605
10.966211071659
11.166428928524
11.170644181071
11.174806617639
11.179070235055
11.183409370468
11.187868696938
11.192416558187
11.196993220936
11.201598767774
11.206118014354
11.210573827771
11.215133638844
11.219697413057
11.224254321963
11.228828263773
11.233423541579
11.238049277137
11.242693760072
11.247364734412
11.252019100934
11.256695586196
11.261385365534
11.266084664244
11.270784265780
11.275480041681
11.280198722197
11.284899444478
11.289606919803
11.294312313869
11.299014863149
11.303703079075
11.308392682322
11.313066453934
11.317687362843
11.322280527066
11.326828150233
11.331347543743
11.335845232579
11.340311996840
11.344739630093
11.349122603065
11.353489573523
11.357864830697
11.362310055449
11.366707164201
11.370894237280
11.375218492609
11.379751175634
11.384364535641
11.561397057031
11.565304600546
11.568985713772
11.573059468463
11.577238166579
11.581484505801
11.585756905885
11.590067354565
11.594406368001
11.598757543638
11.603123828205
11.607504992356
11.611898720556
11.616307713548
11.620741329673
11.625186227720
11.629667796135
11.634156111847
11.638665723988
11.643153969327
11.647665024648
11.652215338909
11.656752116535
11.661268873229
11.665897930144
11.670593645264
11.675320499025
11.680128860294
11.684875223638
11.689555181197
11.694207342190
11.698705406047
11.703246354224
11.707780745435
11.712348268040
11.716944714923
11.721562066682
11.726190059842
11.730787453970
11.735429850933
11.740037550978
11.744665068494
11.749321558842
11.754003107983
11.758698900317
11.763411467741
11.768142476835
11.772899233143
11.777693699065
11.782512164341
11.787339792284
11.792232586556
11.797105542320
11.801893587122
11.806782605000
11.811782519711
11.816810787057
11.821831261169
11.827094860142
11.832367020798
11.837611979341
11.842659975380
11.847748395074
11.936204526922
11.940080104873
11.944641549986
11.949366567327
11.954159911737
11.958965433988
11.963769214290
11.968554313016
11.973355966527
11.978128038708
11.982891224783
11.987668264698
11.992456351949
11.997251257598
12.002054207556
12.006853343953
12.011652546262
12.016455665983
12.021248991439
12.026042398130
12.030827280574
12.035603640529
12.040374330065
12.045151976455
12.049929550504
12.054727630367
12.059553448997
12.064404838177
12.069157943861
12.073984946290
12.078852165860
12.083649611291
12.088512824438
12.093374633446
12.098862938473
12.103768215428
12.108748280444
12.113543459952
12.118120834871
12.122188086537
12.126614279424
12.131280077646
12.135957177094
12.140625335350
12.145291564068
12.149952387793
12.154611212529
12.159251516663
12.163899567271
12.168557560400
12.173226378229
12.177887795961
12.182544529731
12.187195616586
12.191839809682
12.196471532655
12.201086457698
12.205677658033
12.210268128866
12.214839881970
12.219395634899
12.223944462641
12.228495066879
12.233027510441
12.237548724295
12.242063760458
12.246570325952
12.251040237455
12.255480237866
12.259915525791
12.264324506157
12.268695409932
12.273048369252
12.277428628501
12.281830248701
12.286159316403
12.290502238270
12.294848274977
12.299187755008
12.303537666489
12.307952462736
12.312489027533
12.454636562988
12.459261816060
12.463499995427
12.467828643216
12.472632159651
12.477588075165
12.482613858460
12.487689829679
12.492862904258
12.498021563095
12.503195340001
12.508375483423
12.513582635914
12.518779858465
12.523985761107
12.529224949675
12.534447921544
12.539645740574
12.544863452836
12.550080704991
12.555296955348
12.560522751771
12.565721246288
12.570933663715
12.576141672905
12.581360631203
12.586580129158
12.591812489722
12.597045522329
12.602303195699
12.607568045248
12.612846848433
12.618173385937
12.623479534834
12.628810008660
12.634156925455
12.639496591776
12.644841353096
12.650191821716
12.655585175052
12.660985805380
12.666472548148
12.671922879637
13.737566857411
13.741880363175
13.746147530238
13.750466459289
13.754838921658
13.759254080087
13.763594234491
13.767886667078
13.772141828557
13.776400653873
13.780662229737
13.784926560253
13.789181177360
13.793406530265
13.797621850913
13.801814702353
13.805970542807
13.810083149888
13.814164392702
13.818216471762
13.822240361405
13.826256051959
13.830242550407
13.834217896070
13.838163114485
13.842078901574
13.845990744038
13.849898291952
13.853814519047
13.857717649073
13.861634380606
13.865584206841
13.869529163595
13.873471733644
13.877422993948
13.881374705991
13.885318212381
13.889243928883
13.893154176700
13.897058543391
13.900939987252
13.904804892762
13.908654103139
13.912499944802
13.916327048765
13.920147434820
13.923967324534
13.927778566778
13.931592629455
13.935428909135
13.939280959807
13.943140530488
13.947009634180
13.950884251925
13.954762871289
13.958475861762
13.962312816338
13.966180326723
13.970066530828
13.973948223037
13.977808498209
14.066631224392
14.069927401154
14.073155575564
14.076472471510
14.079793901432
14.083209278916
14.086638170284
14.090087781923
14.093540489871
14.097007005481
14.100494427994
14.104030419262
14.107588540448
14.111145828135
14.114707625202
14.118287935477
14.121879341212
14.125469591354
14.129068685048
14.132671615181
14.136287675302
14.139922001205
14.143583779056
14.147285213691
14.150900260199
14.154541299543
14.158239936594
14.161957253065
14.165675735031
14.169370177571
14.173077186466
14.176806629990
14.180555007557
14.184314967143
14.188088161102
14.191883102845
14.195693859556
14.199543116590
14.203410011165
14.207303548528
14.211209879132
14.215175717297
14.219117103413
14.223110146603
14.227150495590
14.231203701147
14.235277675886
14.239381444750
14.243500160100
14.247614942908
14.251677906424
14.255782740892
14.259911194143
14.264030297427
14.268174491320
14.272350645842
14.276557651064
14.280778479820
14.285010994343
14.289236903774
14.293479407229
14.297713136569
14.301941170893
14.306165729493
14.310385904063
14.314599952293
14.318803219210
14.323001185026
14.327187946231
14.331366749447
14.335534960298
14.339699823311
14.343860432180
14.348012861701
14.352167898223
14.356319645654
14.360464266346
14.364612809576
14.368777203052
14.372982984746
14.377209473077
14.381797255300
14.386266684246
14.390793692988
14.394972478045
14.399207583392
14.403583083925
14.407952728665
14.411781241827
14.415588382168
14.419557796298
14.423622814574
14.427743708165
14.431897037568
14.436087236418
14.440314970839
14.444576189407
14.448854326866
14.453177383164
14.457555614691
14.461959467233
14.466360536890
14.470764490374
14.475229598227
14.479624960459
14.483978013780
14.664858823573
14.668986806795
14.673096876336
14.677275273253
14.681535168254
14.685870434885
14.690273884438
14.694711636010
14.699166370325
14.703635233175
14.708134193881
14.712639881335
14.717170523049
14.721681004750
14.726062090117
14.730489363638
14.734996579746
14.739526503470
14.744035103209
14.748555099964
14.753088241663
14.757634065952
14.762193536722
14.766769625606
14.771357089278
14.775956822573
14.780559459242
14.785156592747
14.789746763539
14.794332294444
14.798903977119
14.803465789100
14.808013344625
14.812547461082
14.817064066250
14.821561945634
14.826034006646
14.830505122604
14.834939095525
14.839350134119
14.843747829487
14.848125451169
14.852474744415
14.856819718106
14.861148763565
14.865433772952
14.869704597032
14.873962724735
14.878198662018
14.882418799477
14.886640915019
14.890870482577
14.895093504521
14.899279425570
14.903418986071
14.907544393112
14.911671787044
14.915787646608
14.919878009425
14.923953232566
14.928010213190
14.932048142393
14.936062742519
14.940070304385
14.944037979476
14.947995030742
14.951923252627
14.955837147859
14.959740529005
14.963621833136
14.967488486765
14.971360092070
14.975222535205
14.979128278178
14.983113069010
14.987162111204
14.991269813137
14.995385423124
14.999381434316
15.003350249343
15.007426993269
15.011444959401
15.015487122350
15.171775242151
15.175760690563
15.179725069717
15.183600436460
15.187786269358
15.192075992040
15.196489398535
15.200940562503
15.205310299156
15.209732994816
15.214287591440
15.218849692543
15.223451155493
15.228100795349
15.232797449972
15.237541386872
15.242302276205
15.247100717769
15.251937479073
15.256788530806
15.261615062503
15.266475749145
15.271340250951
15.276180418235
15.281042157905
15.285890211567
15.290753053462
15.295595658406
15.300408700461
15.305189705107
15.309968497470
15.314708260323
15.319422255926
15.324099239111
15.328706132428
15.333346367323
15.337992649459
15.342650537673
15.347496342103
15.352215379951
15.357049359359
15.361839108735
15.568056640004
15.571718740100
15.575724817070
15.579386244266
15.583115421124
15.587175424199
15.591258962684
15.595368709835
15.599478776143
15.603616552977
15.607752032594
15.611882544010
15.616031273996
15.620169847542
15.624293864451
15.628451160950
15.632618560293
15.636867954027
15.641059569014
15.644513452896
15.648702866617
15.652874795712
15.657029628115
16.009105160620
16.013292673443
16.017466207121
16.021653026432
16.025891597031
16.030170369678
16.034472108943
16.038805428974
16.043132535592
16.047494065047
16.051861137456
16.056256798525
16.060664000709
16.065092361574
16.069503947336
16.073913591280
16.078338566524
16.082750778885
16.087052299309
16.091428612321
16.095851725356
16.100273347185
16.104693829611
16.109124762637
16.113546908594
16.117978899452
16.122418947889
16.126851965993
16.131296872801
16.135744689715
16.140203404867
16.144673725395
16.149152552294
16.153644731724
16.158152664964
16.162672453283
16.167199733172
16.171743618644
16.176300469162
16.180863204774
16.185441687182
16.190045968886
16.194664534073
16.199314730365
16.203990480337
16.208702082462
16.213461807136
16.218255962475
16.223104316726
16.228004590167
16.232966733104
16.238002152692
16.243062215435
16.247795218722
16.252570819917
16.257126381214
16.834773281043
16.838954019980
16.843478386392
16.848033648008
16.852579819797
16.857141519182
16.861664063495
16.866217908619
16.870779012200
16.875340276412
16.879896104712
16.884446178461
16.889000207361
16.893546160327
16.898122757924
16.902678249440
16.907259911775
16.911859606300
16.916457281908
16.921069827205
16.925232030208
16.929721406996
16.934247355529
16.938717995885
16.943172468643
16.947635073782
16.952108007738
16.956599492661
16.961141123177
16.965703404149
16.970279516442
16.975425337249
16.980098519658
16.984827334185
16.989635596901
16.994564485630
16.999693760717
17.004687308084
17.009651740751
17.014714395800
17.019712819864
17.024833185357
17.029935623637
17.035184099556
17.040323961832
17.045346717099
17.050451722085
17.055654119786
17.060911526151
17.066264951636
17.071542167360
17.076868497780
17.082369111718
17.087769065957
17.156495171326
17.161608823663
17.165365301124
17.169115587950
17.173240796127
17.177390574606
17.181588050748
17.185752564378
17.189913759168
17.194040031961
17.198152820785
17.202254741729
17.206329593595
17.210392678166
17.214442910130
17.218471387811
17.222489189435
17.226487992125
17.230476804282
17.234450078434
17.238412087925
17.242371875374
17.246358374337
17.250358803729
17.254403831224
17.258749240402
17.262763769075
17.266973949352
17.271017703716
17.274988910490
17.278970507755
17.282980991129
17.286968678502
17.290972241239
17.294963604360
17.298977700439
17.302988320540
17.462666155856
17.466528481627
17.470729726857
17.475009182545
17.479088783347
17.483198247329
17.487390879217
17.491628422238
17.495958589045
17.500371697411
17.504843365237
17.509332760223
17.513794493878
17.518313908084
17.522873800162
17.527465273662
17.532080086263
17.536746924149
17.541431080799
17.546126526762
17.550843309187
17.555578785096
17.560318153532
17.565055936336
17.569786703491
17.574505150461
17.579215576031
17.583920915601
17.588600090516
17.593241468530
17.597903084862
17.602557006965
17.607161098797
17.611727722003
17.616388194086
17.620986430655
17.625549158385
17.630152419197
17.634746668816
17.639337944511
17.643915073925
17.648476075398
17.653032166432
17.657572523880
17.662089371420
17.666564077626
17.670995124193
17.675379807176
17.679798969319
17.684258964880
17.688755962991
17.693280375980
17.697904508506
17.702116175168
17.706601627533
17.888089103837
17.891838341028
17.895616383571
17.899928985685
17.904330993557
17.908793883278
17.913273153305
17.917783399868
17.922317638509
17.926875451088
17.931467636874
17.936088979825
17.940716191612
17.945378231179
17.950050205102
17.954746107956
17.959472642484
17.964220043904
17.968955293843
17.973707718360
17.978451211745
17.983217430239
17.988000401519
17.992781616223
17.997566247869
18.002357027690
18.007134993333
18.011909117304
18.016671580492
18.021421805883
18.026166620541
18.030925454560
18.035650980967
18.040371786374
18.045072462520
18.049754459533
18.054427249469
18.059055704486
18.063685472208
18.068280045649
18.072850031711
18.077394591516
18.081937859202
18.086464858782
18.091010723044
18.095527044909
18.100067595545
18.104616293662
18.109139240299
18.113605976862
18.118094655118
18.122625705450
18.127163584333
18.131778713834
18.136283612655
18.140794682224
18.348635829786
18.352562871729
18.356838128422
18.361257933543
18.365766181018
18.370316703627
18.374879300580
18.379449105468
18.384019806850
18.388610599182
18.393221455920
18.397846553732
18.402478359123
18.407075724092
18.411681377178
18.416262332283
18.420914129910
18.425627540272
18.430332673674
18.435024626092
18.439683307802
18.444926570075
18.449608964379
18.454362886103
18.459134079579
18.464029123055
18.468928991643
18.474014338992
18.479113988283
18.484455345461
18.489648707506
18.494917974203
18.499753791440
18.526212855595
18.530310835156
18.534214985201
18.537813667669
18.541577853119
18.546056383488
18.550615368220
18.555224911239
18.559824257535
18.564411741530
18.569053230111
18.574001892002
18.578605903366
18.583647461705
18.718763059142
18.722848481455
18.727022568470
18.731408850309
18.735982936735
18.740713089162
18.745561409009
18.750450427434
18.755374978297
18.760338737835
18.765324763475
18.770328500638
18.775339516031
18.780387361055
18.785474906481
18.790603899860
18.795772874750
18.800983471321
18.806223747413
18.811508804184
18.816788755611
18.822070122198
18.827291608048
18.833473166275
18.838726238746
18.843958106188
18.849519249778
19.845534132524
19.850030572898
19.853626404226
19.857383494402
19.861218880280
19.865248124229
19.869472834502
19.873464809675
19.877741233534
19.882220418885
19.886791290154
19.937332676338
19.941443878398
19.945188986985
19.948920577864
19.952660868815
19.956385716075
19.960278513747
19.964238716843
19.968204207785
19.972186087696
19.976160134712
19.980156111640
19.984153721600
19.988133125255
19.992107434835
19.996089341094

