Time_s
0.727219897290
0.731581302642
0.735307649622
0.739026690274
0.742701554307
0.746393842215
0.750147417595
0.753935721943
0.757724232812
0.761535241566
0.765301705694
0.769089657551
0.772848621207
0.776609320250
0.780370400614
0.784130267234
0.787832719762
0.791568554061
0.795288322423
0.799036815267
0.802742001014
0.806489124364
0.810224813407
0.813921785902
0.817606220277
0.821294430704
0.824941915541
0.828555606277
0.832161060481
0.835726624398
0.839301468958
0.842817949650
0.846288662060
0.849761506883
0.853165683030
0.856575377367
0.859936401246
0.863281143141
0.866640550079
0.869979020741
0.873277343965
0.876659095487
1.038639670876
1.042132770065
1.045815033473
1.049574205740
1.053282652433
1.057128799435
1.061021574877
1.065024941760
1.068999462495
1.072981807387
1.076963442792
1.080934618658
1.084907096406
1.088925101044
1.092915374791
1.096919612789
1.100917541681
1.104907281094
1.108894754806
1.112886026347
1.116885333950
1.120914692015
1.124963936104
1.129025530603
1.133110305067
1.137187274734
1.141323059176
1.145446473423
1.149562887922
1.153683313929
1.157840247513
1.161963328307
1.166054043721
1.170190905380
1.174312174906
1.178422258688
1.182552517841
1.186661788227
1.190771985252
1.194894479692
1.199024879190
1.203140747875
1.207240378367
1.211327337227
1.215441022862
1.219596715287
1.223641372419
1.227909351051
1.357812980602
1.361417271234
1.364847477204
1.368380594873
1.372034376135
1.375721670142
1.379432125747
1.383143483217
1.386872416356
1.390621526395
1.394392206589
1.398140741565
1.401943025778
1.405751162198
1.409547940405
1.413333379114
1.417149261011
1.420965677766
1.424837577501
1.428743028057
1.432714123903
1.437269770856
1.441239616907
1.445252375115
1.449338976386
1.453503341531
1.457762452625
1.462126841920
1.466591744796
1.471162461649
1.475781756986
1.480489210481
1.485254112209
1.489844434339
1.494778823909
1.499882861543
1.505016202220
1.510256814303
1.515605424242
1.521029887365
1.526651336542
1.532366245297
1.538209026130
1.544067904959
1.550031511167
1.555912500672
1.561771023843
1.567531846690
1.573256962858
1.578811276488
1.584428705477
1.590866878582
1.595888901326
1.601642472267
1.607155482555
1.612362661386
1.617475087129
1.622599688417
1.627788732506
1.632811568529
1.637784914226
1.642840157810
1.947589856011
1.953057051504
1.957573074833
1.961980529546
1.966365021567
1.970749523630
1.975083349183
1.979435271550
1.983773855024
1.988130256469
1.992447005762
1.996765860694
2.001058722482
2.005308669029
2.009482253279
2.013559285149
2.017562403117
2.021468852420
2.025246032405
2.028902402668
2.032424770378
2.035840295642
2.039204733700
2.042478449023
2.045713158329
2.048906134208
2.052075889086
2.055227361602
2.058354627729
2.061444410805
2.064522269973
2.067578639109
2.070763873250
2.073908538639
2.227384892281
2.231444596320
2.235609007114
2.239847743092
2.243803196519
2.247946056765
2.252048131807
2.256033507762
2.260117548280
2.264243402821
2.268358931163
2.272491819416
2.276707565468
2.280969706667
2.285294227074
2.289659530670
2.294043652796
2.298460105462
2.302850973344
2.307261052731
2.311642280824
2.316034369086
2.320408159835
2.324839390843
2.329278225056
2.333691276003
2.338090647923
2.342435599159
2.346858181658
2.351398560153
2.356378858120
2.360619667118
2.364677059597
2.426653339622
2.430963732726
2.435473084096
2.440075289422
2.445147067343
2.450005130638
2.454963827086
2.459976464492
2.465094699458
2.470168991620
2.475242596120
2.480166363023
2.485050743959
2.490098572180
2.517823965240
2.521716331642
2.525546688062
2.530148406962
2.534691469208
2.539278669012
2.543876678201
2.548476119882
2.553107572759
2.557714847080
2.562293537468
2.566851205771
2.571430435324
2.576016410927
2.580536462225
2.585031913781
2.589526622444
2.594001273211
2.598492687687
2.602935047439
2.607346225481
2.611789973841
2.616218307887
2.620536120071
2.624843296203
2.629140874644
2.633430529347
2.637727131086
2.642040074503
2.646342462062
2.650616782969
2.654897839134
2.659174347293
2.663464991549
2.667761697319
2.672050261785
2.676331514313
2.680602059077
2.684915230344
2.689255416332
2.693603989284
2.697970895625
2.702397365801
2.706862203137
2.711328960234
2.715825811852
2.720353764229
2.724910592470
2.729526995400
2.734221316909
2.738986306097
2.743964268970
2.749059109684
2.754043846463
2.758797393365
2.763472043072
2.768187869229
2.772883625715
2.777584258125
2.782288725375
2.786965626118
2.791657502447
2.796336396140
2.801047656651
2.805719267526
2.810361228599
2.814934755240
2.819460118366
2.823888645338
2.828219437264
2.832458689308
2.836545489345
2.840516398753
2.844435469811
2.848242992781
2.851919746171
2.855494513490
2.858997535299
2.862481418935
2.865908389914
2.869349136697
2.872704830765
2.876022514120
2.879241249194
2.882716167969
3.038749756100
3.042672487459
3.046958727092
3.050782898480
3.054824793163
3.059121849415
3.063557907877
3.068053173765
3.072627158234
3.077251431113
3.081943077843
3.086637413164
3.091403518409
3.096218084622
3.101096999652
3.106070462300
3.111080451444
3.116103215278
3.121186382306
3.126352325924
3.131462719843
3.136568678925
3.141696275322
3.146876508147
3.152041634816
3.157190846201
3.162331312670
3.167472080922
3.172615848076
3.177681636444
3.182703614646
3.187693818807
3.192652634366
3.197557870814
3.202450645673
3.207303091088
3.212087944405
3.216772968278
3.221394553196
3.225943120025
3.230492258427
3.235049117904
3.239518166592
3.243920618159
3.376636478997
3.380565867516
3.384910168473
3.389318136513
3.393723136152
3.398111745150
3.402488155039
3.406873500620
3.411262822943
3.415644695164
3.419990736018
3.424288355089
3.428539229942
3.432762115536
3.437016046864
3.441295286602
3.445570823921
3.450235694130
3.454447859837
3.458602345542
3.587207430185
3.591890327232
3.596699652428
3.601505976527
3.606453254904
3.611483282701
3.616546269467
3.621631864177
3.626757911140
3.631880440539
3.637072216091
3.642306154896
3.647563082402
3.652852753548
3.658179999800
3.663481670623
3.668820648171
3.674194720711
3.679536991025
3.684846113386
3.690135768715
3.695372230557
3.700589970632
3.705752063989
3.710880592721
3.716039001333
3.721169827335
3.726313096166
3.817187344522
3.821535859655
3.825710561029
3.830294806707
3.835111183889
3.840013485812
3.845062026055
3.850179693369
3.855397290708
3.860615786317
3.865840294469
3.871039508119
3.876253624043
3.881479998937
3.886704752741
3.891940986530
3.897174231846
3.902360633553
3.907509390845
3.912701645407
3.917885122599
3.923013802414
3.928121885439
3.933236814005
3.938320708551
3.943417622292
3.948480268692
3.953551240006
3.958638217837
3.963708993829
3.968825763276
3.974087964701
3.979400208652
3.984760152654
3.990091832400
3.995496884496
4.000669515139
4.005884381875
4.011127275848
4.016297536054
4.021449960471
4.026509357672
4.031551521560
4.036569118100
4.041575510509
4.046621820141
4.051638352634
4.056829229418
4.061859298901
4.195027010931
4.198933276323
4.202655485584
4.206578020713
4.210651722153
4.214698086457
4.218752853702
4.222797951089
4.226825660667
4.230828200393
4.234812483547
4.238801848680
4.242784958030
4.246780531903
4.250775409311
4.254760602040
4.258755169714
4.262825713786
4.266911188864
4.271061602568
4.275256617565
4.279537620013
4.283912119231
4.288379493759
4.292937009564
4.297607709751
4.302404407502
4.307338620260
4.312358003151
4.317559681163
4.322781084190
4.328165089730
4.333626650821
4.339228426372
4.344886787716
4.350682971630
4.356635448769
4.362583529551
4.368551640414
4.374683191454
4.380853315822
4.387186082421
4.393560908198
4.399830725277
4.405710448545
5.078489162920
5.081479727153
5.084669921299
5.087969144364
5.091172851329
5.094280520825
5.097313868887
5.100316975843
5.103272317294
5.106210147228
5.109115220590
5.112069819260
5.114991429141
5.117990381667
5.121280357950
5.124596016203
5.358412041110
5.361915600804
5.365336935860
5.369256937847
5.373247011513
5.377232133173
5.381224844464
5.385239806595
5.389231650904
5.393248309681
5.397285097328
5.401287529863
5.405334553554
5.409404444815
5.413468758624
5.417547342155
5.421628907846
5.425683096924
5.429731440541
5.433781597849
5.437849580365
5.441875904418
5.445912325625
5.449925254003
5.453913867137
5.457931360011
5.461926594098
5.465918831703
5.469894560525
5.473888965071
5.477888815272
5.481896553465
5.485910830029
5.489918183938
5.493916244852
5.497909979017
5.501923650628
5.505905477741
5.509920067130
5.513920576071
5.517913334474
5.521889664744
5.525877178022
5.529898679000
5.533939987102
5.538048969562
5.542159200181
5.546301331420
5.550515834939
5.554766760380
5.559076751843
5.563372930531
5.567620470845
5.571943458187
5.576250631612
5.580543442334
5.584855529154
5.589216026717
5.593657608122
5.598125436755
5.602669588243
5.607226757657
5.611837574834
5.616494004823
5.621195142838
5.625944976802
5.630730788620
5.635545501524
5.640466182774
5.645700239972
5.650818243259
5.655850789590
5.813002486317
5.816573201642
5.820844753435
5.825203022948
5.829590099455
5.833970026209
5.838401682340
5.842859577084
5.847326768488
5.851822735063
5.856317563014
5.860829564897
5.865353790317
5.869889168099
5.874428581513
5.879002495132
5.883570302077
5.888111184426
5.892601566907
5.897023094441
5.901344478539
5.905590454703
5.909764677657
5.913831419699
5.917842439518
5.921755344703
5.925600503082
5.929441305524
5.933145330853
5.937094341245
5.941003224492
5.944631527820
6.207277859102
6.211428424294
6.215346875358
6.219309286628
6.223297891886
6.227131545175
6.231165992438
6.235510951118
6.239661961247
6.243933888628
6.248331917126
6.252748410111
6.257224628561
6.261742871618
6.266285601298
6.270838117943
6.275475185956
6.280173287868
6.284911987904
6.289693810801
6.294519099166
6.299339608094
6.304182793843
6.309047425861
6.313905457147
6.318805003608
6.323746424049
6.328683392015
6.333592433684
6.338507181974
6.343441667993
6.348428657818
6.353417383410
6.358403849052
6.363370370643
6.368362979003
6.373324314361
6.378331037935
6.383293230381
6.388295358875
6.393288605981
6.398261411070
6.403175550662
6.408133036780
6.413085640035
6.418053179701
6.423137492386
6.428668417727
6.433818881300
6.438803644381
6.527248762080
6.531913810380
6.536712029404
6.541646498202
6.546581669512
6.551525917687
6.556272422167
6.561093139765
6.565963383954
6.570798393264
6.575595044060
6.580437560059
6.585328349065
6.590166720932
6.595070513444
6.600014489733
6.604976849122
6.609979121151
6.615038156622
6.620121422171
6.625277508277
6.630482918528
6.635722485154
6.640959102323
6.646305544385
6.651705078848
6.657144948972
6.662606598666
6.668101735377
6.673721772959
6.679402283337
6.685101230448
6.690881926201
6.696635236428
6.702444088256
6.708251359409
6.713999919714
6.719706119462
6.725466221014
6.731128950834
6.736802391149
6.742434006849
6.748086815097
6.753794712766
6.759417468687
6.765108887867
6.770814096677
6.776557085303
6.782364405357
6.788306149827
6.794346471007
6.800513792614
6.806734322410
6.813090637120
6.819493437651
6.825872066136
6.832425361937
6.838680798493
6.845253303862
6.852188759619
6.858697780100
6.864555331770
6.870651210939
6.876151711281
7.417270751467
7.421089493479
7.425768115566
7.430537153844
7.435466915953
7.440488451685
7.445555210102
7.450586608894
7.455657842467
7.460757694733
7.465906331850
7.471051666307
7.476206859648
7.481406191616
7.486663821831
7.491908400311
7.497143134862
7.502325181967
7.507425207708
7.512410543724
7.517326565143
7.522107511436
7.526772432779
7.531279562891
7.535635395555
7.539861723945
7.543977882681
7.547974217032
7.551838097831
7.555644294772
7.559387768207
7.563105189608
7.566754619007
7.570362027446
7.573948271435
7.577517326253
7.581104561144
7.584657588344
7.588196951598
7.591740902559
7.595346064140
7.598979772318
7.602623100490
7.606345645786
7.610558002534
7.613724404613
7.737035668182
7.741461684074
7.745075036178
7.748899785825
7.752762997156
7.756658878298
7.760564591101
7.764459804971
7.768383268544
7.772315626516
7.776231372462
7.780137798780
7.783985126265
7.787793099301
7.791598761854
7.795419458126
7.799837671040
7.803903329559
7.807941348246
7.811978769211
7.986896788875
7.991147888054
7.995724827777
8.000497055574
8.005417452547
8.010387446780
8.015181504170
8.019940529914
8.024914772326
8.029977163696
8.035045410607
8.040146521803
8.045291131907
8.050437728718
8.055629339379
8.060813892993
8.066064485977
8.071298258973
8.076575281360
8.081822089007
8.087087078416
8.092352981980
8.097627899363
8.102893340074
8.108135526463
8.113352413977
8.118524814042
8.123639423685
8.128775683088
8.133857710230
8.138940213670
8.144013133763
8.149052262390
8.154153595787
8.265705603644
8.270729470608
8.275594575971
8.280604446618
8.285689769460
8.290872013752
8.296065854195
8.301290229079
8.306607845717
8.311858503755
8.317101957423
8.322521472225
8.327967088795
8.333389023086
8.338743089260
8.344173538686
8.349743248914
8.408258965681
8.413335496274
8.418056576011
8.422679215587
8.427833910660
8.433243883667
8.438571048980
8.443846579053
8.449153876003
8.454316292605
8.459457249861
8.464474850888
8.469131564451
8.474051580098
8.478924144612
8.483752326416
8.488549797300
8.493300077445
8.497997899612
8.502715117776
8.507405255957
8.512114210735
8.516759820094
8.521408935863
8.526032132792
8.530591947255
8.535118002537
8.539546656847
8.543883580998
8.548151818869
8.552321598318
8.556424227291
8.560466678592
8.564464267977
8.568404215833
8.572262098237
8.576051968722
8.579844147721
8.583654490277
8.587624051946
8.591711384322
8.595630454122
8.599558202982
8.603525997189
8.728263691937
8.732474983068
8.736963711846
8.741733516915
8.746602851618
8.751538007626
8.756536229678
8.761650899919
8.766821471124
8.772041007372
8.777343771528
8.782811457381
8.788334027263
8.794041114426
8.799743867001
8.805489708713
8.811314973305
8.817125215452
8.823069969207
8.829060076796
8.835043949766
8.841056123152
8.847071270474
8.853110885575
8.859116290811
8.865057799652
8.870917109583
8.876719773841
8.882518525347
8.888276671716
8.894019736124
8.899670643580
8.905242262541
8.910749099770
8.916236496749
8.921654125470
8.926985798331
8.932215855363
8.937251077225
8.942253267777
8.947056868007
8.951856522666
8.956439527764
8.961039333622
8.965404157664
8.969666133051
8.973867730574
8.978178849456
8.982481733228
9.377098189186
9.381694758004
9.386207776602
9.390640573850
9.395004351921
9.399342750532
9.403677187620
9.408005825518
9.412415116481
9.417246623805
9.421519567578
9.425717599444
9.429955656552
9.434212725697
9.438481802248
9.442741691008
9.446995979268
9.451242707242
9.455481223807
9.459737908569
9.463980299660
9.468212269727
9.472396272433
9.476590081237
9.480742382448
9.484863857171
9.488948987057
9.492981373471
9.497002687952
9.500968094709
9.504905388997
9.508770400790
9.512595422266
9.516380643905
9.520125646889
9.523833954358
9.527491579636
9.531055522390
9.534477177316
9.537887670032
9.541268607840
9.544601978028
9.547894652082
9.551151357677
9.554373670359
9.557562586631
9.560715022940
9.563826533310
9.566915043228
9.569957277274
9.572960300325
9.575971490467
9.578930976873
9.581871552369
9.584802743553
9.587692004689
9.590568892271
9.593454240326
9.596295195064
9.599121766216
9.601929103237
9.604706229052
9.607474941857
9.610232972179
9.612980544936
9.615700036597
9.618407470689
9.621102530769
9.623783935428
9.626460954463
9.629133217219
9.631793989609
9.634459963625
9.637119326147
9.639781382946
9.642437478033
9.645083648406
9.647736121156
9.650389836565
9.653045728384
9.655709129398
9.658390915327
9.661079965412
9.663774207491
9.666516481362
9.669360286116
9.672080604616
9.674783397534
9.677527882254
9.680231622717
9.682917707010
9.685571284395
9.688213069694
9.690870696185
9.693514934965
9.696137742151
9.698740745462
9.701346744141
9.703961095365
9.706565483479
9.709174466564
9.711783350261
9.714402337276
9.717029356537
9.719655996892
9.722285922395
9.724907718695
9.727534160400
9.730169826105
9.732818784740
9.735463003008
9.738116346833
9.740773407692
9.743445746942
9.746111097846
9.748794199413
9.751474139566
9.754163958536
9.756844597841
9.759509608099
9.762178396771
9.764865572565
9.767562619902
9.770265541939
9.772966717151
9.775657532720
9.778344150369
9.781033437112
9.783725297106
9.786413176131
9.789094996531
9.791772668052
9.794468921133
9.797169473829
9.799879176076
9.802601144026
9.805295868389
9.807976877316
9.810647911757
9.813347614918
9.816077264271
9.818845233576
9.821735132349
9.824667188620
9.827789294012
9.893092638383
9.897072900952
9.900630648222
9.904119131215
9.907530981937
9.910971548438
9.914373677353
9.917807490601
9.921416570448
9.924997020942
9.928797131069
10.065432584391
10.068740809981
10.072090962496
10.075317664863
10.078517981797
10.081682006759
10.084812657813
10.087927706333
10.091052964775
10.094184691676
10.097305027089
10.100429110581
10.103532805785
10.106623254933
10.109700078188
10.112790767323
10.115868173140
10.118946234352
10.122061087074
10.125180823401
10.128288490091
10.131410333588
10.134543644975
10.137704324522
10.140868571614
10.144044047130
10.147227949711
10.150396317690
10.153589823331
10.156832325084
10.160070211610
10.163336695176
10.166634347185
10.169959989929
10.173339955263
10.176735566835
10.180200542805
10.183692886395
10.187249126431
10.190838576905
10.194498942315
10.198208424822
10.201976601734
10.205808984628
10.209680921678
10.213618336006
10.217619013421
10.221675174604
10.225810091713
10.230108903793
10.234272681983
10.378344193420
10.382634967386
10.386553183740
10.390529714212
10.394854968597
10.399278657102
10.403884140500
10.408314019023
10.412834570534
10.417340300722
10.421910391641
10.426476760316
10.431024405425
10.435664023399
10.487504151415
10.492412774176
10.497314827626
10.502321773215
10.507305172903
10.512323897321
10.517436994949
10.522538968681
10.553698736553
10.558637705383
10.564321817142
10.569936492064
10.575268941804
10.581108737981
10.586912845209
10.599170352065
10.604681943035
10.610222091066
10.614999504498
10.626381502138
10.631217834082
10.636140449981
10.640996199022
10.645859763176
10.650667649406
10.655432170304
10.660181992843
10.664921812313
10.669662679272
10.674418337819
10.679193962539
10.683990711302
10.688791175624
10.693597954760
10.698416815606
10.703237446153
10.708046764310
10.712835006361
10.717623198666
10.722426440784
10.727189611541
10.731954616150
10.736680268116
10.741393322631
10.746128316038
10.750867422604
10.755614219930
10.760368952824
10.765141699307
10.769954702502
10.774698026090
10.779659494933
10.784639429113
10.789491910400
10.794403361791
10.799407466273
10.804515116200
10.809640072713
10.814753764613
10.819881805272
10.825047625602
10.830071838199
10.834980549066
10.839998490103
10.845016963696
10.850071214342
10.855186728725
10.860253406580
10.865280283090
10.870355773665
10.875507479331
10.880794459600
10.886186831513
10.891886549701
10.897550863373
10.902872352403
10.908481000824
10.914032554781
10.919700339524
10.925378395843
10.931091968651
10.936848255924
10.942741854281
10.948713557253
10.954596071917
10.960287590766
11.005786702813
11.010669604923
11.015548318400
11.020754718049
11.025931106542
11.031174240990
11.036385993815
11.041608852650
11.046867166401
11.052159098842
11.057496073005
11.062846250270
11.068170544603
11.073591610470
11.078977643015
11.084417744066
11.089871938436
11.095354309347
11.100824422486
11.106329976539
11.111806386162
11.117289557224
11.122758606303
11.128220130868
11.133685295000
11.139137145485
11.144618855042
11.150156111086
11.155678175575
11.161249265513
11.166874648855
11.172525315414
11.178221993377
11.183922702401
11.189665415112
11.195470467444
11.201304034009
11.207140928589
11.212994130573
11.218993453028
11.225163190771
11.231337235085
11.237305376825
11.243352518750
11.249268836010
11.255219634608
11.261192812199
11.267478898813
11.273741325715
11.280275349230
11.373878894775
11.378674595979
11.383919910035
11.389294980507
11.394498967769
11.399611989548
11.404323317515
11.409197471142
11.898273380655
11.901885311778
11.905870989595
11.910083878618
11.914295997411
11.918525068715
11.922727038427
11.926966203529
11.931187190991
11.935346815539
11.939512193394
11.943634728672
11.947720920057
11.951771855482
11.955759927067
11.959718075628
11.963629090468
11.967488769637
11.971308900224
11.975100525011
11.978828542802
11.982527571145
11.986188719705
11.989792774304
11.993344522203
11.996854692785
12.000326262031
12.003741661002
12.007122490943
12.010466249696
12.013756343630
12.017032042418
12.020241761457
12.023435332554
12.026576318447
12.029712749029
12.032799725665
12.035841184558
12.038856953555
12.041837761051
12.044790365214
12.047715601662
12.050610498931
12.053478565460
12.056339452517
12.059179694283
12.062018738289
12.064829878093
12.067623386019
12.070415301622
12.073205728036
12.075974787104
12.078743878926
12.081515904345
12.084296630338
12.087031376910
12.089737821471
12.092484444843
12.095227172021
12.097992045264
12.100765752061
12.103528128888
12.106252523651
12.108997603698
12.111762356389
12.114516057411
12.220420781677
12.223411446454
12.226672583271
12.229754892632
12.232776402856
12.235932206016
12.239094317152
12.242320920141
12.245559594985
12.248822800574
12.252118545823
12.255436214359
12.258787745297
12.262147651226
12.265540254329
12.268914552676
12.272325546089
12.275764420996
12.279203790961
12.282688719950
12.286188655099
12.289729214257
12.293303285584
12.296929248036
12.300640971556
12.304325931339
12.308052228340
12.311807147829
12.315590442090
12.319373254353
12.323185809077
12.327009562252
12.330904354262
12.334787241663
12.338671508819
12.342571060452
12.346506482472
12.350439721530
12.354370818659
12.358310288659
12.362286433975
12.366230324248
12.370175430332
12.374071735495
12.377989395525
12.381908478025
12.385815067807
12.389709878106
12.393616900289
12.397526866866
12.401437121130
12.405374075752
12.409306045813
12.413240898386
12.417186929362
12.421155080833
12.425110016071
12.429070352915
12.433021715052
12.436976557624
12.440949318772
12.444923442918
12.448900046620
12.452884398602
12.456848241151
12.460818112614
12.464767258893
12.468717602572
12.472638552934
12.476549641034
12.480469772811
12.484356119314
12.488248571963
12.492107412605
12.495981727385
12.499878814198
12.503820368754
12.507820334978
12.511953402251
12.516223437922
12.520619781728
12.525067668667
12.529505898710
12.533964785383
12.538357978557
12.542843773892
12.547394748833
12.552146844524
12.557336702355
12.561668462012
12.565968092207
12.570320283251
12.574149060953
12.578127680113
12.582124497034
12.586138638648
12.624697977250
12.629283104649
12.633903043247
12.638484387091
12.643018509785
12.748271112716
12.752600928229
12.757087286435
12.761683000590
12.766360167614
12.771016221927
12.775777281915
12.780544964132
12.785296186735
12.790135992704
12.794974661060
12.799845848511
12.804715915870
12.809625196322
12.814450738847
12.818974149067
12.823836897525
12.828909457784
12.833890698799
12.838941734603
12.843967190428
12.848999891028
12.854035915553
12.859074028697
12.864069203905
12.869043143981
12.874029563360
12.878944453867
12.883899970639
12.888863625400
12.893801923888
12.898730141832
12.903660627061
12.908569422269
12.913432324783
12.918264961759
12.923113431328
12.927890257610
12.932587949439
12.937250147772
12.941905359504
12.946498011692
12.950971984984
12.955398881007
12.959724526826
12.963994578320
12.968342465888
12.972729430208
12.976981592955
12.981071115384
12.985022577875
12.988934013253
12.992618888144
12.996526870594
13.096001216870
13.100389995486
13.104786537729
13.109418666646
13.114082522424
13.118785335729
13.123481225309
13.128214653574
13.132912124366
13.137638631463
13.142403437139
13.147186195239
13.151990350379
13.156803969725
13.161592452318
13.166401376771
13.171112352201
13.175872207848
13.180536209408
13.185183158643
13.189721919595
13.194270513602
13.198754945569
13.203816494955
13.315474417257
13.319402123739
13.323835956762
13.328330377576
13.332993429487
13.337670107079
13.488632881018
13.492965930182
13.497503709635
13.502034830945
13.506805979321
13.511957273394
13.517319294082
13.522749927497
13.528245309475
13.533925194928
13.539676332397
13.545561363268
13.551465044866
13.557454341254
13.563403053239
13.569349019257
13.575268343502
13.581173397295
13.587043344444
13.592958434198
13.598944963369
13.604895943784
13.610766275495
13.616594212900
13.622436659513
13.628183911712
13.633859974457
13.639463062664
13.645082912859
13.650613073975
13.656081113782
13.661550462936
13.667001080346
13.672418474444
13.678132461442
13.683533153763
13.688600276841
13.861675504706
13.866692344656
13.871344943320
13.875943747821
13.880472605248
13.885094400729
13.889674039301
13.894303045639
13.899007435263
13.904041398932
13.908636106536
13.913277906164
13.917986005240
13.922647106970
13.927405104497
13.932185459958
13.936974538447
13.941758661589
13.946485605977
13.951092503557
13.955896353110
13.960832551541
13.965740621833
13.970658935651
13.976391528413
13.981489202145
13.986676160395
13.992067665569
13.997362215932
14.002899875706
14.008385010261
14.013979370686
14.019515360086
14.025023798923
14.030387584303
14.035804049461
14.040563649308
14.044986437566
14.049195721248
14.053144943796
14.056948700345
14.060619135843
14.064169894722
14.067629101098
14.071023912536
14.074358163070
14.077683330751
14.081037465979
14.085048123916
14.089243834615
14.093299795357
14.281604587131
14.285510030076
14.289986800530
14.293611290501
14.297784634120
14.301825226288
14.305884080950
14.309651047214
14.313277364317
14.317399205849
14.321090005492
14.324602359395
14.328027009076
14.331296056745
14.334522093872
14.337658693208
14.340814176592
14.343924554436
14.347009006478
14.350054581108
14.353095043583
14.356108743308
14.359118675927
14.362104984429
14.365089634660
14.368049123551
14.371007346792
14.373954040660
14.376905309134
14.379841967614
14.382794496784
14.385739675949
14.388682383618
14.391621318001
14.394548560099
14.397472596049
14.400383636575
14.403286070423
14.406193530435
14.409096219723
14.411997618446
14.414896640764
14.417798530377
14.420684744787
14.423582110556
14.426488590465
14.429410969384
14.432354933656
14.435302573425
14.438280724823
14.441263832703
14.444274302292
14.447327203055
14.450408964699
14.453521127811
14.456764005743
14.460075081744
14.463490106166
14.466998633345
14.470423735450
14.473859375712
14.477528998145
14.481795424895
14.606139228037
14.610714253396
14.614913985170
14.619696066960
14.624654262197
14.629674186602
14.634837361046
14.640072555560
14.645396732197
14.650755044539
14.656168776208
14.661564345747
14.666961068115
14.672419771974
14.677952664606
14.683593455893
14.689298381516
14.695053362272
14.700848223344
14.706644747919
14.712476791330
14.718274722541
14.724069666318
14.729878657472
14.735703419671
14.741500470985
14.747322324833
14.753159965443
14.759307476116
14.765471937217
14.908128512974
14.912619239400
14.917130394282
14.922141488109
14.927218374983
14.932294880249
14.937402571568
14.942570743971
14.947765798615
14.953015005246
14.958527693456
14.964416465534
14.969694102765
14.975315029791
14.981143206583
14.986956783140
14.992836752819
14.998806925643
15.005220945299
15.010517037237
15.015189073169
15.019815479838
15.025112740110
15.030546574211
15.035954269276
15.041380140319
15.046781170750
15.052449002934
15.165774157139
15.170256769561
15.174702991889
15.178795574741
15.183089046785
15.187368067710
15.191841058635
15.196365221584
15.200869643376
15.205432795432
15.209992798928
15.214610902025
15.219269735772
15.223965330994
15.228679151547
15.233446863016
15.238310801265
15.243244447839
15.248232836649
15.253334214437
15.258456042209
15.263666436002
15.268934657087
15.274300118081
15.279783727222
15.285329049993
15.290849549044
15.296631068035
16.009370273068
16.012514515036
16.015997167904
16.019987812761
16.023723788629
16.027475827440
16.031403188618
16.069479976448
16.072611938967
16.076133798084
16.078590115829
16.081429474769
16.084260978761
16.087977217161
16.091839867002
16.095054933867
16.098248662354
16.101647802029
16.105134699803
16.108681839940
16.112256309810
16.115867013967
16.119480889456
16.123129290932
16.126790107595
16.130439226376
16.134105757222
16.137784459561
16.141405919786
16.145028830255
16.148703636350
16.152371593312
16.156045835990
16.159723588132
16.163438606599
16.167196913942
16.170986108096
16.174750902183
16.317859248343
16.320921930684
16.324118485202
16.327108500564
16.330235126598
16.333441941214
16.336642912384
16.339863427905
16.343068479409
16.346264061638
16.349460002366
16.352628032854
16.355802271648
16.358965676978
16.362101747196
16.365221158852
16.368352965723
16.371452635257
16.374536140604
16.377592070819
16.380657270363
16.383704590073
16.386754515176
16.389776868596
16.392814136088
16.395896657463
16.399053698082
16.402366864229
16.405848435554
16.409267336723
16.412570329946
16.415767280924
16.418927079976
16.422063464274
16.425161031475
16.428255739458
16.431320505202
16.434413930105
16.437472063965
16.440507445322
16.443502544234
16.446412692531
16.449249335423
16.452039061743
16.454884450862
16.457752676939
16.460676321648
16.463725274709
16.467486208905
16.470880938152
16.474105087380
16.477155830313
16.480113552571
16.483177965743
16.486223119539
16.505320598126
16.508642939634
16.511515702639
16.514156537346
16.516729906150
16.519422142290
16.522178347487
16.524938441696
16.527695764639
16.530465481293
16.533240650395
16.536022469181
16.538807862106
16.541598968201
16.544399597369
16.547211347308
16.550031504441
16.552843398697
16.555660210341
16.558483593731
16.561311455106
16.564153236876
16.566994818503
16.569849529746
16.572722805039
16.575621453854
16.578526094454
16.581447107595
16.584380004096
16.587334522906
16.590290717962
16.593306794288
16.596357483963
16.599369143955
16.602398616700
16.605308321211
16.781675069547
16.785434355186
16.789297794921
16.793206208683
16.797149004723
16.801143327833
16.805160199384
16.809227501533
16.813334973919
16.817461646258
16.821617244645
16.825812566204
16.830036415667
16.834280896987
16.838537876627
16.842820659412
16.847139996899
16.851524450943
16.856008799617
16.860476194043
16.864879985384
16.869207478668
16.873581733645
16.878002051569
16.882410137062
16.886800224082
16.891213393139
16.895614474382
16.900080545804
16.904540509013
16.908961081732
16.913388602178
16.917795524806
16.922198229952
16.926591467820
16.930964546390
16.935334773687
16.939682888267
16.943962948842
16.948223430734
16.952503293273
16.956784943164
16.961077555268
16.965347588089
16.969628204212
16.973925260337
16.978243462714
16.982580526490
16.986933075294
16.991339287622
16.995685872891
16.999867478778
17.003362335871
17.116736877655
17.121334098965
17.125785752185
17.130244627450
17.134626094708
17.138968210122
17.143341207231
17.147755910642
17.152217813585
17.156692632066
17.161119484243
17.165500994747
17.169913107385
17.174335745991
17.178773575159
17.183216992075
17.187709589850
17.192296921279
17.196963878106
17.201799570427
17.207151649377
17.211914769846
17.247769374766
17.252086823253
17.256540259223
17.260973717681
17.265379783422
17.269812135325
17.274253696942
17.278725047417
17.283254689496
17.287782941841
17.292336391291
17.296978545670
17.301650900683
17.306325849288
17.311055953703
17.316271236533
17.446593080334
17.450107316866
17.453754665340
17.457911452142
17.462089876866
17.466272183216
17.470502119624
17.474728330268
17.479131954883
17.483009546746
17.487888544939
17.491552723363
17.495539245532
17.499736323068
17.503982342097
17.508321274516
17.512634691704
17.516849403403
17.520988084407
17.525122622005
17.529254820627
17.533404657032
17.537569849061
17.541729971839
17.545855235757
17.550006746644
17.554158827634
17.558306316737
17.562447682831
17.566599183074
17.570703376841
17.574803347390
17.578907573510
17.582973590719
17.587033847024
17.591082801635
17.595140612723
17.599229145715
17.603294203610
17.607384338876
17.611486056440
17.615568317302
17.619662180884
17.623764509025
17.627834086382
17.631910969596
17.635982504950
17.640057769008
17.644105519630
17.648142837320
17.652182744206
17.656214482847
17.660231055920
17.664275349725
17.668319723634
17.672398541832
17.676477154981
17.680591096522
17.684707821069
17.688912435231
17.693117399897
17.697410473459
17.701753855413
17.706148117577
17.710623360933
17.715213280520
17.719858685567
17.724557552289
17.729335575154
17.734128228101
17.739005998607
17.744036519574
17.749001735646
17.754097241598
17.759237913109
17.764466295380
17.769399082798
17.774195488143
17.778887183999
17.783563735311
17.788231888815
17.792908712259
17.797522829002
17.802152001777
17.806753582465
17.811375324474
17.816051005339
17.820745455013
17.825462695485
17.830198073178
17.834955192788
17.839726253185
17.844526639182
17.849313483685
17.854123285118
17.858934922654
17.863747115604
17.868557112424
17.873376924221
17.878209550695
17.883344095019
17.889098685057
17.893964782290
17.898979590854
17.904322341857
17.909633413782
17.914987720040
17.920443432600
17.926011802439
17.931587656742
17.937009534337
17.942184897139
18.012606926287
18.017156602441
18.022232993172
18.027297327182
18.032506448323
18.037686632336
18.042884116871
18.048092014719
18.053303527702
18.058542933660
18.063797271055
18.069050330566
18.074351872311
18.079680124769
18.085022322843
18.090410436538
18.095824683650
18.101253843442
18.106699043097
18.112227170332
18.117755837339
18.123337695555
18.128916576487
18.134510096658
18.140095158188
18.145711015980
18.151293574521
18.156904417994
18.162561527527
18.168251598010
18.173956152898
18.179659500946
18.185342388787
18.191007906511
18.196645702168
18.202301171169
18.207951632850
18.213592068193
18.219285950496
18.225038567306
18.230856042124
18.236797313602
18.243110645344
18.248624004247
18.254480465337
18.260367448249
18.266445009381
18.272593194889
18.295114809607
18.300467179269
18.305407866338
18.310299017912
18.315646813595
18.320951610156
18.326620527494
18.331878810273
18.337723007235
18.343083526091
18.786111828803
18.790173548460
18.794370019384
18.798471353913
18.802583127518
18.806615797155
18.810653951695
18.814731364014
18.818791944504
18.822840390967
18.826928148020
18.831026654674
18.835128423425
18.839259288867
18.843404212426
18.847511233183
18.851591334142
18.855646881114
18.859679979941
18.863689313711
18.867683521375
18.871647978198
18.875593743012
18.879512162294
18.883410947442
18.887288198890
18.891139208763
18.894951595442
18.898753149946
18.902582261217
18.906442076269
18.910239875541
18.914006047876
18.917774944036
18.921546692602
18.925308542967
18.929058876286
18.932779602930
18.936445718026
18.940088018840
18.943733341311
18.947258712654
18.950766594521
18.954254248490
18.957699617480
18.961131352625
18.964526613071
18.967932324422
18.971354432269
18.974748787072
18.978139879598
18.981579971234
18.985017082057
18.988393215693
18.991689342404
18.995076434366
18.998427123368
19.001408183106
19.004496240039
19.007620179605
19.010527262178
19.013481715957
19.016435727374
19.019356440080
19.022235326687
19.025109336705
19.027984203722
19.030845418672
19.033697558955
19.036556196939
19.039423148178
19.042296766724
19.045181039373
19.048066699107
19.050963799221
19.053875055125
19.056800395266
19.059737218982
19.062691867841
19.065651487324
19.068637714726
19.071635523214
19.074658182025
19.077684637865
19.080742681248
19.083808818375
19.086885838840
19.089973211573
19.093101116654
19.096257733241
19.099440960772
19.102674832213
19.105936544006
19.109256649809
19.112594957512
19.115948081561
19.119351258066
19.122806279822
19.126278773324
19.129834774822
19.133538091449
19.137423056253
19.141200992505
19.145013030974
19.148946716113
19.152924456629
19.156971673137
19.161120054058
19.165373053819
19.169697639844
19.174133035092
19.178668590005
19.183310814228
19.187964330804
19.192438214478
19.196684396141
19.216113777116
19.220088431590
19.223637287083
19.227433051318
19.231403423878
19.235317479862
19.239186392083
19.243065408166
19.246938630574
19.250835322425
19.254729015439
19.258619201240
19.262486459514
19.266341685863
19.270203598390
19.274047060728
19.277845475766
19.281629226525
19.285409176760
19.289172338807
19.292922516602
19.296659154845
19.300369765192
19.304057564562
19.307723009521
19.311367020408
19.314989614080
19.318586713855
19.322194458232
19.325836877929
19.329419636664
19.332985641986
19.336588572630
19.340182614304
19.343779850489
19.347430368523
19.351106041211
19.354819218830
19.358671951493
19.362785222570
19.366858090344
19.370881648524
19.374849018122
19.378828119899
19.382799953933
19.386842329954
19.390900547709
19.395029884477
19.399145223883
19.403293953940
19.407454834030
19.411643860715
19.415830560349
19.420011630100
19.424220281181
19.428435840119
19.432657932184
19.436888948997
19.441126772019
19.445373937337
19.449629159029
19.453829841341
19.458084605042
19.462386041741
19.466693999972
19.471027595950
19.475350158565
19.479678771384
19.484006009219
19.488305667646
19.492616231827
19.496935915575
19.501210063838
19.505462988985
19.509690250494
19.513909698384
19.518105711160
19.522264457332
19.526396015650
19.530488311767
19.534535939550
19.538540897427
19.542455549431
19.546377196973
19.550247569464
19.554097247038
19.558030339565
19.562043829369
19.566138154713
19.570248921403
19.574305229313
19.578297500719
19.582374243423
19.586297425298
19.589948589821
19.593775361421
19.597467954437
19.601341824204
19.605489053819
19.609614054236
19.613537567815
19.617521600317
19.622405103348
19.626696445569
19.630814232389
19.635115212801
19.639270416369
19.643582248707
19.647909021387
19.652135880064
19.656455257336
19.660835082745
19.665070095279
19.669454739850
19.673868010849
19.678238260644
19.682637499005
19.687074274113
19.691534587917
19.695972890333
19.700420740120
19.704922646687
19.709436419678
19.714009688262
19.718557823798
19.723107589837
19.727694209303
19.732297086136
19.736901119397
19.741483986293
19.746126867112
19.750804029256
19.755464658229
19.760179920289
19.764925848426
19.769731912543
19.774559490793
19.779503030069
19.784495627540
19.789538382924
19.794616338151
19.799776603623
19.804914199396
19.810039871090
19.815168694072
19.820076506088
19.824948943840
19.829750865113
19.834479847907
19.839237479091
19.843958349980
19.848619872657
19.853477753590
19.858318346709
19.863177962749
19.868083239716
19.873032028644
19.878077687635
19.883218095004
19.888418125100
19.893564375468
19.898705244789
19.903797711357
19.908853694253
19.913966368677
19.919127982632
19.924583821697
19.930266303484
19.934964003779
19.939752300695
19.944657585187
19.949621195603
19.954560113690
19.959528154907
19.964472789084
19.969438090244
19.974471620805
19.979534757542
19.984661834131
19.989757892145
19.994888131675
19.999954405210

