Time_s
0.816512175745
0.820147833982
0.825018595160
0.829607547482
0.833878190352
0.838162202003
0.842492296908
0.846861864587
0.851225696097
0.855615053833
0.860020205728
0.864448546680
0.868855276126
0.873255267925
0.877671502125
0.882084302779
0.886497377760
0.890887001362
0.895288567256
0.899306858126
0.903711287417
0.907900043252
0.912074553741
0.916211674774
0.920330846973
0.924426594648
0.928504499589
0.932566788120
0.936608142594
0.940618941674
0.944614715262
0.948602610212
0.952575151066
0.956533085853
0.960494473847
0.964443825973
0.968362433324
0.972285329047
0.976205173040
0.980106682899
0.983993513049
0.987864880292
0.991732267016
0.995595876903
0.999454998086
1.003312114648
1.007158395784
1.011004712520
1.014850059633
1.018685850878
1.022537369166
1.026379025613
1.030220618792
1.034136700569
1.038124418018
1.042092537164
1.046346224438
1.247658930683
1.256264258939
1.260327477227
1.264210509917
1.268520863172
1.272975442772
1.277604025925
1.282323944933
1.287130560602
1.292013370203
1.296928420158
1.301843335983
1.306816719484
1.311816912661
1.316822723914
1.321875505699
1.326933131838
1.332014169412
1.337058792467
1.342098747641
1.347096219952
1.352072851507
1.356964646294
1.361869293145
1.366738985187
1.371588073593
1.376419244715
1.381261740123
1.386093681678
1.390914915688
1.395721328090
1.400539139776
1.405322248289
1.410073649376
1.414815000924
1.419524614412
1.424232302596
1.428905397668
1.433536377107
1.438199337192
1.442884753615
1.447517959015
1.452298356423
1.457149427687
1.462587667003
1.698570314251
1.702976619499
1.707787704435
1.712677711276
1.717753924470
1.722929439143
1.728174281409
1.733514907954
1.738986107045
1.744567629775
1.750259708570
1.756040119491
1.761930603317
1.767913320277
1.773882809479
1.779797635803
1.785757006611
1.791766246025
1.797719869874
1.803721742386
1.809701905558
1.815711067415
1.821684868990
1.827705291047
1.833762694559
1.839743669141
1.845781133282
1.851887612013
1.858130901212
1.864419718567
1.870810377074
1.877330212260
1.884000961331
1.890759084423
1.897764235694
1.905064904581
1.912209528662
1.919851599539
1.939134604985
1.946118617436
1.953018778741
1.959595102208
1.966112235219
1.972576129917
1.979142555069
1.985734870302
1.992263871671
1.999214947209
2.005619154771
2.012512226203
2.437825308688
2.442179493892
2.447464446044
2.452522346551
2.457673012040
2.462678425449
2.467671194240
2.472632638620
2.477580056033
2.482375589038
2.487230778516
2.492012696746
2.496757699138
2.501471181609
2.506149717239
2.510785430528
2.515397911755
2.519970507455
2.524526511221
2.529021741727
2.533463944885
2.537912073518
2.542345872294
2.546889141886
2.551544923493
2.725057414489
2.729031740542
2.731943016952
2.735478137221
2.739101770268
2.742486384924
2.745999331368
2.749560586526
2.753141756236
2.756722967991
2.760327566705
2.763962091743
2.767612951379
2.771281475103
2.774978924554
2.778701691322
2.784338796867
2.791889721559
2.799507482074
2.807270072257
2.815128934443
2.822827036287
2.832402451706
2.836381598036
2.840524246891
2.844608019810
2.848768613419
2.852422886748
2.856436431788
2.860146848080
2.864002936874
2.867421139354
2.871127855622
2.874670788654
2.878263670720
2.882024781695
2.885744653504
2.889456106733
2.893260866703
2.935978589365
2.938598318699
2.941467554763
2.943410988952
2.946057661292
2.948716338590
2.950932958516
2.952904855016
2.965760410167
2.970458215116
2.974355195671
2.978754971500
2.983386872281
2.988347967973
2.993503016504
2.998712918690
3.003950408890
3.009357943088
3.014774635957
3.020288632093
3.025853849024
3.031484434054
3.037098721355
3.042770121162
3.048486221433
3.054174893793
3.060084788426
3.066094142259
3.072144713015
3.078181915011
3.089319414424
3.095728511274
3.100520924718
3.105729110209
3.111046257728
3.116262818621
3.121441654299
3.126535014426
3.131642961943
3.136733244905
3.141816529472
3.146925697019
3.152020479155
3.157084818763
3.162138469469
3.167188927310
3.172226033511
3.177235318680
3.182217950894
3.187178264290
3.192166757855
3.197148920871
3.202114751788
3.207040737907
3.212021575481
3.217005678418
3.221996716576
3.226974717672
3.231906614804
3.236860699797
3.241752057506
3.246660759969
3.251553534206
3.256406202680
3.261195079634
3.265960977952
3.270720510653
3.275479027580
3.280196480394
3.284908391536
3.289608711620
3.294307099122
3.299006231969
3.303742400867
3.308468835380
3.313184856874
3.317917657488
3.322664074331
3.327419131748
3.332184766035
3.336987577981
3.341823182412
3.346686383357
3.351527918573
3.356380704746
3.361273505509
3.366170523697
3.371084922293
3.375999699828
3.380956693602
3.385809248022
3.390779666369
3.395780834975
3.400769008877
3.405789252374
3.410893844844
3.416128571973
3.421420436657
3.426994398262
3.432629870318
3.438332990904
3.444305540243
3.450029062198
3.455486728516
3.461191910145
3.466137248624
3.471370358218
3.476726867814
3.482036412085
3.487313498218
3.492615069351
3.498007543515
3.503334772915
3.508600983726
3.513935757181
3.519288292728
3.524601950783
3.530040941148
3.535550161568
3.541089908653
3.546711516917
3.552192516475
3.795440382328
3.800268437103
3.804745800095
3.809723371443
3.814729793390
3.819697216286
3.824680066150
3.829673723799
3.834698472674
3.839755975618
3.844828510691
3.849897096255
3.854964823017
3.860055115144
3.865166366767
3.870321824238
3.875426019124
3.880476065259
3.885503628512
3.890496801249
3.895443848505
3.900385567859
3.905264491835
3.910045587201
3.914793039585
3.919526650685
3.924235184069
3.928930278272
3.933621102865
3.938315123531
3.943022842393
3.947730468946
3.952459271495
3.957181825277
3.961912023709
3.966625840014
3.971286245905
3.975876213974
3.980478361418
3.985011209446
3.989544330070
3.994073625098
3.998635488492
4.003215200613
4.007859802961
4.012556749421
4.017354115879
4.021760706095
4.160762766499
4.165718151345
4.170574450746
4.174811840638
4.179640516804
4.184676000501
4.189657102442
4.194646224227
4.199580728840
4.204525383416
4.209508003721
4.214502032961
4.219497558302
4.224487923377
4.229498981002
4.234481903867
4.239463194289
4.244426121994
4.249438819056
4.254491353655
4.259800463657
4.265625382602
4.270872105544
4.421213642066
4.425434911371
4.429588414701
4.433139977135
4.442874898004
4.447593489703
4.452020957832
4.457017146419
4.462041439517
4.467138007315
4.472289890948
4.477504437316
4.482811574003
4.488119213587
4.493446669487
4.498744781553
4.504067212100
4.509362120784
4.514646555904
4.519910794494
4.525145585352
4.530354388318
4.535499896275
4.540623493007
4.545722304618
4.550798844064
4.555838962336
4.560817318666
4.565818670796
4.570793420317
4.575731757076
4.580644349209
4.585539501027
4.590391166403
4.595222974214
4.600065035746
4.604911454193
4.609854430529
4.614831712950
4.619973447564
4.625074633121
4.630196052218
4.751204941210
4.756603213858
4.760725371175
4.765282818758
4.770192899283
4.775045087332
4.779997503152
4.784968642091
4.789994523488
4.795064721456
4.800211578327
4.805383710395
4.810585174699
4.815824849698
4.821042425782
4.826266185018
4.831477812344
4.836704199917
4.841756100690
4.846756994690
4.851766243421
4.856739802124
4.861682143767
4.866645212940
4.871583108397
4.876522771027
4.881454015758
4.886384085011
4.891346032927
4.896341688596
4.901354505955
4.906385831574
4.911420862446
4.916459617163
4.921503635988
4.926526993041
4.931558665019
4.936588294784
4.941638530424
4.946763272285
4.952024538518
4.957419579832
4.963368056278
4.968949028682
4.974599398777
4.979859206739
4.984744536205
4.989986566178
4.995309257084
5.000505290588
5.005662245392
5.010782175171
5.015854736888
5.020971939834
5.026095273303
5.031300786692
5.036423115936
5.041564701753
5.230299561932
5.235354092284
5.239540602526
5.244418802994
5.249467160500
5.254603075970
5.259806160889
5.265066535829
5.270428174499
5.275864380922
5.281361114846
5.286977150154
5.292731152106
5.298672945130
5.304785304395
5.311038574478
5.317316737762
5.323644990862
5.330076921283
5.336564161241
5.343127838304
5.349819122012
5.356506616727
5.363418552765
5.370180893280
5.377120891669
5.383707938584
5.390792260323
5.397196977713
5.410636205987
5.423836605126
5.453954402881
5.460383196778
5.466688431084
5.473447060391
6.003781104895
6.007160915470
6.010349939307
6.014166830021
6.018401974358
6.022291422905
6.026315725652
6.030235187679
6.034167191874
6.038059780394
6.041928905338
6.045790463980
6.049665719275
6.053570243903
6.057525890420
6.061589181456
6.065799420679
6.070054229720
6.074193202270
6.078473313873
6.082526231696
6.086431425166
6.090334709250
6.093976653026
6.098034585944
6.102020650906
6.105925854599
6.399007594104
6.403487708192
6.407693267078
6.412299476428
6.417140582484
6.422076403930
6.427040887160
6.432081567269
6.437148605015
6.442267396407
6.447400883376
6.452564642316
6.457772635068
6.462986993782
6.468206258707
6.473403883310
6.478600939669
6.483815247142
6.488983616418
6.494185142600
6.499305607550
6.504419214385
6.509539983492
6.514673391636
6.519812227632
6.524951037730
6.530100531442
6.535196168917
6.540240778344
6.545283142087
6.550318684170
6.555260509505
6.560145159408
6.564990973475
6.569800264029
6.574579089814
6.579321459662
6.584037440153
6.588712867483
6.593351860810
6.597937087647
6.602491750827
6.607023306193
6.611567350822
6.616079728437
6.620569697329
6.625069231793
6.629611552569
6.634182578322
6.638811263247
6.643386105023
6.745811210553
6.748464086990
6.750622147297
6.752691237421
6.754669755392
6.756873661689
6.758980314357
6.764807140134
6.822556183931
6.827003917446
6.832151035298
6.837330181719
6.842444999179
6.847517655282
6.852576052648
6.857658700483
6.862697165811
6.867781540442
6.872801350773
6.877828724920
6.882930110309
6.888101331373
6.893401021387
6.898746411606
6.904205137162
6.909551182326
6.914878427396
7.107940485168
7.112015993645
7.116399949140
7.121595951436
7.126375643092
7.131351504547
7.136256648747
7.141133809300
7.146026603622
7.150909820616
7.155777476452
7.160611689101
7.165436403184
7.170215224086
7.174970487941
7.179678268017
7.184352537239
7.188980944560
7.193523622292
7.198029862793
7.202491879206
7.206896012269
7.211279676506
7.215645513071
7.219979010985
7.224267646828
7.228602647362
7.232830738442
7.237047195583
7.241238887324
7.245304713881
7.249398212079
7.253413433429
7.257404686147
7.261420622768
7.265507156357
7.269702967326
7.273883512144
7.278041843762
7.478165517141
7.483064855438
7.487998447271
7.492579628168
7.496750227154
7.501369326594
7.506214360106
7.511165406860
7.516188459265
7.521278265677
7.526430382636
7.531694955750
7.536999175894
7.542346081556
7.547716087193
7.553069051829
7.558281258144
7.563680129284
7.569062380409
7.574419539097
7.579766388180
7.585086082125
7.590422049216
7.595755543648
7.601085673374
7.606458683794
7.611839638233
7.617211201713
7.622597395927
7.627943536723
7.633321609170
7.638692642268
7.644087695726
7.649471031926
7.654873731132
7.660257174166
7.665686838301
7.671119347839
7.676541054622
7.681942847896
7.687390231720
7.692865650810
7.698383612569
7.703933972005
7.709515253953
7.715183562875
7.720973234935
7.726895177189
7.732834492877
7.738905434041
7.744951069463
7.750854192299
7.756573486305
7.762176477335
7.767737474707
7.773387899572
7.778885585305
7.784353389961
7.909744416877
7.914644591670
7.919749797682
7.924671269705
7.929955688268
7.935300837782
7.940694672713
7.946168072174
7.951717384664
7.957272655799
7.962948189383
7.968610272002
7.974395308075
7.980198951259
7.986035655113
7.991886298123
7.997668380243
8.003440607578
8.009167536087
8.014819542379
8.020508314874
8.026093104721
8.031643109790
8.037079713363
8.042423834641
8.047713489067
8.052908063889
8.058004697193
8.062985202584
8.067944096595
8.072828796012
8.077678695458
8.082436233925
8.087127132699
8.091758489318
8.096308834233
8.100810373619
8.105227739756
8.109598112123
8.114048315398
8.118386969369
8.122739435991
8.127123621331
8.131266482250
8.135502815129
8.139541673689
8.143942991602
8.734402449695
8.739313707196
8.744024288462
8.748864725614
8.753742449454
8.758656756162
8.763620448358
8.768548651021
8.773511791313
8.778483606476
8.783437753485
8.788423458798
8.793407207773
8.798438614740
8.803467884526
8.808437716317
8.813375172616
8.818254945181
8.823148335619
8.827890643705
8.832614018088
8.837296552128
8.841772631642
8.846140714054
8.850429574826
8.854632530813
8.858812875834
8.862924522150
8.867025384525
8.871124600901
8.875280858205
8.879384297652
8.883557938984
8.887775092753
8.892006299094
8.896138557954
8.900344563165
8.904590468907
8.909193453986
9.148671353949
9.153788324712
9.158860317441
9.163970156124
9.169112674712
9.174352010301
9.179578588500
9.184885314401
9.190193866236
9.195538694779
9.200939654478
9.206366941338
9.211828502754
9.217294444546
9.222706951786
9.228036941518
9.233594390805
9.239002447503
9.244327954733
9.249739353764
9.254869389355
9.260122387006
9.265319148845
9.270596510742
9.276109764107
9.281591657445
9.286920114903
9.292381319563
9.297929432976
9.303324175060
9.308779792967
9.535794862053
9.540946328537
9.546014122765
9.551061784108
9.556245980799
9.561465900833
9.566741785560
9.572021313767
9.577386432305
9.582760017584
9.588179095635
9.593476464780
9.598709945137
9.604165624381
9.609728333590
9.615355343328
9.621010889854
9.626702833428
9.632405343697
9.638120270589
9.643852142014
9.649652115190
9.655497070296
9.661436891098
9.667359893724
9.673440736870
9.679467382366
9.685577861748
9.691743722796
9.697834433159
9.703886798390
9.709954835071
9.716076076313
9.722194905526
9.728318895619
9.734478469150
9.740644095908
9.746745782470
9.752938088809
9.759451882625
9.766215812917
9.772307077400
9.778353835816
9.784495162948
9.790626243321
9.796969895925
9.802612158718
9.808985611229
9.814899141163
9.820997048408
9.827087473085
9.833076093349
9.840185297063
9.846449763858
9.852000241066
9.857411079333
9.862998895207
9.868982107104
9.874860448463
9.969552975812
9.975652774511
9.981350336166
9.986962768526
9.992677569114
9.998382409377
10.004056160667
10.009675044290
10.015216530738
10.020817866318
10.026437201823
10.032078014737
10.037692398290
10.043361095197
10.049070721188
10.054889148401
10.060601587117
10.066319955258
10.072030284576
10.077772493921
10.083507184454
10.089302120454
10.095064628052
10.100919363663
10.106889526605
10.112819107754
10.118863025213
10.124873442823
10.130866471704
10.136834632622
10.142925859408
10.148856133436
10.154822377602
10.160693106043
10.166568942570
10.172408493992
10.178288289430
10.184084999623
10.189911578004
10.195723284494
10.201373764756
10.207057879656
10.212694239225
10.217830279568
10.222977359972
10.228325215366
10.233565990195
10.238741030387
10.243900726442
10.249054639914
10.254201374526
10.259355434386
10.264531019852
10.269746055138
10.274974458477
10.280241439136
10.285585546634
10.290852841795
10.296123856920
10.301566151985
10.306940003295
10.312085072815
10.317200881633
10.322351206117
10.327520289077
10.332699027380
10.337871256165
10.343070943103
10.348309768110
10.353624797819
10.358959868637
10.364327058419
10.369747043865
10.375203665535
10.380704667631
10.386223169142
10.391778925081
10.397317691713
10.402871205036
10.408486825644
10.414132888333
10.419788608209
10.425459351557
10.431111552218
10.436761011678
10.442234345074
10.447925552864
10.453405888271
10.458998567189
10.464490360627
10.470023715134
10.475622784173
10.481190428683
10.486664202101
10.492084865652
10.497580702783
10.503200657814
10.508817215325
10.514440678383
10.520059876869
10.667145014388
10.672449150689
10.677710565280
10.682789463766
10.687947700180
10.693786530990
10.699574094413
10.705403206873
10.711226513391
10.717062001103
10.722865891785
10.728651030239
10.734482573868
10.740334893412
10.746218080690
10.752093507960
10.757939032439
10.763722800098
10.769450967403
10.775054246489
10.780604193299
10.786019550166
10.791325989829
10.796571569951
10.801691193959
10.806750342916
10.811685695717
10.816539626248
10.821355851237
10.826092660063
10.830690647445
10.835207823912
10.839669364174
10.844085159465
10.848398052225
10.852698567119
10.856935950972
10.861183000344
10.865381869610
10.869556086235
10.873770734346
10.877911455331
10.882080987526
10.886223200605
10.890278936207
10.894337210404
11.387137804395
11.392001867209
11.397498364608
11.402817871009
11.408093243150
11.413384700056
11.418674820913
11.424051107802
11.429447011870
11.434486118925
11.439519966489
11.444589126856
11.449633325044
11.454714492566
11.459755788802
11.464836524754
11.469929140213
11.475040674443
11.480173495369
11.485309663529
11.490496189732
11.495682725209
11.500861469468
11.506060954632
11.511256293290
11.516432603117
11.521629892475
11.526827268873
11.531993758194
11.537157040180
11.542311829137
11.547470580268
11.552619122432
11.557672261455
11.562725239835
11.567849040746
11.573047919378
11.578216712689
11.583417516814
11.588601105443
11.593777138581
11.598964579941
11.604150172739
11.609344397344
11.614538933783
11.619733192301
11.624919556153
11.630113452596
11.635315673892
11.640505715643
11.645656188291
11.650783987379
11.655907665114
11.660970031450
11.666042369969
11.671084237132
11.676031949905
11.680918923161
11.685769317713
11.690614918930
11.695446045321
11.700279798178
11.705220145025
11.710277873197
11.715457021270
11.720705854112
11.726029427645
11.731391111385
11.736756034255
11.742142195910
11.747600381501
11.753150773190
11.758633460245
11.764013757341
11.769345886000
11.774647916323
11.779873080487
11.785005977476
11.790062462717
11.795110627431
11.800136871862
11.805147293123
11.810170887772
11.815228488682
11.820319147209
11.825418516311
11.830576472566
11.835765659643
11.840990660595
11.846264639479
11.851540027417
11.856844319083
11.862222596067
11.867615147504
11.872996979741
11.878409746011
11.883827429845
11.889189511915
11.894532773803
11.899768720063
11.904950967668
11.909866112047
11.914813022093
11.919764884302
11.924911693896
11.930069667163
11.935281299048
12.088912117385
12.092716726075
12.096605138912
12.101154694442
12.105880561038
12.110636407690
12.115527836937
12.120401239708
12.125287679973
12.130174752404
12.135057473557
12.139966508263
12.144893213299
12.149825253943
12.154741781277
12.159651991802
12.164566189930
12.169454063180
12.174319947035
12.178879022750
12.183730702786
12.188516375918
12.193290938953
12.198037963003
12.202787833432
12.207477088507
12.212148002107
12.216809773378
12.221456693144
12.226114417204
12.230725722214
12.235334279624
12.239915316832
12.244505470295
12.249073411129
12.253575897907
12.258087372050
12.262582121487
12.266968683034
12.271418988038
12.275738419674
12.280111996553
12.284357529159
12.288626513319
12.292857952469
12.297060993173
12.301167198948
12.305281603096
12.309328134621
12.313373752684
12.317436887204
12.321474575592
12.325670691150
12.329998313335
12.334345043998
12.338805264083
12.343251509145
12.347565161372
12.351916720440
12.356309913624
12.360732179709
12.365056824171
12.369428056098
12.373848092223
12.378195373806
12.562254701274
12.566888555010
12.572040952971
12.577208554302
12.582393131493
12.587545008293
12.592705649456
12.597837969323
12.602962780150
12.608069555245
12.613203575295
12.618364989635
12.623694192820
12.629124314618
12.634750255826
12.640308769862
12.646417388103
12.651712869666
12.656958511618
12.662189547880
12.723011769744
12.725045941483
12.727620707348
12.730042048349
12.732980479580
12.737849089154
12.740179155936
12.742604233020
12.744958874181
12.747297497083
12.749392393782
12.751663343296
12.755499663188
12.757527851582
12.759674933909
12.762007777756
12.764255163801
12.766479732985
12.781026512119
12.785289932251
12.789995261646
12.795031834814
12.800215259910
12.805490836359
12.810875133358
12.816330520169
12.821887238260
12.827523357477
12.833224221210
12.838993890906
12.844832573412
12.850771270813
12.856688503682
12.862613160427
12.868636280547
12.874397374165
12.880148482130
12.885853712186
12.891583636921
12.897438173572
12.903304047311
12.909233860231
12.915155788830
12.921131635882
12.927077929416
12.933098533814
12.939108542127
12.944989347081
12.950752341034
12.956696401285
12.975297685186
12.980089655022
12.984660584054
12.989860874640
12.995302463467
13.000750872524
13.006210683053
13.011691776740
13.017163191629
13.022649625134
13.028146141149
13.033653821283
13.039213296634
13.044786426296
13.050354212977
13.055901467194
13.061442536762
13.066940107233
13.072392084454
13.077795759502
13.083221207119
13.088590840956
13.093932005066
13.099227720749
13.104510658290
13.109790870278
13.115081593762
13.120382118383
13.125655500325
13.131132092435
13.136663791066
13.142191946858
13.147698726414
13.153231635573
13.158776207706
13.164308907090
13.169839825251
13.175332148398
13.180817305009
13.186198171239
13.191529564496
13.196859026474
13.202116630539
13.207253394206
13.212369020394
13.217522548884
13.222681133237
13.227859696074
13.233039206069
13.238231784027
13.243430282134
13.248621121519
13.253807841983
13.258990709472
13.264189439750
13.269394032352
13.274617405361
13.279873364659
13.285146704743
13.290607512555
13.296163125177
13.301614017020
13.307120028244
13.312551571257
13.317988499556
13.323423508974
13.328847491108
13.334241182911
13.339628426403
13.345062739590
13.350578859366
13.356113555358
13.361704641044
13.367353322002
13.373101187303
13.378937091494
13.384704118561
13.390245368636
13.395096701331
13.400232397024
13.405682422975
13.411158313935
13.416669955437
13.422209398993
13.427780401091
13.433405918435
13.439098154925
13.444915359746
13.450849956814
13.456839156777
13.462897444188
13.469057284560
13.475255345663
13.481568851598
13.487918378040
13.494398765207
13.501033954857
13.507698530758
13.514545394828
13.521206360504
13.528075886525
13.535214942443
13.541962551001
13.549271963870
13.565719284836
13.572571090345
13.578703560824
13.585884400032
13.591093599644
13.597095298609
13.603556347304
13.610934838579
13.616939043103
13.623504197755
13.630300945304
14.172296102245
14.178402804213
14.183580554384
14.189040135034
14.194428399657
14.199757705723
14.205074602601
14.210366237342
14.215613619850
14.220943064349
14.226263323533
14.231548095167
14.236798815235
14.241992626025
14.247159126808
14.252298305554
14.257423579860
14.262546401116
14.267681228813
14.272785221294
14.277927188879
14.283115194024
14.288340081881
14.293589107596
14.298810907146
14.304018275906
14.309171175526
14.314317604515
14.319429010578
14.324472500877
14.329487214407
14.334471082174
14.339413010051
14.344347168737
14.349213179372
14.354052545390
14.358846869745
14.363601568576
14.368283963127
14.372951943270
14.377517678635
14.382058659278
14.386557172822
14.390998216734
14.395413698257
14.399848277799
14.404238817197
14.408576354628
14.412872773302
14.417132893254
14.421321910793
14.425441222684
14.429463904711
14.433444777172
14.437418226764
14.441455544552
14.445627194801
14.450019049950
14.454438429692
14.577923180205
14.582145245554
14.585857868018
14.589080471991
14.592308178149
14.596012930108
14.599559519209
14.603132135910
14.606726940824
14.610335220539
14.613949767573
14.617586798436
14.621246960625
14.624912582103
14.628608537184
14.632333132243
14.636068211765
14.639825613351
14.643584366077
14.647354225973
14.651117935153
14.654892942773
14.658688825537
14.662493901167
14.666301872177
14.670126033163
14.673963445516
14.677824683789
14.681703952643
14.685600793605
14.689514153077
14.693451312661
14.697398330499
14.701361365577
14.705424829227
14.709628219883
14.713710458718
14.717797010000
14.721883713580
14.726002922802
14.730142918513
14.734328026039
14.738553330582
14.742828619949
14.747130226248
14.751454842561
14.755812730530
14.760202583969
14.764609587332
14.769057273954
14.773529565604
14.778036625803
14.782563704415
14.787088555452
14.791641318591
14.796225866629
14.800790178577
14.805385704998
14.810008797038
14.814679498802
14.819366752178
14.824072886010
14.828800101284
14.833517547918
14.838314118559
14.843069389305
14.847914626546
14.852789030794
14.857677691149
14.862636495033
14.867603461302
14.872582916283
14.877536180933
14.882458481162
14.887371378856
14.892297397219
14.897234743252
14.902151824152
14.907050024424
14.911888378369
14.916711393650
14.921512756687
14.926295529955
14.931122113080
14.935921357097
14.940742562895
14.945570382329
14.950369973291
14.955200464795
14.960055754400
14.965098811888
14.970427726739
14.975511283576
14.980801846121
14.986140562565
14.991480551090
14.996777215995
15.002209520846
15.007670475038
15.013041691340
15.018605814872
15.023975880477
15.029445205414
15.034005210182
15.039527285694
15.044893815846
15.050142859170
15.055397863431
15.060649528786
15.065868526348
15.071006248440
15.076136800717
15.081169237158
15.086224138325
15.091294389528
15.096458116386
15.101754542733
15.107020387881
15.112842281709
15.259749916754
15.263965196682
15.268695846232
15.273819349825
15.279043626876
15.284318360382
15.289648278615
15.295062668702
15.300480433874
15.305903499639
15.311328449738
15.316708186955
15.322051573965
15.327364498684
15.332627435321
15.337809275107
15.342723990444
15.347937464843
15.353059781921
15.358109575499
15.363100627648
15.368060226848
15.372966913001
15.377809893571
15.382582988009
15.387297712837
15.391955799217
15.396616391511
15.401141429912
15.405634566969
15.410093072809
15.414497589653
15.418900947563
15.423254029900
15.427574039068
15.431871696397
15.436128721482
15.440368805475
15.444586471594
15.448781848587
15.452954120928
15.457123100304
15.461293121275
15.465442972997
15.469581508616
15.473719514978
15.477848499822
15.481977952936
15.486098830671
15.490211283645
15.494372661447
15.498659299352
15.502982331436
15.507298536792
15.511603368301
15.516065563570
15.520092678652
15.523882615160
15.528188974039
15.532490511976
15.536795084196
15.544654347216
15.548689751926
15.552903270217
15.557096902221
15.561013116374
15.565198464900
15.569398663099
15.573520257351
15.577675086669
15.581859845361
15.585938315480
15.618135918127
15.622187488547
15.626239883837
15.630747439140
15.634973126109
15.638956369806
15.643262424617
15.647657344905
15.652117024412
15.656647321417
15.661256410458
15.665882162982
15.670631288482
15.675544979995
15.680526902235
15.685595213441
15.690583114651
15.695741073749
15.700920528208
15.706176533278
15.711387588699
15.716672208825
15.721933335909
15.727223136232
15.732405987119
15.737497926825
15.742554919011
15.747459692014
15.752358013860
15.757254504463
15.762089554592
15.766896944664
15.771772865597
15.776714351178
15.781761774089
15.786892925031
15.792147149517
15.797453021659
15.802715391269
15.962819630897
15.967719931564
15.972372673124
15.976994724589
15.981763358851
15.986558432968
15.991505474792
15.996718214064
16.001927338035
16.007202495355
16.012561577383
16.017676367764
16.171907944841
16.175851018195
16.185035568401
16.189465634711
16.193876256632
16.198729712921
16.203730526304
16.208724474682
16.213885128028
16.219177367095
16.224538868792
16.229972977077
16.235475417037
16.241000517524
16.246540388808
16.252091728387
16.257641580079
16.263162862178
16.268681368258
16.274175106494
16.279633442882
16.285010925656
16.290691582895
16.296324654570
16.301955419529
16.307596715738
16.313287408086
16.318958934859
16.324683776593
16.330338431292
16.336036616123
16.341686135276
16.347277843687
16.352867578704
16.358421562029
16.363968604721
16.369492184429
16.374951053227
16.380439337894
16.385878750212
16.391305982416
16.396661582336
16.402007119784
16.407269704826
16.412494122907
16.417627027481
16.422792688167
16.427992189360
16.433207095065
16.438404141587
16.443832241318
16.449097790830
16.454653530452
16.459883909759
16.465462523471
16.470675810505
16.475789950820
16.481223295223
16.486579999849
16.491861678206
16.497237707271
16.885289910680
16.890238027651
16.895228715818
16.900123376976
16.905577221580
16.910751624766
16.915988565241
16.921179374941
16.926435312117
16.931721384944
16.937026153894
16.942364023936
16.947744979478
16.953231149047
16.958889252923
16.964200233187
16.969557239443
16.974956794874
16.980313857493
16.985714436130
16.991112432511
16.996522616609
17.001932325935
17.007385898215
17.012861332647
17.018320065352
17.023793596665
17.029268790471
17.034844713780
17.040057099412
17.045533611747
17.051085427762
17.056606144893
17.062197672140
17.067824705226
17.073491147815
17.079304512321
17.085212662998
17.091335841016
17.097038001075
17.102910363095
17.108723025215
17.114518503739
17.120286491397
17.126052167200
17.131828610443
17.137624632171
17.143405860610
17.149198874859
17.154977084749
17.160775177627
17.166587905843
17.172450593209
17.178377326554
17.184246456622
17.190103995927
17.195896793499
17.201520807388
17.207174756932
17.213060645676
17.227897015999
17.232337906258
17.237159309490
17.241969245205
17.246476375062
17.251118964917
17.255706776149
17.260280243641
17.264823544107
17.269356200906
17.273899817357
17.278399024541
17.282892931951
17.287362430590
17.291829045923
17.296265531517
17.300693180617
17.305110810500
17.309576424233
17.314073546407
17.318659549296
17.323230036122
17.327997039689
17.332743593973
17.557881187570
17.561905725263
17.566362146989
17.571358443148
17.576399530636
17.581510577117
17.586650517919
17.591801048257
17.597002500156
17.602203844482
17.607441463467
17.612709895193
17.618005627515
17.623321733179
17.628602521360
17.633863579617
17.639098071217
17.644302783149
17.649502528767
17.654698815295
17.659902644235
17.665075094500
17.670306690981
17.675456241359
17.680596717524
17.685657478665
17.690730735116
17.695651796226
17.700573629685
17.705427408360
17.710282409406
17.715045889889
17.719782771025
17.724667748739
17.729618182024
17.734669996099
17.739835902708
17.745003801164
17.750050238575
17.931191405569
17.937101072886
17.942644038096
17.948247179708
17.953817861690
17.959377221641
17.964916026999
17.970482319376
17.976084104484
17.981738634630
17.987412904334
17.993105316050
17.998821007037
18.004518396440
18.010183591799
18.015817784143
18.021470666988
18.027136665052
18.032773731348
18.038367520431
18.043959057172
18.049544048466
18.055118455622
18.060707624095
18.066288966843
18.071914688382
18.077442001699
18.083042323684
18.088758856793
18.094404115644
18.100236081796
18.105805651256
18.111510121376
18.117098570645
18.122604601600
18.128121764506
18.133640100866
18.139201053036
18.144893540752
18.150390593427
18.272675225483
18.278493031247
18.284002458986
18.289651998207
18.295294225994
18.300904941164
18.306508559061
18.312092050785
18.317628505923
18.323183235388
18.328676495099
18.334195581584
18.339675156606
18.345126048489
18.350495459833
18.355845491279
18.361187437245
18.366582289787
18.371961369875
18.377420791547
18.383057994322
18.388708334625
18.394383437227
18.400068277677
18.405641128159
18.411157058082
18.416503454743
18.421881929461
18.427064604454
18.431808943552
18.436862376804
18.441991878640
18.447083578172
18.452166745590
18.457236999108
18.462323309821
18.467390948533
18.472491768977
18.477560633009
18.482629803286
18.487821580846
18.493207085548
18.498964038996
18.633292869620
18.638571242479
18.642899018896
18.648036900850
18.653476430423
18.659058252895
18.664861733161
18.670806169765
18.676970394396
18.683327788440
18.689762255223
18.696288895384
18.702849384610
18.709458795265
18.716106116068
18.722780925837
18.729489432196
18.736198725165
18.743051961140
18.750155616169
18.757608179506
18.764822277635
18.772207279707
18.778611630392
18.796776643658
18.803366823388
18.809936452826
18.816535256669
18.823000813263
19.176772377548
19.181576428289
19.186969675994
19.192409656684
19.198246525365
19.333766097241
19.337921994680
19.342702568618
19.348183960988
19.353041911546
19.358242549968
19.363611863458
19.369460306850
19.375076114593
19.380513041678
19.385747972656
19.390889818329
19.452509945686
19.456673904047
19.461656831207
19.466781631179
19.472001500397
19.477247897043
19.482470727243
19.487715432913
19.492979426101
19.498265318530
19.503567994249
19.508866602354
19.514153413523
19.519430611939
19.524708262829
19.529951306640
19.535139360690
19.540312782521
19.545551202767
19.550744482114
19.555946124551
19.561178794994
19.566489912861
19.571897316706
19.577139184295
19.582465754692
19.587841400672
19.593095258648
19.598382117284
19.603826862629
19.609116647314
19.614551867333
19.827234291065
19.831664985445
19.835883063703
19.839735025572
19.843370470150
19.847637328498
19.851680504222
19.855784021145
19.859879285268
19.863957309151
19.868023544073
19.872087452392
19.876128064808
19.880180041536
19.884175662147
19.888137223657
19.892102882155
19.896051592099
19.899973814873
19.903905926516
19.907820914500
19.911728013446
19.915640961631
19.919581543190
19.923558689520
19.927635341019
19.931825458225
19.936116470972
19.940371739245
19.944634160387
19.948860324927
19.953090896446
19.957299900889
19.961498859328
19.965662240873
19.969813674708
19.973961059771
19.978127624424
19.982303027890
19.986460307485
19.990649100599
19.994852535012
19.999110819471

