Time_s
0.503661757828
0.509992701842
0.512916994312
0.516164862490
0.519391156447
0.522404252203
0.525315114160
0.528407250737
0.531524581522
0.534709455594
0.537959394937
0.541196145396
0.544363979986
0.547601892451
0.550745305725
0.553892454719
0.557016969442
0.560124138944
0.563031616352
0.565853477264
0.568713462243
0.571652302336
0.574569634207
0.577448179872
0.580344100206
0.583234018798
0.586126579996
0.589030966081
0.591953546860
0.594893588467
0.597859198947
0.600818170619
0.603782557880
0.606739514843
0.609738170707
0.612751894979
0.615790941757
0.618823336429
0.621893595098
0.624947182372
0.628021714161
0.631101656961
0.634187261496
0.637289194757
0.640402977966
0.643527848437
0.646639753912
0.649790092781
0.652926564158
0.656001793700
0.659195987153
0.662292996608
0.665391964143
0.668515252361
0.671629611090
0.674586182868
0.677636210668
0.680718124555
0.683650694485
0.686791363212
0.689876382317
0.693023498050
0.695930697971
0.908645399666
0.912653861105
0.916310158858
0.920616832654
0.925348868552
0.929531631923
0.934363799527
0.938854693669
0.943435735489
0.948003637934
0.952558115084
0.957160960696
0.961774707254
0.966433996639
0.971059524989
0.975827752883
0.980537898854
0.985361260940
0.990131792258
0.995059902847
1.000058011318
1.004997401575
1.009963755461
1.014815520767
1.019897430124
1.024578958040
1.029466464935
1.034897125546
1.197409961614
1.201328956767
1.205254810830
1.208796462200
1.212526507355
1.216353123020
1.220195899164
1.224041108074
1.227901289935
1.231768600988
1.235645472824
1.239554735627
1.243480689087
1.247408147226
1.251332407073
1.255274117246
1.259229339553
1.263184070525
1.267177118958
1.271180609843
1.275194997628
1.279236586557
1.283295608933
1.287392007613
1.291519019403
1.295685535962
1.299856129930
1.304062342505
1.308301295129
1.312576976736
1.316908308199
1.321297148592
1.325685560884
1.330147921231
1.334656223284
1.339238002041
1.343866493336
1.348535051886
1.353269786067
1.358043139895
1.362848956356
1.367697688926
1.372553847066
1.377461362335
1.382345998219
1.387107575934
1.392008121739
1.396966032222
1.401991537749
1.406989829490
1.411989516660
1.417093625748
1.422135825875
1.427276766754
1.432350980308
1.437512168187
1.442579624971
1.447729660610
1.452718520265
1.458068645970
1.463129036984
1.468496106616
1.473718463239
1.479129121870
1.484566553098
1.489834798014
1.495075614666
1.524087746338
1.530607731656
1.533242373310
1.535971467087
1.845794008604
1.849323868179
1.853018285328
1.857202573638
1.861329029643
1.865517835561
1.869824528222
1.874197311123
1.878677099763
1.883269071887
1.887911563811
1.892507472542
1.897080917426
2.046127673189
2.050369074249
2.054140439323
2.058220369965
2.062390857139
2.066593529721
2.070834684898
2.075102733746
2.079392171428
2.083709760540
2.088051502599
2.092437736311
2.096874021108
2.101354310644
2.105922283102
2.110642050948
2.115349108073
2.120236011831
2.128428214008
2.227838429400
2.231809461324
2.235804771977
2.240102264836
2.244346300170
2.248667348425
2.252905989482
2.257262491045
2.261573954900
2.265925438143
2.270237013982
2.274893614426
2.279537353466
2.284101326078
2.288705928077
2.293268156646
2.297860942998
2.302475865856
2.306998912149
2.311629050664
2.316267047680
2.320946395552
2.325583793273
2.330245945549
2.334869206430
2.339518792390
2.386705594549
2.390608895907
2.394989889868
2.399212559618
2.403457141452
2.408047695206
2.412074197712
2.416701262429
2.420777948609
2.425293172882
2.429504954358
2.433819341685
2.438095692202
2.442305935588
2.446463091146
2.450563766711
2.454619164242
2.458664018015
2.462663506579
2.466607104988
2.470540557103
2.474439447030
2.478372702099
2.482286268620
2.486200757196
2.490120499547
2.493989133687
2.497858632590
2.501728995123
2.505571424806
2.509437242212
2.513309390441
2.517118650402
2.520965626991
2.524834871850
2.528643813862
2.532453878647
2.536303594149
2.540174283598
2.544005433533
2.547873632905
2.551742568529
2.555622342056
2.559488656057
2.563343679585
2.567224252287
2.571136657425
2.575081527710
2.578972074057
2.582910326253
2.586831271125
2.590770059036
2.594703360488
2.598614187209
2.602594993225
2.606576197342
2.610579081457
2.614583798497
2.618627471155
2.622698465609
2.626827516591
2.631017743513
2.635200141215
2.639441182148
2.643803185092
2.648217621152
2.652724899661
2.657290551122
2.661953328885
2.666746695752
2.671785218647
2.676679429716
2.681559931846
2.686215590257
2.690862207767
2.695759094364
2.701197992027
2.706067713019
2.711031072192
2.715619893405
2.720491392462
2.725077113678
2.729555130624
2.734273138010
2.738941142996
2.743558802420
2.748138016650
2.752731564969
2.757321910295
2.761932430089
2.766552720934
2.771171172094
2.775825396760
2.780521723423
2.785264826900
2.790094691239
2.795012414156
2.799919491525
2.804784981898
2.810574137945
3.069550590217
3.073207557389
3.077154515769
3.081297055582
3.085475782717
3.089653844422
3.093849306125
3.098081350849
3.102300493675
3.106555668283
3.110825001424
3.115132176877
3.119523333944
3.123876314326
3.128227966378
3.132624975797
3.137038940357
3.141404856329
3.145767559363
3.150177176247
3.154609481008
3.159044347266
3.163462427081
3.167823850068
3.172312231575
3.176795288817
3.181242957893
3.185692734631
3.190165715687
3.194638482452
3.199117818359
3.203642201601
3.208145947485
3.212738830640
3.217351833115
3.222145366527
3.226706932956
3.328177605367
3.332328097605
3.336963888127
3.341659765793
3.346360766027
3.351068666500
3.355820478915
3.360524481126
3.365249688126
3.370032612332
3.374866958512
3.379682725011
3.384688498954
3.389523368431
3.394204545162
3.548748130332
3.553445458301
3.558128785050
3.562566983357
3.567364976067
3.572265102894
3.577158420887
3.582030484001
3.586895740876
3.591822149025
3.596767605781
3.601700984015
3.606639152464
3.611592926011
3.616594638001
3.621623614809
3.626637872955
3.631710957535
3.636832714158
3.641955723685
3.646767295998
3.651083806093
3.757805249865
3.761896932415
3.765856132567
3.770488440541
3.775185606692
3.779929460858
3.784692481065
3.789496742104
3.794319248816
3.799158404816
3.804008141984
3.808877157022
3.813773368034
3.818669710771
3.823596995753
3.828505891147
3.833431015066
3.838387709292
3.843309065749
3.848247780911
3.853198982295
3.858159717660
3.863109547795
3.868078997888
3.873044307995
3.878028631550
3.883086118158
3.888204363847
3.893277538175
3.898311070551
3.903434425362
3.908490724182
3.913465319716
3.918449895990
3.923510764038
3.928651833555
3.933758757848
4.098861413451
4.102970780574
4.107428628836
4.111951091564
4.116654054038
4.121395945660
4.126120147498
4.130865794820
4.135702455160
4.140563862878
4.145485929194
4.150400973549
4.155390708204
4.160389948962
4.165444936120
4.170549379903
4.175699864003
4.180886520273
4.186107106755
4.191388552317
4.196719824528
4.202063229061
4.207464925551
4.212828780861
4.218248940944
4.223736445817
4.229134969677
4.234560097175
4.239922774273
4.245325990280
4.250870233425
4.256644436093
4.262489802470
4.268477389519
4.274062296495
5.135789252978
5.142199170408
5.145415608352
5.148704255302
5.152397046249
5.155885259033
5.159413409205
5.162922585704
5.166378860981
5.169825914840
5.173237542002
5.176642530210
5.180017173110
5.183364374834
5.186694638709
5.189992413360
5.193272989051
5.196544019541
5.199812544828
5.203066758068
5.206366126633
5.209738199061
5.213228735765
5.609091906115
5.618147558299
5.627574256074
5.645084355206
5.649886129710
5.654652699598
5.659410120719
5.664192241908
5.669040130027
5.673886207111
5.678705744740
5.683578599201
5.688431100015
5.693278545596
5.698098422078
5.702927929700
5.707734377831
5.712562373924
5.717269116335
5.721973561324
5.726632441596
5.731293669400
5.735925403141
5.740503318651
5.745046616374
5.749560753344
5.754046157702
5.758479119400
5.762893888873
5.767275761069
5.771642467473
5.775975486554
5.780286450135
5.784609966155
5.788931404802
5.793271029057
5.797591437471
5.801863085379
5.806167231012
5.810560470522
5.814750150304
5.923137405241
5.927311062303
5.931007781834
5.935575308041
5.940116619871
5.944879776551
5.949546007368
5.954332016078
5.959115085426
5.964012296594
5.968905730568
5.973929909197
5.979086953064
5.983926486485
5.988914779898
5.993405773494
6.288013562022
6.291927781121
6.296489857492
6.301155019286
6.305755111597
6.310381963813
6.314978371296
6.319506102066
6.324097248200
6.328619633038
6.333143764314
6.337680455064
6.342204724422
6.346685569241
6.351170806234
6.355663473704
6.360124843771
6.364590245008
6.369024665108
6.373448058863
6.377827965077
6.382227602935
6.386573807717
6.390930789138
6.395307718625
6.399647051507
6.403920268136
6.408213590492
6.412519248738
6.416891173066
6.421121910232
6.425473712370
6.430112028305
6.635159983652
6.639066294008
6.643141271593
6.647160807642
6.651836446338
6.656545044847
6.661291298555
6.666053358387
6.670835954185
6.675644314529
6.680478925307
6.685236573401
6.689909235359
6.694704060462
6.699519507287
6.704363262557
6.709243755011
6.714136144350
6.719032461190
6.723907964483
6.728821051753
6.733742840633
6.738665825318
6.743613405543
6.748568100847
6.753518495395
6.758501674893
6.763465699268
6.768448578228
6.773422562395
6.778462775960
6.783458980858
6.788480247664
6.793493045372
6.798495612654
6.803501956852
6.808475727508
6.813465016696
6.818438049374
6.823386223579
6.828337544741
6.833278175388
6.838169940400
6.843023232756
6.848124559486
6.852912583244
6.857819682136
6.862370760979
6.866703408857
7.026899632913
7.036894502388
7.755123214624
7.759383102285
7.763410382156
7.767778047821
7.772287772171
7.776881466966
7.781501190223
7.786119705840
7.790758661620
7.795390629116
7.800032769138
7.804712120456
7.809429443429
7.814120389948
7.818850969085
7.823541603144
7.828203182529
7.832849106771
7.837461896554
7.842063317343
7.846609648871
7.851100824789
7.855582318290
7.860034429350
7.864418413483
7.868773463656
7.873101579804
7.877391972110
7.881646341459
7.885880709597
7.890035897110
7.894129586906
7.898251360546
7.902348311300
7.906471740289
7.910530880777
7.914572344612
7.918610984831
7.922647898734
7.926686161791
7.930736684687
7.934792745552
7.938933502033
7.943106074970
7.947376421394
7.951701741740
7.955928930062
7.960026929458
8.118834179100
8.123294402012
8.127171687655
8.131560654618
8.136241888970
8.140929489442
8.145639290754
8.150408000570
8.155226779929
8.159988729379
8.164751390941
8.169584917588
8.174327743666
8.179162223436
8.183974960889
8.188834808694
8.193836783060
8.198741029692
8.464078504310
8.473478210790
8.482893269997
8.492364392674
8.501841152175
8.511502742262
8.521386940090
8.531340644983
8.536351963283
8.541421360648
8.546556496354
8.551666992595
8.556692524641
8.561773762370
8.566659695623
8.571614485104
8.576481756978
8.581273257275
8.586003243597
8.590675994935
8.595279352359
8.599749511158
8.604168700074
8.608591697966
8.612980022027
8.930919686334
8.939876545034
8.948952597753
8.958211730952
8.975292861691
8.980029207852
8.984801642595
8.989586448239
8.994432678377
8.999278471299
9.004185256603
9.009085939996
9.014023866519
9.018974528922
9.024070101253
9.029082851386
9.034407403669
9.039547622348
9.044716936619
9.049848511194
9.054710877341
9.059717813834
9.064567457117
9.069656851515
9.074510927861
9.079552137006
9.084408696739
9.089466307158
9.094288771308
9.099359929725
9.104104772090
9.109223260333
9.114038268367
9.118897568639
9.123768935209
9.128652382140
9.147703240668
9.152106331768
9.156883778004
9.161689186250
9.166341805499
9.171179236593
9.175892131928
9.180611095084
9.185331717407
9.190041441055
9.194818002436
9.199530867201
9.204049660298
9.208393124272
9.212713610011
9.216972872742
9.221190141487
9.225447954193
9.229699869834
9.233950596630
9.238188346188
9.242428587147
9.246643541735
9.250898317709
9.255134895965
9.259351885327
9.263724708143
9.268143333411
9.272470347136
9.276683978064
9.281115814625
9.285295947597
9.400292319170
9.404167105057
9.408031209071
9.412067890914
9.416165955716
9.420190797530
9.424188745949
9.428133319880
9.432034817131
9.435899207638
9.439718120958
9.443490398114
9.447233013284
9.450958487953
9.454644906775
9.458292557177
9.461920718489
9.465512888148
9.469088498998
9.472725920663
9.476332400852
9.480140318465
9.483630190402
9.585830014862
9.588911998014
9.592056841992
9.595384163654
9.598788436791
9.602262843133
9.605775593652
9.609320223883
9.612887576322
9.616479244510
9.620104887027
9.623751128617
9.627424622948
9.631257708431
9.635111479487
9.638810969071
9.642538134139
9.646257175385
9.649983179600
9.653719427893
9.657495288351
9.661231520782
9.664919774416
9.668589781844
9.672258259640
9.675933712592
9.679612588638
9.683285218804
9.686955752895
9.690611905706
9.694284666307
9.697963885502
9.701610140677
9.705264523702
9.708882602293
9.712518691426
9.716135232871
9.719772890965
9.723365897172
9.726914133615
9.730467750120
9.733809410519
9.737372631450
9.740748008627
9.744305824658
9.747686926587
9.751226258869
9.754626175252
9.758168363117
9.761559289180
9.764826542895
9.768049993191
9.771512246654
9.774916516171
9.778463888941
9.781782613541
9.785256808586
9.788774832548
9.792279961499
9.795753059294
9.799206212260
9.802675219803
9.806098462907
9.809605724422
9.813080830228
9.816536818415
9.820040815162
9.823446460132
9.826913218959
9.830400244134
9.833852197927
9.837293459104
9.840737943390
9.844217290416
9.847661174969
9.851129655891
9.854601989161
9.858062676898
9.861508958050
9.864986280201
9.868455300983
9.871950245872
9.875449499056
9.878960561003
9.882468218742
9.886020747483
9.889651069525
9.893369739360
9.896955530811
9.900969741745
9.904961667640
9.908766717758
9.912658943385
9.916528224481
9.920424588383
9.924306699383
9.928178180260
9.932088802956
9.936010721844
9.962388925430
9.966296868443
9.969935774905
9.974041670988
9.977743191271
9.981772605572
9.985568290262
9.989595020081
9.993483110135
9.997375313828
10.001385737597
10.005436590558
10.009559060111
10.013660664547
10.017831157422
10.022029389648
10.026301187115
10.030581684780
10.034916279688
10.039333847330
10.043813758412
10.048335928397
10.052924936549
10.057699060238
10.062289339071
10.067030247826
10.273698110951
10.277570631606
10.281745794875
10.286186086466
10.290654655248
10.295172966708
10.299703430129
10.304222381342
10.308744825062
10.312968027920
10.317505545439
10.322012201627
10.326511078558
10.331053122898
10.335620974986
10.340217795730
10.344810579288
10.349458683680
10.354124327562
10.358754927725
10.363385557062
10.368063709199
10.372754716494
10.377460099891
10.382219275555
10.386943025000
10.391705238440
10.396545776834
10.401332993525
10.406231715885
10.411287985881
10.416421978659
10.421481921795
10.571946228623
10.576526496445
10.580648889356
10.585610793455
10.590251486796
10.595418597776
10.600153503538
10.605323083737
10.610275125858
10.615382248478
10.620566154880
10.626011547350
10.631487732893
11.194145621239
11.205717970415
11.217663210124
12.105984206719
12.108800411921
12.112221639200
12.115644664210
12.119342933736
12.123135370993
12.126438650337
12.130401864061
12.134303584884
12.138052935623
12.141876709133
12.145660415011
12.149468369478
12.153264985445
12.157031598431
12.160805770165
12.164563882541
12.168288809307
12.171972977145
12.175648638880
12.179300464911
12.182941291247
12.186553263823
12.190166550148
12.193771914642
12.197357934558
12.200935746380
12.204522451091
12.208113738369
12.211706726944
12.215305274425
12.218918918208
12.222526666148
12.226126393795
12.229768211544
12.233438755198
12.237127610468
12.240829413354
12.244598639081
12.248374594548
12.252362337663
12.256174411746
12.260070354580
12.263964511875
12.389302042613
12.393107942345
12.396826449078
12.400570993033
12.404357198105
12.408221121571
12.412073971581
12.415905773133
12.419741334370
12.423600613974
12.427457984385
12.431320361810
12.435175039927
12.439049139185
12.442902914146
12.446770321275
12.450671270971
12.454568645000
12.458482288058
12.462396141986
12.466358464459
12.470296163353
12.474205409657
12.478150055319
12.482025220016
12.485911965434
12.489844786536
12.493814778565
12.497770042775
12.501692369524
12.505646596345
12.509617732603
12.513585607074
12.517557976926
12.521549063137
12.525561995656
12.529604013090
12.533553397839
12.537570450555
12.541571787544
12.545540437858
12.549544657334
12.553561271822
12.557590115784
12.561589959803
12.565631430107
12.569636671919
12.573634206657
12.577666470165
12.581722060160
12.585762863226
12.589810125742
12.593886077228
12.597972041323
12.602068277319
12.606161932969
12.610254608888
12.614364822219
12.618487459297
12.622617115244
12.626769884260
12.630981141272
12.635195538918
12.639422634054
12.643729976306
12.648057018325
12.652391525001
12.656713194806
12.661032811276
12.665432549025
12.669965888790
12.674549625163
12.868856801985
12.873015815762
12.877311951223
12.881587982295
12.885919248277
12.890217983610
12.894513016189
12.898782580166
12.903051380025
12.907317629412
12.911586542423
12.915858413431
12.920138607542
12.924094988400
12.928257200162
12.932398942677
12.936550439818
12.940692498347
12.944874699636
12.949015375300
12.953118996266
12.957230702809
12.961336923013
12.965426003970
12.969516400248
12.973599965237
12.977668727017
12.981749487332
12.985819026409
12.989904553832
12.993988013988
12.998068620296
13.002168173079
13.006261231490
13.010369377144
13.014467409975
13.018589830670
13.022703392758
13.026814815252
13.030939395670
13.035073418440
13.039218432826
13.043368015770
13.047573765926
13.051757547524
13.056035433512
13.060335465069
13.064752136388
13.069062487466
13.073416982818
13.160750479614
13.168775906477
13.177276100301
13.185805151482
13.193822757478
13.198049152848
13.202630012174
13.207148574513
13.211738286387
13.216414039383
13.221158610433
13.225955731080
13.230906697971
13.354622968612
13.358669484750
13.363196283462
13.367721088435
13.372402923231
13.377352061067
13.382159137940
13.565199304697
13.569428482548
13.573477366475
13.577779876712
13.582087206801
13.586366490855
13.590583835604
13.594787615697
13.598919420132
13.603116841554
13.607303121651
13.611526517670
13.615763678913
13.619983123016
13.624237341839
13.628520913557
13.632801664795
13.637114670471
13.641429221536
13.645773420952
13.650165231925
13.654587899158
13.659019459747
13.663468959490
13.667948159147
13.672476470328
13.677028226793
13.681591799762
13.686200732997
13.690820946265
13.695429865127
13.700127402960
13.704866568374
13.709592608423
13.714402909344
13.719258918891
13.724089803096
13.729104751624
13.734049228260
13.739058420520
13.744162703922
13.749328672626
13.754465952970
13.759659572470
13.764790467608
13.769952966256
13.775071787043
13.780237420511
13.785383624838
13.790482784649
13.795575744990
13.800604930200
13.805721572695
13.810853765175
13.815973622141
13.821078692416
13.826192443740
13.831265156656
13.836339614000
13.841469752598
13.846738944122
13.852017973651
13.857184915689
13.862364485198
13.867559361735
13.872728553556
13.877927951964
13.883140628015
13.888322728020
13.893451928100
13.898566914309
13.903727591402
13.908876526137
13.914035464792
13.919278865489
13.924556612486
13.929960327921
13.935195619782
13.940459904571
13.945705104696
13.950975331470
13.956271008038
13.961544817014
13.966851948490
13.972130243865
13.977453100453
13.982752248003
13.988078602340
13.993421445857
13.998886348633
14.004500030441
14.009959268273
14.015262916043
14.123656744682
14.127888782682
14.132241667040
14.137001558991
14.141674129351
14.146477298593
14.151220979247
14.156037394381
14.160825269137
14.165630721204
14.170434044671
14.175268891911
14.180087855245
14.184848431509
14.189591311032
14.194309079528
14.199108500472
14.203867044748
14.208558325510
14.213227193696
14.217884437750
14.222530846985
14.227148321340
14.231739946437
14.236391641110
14.240937350935
14.245535769263
14.250043315129
14.254648791692
14.259183528935
14.263751252877
14.268317181052
14.272866199630
14.277435941005
14.282039150391
14.286602979721
14.295047739696
14.492705609560
14.498278208121
14.503542334785
14.507381263408
14.512212275350
14.516638174431
14.521494860267
14.526463797276
14.531441356668
14.536462193386
14.541505851527
14.546548715865
14.551564279120
14.556568865541
14.561638620587
14.566665276941
14.571709771883
14.576750805196
14.581851634528
14.586901920817
14.591985523435
14.597049378784
14.602126795453
14.607221542725
14.612308484054
14.617391209198
14.622466213630
14.627578735832
14.632685174272
14.637801386268
14.642972532166
14.647982785294
14.653154311826
14.658490173319
14.662650748980
14.868053915455
14.872096195651
14.876126369082
14.880508200422
14.884811739801
14.889292783757
14.893659051806
14.898065907472
14.902412040345
14.906737617593
14.911057135301
14.915357197042
14.919677659011
14.924001697559
14.928351218033
14.932721316068
14.937108126832
14.941546395423
14.946012252212
14.950524640722
14.955090462083
14.959709899989
14.964353827153
14.969029086328
14.973752631663
14.978496546836
14.983274015691
14.988084402982
14.992922673600
14.997771184902
15.002636028576
15.007528993160
15.012429260311
15.017360266541
15.022343519317
15.027379668827
15.032455049782
15.037579641525
15.042723844139
15.048005486334
15.053270424839
15.058580242922
15.063981650296
15.069439887842
15.075043812421
15.080773472666
15.086339041245
15.092102043684
15.333013414265
15.342954210426
15.352851566833
15.362954678327
15.368255427030
15.373510203444
15.378834724598
15.384135267549
15.389489744470
15.394881498004
15.400300889021
15.405786798311
15.411344481780
15.417028415020
15.422517204223
15.478512662518
15.482666606338
15.487160909903
15.492112796711
15.497171993752
15.502269292019
15.507275222782
15.512320939114
15.517384304720
15.522510730000
15.527662937853
15.646741294328
15.650706082966
15.655022098516
15.659420176118
15.663846866143
15.668273328814
15.672779924444
15.677293417665
15.681891496484
15.686579784028
15.691283890047
15.696072789165
15.700932381289
15.705847085351
15.710876803056
15.716089499805
15.721200227135
15.726652145599
15.731953758528
15.737192861180
15.742408545344
15.747519906921
16.014107801874
16.019172819515
16.023650573509
16.652549398470
16.657067586939
16.661623467700
16.666111413415
16.670653063939
16.675182807332
16.679799951251
16.684357945622
16.688941917553
16.693524418284
16.698126484666
16.702734372824
16.707340685162
16.711982222221
16.716600633535
16.721250618022
16.725990576016
16.730672092969
16.735387528222
16.740160152316
16.745092720560
16.749939228537
16.754906544080
16.946505088001
16.949537123670
16.953824546368
16.957442970035
16.961102909487
16.964781256016
16.968845489083
16.972683581531
16.976869744328
16.980687736735
16.984716247743
16.988595841876
16.992495967127
16.996392417780
17.000262294097
17.004123849852
17.007977757566
17.011806045607
17.015671482690
17.019513797552
17.023365729435
17.027212365214
17.031079184245
17.034990981604
17.038891882019
17.042864343182
17.046926609751
17.050926248939
17.054942410669
17.058969790675
17.062976293149
17.066972646189
17.070912899253
17.074836721918
17.078790608447
17.082680195480
17.086582018337
17.090536745976
17.094402323842
17.098440390133
17.102427728054
17.106308761291
17.110195072346
17.114445840800
17.118829626621
17.123007951498
17.127379964160
17.131734934157
17.219445898132
17.223139624635
17.227278005591
17.231744254044
17.236248658437
17.240837000707
17.245445364195
17.250106971558
17.254807657817
17.259416529290
17.264158834230
17.268959717190
17.273745705145
17.278697350339
17.283649149475
17.288537686824
17.293244617696
17.298497206966
17.574041699303
17.578659988983
17.582619982568
17.586050860091
17.589980241715
17.594179447630
17.598344475496
17.602561210326
17.606763232010
17.610986523076
17.615174470415
17.619432935707
17.623662002566
17.627865000313
17.632107538316
17.636332845398
17.640556160928
17.644769422684
17.648943254327
17.653149878397
17.657346928106
17.661543306687
17.665743916367
17.669922312275
17.674104321579
17.678305013224
17.682463626988
17.686654762939
17.690862440431
17.694963327532
17.699046488885
17.703222379526
17.707336477631
17.711425764401
17.715487389497
17.719543252265
17.723593515541
17.727631469622
17.731651441338
17.735728617263
17.739772384538
17.743871796546
17.748080972452
17.752334095939
17.756596656902
17.760970357016
17.765447975912
17.877175027226
17.881143283958
17.885469425027
17.889497107261
17.893973264502
17.898487958688
17.903091175336
17.907802550449
17.912516459571
17.917199590958
17.921922664241
17.926669917362
17.931430939681
17.936243587447
17.941051626481
17.945914993696
17.950808189940
17.955794433849
17.960785314272
18.006691863291
18.011067313905
18.015527932234
18.020197107348
18.024980961546
18.029800284352
18.034613846645
18.039431241335
18.044300984906
18.049180110502
18.054042077777
18.058936072872
18.063862786646
18.068816697848
18.073795815251
18.078773388011
18.083791999167
18.088935094050
18.094077031501
18.099244999543
18.104381103982
18.109618466150
18.114644101182
18.119569738553
18.124130128018
18.287309031685
18.291325367309
18.295408332182
18.299172117136
18.302886815043
18.306758873941
18.310601789830
18.314226643776
18.318318847478
18.322189592298
18.326194817783
18.330137686471
18.334103680276
18.338071032796
18.342023192186
18.345963724563
18.349887580971
18.353812462575
18.357733866517
18.361620812378
18.365464010650
18.369300161411
18.373134167411
18.376939907897
18.380727318007
18.384499140040
18.388256399892
18.391979899981
18.395713847228
18.399428016799
18.403122569661
18.406809501603
18.410468104112
18.414116749666
18.417769574720
18.421407224497
18.425044182533
18.428656822521
18.432266220416
18.435876303178
18.439459100805
18.443054017773
18.446658967547
18.450234639917
18.453815909386
18.457426837870
18.461042486538
18.464650791683
18.468060007398
18.471679835194
18.475307782264
18.478931733698
18.482552181374
18.486165544901
18.489816136334
18.493455333624
18.497111125514
18.500766933977
18.504431996491
18.508131445847
18.511831493358
18.515552972172
18.519305282772
18.523106390779
18.526972926265
18.530911604649
18.534827236753
18.538786173259
18.542846033385
18.546931567128
18.551062155689
18.555201181906
18.559417272533
18.563619091713
18.567960361509
18.572290851834
18.576617501958
18.580897497204
18.585280811068
18.589665825540
18.594037560513
18.598428881389
18.602850474031
18.607367008870
18.611858834860
18.616419284453
18.621014256985
18.625615529208
18.630244198339
18.634892790425
18.639555129919
18.644246492336
18.648974307551
18.653703025339
18.658457737136
18.663201990940
18.667878812941
18.672585580241
18.677265796878
18.681994152639
18.686780758068
18.691499085022
18.696138965538
18.700605279496
18.704884477888
18.709331640393
18.713492289189
18.717778992297
18.721755454230
18.725718924244
18.729481752816
18.733193004288
18.737061065920
18.741520294123
18.839899988536
18.844574633944
18.849269293710
18.854091953831
18.858893397926
18.863771615275
18.868677338518
18.873596770118
18.878537887078
18.883507398342
18.888457426328
18.893413067281
18.898402143981
18.903469914266
18.908536337178
18.913624221377
18.918706500772
18.923939494231
18.929218944671
18.934466599411
18.939810640329
18.945243961095
18.950691099768
18.956078856679
18.961595900603
18.967125253280
18.972655571859
18.978246945527
18.983723483646
18.989208991684
18.994714995375
19.000458185059
19.006331019139
19.011545612029
19.017057156732
19.206933564321
19.211387216697
19.215891553422
19.220583468512
19.225527929492
19.230611815305
19.235786186893
19.241018878137
19.246329324787
19.251657472999
19.257035719427
19.262539619711
19.267831822990
19.273112829286
19.278414544293
19.283686319083
19.288962615567
19.294242171925
19.299506718116
19.304748590873
19.310019934615
19.315271130286
19.320460783856
19.325505202528
19.330654937644
19.335889408998
19.341119877844
19.346359340844
19.351609233134
19.356835086490
19.362061082648
19.367272573126
19.372501160983
19.377727483723
19.382923761671
19.388142464446
19.393324989953
19.398502165730
19.403706312435
19.408848792678
19.413935989518
19.418963681884
19.424067082440
19.429174932471
19.434180393307
19.439196924161
19.444192637424
19.449146020841
19.454041765147
19.459056619352
19.464047371483
19.468963892547
19.473905900286
19.478891235667
19.483913612107
19.488934461032
19.493977950885
19.499039414436
19.504099374203
19.509166093902
19.514249646368
19.519366781546
19.524579303453
19.529663648603
19.534801296032
19.539957899324
19.545150425937
19.550347742491
19.555566501571
19.560740717227
19.565919718129
19.571035399219
19.576146765472
19.581287066571
19.586408265438
19.591501258420
19.596602026459
19.601709823777
19.606855219818
19.612002311338
19.617151808383
19.622374862772
19.627606358810
19.632863969343
19.638147539305
19.643534692980
19.648845264806
19.654218353425
19.659628144735
19.665128130931
19.670559764113
19.676240132735
19.831230295693
19.837015672319
19.841548549189
19.846514027723
19.851725605959
19.857046101837
19.862425383782
19.867803200728
19.873275185197
19.878669609614
19.884104870696
19.889476837981
19.894867598253
19.900251853710
19.905558182153
19.910959089579
19.916363216168
19.921635210281
19.926966699995
19.932417930227
19.938017049200
19.943436002240
19.948824742055
19.954100152486
19.959341705849
19.964615295095
19.969765933512
19.974851011937
19.979975279376
19.984992544374
19.990027113269
19.994973154795

