Time_s
0.602711133198
0.607328071109
0.611650752184
0.615901024061
0.620237774194
0.624580907103
0.628861046022
0.633176816659
0.637464248479
0.641743901058
0.645996919789
0.650237266646
0.654416039293
0.658638140700
0.662850271399
0.667042645684
0.671246270769
0.675436788636
0.679625915706
0.683804169494
0.687973410613
0.692131174347
0.696275162707
0.700401527347
0.704521707067
0.708588687812
0.712627749388
0.716641404916
0.720632751710
0.724610269337
0.728591171301
0.732563875543
0.736545432135
0.740560115833
0.744606181280
0.748632808714
0.752751485583
0.756926478895
0.761003739407
0.765165495184
0.769188467668
0.773148073855
0.777234909857
0.781392765650
0.785355170447
0.789572681120
0.793461986714
0.797617920144
0.801805732072
0.922125338365
0.927164296299
0.931472813301
0.935873643139
0.940304648228
0.944871079582
0.949447308104
0.954088682721
0.958748338088
0.963473277169
0.968268309889
0.973099999473
0.977977021072
0.982831282803
0.987682907001
0.992508687872
0.997319681005
1.002160246989
1.006983358209
1.011813028235
1.016636052873
1.021493645805
1.026340927714
1.031216315355
1.036043226538
1.040892871278
1.045699457599
1.050525857293
1.055385965206
1.060238673966
1.065047929831
1.069892870651
1.074720290865
1.079539486728
1.084397779111
1.089259482538
1.094069540391
1.098914509819
1.103716010867
1.109296662942
1.114075362675
1.184678513695
1.188847290058
1.193806547844
1.198996191055
1.204365187859
1.209929423696
1.215626084679
1.221423631164
1.227354589594
1.233450926678
1.239621723547
1.245919329551
1.252338188124
1.258846172618
1.265514435216
1.272266274027
1.279039119069
1.285814011919
1.292856082057
1.299810283237
1.306938713247
1.313982493213
1.321295944534
1.328506328835
1.335806574265
1.343109800447
1.350424412885
1.357680253807
1.364888891178
1.371965967417
1.378874123693
1.385740197684
1.392527590907
1.399794294188
1.407104957561
1.414205476220
1.995840027593
2.000960534162
2.006107507913
2.011237268257
2.016318323235
2.021350115283
2.026315544338
2.031240133571
2.036141784798
2.041103732071
2.046163573879
2.050687002436
2.055555127157
2.060432971874
2.065314480199
2.070251180690
2.075155336451
2.079953326298
2.084949857958
2.236225867005
2.239628589935
2.242953126973
2.246358046398
2.249883244852
2.253571758827
2.257272213954
2.260963884954
2.264650306986
2.268349580862
2.272055371593
2.275768855714
2.279498016490
2.283239588819
2.287000739793
2.290772922093
2.294561397544
2.298331830971
2.302032241394
2.305726812656
2.309468628841
2.313373510277
2.317295110278
2.321125871057
2.325068441325
2.328893037876
2.332697193231
2.336524394147
2.340351362339
2.344194790575
2.348055109949
2.351930350591
2.355761537181
2.359623188611
2.363503369303
2.367343165609
2.371165786238
2.375046721173
2.378930607284
2.382836551883
2.387197351260
2.391711024762
2.396134349878
2.400572640881
2.405065031732
2.466574852869
2.470450407558
2.474316060391
2.479135891593
2.483915029636
2.488730681315
2.493529989134
2.498340251880
2.503175334311
2.508042549418
2.512921603812
2.517849371430
2.522765296760
2.527739158300
2.532726881522
2.537738376705
2.542763867312
2.547758053676
2.552736509067
2.557682081546
2.562639402735
2.567598222826
2.572572174231
2.577603070233
2.582656994192
2.587709899137
2.592800398533
2.597932662868
2.603115369350
2.608320468863
2.613483866835
2.618721981038
2.623937958618
2.629238858759
2.634490790436
2.639786727005
2.645094971970
2.650525062159
2.655863715652
2.661188849490
2.666440234051
2.671756441031
2.677055810467
2.682363786254
2.687659681481
2.692953627325
2.698243198558
2.703538186662
2.708844623102
2.714148051795
2.719433962670
2.724692674775
2.729939877578
2.735120231284
2.740263323160
2.745388008007
2.750481812264
2.755527096891
2.760609353640
2.765817379729
2.771322988676
2.931188051449
2.936692756372
2.942211474263
2.947828102912
2.953523744638
2.959276736242
2.965080840476
2.970914950908
2.976741825033
2.982594682798
2.988457033206
2.994380352010
3.000404611255
3.006222775876
3.012036422324
3.017857741126
3.023676410529
3.029479446311
3.035259165393
3.041058091585
3.046860623068
3.052656507414
3.058420434353
3.064177852407
3.069964423054
3.075808363366
3.081718406543
3.087628226985
3.093436155071
3.099240558939
3.104842221569
3.110719875624
3.451770020450
3.457105245432
3.462294473887
3.467649885730
3.472948035826
3.478296192714
3.483327106730
3.488351825804
3.493775486959
3.499222279914
3.504593780704
3.509939167178
3.515255739920
3.520479831214
3.525676401187
3.530804628351
3.535884670041
3.541018271143
3.546144131409
3.551362322400
3.556667752723
3.561914091304
3.567115604226
3.572363760757
3.577525856222
3.582825161567
3.657217545449
3.663086714064
3.668950252768
3.674258042423
3.679520770019
3.684870589555
3.690505940760
3.696136771952
3.701817559337
3.707599822792
3.713553530050
3.719625591835
3.725791516132
3.731996606272
3.738274079078
3.744546293805
3.750805903430
3.757188410406
3.763546065886
3.871619718359
3.876734367853
3.882563984159
3.888564691492
3.894643876948
3.900739281197
3.906823894881
3.912982154988
3.919184658855
3.925455586888
3.931709108059
3.938085716842
3.944520124697
3.950966686914
3.957497310918
3.964018175622
3.970540103870
3.977091544070
3.983626991758
3.990149566991
3.996732043814
4.003247502911
4.009701734905
4.016142061915
4.022620575721
4.220830806824
4.226604320678
4.232335930301
4.238771754065
4.245005615527
4.251346471597
4.257829552981
4.264304594278
4.270841738922
4.277428485189
4.284168395750
4.290923512260
4.297873592003
4.304876183239
4.311754230471
4.318888260668
4.324630762086
4.974311406856
4.978288322560
4.982917168549
4.987361240471
4.991855240618
4.996311666002
5.000767734126
5.005194210641
5.009581250548
5.013870443686
5.018354249547
5.022826860017
5.027356250504
5.031957545413
5.222053009831
5.225721781741
5.230232706410
5.234499821604
5.238821027730
5.243232312318
5.247660893751
5.252132344124
5.256691739539
5.261313088451
5.265965695652
5.270746336695
5.275554940410
5.280384890702
5.285215351191
5.290057071644
5.294910164715
5.299755842288
5.304635718179
5.309504210464
5.314363109426
5.319244887128
5.324128447950
5.329029154090
5.333945442475
5.338870782871
5.343763146642
5.348639682916
5.353469918172
5.358293525692
5.363155590420
5.368006335399
5.372921224121
5.377907259974
5.382943592378
5.388015220177
5.393150486766
5.398413610622
5.404611027845
5.409569551084
5.455033026206
5.459756419079
5.465186153418
5.470679689955
5.476404246319
5.482196500853
5.488067740272
5.493944856918
5.499776608733
5.505439868200
5.511229752892
5.517138984920
5.523907410274
5.667722413954
5.672047366586
5.677125643028
5.682365850495
5.687681886586
5.693110613944
5.698521301923
5.703924431305
5.709352264991
5.714793577748
5.720198296057
5.725598953313
5.730954122289
5.736248969755
5.741529917133
5.746926510100
5.752275181010
5.757647247735
5.763030902707
5.768450853012
5.773919231801
5.779960727121
5.976284491597
5.980869560053
5.986157254348
5.991492551344
5.996772769998
6.002328522762
6.008067011807
6.013835611118
6.019653256381
6.025467062546
6.031304898658
6.037138986644
6.042959044461
6.048759239128
6.054567305468
6.060352233946
6.066122473747
6.071893655951
6.077628150578
6.083320753990
6.088961659648
6.094624956941
6.100348682827
6.106049848739
6.111748058111
6.117497635801
6.123297746292
6.219431085735
6.223753550236
6.228521363026
6.233412907666
6.238391616122
6.243430549499
6.248494926846
6.253464567130
6.258559989055
6.263604176423
6.268712102180
6.273801918716
6.278908537892
6.284009660667
6.289093238019
6.294185153730
6.299278414368
6.304385646787
6.309444820620
6.314546793044
6.319569061485
6.324637852879
6.329679354938
6.334760331164
6.339788219650
6.344863885156
6.349901704421
6.354884614744
6.359875325301
6.364874790093
6.369880200032
6.374767326324
6.379461727634
6.384154786229
6.388824542936
6.393549118899
6.398177420784
6.402847032517
6.407491333843
6.412137690078
6.416983181878
6.421766357958
6.426795085597
6.431775011391
6.436465757120
7.016480661475
7.021157895004
7.026293363374
7.031400444076
7.036568434610
7.041769504323
7.047044857293
7.052361806053
7.057670669278
7.062996884261
7.068346136913
7.073676395760
7.079031372114
7.084389979788
7.089734246438
7.095075782762
7.100414152667
7.105747457289
7.111069508560
7.116392396725
7.121674683811
7.126962622114
7.132240220990
7.137498832991
7.142751573440
7.147984415281
7.153192058257
7.158330773380
7.163486681793
7.168630381652
7.173800683983
7.180160596559
7.185028048186
7.190079160306
7.195302673427
7.200488938059
7.205733451208
7.210958348312
7.216137362327
7.220563417097
7.225805073561
7.231003353932
7.236288178293
7.241534495772
7.246802828291
7.252069150567
7.257303536886
7.262556305330
7.460525915583
7.464397422494
7.469185156723
7.473977824643
7.478836867665
7.483722304742
7.488569754939
7.493437994318
7.498332115317
7.503202316181
7.508066352180
7.512984080772
7.517941101111
7.522907352181
7.527866461544
7.532770733887
7.537568345141
7.756734026057
7.760939854511
7.766067988205
7.771275043700
7.776525051403
7.781871371979
7.787228394141
7.792753648982
7.798359258855
7.803991006079
7.809782568807
7.815609492105
7.821550279063
7.827474344093
7.833406534801
7.839361761015
7.845361241088
7.851387138057
7.857444491985
7.863532867405
7.869658390673
7.875845033656
7.882103986833
7.888347776313
7.894645814658
7.900987066299
7.907371139331
7.913757379350
7.920203963579
7.926607994095
7.933001458177
7.939391965895
7.945762321328
7.952137524085
7.958513503886
7.964977895307
7.971463022477
7.977844549770
7.984219355397
7.990623347775
7.997023430974
8.003385824518
8.009776368139
8.016133736182
8.022581777556
8.028934892691
8.035346664231
8.041720682514
8.048123469437
8.054551709357
8.113763188538
8.119693041886
8.125697749007
8.131776291592
8.137979755930
8.144356993618
8.150659071313
8.156791781281
8.163524541175
8.273212625427
8.278137550445
8.283174708905
8.288972625430
8.294627074948
8.300359256715
8.306102924161
8.311868001033
8.317622417271
8.323364870148
8.329100022730
8.334835038295
8.340570965881
8.346330945137
8.352094069941
8.357850370513
8.363592197956
8.369283977486
8.375014628454
8.380757348613
8.386508558963
8.392461392095
8.398375206574
8.404081357007
8.554804444922
8.559285181400
8.564263354365
8.569788825233
8.575319434410
8.581051441886
8.586896415767
8.592765840084
8.598743389067
8.604841859329
8.611006372447
8.617212228190
8.623676262648
8.630278591305
8.636894579620
8.643780450499
8.650554049039
8.657373573186
8.664266307443
8.671179408257
8.678072002104
8.684989184350
8.691917457554
8.698832293213
8.705721907820
8.712590607745
8.719475912205
8.726346454899
8.733196318107
8.740013057237
8.746797710723
8.753576685782
8.760352669340
8.767122896492
8.773899687394
8.780655009561
8.787100107018
9.488160401121
9.492657230683
9.497723583710
9.502973078099
9.508019286560
9.513318700757
9.518596458366
9.523960948305
9.529348631188
9.534789595847
9.540224150662
9.545698836885
9.551222402633
9.556676950029
9.562156820971
9.567591503059
9.573055228041
9.578422289928
9.583819635859
9.589135170624
9.594489870146
9.599811276576
9.605000030360
9.609715758612
9.615062675560
9.620311480375
9.625531286668
9.630736423237
9.635946478519
9.641156658071
9.646358979589
9.651567470418
9.656772020103
9.661972235668
9.667153010995
9.672315503621
9.677444402110
9.682578751179
9.687705899672
9.692825712665
9.697952173289
9.703066275191
9.708208831347
9.713422416788
9.718968222724
9.724508483475
9.729624809880
9.734786171443
9.739955021971
9.744785776195
9.754668109153
9.759792301423
9.764309137370
9.768857329032
9.773407068077
9.777999286244
9.782592747324
9.787210015801
9.791864499850
9.796492532674
9.801241911429
9.805960399154
9.810727094840
9.815509033731
9.820285587005
9.825060034953
9.829824546299
9.834571461863
9.839279958012
9.843986893247
9.848693848485
9.853379399783
9.858060601233
9.862726175170
9.867656113096
9.872460381490
9.877164419625
9.883138025118
10.027416474844
10.031687397121
10.036777397477
10.042116233040
10.047619740376
10.053267933033
10.058997086515
10.064858620740
10.070903300577
10.077102075245
10.083358148070
10.089647278004
10.095961974408
10.102268010395
10.108592866488
10.114903408007
10.121125234780
10.127319219679
10.133436341749
10.139708379411
10.146026763337
10.152264083456
10.158451088351
10.164641996779
10.170872681869
10.176085839173
10.182365646204
10.271581429043
10.276272680216
10.281914356601
10.287557424788
10.293299491206
10.299056535175
10.305003662655
10.310996530902
10.316972538505
10.322678365614
10.328943488934
10.335320236221
10.341175213991
10.346940612539
10.352459668259
10.358184868379
10.363779073175
10.369529919923
10.375280727031
10.381064543003
10.386901714509
10.392764120832
10.398667847728
10.404664568631
10.411612207009
10.417516260169
10.423361523292
10.429191383267
10.435140053310
10.441063405257
10.446929105632
10.452895128520
10.480765088933
10.485635110597
10.491692992672
10.497753197185
10.503927761727
10.510226037611
10.516576212658
10.523030055401
10.529455910288
10.535917953044
10.542371108514
10.548808045637
10.555243973418
10.561715044239
10.568164736575
10.574646807733
10.581103046878
10.587529046845
10.592877357880
10.599003123343
10.605212007235
10.611465056219
10.617701122893
10.623938969127
10.630216314900
10.636467496237
10.642751256240
10.649034873250
10.655380617802
10.661748726229
10.675463974602
10.681821232348
10.688107113309
10.694486733188
10.740732788995
10.745750118876
10.751469859601
10.757487284234
10.763546026172
10.769623911504
10.775719800185
10.781910107266
10.788114503108
10.794354719931
10.800633681245
10.806937070817
10.813260043834
10.819603414708
10.825969299590
10.832369754317
10.838794198183
10.845260343490
10.851780324824
10.858348439551
10.864985471445
10.871689442086
10.878508877701
10.885330766243
10.892268022579
10.899376985265
10.906754317734
10.914864022687
10.923800860161
10.932937053706
10.942919598204
10.951966526257
10.959355981706
10.968260065014
11.576585147352
11.581155681020
11.586002474428
11.590792556616
11.596169493136
11.601303469760
11.606427929217
11.611660265125
11.616797732896
11.621969912632
11.627101997817
11.632224451610
11.637332216901
11.642426590351
11.647504364795
11.652535271157
11.657567745090
11.662550723965
11.667521674579
11.672447788931
11.677336806034
11.682183443196
11.687005652901
11.691839497811
11.696651252383
11.701414436291
11.706132873422
11.710826988017
11.715450344330
11.720046993789
11.724645697242
11.729249092956
11.733837953151
11.738442343473
11.743085317650
11.747684001920
11.752288738390
11.756863308371
11.761428232625
11.766054408713
11.770689328733
11.775302068171
11.779939881213
11.784588648016
11.789205552421
11.793810376865
11.798470820443
11.803079901707
11.807710234982
11.812372828676
11.816993534198
11.821578538847
11.826274762310
11.830866381205
11.835545426956
11.840146484834
11.844769618969
11.873929092867
11.878533796232
11.882116815577
11.886080212880
11.890295900578
11.894516189791
11.898772635106
11.903042273126
11.907335582175
11.911644586744
11.916018090621
11.920379472805
11.924732398602
11.929153856187
11.933571746880
11.937978397183
11.942456210248
11.946954499758
11.951415386745
11.955943834173
11.960481311416
11.965048107994
11.969600550420
11.974213879999
11.978831493392
11.983457854825
11.988118840071
11.992842334558
11.997570476139
12.002140062351
12.007092998292
12.012032195181
12.016972976679
12.021938724077
12.026942713987
12.032010188677
12.037178864921
12.042481630678
12.047935126483
12.053609078932
12.059055001799
12.065907459964
12.071598949490
12.077083038508
12.082291776783
12.087584560376
12.092823837329
12.098045717238
12.103295455583
12.108560262093
12.113886544529
12.119144362985
12.124715397042
12.130214479792
12.135699407147
12.141581706326
12.147051277947
12.152672210228
12.313731120210
12.318473700922
12.323221500482
12.328227222139
12.333309543461
12.338498500601
12.343781768032
12.349109135695
12.353893787709
12.359587404764
12.365278518251
12.371013514739
12.376782276847
12.382605837117
12.388449241253
12.394364471810
12.400234279352
12.406135106741
12.412029478458
12.417939350248
12.423871252915
12.429848725479
12.435858309859
12.441821844887
12.447748319684
12.453656724312
12.459502034219
12.465308610707
12.471063221190
12.476955033833
12.482856573365
12.488752249800
12.494638127659
12.500509093666
12.507533501027
12.513473564173
12.599361067822
12.603775760363
12.608700527741
12.613813780207
12.618913792552
12.624068794833
12.629307318027
12.634668457271
12.640034654450
12.645465276091
12.650869586342
12.656148011247
12.661334484219
12.666473251476
12.671665951570
12.676822152653
12.681908600235
12.687111682750
12.692312042566
12.697496624245
12.702735089491
12.708001171122
12.713319355957
12.718604361908
12.725112189489
12.730336513942
12.736833596050
12.742030950234
13.052258939813
13.056207320129
13.060755576964
13.065569061631
13.070571923290
13.075578349851
13.080460812576
13.085632399483
13.090956157009
13.096412849139
13.101949614728
13.107571449947
13.113230169625
13.118973855669
13.124811288019
13.130624431375
13.136525902438
13.142470322704
13.148441375689
13.154436761836
13.160451026545
13.166485935441
13.172389277431
13.178282919139
13.184261044409
13.190115917797
13.195998576974
13.201816028691
13.207592879627
13.213438365723
13.219212527138
13.224984249843
13.230380364060
13.687516899880
13.693235597266
13.697762018202
13.703285457861
13.708471549670
13.713877325486
13.719341423010
13.725209583986
13.731040464828
13.736962767634
13.743089613053
13.749118895754
13.755175338850
13.761250744919
13.767313785735
13.773386108101
13.779456203081
13.785480320716
13.791550600354
13.797661630349
13.803796925633
13.810914268501
13.817002610398
13.824044679321
13.830680695852
13.836760806267
13.842917991435
13.848969882219
13.893590660991
13.898943931499
13.904847767331
13.910488090254
13.916262964153
13.922273262081
13.928160613147
13.934097392946
13.940005853690
13.945881598423
13.951815298896
13.957833815080
13.963930876617
13.970100624103
13.976238547638
13.982340203125
13.988324106612
13.994147335927
14.000017883805
14.146731223192
14.151395475796
14.156510504454
14.161557971407
14.166711119417
14.171877531795
14.177093049735
14.182316003718
14.187561003014
14.192826127937
14.198117786802
14.203443120049
14.208788456543
14.214159410317
14.219566856367
14.225038579624
14.230560649782
14.236109916789
14.241766800130
14.247450312640
14.253042537950
14.258451658104
14.264232208605
14.269899488048
14.275525442887
14.280812652887
14.286243945550
14.291569159305
14.399130143065
14.404872140637
14.410712096021
14.416727513256
14.422906802318
14.429199600647
14.435570097773
14.442080303310
14.448712710206
14.455481541195
14.462337392690
14.469127295997
14.475992591006
14.482845186888
14.489676771893
14.496478404869
14.503281323269
14.510016718366
14.516743625614
14.523393750823
14.529874912550
14.536425328326
14.542874828787
14.549378996565
14.556017348258
14.562679763465
14.569435092908
14.584592282921
14.586958803054
14.589252417688
14.591836581183
14.594292019851
14.596647755959
14.599020272821
14.601482828365
14.603902998820
14.606347984235
14.608801051700
14.611188859062
14.613539510323
14.720772658125
14.726513576679
14.732450573178
14.738725556565
14.745187758408
14.751224796219
14.781290781564
14.787436841808
14.793027084896
14.798599203338
14.804396753460
14.810429097275
14.946742329905
14.951691514982
14.957056382253
14.962625354479
14.968351009325
14.974117549415
14.979968248121
14.985907242603
14.991859014884
14.997898115760
15.003975213247
15.010234873301
15.016605464448
15.023014206434
15.029301748948
15.035881876024
15.042361415805
15.867146677984
15.871372359162
15.875911109040
15.880533743557
15.885176568979
15.889854769147
15.894630353837
15.899458754654
15.904412621541
15.909448155371
15.914575287231
15.919248002176
15.923615478165
15.956380362738
15.960766363161
15.964860651031
15.968962557217
15.973352137392
15.977883921603
15.982460630718
15.987084400512
15.991774823963
15.996506411864
16.001226756215
16.006000466235
16.010802731213
16.015655292289
16.020500470918
16.025349592480
16.030236770805
16.035133009131
16.040047142270
16.045015585954
16.050041428628
16.055035052220
16.060198795415
16.066013051771
16.237291171555
16.241861549551
16.245429204905
16.249061399274
16.252752585675
16.256458921521
16.260156142278
16.263822871958
16.267481787880
16.271133693775
16.274778879958
16.278414838059
16.282035974499
16.285646812158
16.289255655187
16.292847575478
16.296431342522
16.300014036975
16.303614483617
16.307284778340
16.310986401308
16.314627328334
16.318390701149
16.322242029929
16.326042190813
16.330507616352
16.334163571019
16.337762487775
16.341364128904
16.344985226045
16.446975479011
16.451602803654
16.456305430761
16.460974811921
16.465730131612
16.470574302189
16.475478361402
16.480412102045
16.485434692709
16.490503911732
16.495611201241
16.500779554041
16.505971208057
16.511211546047
16.516451482246
16.521724068555
16.527035125731
16.532339534240
16.537650635485
16.542913286734
16.548330853176
16.553706889805
16.559128993351
16.564594835605
16.722697638718
16.728202222843
16.733767776666
16.739450655873
16.745180015246
16.750994956490
16.756863881802
16.762772924198
16.768701307214
16.774672192759
16.780679935831
16.786682699929
16.792687822834
16.798739698675
16.804799934814
16.810923230593
16.817236321073
16.823532716796
16.829680758892
16.835725694954
16.841771269876
16.847680444944
16.853628339241
16.859632304321
16.865555098953
16.871482002324
16.877405868636
16.883306337168
16.889120730016
16.894957472462
16.900718895749
17.024557904802
17.030209291578
17.035855937197
17.041565461185
17.047213477889
17.052869056585
17.058731565918
17.064634561923
17.070641515257
17.146673095025
17.151470792523
17.156791495173
17.162484158085
17.168351310230
17.174234456087
17.180335481911
17.185799816819
17.342639611710
17.347752490833
17.352697393459
17.357673868259
17.362824351026
17.368080766155
17.373209128524
17.378287706594
17.383343444200
17.388377800947
17.393392170621
17.398412279630
17.403388911801
17.408371344632
17.413357689133
17.418323779256
17.423260770406
17.428192733858
17.433084042819
17.437990292653
17.442872957006
17.447729518621
17.452595731870
17.457436408756
17.462276004312
17.467104670271
17.471926670518
17.476754439874
17.481627682502
17.486570467825
17.491582516462
17.496578957329
17.501661328482
17.506800511292
17.511679526012
17.533153349046
17.538176214102
17.542965708063
17.547776222721
17.552773448217
17.557832625795
17.562901200187
17.568042113605
17.573207436726
17.578465939913
17.583932895093
17.589539044536
17.595236240145
17.600975921612
17.606748178649
17.612550460021
17.618361662274
17.624174297107
17.629990346158
17.635846808969
17.641731084815
17.647631633379
17.653528669609
17.659422494520
17.665337724290
17.671270275379
17.677184591380
17.683102516461
17.688987991280
17.694899857249
17.700778094441
17.706745359545
17.712656849415
17.718539283063
17.724373016817
17.730132947650
17.735455873059
17.741100342183
17.746837926938
17.752692389155
17.758415971757
17.764201479724
17.769926765209
17.934734773884
17.941793952130
17.948810683196
17.955786779671
18.682595547776
18.687646923070
18.692270735992
18.697199286971
18.702185083589
18.707266016482
18.712518456762
18.717875487531
18.723453763409
18.729125611916
18.734846897667
18.740551721557
18.746318028811
18.752054513603
18.757789595727
18.763583986180
18.769326121299
18.775099860160
18.780906397938
18.786699674848
18.792526587359
18.798390178017
18.804203635608
18.810046916667
18.815905940585
18.821782131811
18.827682778504
18.833579925189
18.839465062343
18.845355219612
18.851242988343
18.857026215912
18.862869225114
18.868686660794
18.874446275237
18.880172488914
18.885839787667
18.891471995682
18.897081259106
18.902732355358
18.908371476367
18.913999103594
18.919666414300
18.925336007310
18.931032904738
18.936739181530
18.942486953367
18.948181326899
18.953952161298
18.959695492483
18.965364825991
18.971129682886
18.975750304756
19.025910456664
19.030257917119
19.035439375069
19.040707802078
19.045971959759
19.051238645836
19.056493045104
19.061774171685
19.067054453059
19.072319190267
19.077580627912
19.082825660669
19.088099384037
19.093367723687
19.098640786757
19.103943893574
19.109260632939
19.114538328993
19.119801728395
19.125079823761
19.130318437089
19.135539661767
19.140719923704
19.145881505221
19.151042185607
19.156285440476
19.161441931969
19.166636795213
19.171774752338
19.176937141683
19.181940978526
19.187025184712
19.192275704973
19.197502613830
19.202801561390
19.208071053614
19.213309437646
19.218564632778
19.223817979836
19.229082243346
19.234372156157
19.239715954758
19.245218607736
19.250834706864
19.256690383579
19.262584244021
19.268130221287
19.273235611593
19.278937209727
19.283949171561
19.288786944282
19.294191585387
19.299479900914
19.304931757985
19.310594964030
19.316092954030
19.321958117794
19.327706639746
19.333354315671
19.339092621625
19.344638501948
19.350396881753
19.356033841640
19.361499998816
19.366837943044
19.372312899906
19.377569134157
19.382693720925
19.387822304375
19.392902736904
19.397991284381
19.403115665958
19.408251128159
19.413382756971
19.418522841859
19.423661077833
19.428807252851
19.434020738179
19.439238725047
19.444509033622
19.449749132860
19.454935124486
19.460125905974
19.465349195340
19.470693441945
19.476041052856
19.481665845870
19.487133884116
19.492543518470
19.497906247755
19.503229587745
19.507822916354
19.513025906686
19.518120362837
19.523378558209
19.528861302973
19.534348407444
19.539902329550
19.545498431966
19.551197060063
19.556918150462
19.562686039514
19.568474256656
19.574291752562
19.580080656245
19.585905091180
19.591732676334
19.597566455408
19.603458982158
19.609290454726
19.615149343575
19.621004913598
19.626853354796
19.632729851609
19.638574566624
19.644497515229
19.650455332907
19.656407397610
19.662287750700
19.668144414280
19.674122364891
19.679874343707
19.810983565031
19.816703689209
19.822981837845
19.829168868050
19.835547427743
19.842012801436
19.848525973124
19.855151892406
19.861859073765
19.868614573616
19.875383735607
19.882140436163
19.888934931924
19.895750943019
19.902572566698
19.909387012670
19.916185364469
19.922960617727
19.929667960424
19.936310536907
19.943026662472
19.949528522712
19.956017970915
19.962549709788
19.969317830101
19.975648035167

