Time_s
0.554819233355
0.559998817899
0.565323531144
0.570392033743
0.575478867007
0.580563587861
0.585714653285
0.590874937059
0.596037875275
0.601238714815
0.606469472307
0.611760383901
0.617060180815
0.622425213534
0.627790585774
0.633183413715
0.638595830088
0.643999172473
0.649368153707
0.654706987211
0.660048755024
0.665384343815
0.670715427110
0.676030268791
0.681280794843
0.686533774323
0.691795922698
0.697035675885
0.702379464906
0.707611602397
0.712851709922
0.718161865447
0.723456495859
0.848934277463
0.852996240180
0.857233929830
0.861323649970
0.865435276766
0.869596905220
0.873796739846
0.877894720103
0.881833654353
0.885733085718
0.889465684253
0.893015065278
0.896415708948
0.899887400221
0.903355295329
0.906844212902
0.910256566415
0.913669104970
0.917152600858
0.920551013475
0.923978180233
0.927313927431
0.930684054828
0.934048605848
0.937383028720
0.940836830756
0.944077477631
0.947575029716
0.950895963196
0.954322453486
0.957738522170
0.961074520193
0.964240591670
0.967574195425
0.970693145632
0.973881321067
0.977376114204
0.981013950623
0.984017242004
0.987577939833
1.183107779997
1.187322901859
1.191695008308
1.196053543972
1.200635648862
1.205399508737
1.210169512483
1.215094101358
1.220058212806
1.225154313924
1.230166609075
1.235264788229
1.240253066433
1.245600664700
1.250874162176
1.256096259638
1.261382795140
1.266709346812
1.271942725139
1.277284787659
1.282387539877
1.287540091412
1.292716745757
1.297979708834
1.303144453099
1.308212719549
1.313256369440
1.318858510762
1.323858428318
1.554632344671
1.560368414040
1.565115410808
1.571415297774
1.576789833056
1.582196090727
1.587835778382
1.593590151457
1.599462621602
1.605411261590
1.611521526826
1.617807445851
1.624218973601
1.630683204506
1.637132391548
1.643482377657
1.649932808169
1.656376214344
1.662876977392
1.669404978596
1.675888646604
1.682402774859
1.688978324948
1.695479030113
1.702059046238
1.708698636125
1.715333592047
1.722038813882
1.728999886856
1.735579195817
1.742553642772
1.749443194899
1.756532782773
1.764229906589
1.771144989470
1.777917962914
1.784875427878
1.791467217456
1.798046747713
1.804457053582
1.810660407859
1.816820063138
1.822869462543
1.828914199916
1.834807141204
1.840485895713
1.845971335725
1.851332264007
1.856433349786
1.861596339739
1.866100773725
1.871099859690
1.875642914627
1.880196742789
1.884582722442
1.889180290275
1.893252353627
1.897486335120
1.901577025421
1.905567399015
1.909610612471
1.914023245698
1.917975017922
1.921933243212
1.926351611906
2.212578742073
2.217927202395
2.222731410783
2.227677125561
2.232414569328
2.237241881741
2.242026330036
2.246869245945
2.251716727690
2.256613122163
2.261591539188
2.266558890268
2.271506503398
2.276467921051
2.281453340025
2.286412806579
2.291522898487
2.296640212360
2.301799787250
2.306883109039
2.311913685758
2.531741866986
2.536256617364
2.540242925803
2.543899635184
2.547588510430
2.551264828746
2.554910169596
2.558624878160
2.562369731667
2.566123885216
2.569883574696
2.573629246021
2.577353839694
2.581037067941
2.584747640730
2.588401053699
2.592068826007
2.595752093491
2.599394073552
2.603074387024
2.606719232747
2.610430032998
2.614058215555
2.617660963503
2.621332234703
2.624976399463
2.628471676758
2.632118881250
2.635716222602
2.639361543605
2.643073323674
2.646689701113
2.650340975150
2.653909557975
2.657518726136
2.661034396579
2.664850456868
2.668336044837
2.672233732875
2.675871737230
2.778698507359
2.782595041616
2.786328695639
2.790288273414
2.794125426954
2.797869756003
2.801829734366
2.805918946843
2.809940397006
2.814155383188
2.818520358493
2.822756144227
2.827212976427
2.831724010422
2.836191100060
2.840727397831
2.845298822508
2.850051217216
2.854528545114
2.859460581779
2.864248372648
2.869099137074
2.873365990333
2.877574754139
2.882440451496
2.887272313778
2.891324896102
2.894888470078
2.899272177934
2.903506283465
2.907750749977
2.912034271377
2.916260824287
2.920458255048
2.924658762388
2.928821871297
2.932976594090
2.937135871254
2.941256922216
2.945402683739
2.949559253229
2.953698547064
2.957862790327
2.962013928397
2.966169220969
2.970312450567
2.974479869036
2.978638490886
2.982814560778
2.986969191412
2.991118406497
2.995241933465
2.999396871885
3.003550865431
3.007748905457
3.011897741322
3.016096829740
3.020291956899
3.024593082744
3.028799003275
3.033030589268
3.037281667417
3.041550876494
3.045768564749
3.050086670368
3.054290707504
3.058689990447
3.062934680185
3.067317282806
3.071712005472
3.075969165687
3.080341836453
3.084640238666
3.088678740593
3.093043975640
3.101671541498
3.106469272225
3.155892122007
3.159956089849
3.163618253739
3.167709257566
3.171668592486
3.175727120669
3.179754522693
3.183804784821
3.187903052130
3.192014479654
3.196152554210
3.200304644034
3.204474659808
3.208731394556
3.212967603946
3.217209599652
3.221381267391
3.225582168389
3.229774428661
3.233990964836
3.238200260091
3.242421203500
3.246653803005
3.250894080774
3.255131558417
3.259329703347
3.263531387785
3.267690858590
3.271875994316
3.276056682219
3.280336188365
3.284531110492
3.288812230657
3.292923258109
3.297128745533
3.301308276041
3.305548068594
3.309766411387
3.314007567652
3.318177161481
3.322281584462
3.411550937281
3.420185803791
3.427754760286
3.551844113872
3.555074970478
3.559007935205
3.562959242207
3.567062655391
3.570917786027
3.574926309985
3.578918050042
3.582919528748
3.586949267885
3.591012517671
3.595106937710
3.599178852182
3.603279462624
3.607389588858
3.611498692787
3.615649652357
3.619816544348
3.624046932481
3.628212166942
3.632324407303
3.636639101065
3.640936058163
3.645114807351
3.649334318299
3.653460591140
3.657587886614
3.661762677830
3.665910993373
3.670029162128
3.674252748257
3.678424199837
3.682510641007
3.686697990513
3.690907139338
3.695108942217
3.699192887151
3.703443449059
3.707632512475
3.711808829652
3.715953177237
3.720109835422
3.724297584410
3.728467304694
3.732679972115
3.736852071686
3.741022692626
3.745163159122
3.749365258934
3.753423398504
3.757738323553
3.762006008120
3.766182832360
3.770354183355
3.774621642032
3.778816311795
3.782836276077
3.787026335296
3.791147016718
3.795536790473
3.799914131242
3.803596996740
3.808001783127
3.812084372605
4.021771471721
4.027496018503
4.033224522777
4.038517045767
4.043888684594
4.049169417809
4.054431617839
4.059794160239
4.065076501440
4.070345518530
4.075573030287
4.080795057554
4.086078419395
4.091332056661
4.096654351840
4.101916491488
4.107334761703
4.113092533348
4.118552387390
4.124015702014
4.129518639619
4.135095864407
4.140731029776
4.146409682227
4.151973222632
4.157547251875
4.163071615617
4.168451448501
4.173695229883
4.178920423248
4.184014794439
4.189047277465
4.194064515941
4.199101173138
4.204125388123
4.209128742672
4.214169888872
4.219199670600
4.224261970368
4.229369165040
4.234494950150
4.239396258978
4.244681923204
4.250044667265
4.415483806632
4.421510382587
4.426229892103
4.431442855247
4.436633851283
4.441906072341
4.447376558752
4.453051724797
4.458851371692
4.464672315505
4.470399350566
4.476174348254
4.482035216876
4.487888293844
4.493754589018
4.499384108192
4.504871696757
4.510681263638
4.516412758161
4.522276332825
4.528155790360
4.533941488436
4.541152926441
4.658866270951
4.663226450580
4.668044086875
4.672886787127
4.677626418994
4.682455055310
4.687224016142
4.691996479358
4.696765063694
4.701492450585
4.706198981056
4.710866279239
4.715500885720
4.720100322055
4.724653465658
4.729157241839
4.733571878748
4.737943387246
4.742185645123
4.746431688385
4.750614169106
4.754887901354
4.759146018981
4.763420716399
4.767598626048
4.771835910351
4.776113180289
4.780375192946
4.784473346203
4.788634094181
4.792820694133
4.796998983204
4.801040152068
4.805208312822
4.809377688263
4.813606403988
4.817849871735
4.822039333428
4.826253784507
4.830526727157
4.834782644283
4.839143298639
4.843410461261
4.847757537149
4.852181127533
4.856615614088
4.860963238334
4.865684583174
4.870127713696
4.875280155272
4.939605290540
4.943942215793
4.948389728308
4.953082894014
4.957775060623
4.962513921390
4.967257690542
4.972053474867
4.976891013028
4.981713871391
4.986551305425
4.991402860395
4.996317733117
5.001192283913
5.006031956697
5.010841725827
5.260485180210
5.266431813623
5.271693696151
5.277157504181
5.282858226046
5.288485030680
5.294289532121
5.300148417448
5.306094250832
5.312153454420
5.318420189784
5.324801027579
5.331606559818
5.338228214647
5.344906434944
5.351795577734
5.358738683407
5.365866905773
5.372953247433
5.379978877771
5.387079543719
5.394439011977
5.401493277557
5.408781542627
5.416261457171
5.423768063274
5.431542709692
5.439352010210
5.755701018671
5.764049438309
5.772395494633
5.781124501606
5.789760225941
5.798511897050
5.818860141851
5.822953770372
5.826264620876
5.829450282286
5.832851806827
5.836194909411
5.839513054259
5.842802629526
5.846084586243
5.849328309555
5.852585195017
5.855821516231
5.859055341055
5.862287966305
5.865502925532
5.868727948698
5.871955959492
5.875190494936
5.878469212218
5.881734022965
5.885004021143
5.888346351832
5.891597315970
5.894820922447
5.898014301781
5.901265515700
5.904838860875
5.907702898892
5.913110135102
6.137471140343
6.145871811923
6.153525121225
6.236437966532
6.242311150942
6.248393984397
6.254613563429
6.261252317016
6.267887256208
6.274493310495
6.281011267079
6.287654563907
6.294339242636
6.301013266041
6.307713287484
6.314357037922
6.321008808027
6.327696139098
6.334405719409
6.341067679388
6.347831339667
6.354427134813
6.360713453831
6.366444405620
6.372298673359
6.378137646842
6.383878721628
6.389343072687
6.394930130810
6.400450018852
6.406036862962
6.411801613270
6.417449535053
6.422950945391
6.429327789751
6.434680282807
6.745656464946
6.750055667520
6.754603641895
6.759326077622
6.763907204973
6.768456554048
6.772984286093
6.777562261719
6.782071659544
6.786503936433
6.790919706744
6.795335994812
6.799727448201
6.804093924658
6.808410445173
6.812742484236
6.817161454662
6.821516286974
6.825873864475
6.830272713663
6.834675966543
6.839145004091
6.843530835132
6.847798392922
6.852225831346
6.856600078756
6.861029054225
7.017011414989
7.020643575293
7.024458268385
7.028233414869
7.032175541445
7.036112987049
7.040133793812
7.044125761357
7.048120560159
7.052181071830
7.056240580833
7.060315234499
7.064356595990
7.068398348853
7.072455592737
7.076459194748
7.080505668520
7.084542810531
7.088599266458
7.092612498664
7.096656145628
7.100673686563
7.104696619506
7.108728370630
7.112747487659
7.116772394838
7.120799696253
7.124822149183
7.128853149935
7.132848998078
7.136861405750
7.140949454083
7.144952695444
7.148916708418
7.153063843033
8.288031517357
8.292852064908
8.297664916368
8.301869417466
8.306306849733
8.310858072777
8.315457262985
8.320136929863
8.324968627890
8.329703406557
8.334345975131
8.339172477511
8.343908869233
8.348735575258
8.353379020354
8.358229111621
8.363045698687
8.367810499235
8.372522492078
8.377418176992
8.382092369184
8.386786548796
8.391644574220
8.396293292135
8.400929571479
8.405540336087
8.410007538642
8.414478128849
8.418939419519
8.423427062168
8.427866956565
8.432339455247
8.436773073211
8.441216660271
8.445716204874
8.450191327850
8.454623436351
8.459031850299
8.463504544449
8.467899613993
8.472351843573
8.476756556575
8.481198413020
8.485604932519
8.490032510189
8.494458149225
8.498910706567
8.503367212517
8.507804857674
8.512196664322
8.516665741513
8.521103021102
8.525518149876
8.529928818546
8.534388171541
8.538770606861
8.543215490805
8.547650925350
8.552060476604
8.556471777995
8.560858838887
8.565238158668
8.569619544514
8.573994113746
8.578366197584
8.582759331048
8.587137261652
8.591539152617
8.595920383455
8.600319486738
8.604751244759
8.609159806096
8.613542911859
8.617920222662
8.622306284902
8.626660875495
8.631047947032
8.635376418525
8.639709426945
8.644037554171
8.648422965118
8.652786003890
8.657114679999
8.661444336813
8.665803691700
8.670126066422
8.674660471595
8.877810345582
8.881893904539
8.886041872170
8.890208314974
8.894289973875
8.898433341473
8.902629313338
8.906708705500
8.910819922734
8.914940067198
8.919071982288
8.923209415881
8.927373683675
8.931554122769
8.935749343086
8.939941908798
8.944167581429
8.948366348672
8.952588189911
8.956809877961
8.961036706043
8.965246577204
8.969455993657
8.973653807426
8.977868687303
8.982068184392
8.986282428139
8.990475180857
8.994697578499
8.998911422891
9.003167907261
9.007402727892
9.011648470382
9.015892108385
9.020124065440
9.024364430626
9.028607568069
9.032834119380
9.037047004596
9.041245280678
9.045425127430
9.049611259866
9.053766703474
9.057924149176
9.062038107965
9.066163523324
9.070256149460
9.074338576173
9.078400580903
9.082384544857
9.086336021608
9.090456195075
9.094558051528
9.098685795132
9.102825180790
9.106931687317
9.111046673843
9.115217587416
9.119361362755
9.123567712946
9.127867021921
9.132028023136
9.136504248456
9.151450463659
9.163781307437
9.176049847074
9.188988417788
9.202281697909
9.738324222292
9.743183898380
9.746954591712
9.751064416676
9.755313594102
9.759541679059
9.763727498844
9.767871638621
9.771972106882
9.776050623459
9.780115267976
9.784152626360
9.788150123793
9.792125644004
9.796040576375
9.799960969866
9.803879316763
9.807782581158
9.811650180610
9.815461257641
9.819207020480
9.822899821986
9.826642813439
9.830302596463
9.833848139221
9.837383699790
9.840898278900
9.844369071482
9.847829365319
9.851204601217
9.854475319862
9.857847659715
9.861118413666
9.864325416894
9.867606636147
9.870885800710
9.874182455532
9.877337786773
9.880427797302
9.883776130597
9.886914934471
9.890023663568
9.893066063758
9.896180033856
9.899311584259
9.902386052364
9.905541985770
9.908600547522
9.911522792363
9.914632506571
9.917670562501
9.920716407036
9.923829294362
9.926952799309
9.929996108223
9.933185158142
9.936150064288
9.939392319746
9.942560822165
9.945672598086
9.948609587685
9.951878375644
9.954853756738
9.957856254445
9.960912750588
9.964041402500
9.967195875918
9.970079419350
9.973181075232
9.976389461728
9.979274823689
9.982315384496
9.985451060174
9.988600416553
9.991494844376
9.994754480388
10.115173352020
10.118942638729
10.123328187968
10.127257532505
10.131451776299
10.135670522635
10.140038324208
10.144446287449
10.149037828527
10.153681723357
10.158430637431
10.163288802484
10.169070586157
10.174087498842
10.179203977591
10.183972437400
10.188613101693
10.193351855246
10.197851161136
10.202539511843
10.207145455244
10.211656928211
10.444551302940
10.449483760175
10.454269594208
10.459511208544
10.464703293141
10.470061509896
10.475487838780
10.480922682759
10.486362811055
10.491882580726
10.497341770527
10.502902684814
10.508327283065
10.513814183640
10.519352964795
10.524810317103
10.530280546430
10.535800599083
10.541358670209
10.546977381055
10.552642202277
10.558361020938
10.564137548800
10.569993561880
10.575934428603
10.581970752005
10.588061224490
10.594255561803
10.600400134082
10.606568743524
10.612668395264
10.618740049228
10.624784720131
10.630785711243
10.636747361757
10.642695640787
10.648647880730
10.654473598065
10.660165202134
10.665757958890
10.671246989941
10.676696058232
10.681953764474
10.687202911770
10.692469086405
10.697682709698
10.702895610500
10.708030822573
10.713085051198
10.718480953473
10.723809728651
11.236218720356
11.241217085739
11.246281311562
11.251418343703
11.256321522996
11.261397446526
11.266439633780
11.271518109023
11.276546503236
11.281526560907
11.286487979220
11.291392004651
11.296300941714
11.301206100849
11.306098192073
11.311024385049
11.315900678533
11.320898700719
11.325899265116
11.330900571798
11.335879383540
11.340843625544
11.345812901016
11.468312278597
11.473744848145
11.479686490275
11.486042405477
11.491676644194
11.498052862899
11.503047517400
11.508413444470
11.513780161605
11.519094994115
11.524005356244
11.528968170179
11.533937705984
11.539010879046
11.543959256784
11.548922635440
11.553935835883
11.558902968312
11.563866577264
11.568901376140
11.573942376946
11.579050535393
11.584117346518
11.589164818215
11.594107767518
11.599005158328
11.603921983384
11.608849624696
11.613741763055
11.618606079275
11.623495544896
11.628329953539
11.633232143810
11.638102399356
11.642879392606
11.647734709419
11.652484661964
11.657310312673
11.662166806994
11.666927883614
11.671721678310
11.676403104982
11.681178649743
11.685992940024
11.690828302468
11.696298318291
11.700979353150
11.705766998535
11.710553772555
11.715297918145
11.720218964557
11.724982902507
11.940452000175
11.945792359967
11.949806981936
11.954117348559
11.958483231126
11.962659166250
11.966970775701
11.971204888028
11.975518319068
11.979832801733
11.984130806208
11.988460967546
11.992793541781
11.997093656565
12.001398347237
12.005706878101
12.010075042860
12.014357192653
12.018746144080
12.023067717097
12.027435642602
12.031769562418
12.036096803727
12.040363370854
12.044786378349
12.049043777154
12.053326514521
12.057597035376
12.061804229038
12.065892699691
12.070137093010
12.074254863764
12.078623713024
12.082575183785
12.086803756032
12.091048003447
12.095399126316
12.265275478776
12.273258012345
12.281274487659
12.484438815701
12.490171514998
12.496034167797
12.501936079131
12.507287174519
12.512769836973
12.518332386659
12.523608750554
12.528838205403
12.534085165976
12.539224851774
12.544320608660
12.549394756799
12.554446709465
12.559504077973
12.564521574088
12.569546359490
12.574551984488
12.579529846967
12.584526112953
12.589505203608
12.594475166436
12.599423896648
12.604351068680
12.609300093876
12.614215806536
12.619147016402
12.624048256979
12.628955203465
12.633844611021
12.638731128724
12.643592968045
12.648425331423
12.653225772175
12.658021858775
12.662833917082
12.667615591477
12.672387455782
12.677168393388
12.681920363670
12.686651114493
12.691358851300
12.696070312044
12.700754098106
12.705411828633
12.710074333656
12.714718311969
12.719338321772
12.723947569435
12.728554200454
12.733118794604
12.737671978412
12.742206716750
12.746689614285
12.751183609422
12.755661899366
12.760095334291
12.764530545114
12.768948349883
12.773352693211
12.777770843838
12.782158283992
12.786503014488
12.790885276473
12.795473032981
12.799855749629
12.804930100344
12.809392851730
12.813646508881
12.818065901065
12.822569702378
12.826841330407
12.831250887876
12.835746601421
12.840149509787
12.844545072765
12.849228726142
12.853596288909
12.857959793694
12.862337056474
13.057954384989
13.063250745451
13.068507723634
13.073548721895
13.078615779486
13.083516078618
13.088504716028
13.093482771011
13.098526245732
13.103495811230
13.108505011883
13.113492450057
13.118450542683
13.123481085405
13.128334636243
13.132904950046
13.137907792559
13.142881575284
13.147902989793
13.152937595056
13.158015165539
13.163133456229
13.168304388526
13.173503941836
13.178746667874
13.184003907062
13.189277188178
13.194572597028
13.199886097611
13.205217875235
13.210555047170
13.215913253727
13.221296582558
13.226896959931
13.232346588503
13.237811101836
13.243271474432
13.248738858787
13.254217373162
13.259693152579
13.265106579290
13.270586749589
13.276073223735
13.281835247515
13.287578025925
13.293428257564
13.299420010869
13.305113247762
13.310872616416
13.366654542125
13.371867003065
13.376150658061
13.380875005146
13.385840092988
13.390648002090
13.395547010632
13.400487209536
13.405467871811
13.410420125991
13.415364945656
13.420287062702
13.425199585042
13.430159134429
13.435136214562
13.440292188496
13.445654541438
13.454987374728
13.464954648526
13.475202398935
13.485068428292
13.564592718447
13.570534248796
13.575882670184
13.581331995507
13.586926800192
13.592419679010
13.598153306887
13.603806265137
13.609539059836
13.615371695526
13.621371273824
13.627573121528
13.872287695679
13.877164169944
13.882601673774
13.888143969566
13.893766371318
13.899722898758
13.905660890255
13.911577416812
13.917506609861
13.923555489788
13.929579937169
13.935904981485
13.942239582880
13.948435306563
13.954520741296
13.960476087315
13.966786841397
13.972867493067
13.979096156398
13.985307253722
13.991416495152
13.997534307225
14.003741817212
14.009817474897
14.015919467059
14.022058034303
14.028238765723
14.034313091438
14.040496219919
14.046619770804
14.052736753830
14.058821648965
14.064958051747
14.070927803218
14.076971973582
14.082882025131
14.088788793216
14.094632493869
14.100428170186
14.106116953291
14.111734575200
14.117282539791
14.122748060888
14.128089969122
14.133217393196
14.138312403962
14.143193066738
14.147984299158
14.152633150320
14.157128690512
14.161465438844
14.165902823809
14.169998001000
14.174046546337
14.177994470953
14.181914459097
14.185636458963
14.189322894153
14.192896950356
14.196494175452
14.199964314578
14.203383849607
14.207524588392
14.211116235424
14.214765833963
14.221303401836
14.225059502783
14.228697321973
14.236253686313
14.239856339272
14.243561686064
15.111437456068
15.115649211032
15.119705589388
15.123812625859
15.127860682621
15.132559410897
15.137485573644
15.142324683592
15.147093689414
15.151734454056
15.156371516509
15.160991757173
15.165643667248
15.170309301593
15.174972439642
15.179634738382
15.184310029126
15.189013305794
15.193708193224
15.198401324424
15.203111153919
15.207820508060
15.212533365460
15.217259686792
15.221977401817
15.226709542281
15.231435029340
15.236131241189
15.240841371316
15.245525377839
15.250214958834
15.254908048267
15.259591403225
15.264277677451
15.268973433669
15.273685674262
15.278388224914
15.283096387101
15.287790180782
15.292521268188
15.297250211807
15.301982598178
15.306721164771
15.311489159775
15.316284322131
15.321069425524
15.325868939265
15.330682243628
15.335484288402
15.340334730913
15.345186885293
15.350037960492
15.354911706834
15.359790720442
15.364676352543
15.369568767766
15.374465602701
15.379381735703
15.384324001080
15.389267661669
15.394216196412
15.399196739941
15.404199632149
15.409224724521
15.414269876724
15.419338263753
15.424416628878
15.429537855545
15.434652609384
15.439781405518
15.444941986221
15.450098987520
15.455296631962
15.460583958746
15.465871424331
15.471193991964
15.476509228060
15.481832695204
15.487221830396
15.492546541498
15.497902014936
15.503245704532
15.508612109205
15.514053561299
15.519566498621
15.524744807297
15.530801700664
15.703436942602
15.708041497791
15.712572997186
15.717574162246
15.723082710507
15.728610274989
15.734364487021
15.740330576315
15.746247759665
15.752216130376
15.758355042520
15.764430396754
15.770479977566
15.776556939767
15.782648680020
15.788652963904
15.794631287181
15.800788030262
15.806788061086
15.812954247705
15.819055558768
15.825233754121
15.831643669833
15.838359614871
15.844584770182
15.850900621162
15.857404035689
15.863983886418
15.900085030738
15.906269892533
15.911825780793
15.917596195403
15.923530538409
15.929492814517
15.935414493000
15.941384594263
15.947400307676
15.953430293557
15.959445399508
15.965489422159
15.971550071122
15.977571774904
15.983549513850
15.989524232967
15.995434966249
16.001300318511
16.007182371704
16.013026905946
16.018828421221
16.024589494655
16.030318820004
16.036033750566
16.041671735277
16.047219630500
16.052754146794
16.058257200244
16.063861588153
16.069448802709
16.075054315888
16.080681788768
16.086248133521
16.091882402437
16.097260460915
16.102953628657
16.164230364945
16.169645229211
16.174746691315
16.180116471685
16.185170953807
16.190402679606
16.195673059931
16.200962606565
16.206309413122
16.211555124531
16.216844542374
16.222217445486
16.227532380521
16.232845475965
16.238227944077
16.243695181868
16.249097720039
16.254668206576
16.260223304158
16.265852231057
16.271568688674
16.277198749622
16.282954248397
16.289692544475
16.295400783982
16.301617387168
16.308253519305
16.408484769797
16.415550807416
16.422493731294
16.429328906511
16.436220608232
16.443205047659
16.450096819058
16.457098935382
16.464014207925
16.471183225730
16.478372865504
16.485693189954
16.493126464398
16.500754998284
16.508376777635
16.516660178495
16.524562476821
16.532981381021
16.541462221078
16.550083642932
16.558589295267
16.567311783536
16.575677393701
16.583960213598
16.592225817461
16.600345292383
16.608520682473
16.616088393664
17.361604227107
17.367073749377
17.372292752571
17.377307345275
17.381998808505
17.386725350305
17.391198594349
17.395538320833
17.400012317566
17.404301423274
17.408536190300
17.412720976605
17.416848345455
17.421012736665
17.425147594055
17.429230228269
17.433260658816
17.437262150063
17.441256759405
17.445193545816
17.449109520713
17.453044782674
17.456962418015
17.460910194405
17.464787582373
17.468584566738
17.472044372330
17.475931913801
17.479895546090
17.483949900120
17.487932939784
17.491504464579
17.495245519494
17.498966721296
17.502849797114
17.506588644621
17.510113350635
17.514176127636
17.518112985075
17.521939805063
17.525910224825
17.529624471853
17.533038814062
17.537135486191
17.603549664427
17.607294462447
17.610832278933
17.614620238392
17.618050985362
17.621548418100
17.625088573683
17.628563564737
17.631985148670
17.635449366637
17.638911150550
17.642123803552
17.645538376106
17.648810440091
17.652115099452
17.655434252867
17.658714835089
17.662002455317
17.665219988378
17.668423242700
17.671603479896
17.674782448145
17.677944131329
17.681095684318
17.684197041456
17.687269406332
17.690356052120
17.693513886969
17.696638588718
17.699723948450
17.702813643025
17.705843000448
17.708881763744
17.711897732305
17.714994765643
17.718014162064
17.721069112887
17.724173639637
17.727162933940
17.730213871117
17.733115197360
17.736386395299
17.739565623273
17.742749345069
17.745917538058
17.748986170687
17.752142290135
17.755269268792
17.758389530095
17.761437611135
17.764292989377
17.767263802203
17.770531614834
17.773442171613
17.776487763110
17.779503140400
17.782562474812
17.785950952115
17.788654404295
17.791871278485
17.795102986772
17.861026558447
17.864540814447
17.867740069629
17.870763958898
17.874063252125
17.877398886674
17.880780372957
17.884133479469
17.887542241493
17.890835097239
17.894302816395
17.897724394815
17.901144011569
17.904629473621
17.908265579981
17.912366888016
17.916196004652
17.920766381627
17.924416579951
17.928117206786
17.931724431034
17.935434318309
17.939069757761
17.942762165510
17.946283873663
17.949977987351
17.953683872695
17.957487581458
17.961209880880
17.965028811232
17.968765536146
17.972577356263
17.976343459323
17.980197092544
17.983859466588
17.987776904206
17.991728786266
17.995451758186
17.999194868016
18.002945717767
18.006631855300
18.010281782815
18.013998412566
18.017741214863
18.021523657405
18.025211001950
18.028937878458
18.032664070455
18.036426336639
18.040133727416
18.043887705737
18.047629656715
18.051333077318
18.055021608431
18.058716636892
18.062395972425
18.066002481685
18.069708786822
18.073328673862
18.076908909054
18.080670119132
18.084362405160
18.088127378439
18.091976835036
18.098721584037
18.102574678805
18.106330828852
18.110558353120
18.285110563089
18.289727101393
18.294661468297
18.299435655182
18.304359449299
18.309099063729
18.314193979999
18.318986697409
18.324019986808
18.328924853957
18.333889582961
18.338788995117
18.343898163592
18.486557893653
18.491083880871
18.495970415640
18.500492864757
18.505380711095
18.510519137257
18.515594611717
18.520696442460
18.525635356113
18.530619906222
18.535642957427
18.540578119922
18.545585825695
18.550614588997
18.555706681266
18.560731464111
18.565422656234
18.570280432484
18.575327261408
18.580315359842
18.585304581937
18.590283908694
18.595282743545
18.600290003013
18.605319269959
18.610333091039
18.615373312396
18.620430078244
18.625458742643
18.630496986307
18.635525173555
18.640544607019
18.645589859638
18.650617445684
18.655642205069
18.660702551547
18.665768495030
18.670821747884
18.675925955755
18.680992962076
18.686137866297
18.691267188716
18.696428700570
18.701652210274
18.706803964608
18.712043333768
18.717261852290
18.722426142233
18.727496828690
18.732371189629
18.737672799427
18.743028818235
18.748136985607
18.859944326387
18.865206830394
18.870309462406
18.875597690270
18.881068915748
18.886410801896
18.891763735695
18.897185321090
18.902629561901
18.908073037601
18.913476586833
18.918960742676
18.924552325651
18.930145462231
18.935795150990
18.941445609109
18.947129451228
18.952868260918
18.958659664770
18.964486690764
18.970332477721
18.976170316167
18.982092117966
18.988025344174
18.993984188018
18.999899623499
19.005836999462
19.011845859106
19.017761775317
19.023763318763
19.029635101838
19.035529634104
19.041700982845
19.095690043036
19.107510862796
19.187813461689
19.195748110431
19.203611389034
19.209495124536
19.215503319049
19.221542569437
19.227603534220
19.233409733255
19.869337593552
19.874871508587
19.880549564145
19.886406391293
19.892344396364
19.898414238656
19.904588941854
19.911560674602
19.918712476488
19.925402344102
19.932190699784
19.938942806993
19.945940400260
19.953009741588
19.959906089362
19.966926263743
19.973946812418
19.980841200574
19.987751479796
19.994682329981

