Time_s
0.849043303977
0.853183320048
0.856752562289
0.860894088562
0.865007622775
0.869146703502
0.873218455695
0.877299100132
0.881347451015
0.885437306804
0.889426169061
0.893415174339
0.897344268918
0.901256581044
0.905154187387
0.909042190650
0.912934914687
0.916814652619
0.920675352588
0.924536480822
0.928395789947
0.932244921752
0.936072253318
0.939905402626
0.943731043881
0.947538248563
0.951357063011
0.955165726286
0.959016947645
0.962902207009
0.966781744708
0.970820563799
0.974814926272
1.127138826701
1.130892727927
1.135264244817
1.138792492405
1.142522685403
1.146216983125
1.149999475940
1.153847000981
1.157738418574
1.161650833970
1.165646161715
1.169625559158
1.173636139239
1.177723502178
1.181762546079
1.185827850244
1.189949761300
1.194062630690
1.198195406603
1.202309086586
1.206468093729
1.210640314105
1.214838785638
1.219055316210
1.223332959180
1.227658123877
1.232088225224
1.236500414031
1.240997116368
1.246007834062
1.250330658150
1.255520725467
1.260725165787
1.265901647380
1.479987721866
1.484215881811
1.488660180563
1.493361613642
1.498057968778
1.502906591775
1.507792630750
1.512780219327
1.517782548370
1.522924241083
1.528125169532
1.533322038687
1.538571140125
1.543833171247
1.549159047275
1.554502292515
1.559862493292
1.565225185327
1.570587234630
1.575961799716
1.581372789556
1.586874415043
1.592321487324
1.597739145477
1.603178392540
1.608612426578
1.614043325467
1.619443877836
1.624850473943
1.630243219551
1.635603620329
1.640970431549
1.646293603692
1.651606630682
1.656984415122
1.662344698817
1.667724336174
1.673074708627
1.678460689325
1.683809403872
1.689129315941
1.694449309743
1.699800069557
1.705080229014
1.710409225567
1.715736331453
1.721039047678
1.726348757209
1.731645340320
1.736940097741
1.742172440905
1.747446198056
1.752777041448
1.758113514960
1.763382331938
1.768660057715
1.774021797134
1.779306486739
1.784594821513
1.789916086414
1.795210358635
1.800474455075
1.805749110102
1.811092605965
1.816455500737
1.821789616166
1.827107202490
1.832459192466
1.837813543685
1.843153924601
1.848403335056
1.853722331084
1.859120519782
1.864449142328
1.869789923322
2.308788383998
2.319811528317
2.335743317192
2.340200885344
2.344591179308
2.348922086256
2.353185485703
2.357302596983
2.361234443859
2.365278024056
2.369132351627
2.373154809253
2.377351070922
2.499380439810
2.502599884343
2.505881335389
2.508466998456
2.511350711894
2.514294705175
2.517274633587
2.520296860524
2.523315535156
2.526335715949
2.529366781145
2.532403063329
2.535440124142
2.538485678764
2.541553618182
2.544638454650
2.547714991222
2.550823902915
2.553937300895
2.557074654718
2.560233240985
2.563466921874
2.566820464224
2.570143760225
2.573146573562
2.576161736916
2.579218370475
2.582379315360
2.585478625333
2.588612783251
2.591655675140
2.594831762702
2.597917278523
2.601087729247
2.604402926685
2.607694998282
2.702728593784
2.706473182007
2.710364445975
2.714270540198
2.718291802358
2.722309951771
2.726342581009
2.730389924259
2.734482354593
2.738589196602
2.742752995813
2.746905165509
2.751028715573
2.755051918303
2.759205230004
2.763432029743
2.767709504711
2.771970192477
2.776250712659
2.780574968915
2.784893147086
2.789211669335
2.793576103823
2.797945333261
2.802310439257
2.806690198823
2.811064422906
2.815467059163
2.819873073818
2.824270882406
2.828695313776
2.833123593027
2.837579482700
2.842096599948
2.846691561763
2.851114124055
2.855495880916
2.859881087088
2.864237468495
2.868600035124
2.872924244221
2.877293835776
2.881686676640
2.886198911782
2.890886941850
2.896218569794
2.900679185267
2.904312046649
2.909088364990
2.913332577738
2.917519608272
2.921733455583
2.925961635765
2.930195167394
2.934439795706
2.938664370722
2.942899602794
2.947115127594
2.951303868327
2.955465772736
2.959661119285
2.963993556860
2.968436538290
2.973025631544
3.139204657776
3.143413159600
3.147787450999
3.152194839826
3.156615706295
3.161000946899
3.165371985059
3.169850506526
3.174324148459
3.178824681687
3.183245399142
3.187893903390
3.192593214855
3.197358431139
3.202177284959
3.207037623402
3.211878266713
3.216734611059
3.221589479346
3.226410978831
3.231213865626
3.235978254454
3.240773365494
3.245560897264
3.250326730118
3.255074108198
3.259835406105
3.264620387410
3.269379489247
3.274145381032
3.278975433549
3.283863555248
3.288744542841
3.293660721348
3.360515845827
3.364939903598
3.369428406001
3.373922422960
3.378376376157
3.382831360724
3.387315381001
3.391796042465
3.396295726707
3.400811436722
3.405344521105
3.409889653746
3.414429664696
3.419005005850
3.423625735361
3.428282628285
3.433054978912
3.437983602329
3.442804819819
3.447510851547
3.451985347650
3.456579586124
3.461147491092
3.465739769796
3.470380805230
3.475405898166
3.480238889010
3.485065818198
3.489720170597
3.494423165621
3.499238816030
3.504076053878
3.508931822023
3.513815636654
3.518742458578
3.523683828388
3.528705062439
3.533778857936
3.538891059258
3.544028320748
3.549171157083
3.554354089647
3.559547754226
3.564762335890
3.569981065234
3.575239572238
3.580525384663
3.585829670593
3.591179065846
3.596529821417
3.601955970742
3.607430314715
3.612921859012
3.618456702103
3.623951462152
3.629452502608
3.634920118128
3.640366106233
3.645804281456
3.651211291892
3.656640256729
3.662086618148
3.667564694537
3.673043508044
3.678463983739
3.683883852821
3.689300022453
3.694721457058
3.700222654863
3.705732545245
3.711181816632
3.716605302538
3.722181029399
3.756518925750
3.761339843130
3.766239019459
3.771188001037
3.776145359996
3.781115105344
3.786105327766
3.791059463690
3.796076052647
3.801011688332
3.805999985490
3.811057519825
3.816083699066
3.821013484594
3.825914084289
3.830855508793
3.835768202784
3.840671726696
3.845544938964
3.850418230406
3.855305404954
3.860135745540
3.865032138760
3.869985443942
3.875099623131
3.879959450695
3.884770371833
3.889572340047
3.894344770693
3.899089616958
3.903872576630
3.908678294733
3.913517350549
3.918451495196
3.923404940473
4.158811621262
4.162729234524
4.166972537222
4.171153668422
4.175400009478
4.179659688464
4.183912731133
4.188145055541
4.192398100470
4.196668223987
4.200968817504
4.205316493224
4.209688407478
4.214088934488
4.218541546541
4.223039583384
4.227545159715
4.232105539106
4.236722134664
4.241341062877
4.246030357339
4.250817392221
4.255682550554
4.260589224034
4.265617704652
4.270624402544
4.275606838517
4.280777009814
4.285936586867
4.291287148181
4.296646600860
4.302446719073
4.313439636160
4.324325194620
4.335710251465
4.346774622685
5.018066923172
5.021828464563
5.025870882238
5.029849886072
5.033811401922
5.037781182314
5.041741529114
5.045734457970
5.049705895218
5.053692393773
5.057783723169
5.062011998470
5.070665068624
5.078284219515
5.082348884091
5.086352820442
5.090331800618
5.094183523166
5.098200797907
5.102273721172
5.106212006833
5.110167350996
5.188251829060
5.192464693208
5.196656165214
5.200648029130
5.204614554758
5.208552267182
5.212470948167
5.216557962819
5.428853156271
5.434227700964
5.437956110284
5.441918615667
5.446281633329
5.450744632686
5.455229485404
5.459751963229
5.464256154447
5.468810263587
5.473427266271
5.478065245514
5.482758559352
5.487461442805
5.492192585896
5.496981545360
5.501766937023
5.506538455617
5.511286538008
5.516110427710
5.520916940687
5.525739186344
5.530551053860
5.535395322027
5.540249396378
5.545084985517
5.549911258367
5.554751595139
5.559602729177
5.564450237313
5.569364123368
5.574230544681
5.579058540332
5.583893331619
5.588771396015
5.593615627509
5.598542004858
5.603421912066
5.608387301522
5.613360627118
5.682044569953
5.687482522064
5.692516461696
5.697756667574
5.702764625701
5.707923654995
5.712978210239
5.718309270657
5.723357870125
5.728305798576
5.733354372988
5.738719141870
5.743739514073
5.749214637570
5.754130374824
5.759436217944
5.764502220616
5.769452705792
5.774543601011
5.837437310185
5.842072979246
5.846908331541
5.851171617927
5.855530421562
5.860006325590
5.864471775764
5.868948618450
5.873349940072
5.877710939450
5.882133010320
5.886562444476
5.890940372285
5.895376453700
5.899799612168
5.904260066797
5.908756526201
5.913250760665
5.917674919083
5.922171725834
5.926653613380
5.931161387316
5.935690162440
5.940246809195
5.944728149464
5.949249632979
5.953684044515
5.958178363822
5.962544312047
5.966998890100
5.971518835679
5.976041445239
5.980693845005
5.985408153431
6.098886722597
6.102917063962
6.107241797124
6.111698760671
6.116143250605
6.120625473426
6.125138747717
6.129624193668
6.134150208948
6.138669992510
6.143217503444
6.147791439120
6.152330727349
6.156886969467
6.161449962277
6.165996907217
6.170559092599
6.174904462152
6.179307271556
6.183893869104
6.188439810568
6.192993211628
6.197488501037
6.202037754747
6.206591718236
6.211191648060
6.215836869869
6.220469974035
6.225180268300
6.229842585539
6.234530607711
6.239232966865
6.243933904034
6.248526011494
6.253209546566
6.257785101677
6.262450450815
6.267047995731
6.271689249428
6.276296949055
6.280898278790
6.285542644278
6.290125264397
6.294791457690
6.299288351220
6.303801086889
6.308228747049
6.312695032165
6.317305538661
6.321887198211
6.326312829450
6.330972353478
6.335577711893
6.340285891611
6.344930590852
6.349614697511
6.354203510292
6.358845180736
6.363461414293
6.439875804063
6.445381748907
6.450251062802
6.455045509909
6.459746510439
6.464564383883
6.469316898015
6.474005033233
6.478607350857
6.483295977640
6.487878997772
6.492553335315
6.497201539324
6.501823304073
6.506453206030
6.511099846211
6.515738042660
6.520400123860
6.525100002071
6.529811520993
6.534566608474
6.539386956012
6.544196215613
6.549013453530
6.553861022114
6.558714011253
6.563549562039
6.568367482780
6.573189777899
6.578024586041
6.582861791111
6.587699186554
6.592544230486
6.597372846560
6.602189307857
6.606998376019
6.611780348540
6.616551442514
6.621297647743
6.626047678478
6.630746416819
6.635432610004
6.640082860147
6.644760998393
6.649428843557
6.654054088936
6.658716876752
6.663390295617
6.668132431772
6.672739087926
6.677404501047
6.682241030048
6.686921594333
6.691813499452
6.696503213957
6.701355246738
6.706293479321
7.113882929243
7.117927189197
7.122321764294
7.126791719584
7.131461968336
7.136209907424
7.140894537112
7.145664640685
7.150419603791
7.155226862443
7.160055004506
7.164923370728
7.169821405490
7.174698419432
7.179619349747
7.184544810818
7.189469150448
7.194415554934
7.199335517936
7.204285072844
7.209259807889
7.214189518504
7.219173627831
7.224125700998
7.229075653804
7.233946520765
7.238866247158
7.243823904434
7.248762933897
7.253735623739
7.258651571712
7.263571316764
7.268523532697
7.273489998488
7.278455496107
7.283441404351
7.288409227222
7.293302082505
7.298209254559
7.303130670543
7.308139393515
7.359384771560
7.362971243555
7.367266559067
7.371724501149
7.376323364528
7.380823122992
7.599876551210
7.604680824064
7.609331518084
7.614108755516
7.618837024045
7.623513557484
7.628246970564
7.632915054953
7.637772641301
7.642442791010
7.647293256795
7.652079197973
7.656922159888
7.661784925193
7.666634938030
7.671473865993
7.676390014261
7.681360390680
7.686354016792
7.691328293333
7.696312149506
7.701304637563
7.706365783263
7.711443886504
7.716602419681
7.721699005148
7.726850416965
7.732005221019
7.737268826130
7.742502449152
7.747783826008
7.753080111850
7.758291951407
7.763625161493
7.768933416281
7.774185280755
7.779439354351
7.784746519057
7.789932097559
7.795267685622
7.800527858407
7.805799048080
7.810998645970
7.816230609543
7.821322592282
7.826558248708
7.831692089517
7.836861677328
7.842114285201
7.847292546242
7.852438158325
7.857625310685
7.862833903229
7.868039153069
7.873288008656
7.878458012064
7.883645553552
7.888741008582
7.893876485855
7.990143506759
7.998709084055
8.007797373363
8.016975526613
8.026487020372
8.036133861927
8.045734669743
8.055375651567
8.065143057598
8.075199616096
8.085174084713
8.095071981137
8.104819694987
8.114715336961
8.124004496970
8.133524310854
8.142713342575
8.151577382416
8.160671031516
8.169719186646
8.178879450602
8.188034684026
8.197190941366
8.206348558316
8.215422199819
8.224495385439
8.233566727475
8.242714342507
8.252221245879
8.261693781187
8.271293095137
8.280951627998
8.407017558514
8.411007154829
8.415828531395
8.420542970121
8.425503775173
8.430375730491
8.435327102607
8.440341304832
8.445331017240
8.450277805085
8.455332513536
8.460401141785
8.465473503246
8.470546740644
8.475664452392
8.480759109008
8.485956201461
8.491114221323
8.496363057192
8.501633195095
8.506895565994
8.512211834151
8.517548607176
8.522882528718
8.528133390154
8.533348680730
8.609331131617
8.614202120823
8.619313331175
8.624348481590
8.629742916435
8.634830189161
8.639924959847
8.644897992168
8.649865297383
8.654895132824
8.659876110120
8.664900403892
8.669889183694
8.674959231003
8.680027047018
8.685086495654
8.690129705345
8.695183259115
8.700233573766
8.705264082380
8.710274194266
8.715057207293
8.719797318974
8.724654703169
8.729504738866
8.734301828995
8.739114534113
8.743946200544
8.748805527634
8.753729787989
8.758638011675
8.763552659361
8.768488583291
8.773411937476
8.778352495169
8.783285307959
8.788199081455
8.793114080816
8.798011779218
8.802905488314
8.807774038013
8.812646218400
8.817536473320
8.822447653896
8.827378072491
8.832331509498
8.837285987864
8.842286047841
8.847435971741
8.852723221218
8.857819210434
8.863207704683
8.867897827085
8.873736002433
8.883915572655
8.893728347295
8.903483802196
8.913191804905
9.110245655949
9.118710342934
9.127371756434
9.136046325988
9.144771872412
9.153522684934
9.162343060098
9.171219373116
9.180146851599
9.189170894719
9.198245873907
9.207084129060
9.388288304778
9.393363966501
9.397276509677
9.402004107357
9.406654689812
9.411540909022
9.416435267303
9.421438594746
9.426529010403
9.431661341875
9.436852168086
9.442115210487
9.447387436292
9.452672562122
9.458078077895
9.463503163311
9.468865372465
9.474368610099
9.479790289376
9.485298632335
9.490773611829
9.496219388928
9.501616307047
9.507022188591
9.512413382722
9.517803005904
9.523217517691
9.528649940890
9.534106936722
9.539585921027
9.545073433713
9.550520339166
9.555941341895
9.561362411573
9.566835877014
9.572372845204
9.577784740555
9.583243070422
9.588714986982
9.594173555142
9.599559124699
9.604994042093
9.610449976805
9.615902554794
9.621396290248
9.626948372929
9.632463871959
9.637884802940
9.669733145452
9.674899468416
9.679778215500
9.684708421092
9.689601646429
9.694459201040
9.699319599845
9.704209027127
9.709128540076
9.714015218238
9.718868384567
9.723726598846
9.728558079703
9.733373308943
9.738261488225
9.743136079872
9.748042873384
9.752786247611
9.757731847135
9.762746340280
9.767722364525
9.772665018462
9.777573455821
9.782527750422
9.787430821503
9.792392331759
9.797346794559
9.802266381354
9.807189576377
9.812076553986
9.816959788572
9.821843046530
9.826749809394
9.831676032369
9.836596766830
9.841592689433
9.846589186546
9.851545580252
9.856538239838
9.861633734129
9.866616875950
9.871611909808
9.876676550850
9.881598204499
9.886744083518
9.891833810441
9.897006735283
9.902147126597
9.907330713552
9.912458475535
9.917548600040
9.922356174041
9.927424768429
9.945014149141
9.953328505234
9.961534053340
9.969792572275
9.977910130099
9.986024808046
9.994185223751
9.998290995451
10.002403722043
10.006598281516
10.010814176112
10.015106512643
10.019426803130
10.023815519882
10.028332866124
10.032953233730
10.037677152331
10.042497690230
10.047418260720
10.052580902011
10.057712845014
10.063479462861
10.068638359022
10.103576951728
10.115909065718
10.767537476103
10.772340391585
10.777034770452
10.781970967375
10.786770966796
10.791538910244
10.796255203752
10.800926960456
10.805637001927
10.810174075116
10.814852628106
10.819414999914
10.824021373194
10.828619752868
10.833251975980
10.837868102241
10.842499148659
10.847136820313
10.851759781670
10.856388064445
10.860968874870
10.865641567820
10.870457046301
10.875226927061
10.880145100593
10.884928297551
10.889938563778
10.894700165822
10.899695106859
10.903754877324
10.908051968791
10.912882930714
10.917413706475
10.921965732985
10.926503527371
10.930903822424
10.935415445482
10.939947756141
10.944521508311
10.949099891519
10.953695350735
10.958236749016
10.962750568301
10.967270386670
10.971761385370
10.976130917455
10.980437989799
10.984736226418
10.989013746932
10.993287643014
10.997494579592
11.001730583481
11.005966440788
11.010185733407
11.014364347223
11.018461503623
11.022415853224
11.026403853533
11.030376913879
11.034332502557
11.038253931911
11.042125295865
11.045962270630
11.049767663387
11.053505884731
11.057217799016
11.060907701179
11.064505678620
11.068096850637
11.071688544337
11.075238895385
11.078791637179
11.082280033819
11.085728528010
11.089160271074
11.092599947070
11.096009326583
11.099358778172
11.102715606779
11.106021707493
11.109316517807
11.112615004061
11.115876083144
11.119163172940
11.122426273995
11.125706891868
11.128940300989
11.132179902845
11.135384381727
11.138637694686
11.141922005411
11.145139387144
11.148360570671
11.151570352398
11.154811163224
11.158036878870
11.287839593419
11.291440315674
11.294659321794
11.298057804886
11.301320487731
11.304620742387
11.307984322335
11.311371517624
11.314764111125
11.318197120850
11.321646906708
11.325150375720
11.328680306285
11.332216726010
11.335796468958
11.339375805828
11.343006891533
11.346645039249
11.350369218097
11.354049476138
11.357745967035
11.361456675331
11.365196890975
11.368939330412
11.372679335542
11.376449778288
11.380238329775
11.384053299330
11.387857687522
11.391695143855
11.395537479923
11.399438929334
11.403341087409
11.407274617798
11.411214066122
11.415198932798
11.419184098863
11.423163692802
11.427144905156
11.431155004354
11.435171918337
11.439175165023
11.443157904583
11.447129151654
11.451165398320
11.455223102269
11.459263593746
11.463312057976
11.467357094587
11.471442650049
11.475541948551
11.479638584388
11.483716102463
11.487785775862
11.491779645212
11.495743132117
11.499683487144
11.503590915645
11.507537241852
11.511524843020
11.515561798512
11.519564225048
11.523560124374
11.549694883133
11.553132676639
11.557042486652
11.560935342009
11.564807809811
11.568683977596
11.572621198500
11.576661516949
11.580950612654
11.585415096839
11.589743404563
11.986493425496
11.991073243910
11.995640237335
11.999997167319
12.004384840813
12.008765431660
12.013175822490
12.017566747517
12.022011861085
12.026444401193
12.030934470594
12.035415166934
12.039852959633
12.044326391339
12.048778779928
12.053236693781
12.057422927844
12.061777241934
12.066201580081
12.070626077493
12.075036788419
12.079506916944
12.083997048872
12.088506421382
12.093038856630
12.097574263470
12.102163522895
12.106805064080
12.111418695344
12.116057354651
12.120728622046
12.125412822152
12.130109364173
12.134865677069
12.139568220098
12.144390985082
12.149221184578
12.154031048585
12.158879506640
12.163618028679
12.176134227144
12.185914621882
12.195334376789
12.205074240573
12.214550408918
12.223766200374
12.233136750816
12.242675371106
12.251929330124
12.260908034752
12.270283203081
12.279392751729
12.288602909052
12.297787706075
12.307335394655
12.312267183771
12.317137356642
12.321967654864
12.326828121925
12.331669923070
12.336536596178
12.341491904381
12.346392102586
12.351394341234
12.356486234878
12.361649507370
12.366956334830
12.372212096046
12.377375947948
12.382417237243
12.387474796627
12.392325031831
12.397593058321
12.402176055328
12.407650953544
12.412347989045
12.417253452526
12.421987469609
12.426788640397
12.431640260684
12.436472183209
12.441325121621
12.446109447420
12.450867123046
12.455578039164
12.460259731955
12.464973688384
12.469692889442
12.474615936140
12.479709759577
12.484755664733
12.489473631880
12.494192327648
12.498958452774
12.503757817260
12.508526966779
12.513479491892
12.518213006752
12.643868776516
12.648071519840
12.652457435530
12.656780078871
12.664679685548
12.673338565226
12.681889757039
12.690307801698
12.699103773005
12.708030175967
12.717176870748
12.726580789226
12.735624486737
12.744963001442
12.754368920610
12.763379560878
12.772245623071
12.838197574844
12.842347775273
12.846095007765
12.850127583485
12.854255738890
12.858624887640
12.862953649004
12.867435426859
12.879948951285
12.888230255016
12.896599106946
12.904931288631
12.913491154101
12.929497995108
12.938199356129
12.946867415867
13.078572229929
13.082502956017
13.086872891622
13.091255545310
13.095685045573
13.100047901200
13.104478014281
13.109005312565
13.113529165129
13.118164028771
13.122835732181
13.127553563512
13.132199867451
13.136946013010
13.152516946588
13.161196278502
13.170008829779
13.179167122762
13.188498788272
13.258655128203
13.266180436013
13.270031708763
13.273894826556
13.277804504108
13.281787844944
13.285854887019
13.290020134394
13.294223198682
13.298479376454
13.302742190632
13.307009964781
13.311374096385
13.315698248880
13.320416459531
13.329542940375
13.338995372654
13.348441934006
13.358281978799
14.275623854978
14.280210396971
14.284222725419
14.288236786693
14.292413486328
14.296680195524
14.301006282820
14.305390782876
14.309731671638
14.314069386680
14.318387977874
14.322675149744
14.326911767880
14.331144611930
14.335350024831
14.339557909580
14.343760386937
14.347941759096
14.352157763794
14.356357582736
14.360569406166
14.364772663983
14.369009696678
14.373379384306
14.536891231967
14.544741400512
14.548374851271
14.552021590829
14.555529802180
14.559029014207
14.562472914742
14.565853815117
14.569200483943
14.572534061390
14.575849962288
14.579179562534
14.582503826657
14.585843535710
14.589193881647
14.592549993136
14.595886186797
14.599255318987
14.602614588318
14.605993264840
14.609392179279
14.612764682706
14.616156212893
14.619571693877
14.622964366724
14.626361838215
14.629702738703
14.633084806073
14.636478522820
14.639886352001
14.643253833328
14.646657411500
14.650080186704
14.653476758550
14.656871270483
14.660228944719
14.663605360266
14.666964738186
14.670302345019
14.673616690182
14.680152251714
14.683388942268
14.686834859514
14.690138667695
14.693170017847
14.699442701101
14.701745619712
14.704006074310
14.706346646246
14.708671881039
14.711021558331
14.713432226352
14.715844109954
14.718252746298
14.720689141789
14.723120421136
14.725555369128
14.728008078399
14.730475973778
14.732930806407
14.735380899887
14.737850541802
14.740310832756
14.742799444253
14.745330217773
14.747871679944
14.750432871802
14.753014285102
14.755909437356
14.758739481442
14.969167547769
14.974002303540
14.977637756346
14.981714110485
14.985754419646
14.989931511504
14.994229562795
14.998597877279
15.003093760546
15.012248877562
15.016743982220
15.021437599874
15.026077684066
15.030765436529
15.035452688329
15.040090801003
15.044750573273
15.049407381716
15.054018835151
15.058608823331
15.063219914566
15.067861395267
15.072472729357
15.077117733176
15.081750030183
15.086379029176
15.091029500654
15.095678972329
15.100371744397
15.105071417925
15.109738315235
15.114406988931
15.119041494915
15.123661136592
15.128094173738
15.132612697369
15.137160937179
15.141582957244
15.146075750149
15.150787341253
15.155507987895
15.159972687637
15.164778163279
15.225378736386
15.229784941331
15.234314942203
15.238821949503
15.243426583823
15.248009546890
15.252591056491
15.257172823515
15.261817008682
15.266456213547
15.271109655556
15.275655313771
15.280134768839
15.284606173173
15.289092899687
15.293591355747
15.298159150109
15.302814976119
15.307572907040
15.312570335604
15.317477631346
15.322251527942
15.326966945012
15.331778449161
15.378696316202
15.383434332573
15.387962594694
15.392676781339
15.397333878120
15.401886178267
15.406442418627
15.410980857094
15.415513334944
15.420072888201
15.424635357300
15.429268090018
15.433898081562
15.438596975618
15.443459391036
15.448473082766
15.453462176627
15.628117815966
15.632026322586
15.636310776435
15.640501825127
15.644682726753
15.648847829924
15.653096007705
15.657286268389
15.661509780161
15.665783924506
15.670117134692
15.674400446828
15.678738364525
15.683005672693
15.687251371797
15.691606383224
15.695830066089
15.700088362302
15.704354821319
15.708623279977
15.712918641942
15.717174512790
15.721472160705
15.725761406671
15.730073639082
15.734386512931
15.738706442466
15.743008698524
15.747300047805
15.751621349103
15.755987296381
15.760380105788
15.764819344449
15.769281111849
15.773743259413
15.778301851594
15.782893001632
15.787497911144
15.792029250607
15.796672576527
15.801287118414
15.805898529279
15.810638871772
15.815294942165
15.820103301492
15.824854694978
15.830170987287
15.835042564323
15.839882237227
15.844576046372
15.849440189234
15.854378890461
15.859356215261
15.864431882257
15.869597123886
15.874570384097
15.879619874762
15.884564972730
15.889420837827
15.894488085473
15.899348230308
15.904206349206
15.909146485884
15.913860605238
15.918783134202
15.923485265131
15.928195112557
15.932960854939
15.937684244273
15.942391391232
15.947152583978
15.951836853722
15.956565945737
15.961282051563
15.965992515405
15.970692391061
15.975437153831
15.980234637279
15.985112920004
15.989994266918
15.994984312370
16.000032053594
16.005156064811
16.010313764546
16.015558085636
16.020825972120
16.026087265926
16.031375532830
16.036691170031
16.042042123409
16.047374613951
16.052682212129
16.058065772777
16.063467846513
16.068849086931
16.074239339701
16.079652261612
16.085079977394
16.090543306046
16.096006661754
16.101445285838
16.106985176734
16.112577568473
16.119158734038
16.124592015666
16.130067848794
16.135502576794
16.140943060620
16.146399866539
16.151883873409
16.157343623442
16.162815356471
16.168287353246
16.173798033710
16.312865010244
16.323250407596
16.332021950677
16.341196511021
16.350140425253
16.360385499260
16.370425270613
16.380607197039
16.389533787768
16.398880238202
16.408307828767
16.417665200569
16.426489475029
16.435075122149
16.443570348304
16.452078679130
16.460466040942
16.469030578455
16.477656807556
16.486469159434
16.495278566328
16.503841749669
16.512701249342
16.521470002683
16.530233597510
16.538865742143
16.547065551153
16.555295960650
16.563773642228
16.572372388298
16.581040338712
16.589910905530
16.598663146028
16.607693872215
16.617353715321
16.627064619753
16.636517200436
16.669488531549
16.678307774127
16.687140074825
16.695962236322
16.704842854211
16.713998155093
16.723321903198
16.732606713631
16.741892615534
16.751186555925
16.760386989581
16.769645589478
16.778962393977
16.788305895778
16.797680135706
16.806779225284
16.815441339532
16.823937436806
16.838480410067
16.843274124013
16.847833895429
16.852421084152
16.857120059241
16.861767902933
16.866124513878
16.870776924483
16.875193422571
16.879700557345
16.884175419047
16.888579759358
16.892994622174
16.897363753930
16.901717658029
16.905851504585
16.909975313267
16.914244696635
16.918509451437
16.922825314064
16.927192182984
16.931417396995
16.935642791042
16.939994061854
16.943897624856
16.947974308460
16.960066807158
16.967480165170
16.974715488597
16.981991892896
16.989474416187
16.997982570280
17.005902207230
17.013227318175
17.020644392456
17.027989203199
17.035727957424
17.043126127002
17.117820341317
17.122740898523
17.127075695619
17.131094047930
17.135080853518
17.139153644839
17.143204323967
17.147270124593
17.151295588737
17.155335277474
17.159403867594
17.163528750463
17.167708989301
17.171967865242
17.176244039147
17.180553485005
17.184925052048
17.189333014655
17.193842550888
17.198368375747
17.203001373135
17.207639205648
17.212316288651
17.216975122370
17.221804417577
17.226561059923
17.231369038676
17.236209739321
17.241032077296
17.245868501824
17.250708235795
17.255507617408
17.260377006511
17.265204769688
17.270073195903
17.274936155964
17.279771300831
17.284596473341
17.289424701933
17.294265489842
17.299118458329
17.303973961692
17.308846917039
17.313737657634
17.318661481438
17.323607739892
17.328598160540
17.333594630803
17.338655756756
17.343717297310
17.348935855227
17.354057722594
17.359280097768
17.364321573484
17.369386191906
17.379306052107
17.389019042151
17.398749702465
17.408565463610
17.418430337855
17.428383200341
17.438278834831
17.448070099388
17.457961820795
17.615065751440
17.618754891556
17.622870801760
17.627220190820
17.631592394492
17.636093327455
17.640535589689
17.645097304428
17.649673744714
17.654251347968
17.658885003989
17.663390959336
17.668018416353
17.672577465393
17.677165450939
17.681824887939
17.686453503157
17.691108115203
17.695765133359
17.700455070600
17.705181701631
17.709871166655
17.714557817971
17.719280788482
17.723950000697
17.728611836935
17.733262742661
17.737871803870
17.742508709082
17.747077705147
17.751687448928
17.756238190852
17.760829745720
17.765440883746
17.770116318034
17.774805564805
17.779476751518
17.784100401586
17.788747487969
17.793375831011
17.798007410868
17.802571327932
17.807086115903
17.811569242108
17.816027983663
17.820506970496
17.824962176326
17.829455927267
17.833988329930
17.838601014085
17.843261406439
17.847865161207
17.852486651563
17.857192664383
17.861931713829
17.866719016473
17.871367514154
17.875861438167
17.880478362728
17.884961821965
17.889475679468
17.967526748126
17.971417775582
17.975648475280
17.979914704431
17.984354796665
17.988862311180
17.993521672637
17.998317993449
18.003212262196
18.007923068374
18.012954738503
18.017196535919
18.022124648405
18.025867653951
18.030922604750
18.035257175819
18.040065332812
18.044674693057
18.049239783403
18.053849417653
18.058362856813
18.062900613573
18.067409721193
18.071994925960
18.076622467739
18.081411044608
18.086311878905
18.091214663436
18.095948150445
18.267090446244
18.270286699865
18.273771112444
18.277442272786
18.281160184542
18.284954352003
18.288823986960
18.292663660404
18.296440394013
18.300284843042
18.304108198707
18.307900900274
18.311650060942
18.315404740400
18.319154459720
18.322886678669
18.326620068550
18.330304955917
18.334006790319
18.337710352516
18.341423518429
18.345169050232
18.348910024715
18.352699417447
18.356482527781
18.360313589454
18.364180949291
18.368073275403
18.371965155379
18.375898600013
18.379863091489
18.383854577696
18.387713401043
18.391445338686
18.395129985048
18.508921037140
18.513363800607
18.518131347836
18.523032394604
18.528384324997
18.533876075303
18.539214215139
18.544719817394
18.562145005055
18.573456733214
18.584775616375
18.596303708082
18.607652559607
18.618962192152
18.630165676583
18.641052459088
18.652111276310
18.663456012462

