Time_s
0.942581357257
0.947186794209
0.950973026665
0.954948323767
0.959057025697
0.963118015931
0.967153548169
0.971179145767
0.975189392481
0.979177592807
0.983185132148
0.987207291618
0.991233777853
0.995246126341
0.999269986012
1.003279186152
1.007293930625
1.011287624455
1.015275091687
1.019249400178
1.023217556479
1.027172601595
1.031131747625
1.035071099314
1.039003849360
1.042912513864
1.046804198541
1.050679529618
1.054547227702
1.058409937988
1.062266909282
1.066130824816
1.069998893881
1.073883553275
1.077799089865
1.081793847473
1.085843020190
1.090027741419
1.094265625807
1.098498313164
1.102442623495
1.106301802523
1.110465269640
1.114399537100
1.118343994801
1.122334242112
1.126171293095
1.130066471978
1.133831788310
1.137756505420
1.141682891914
1.295066504557
1.299575676382
1.303367799971
1.307210402957
1.311597092798
1.316070200556
1.320590916655
1.325166640613
1.329769204894
1.334414117649
1.339056591436
1.343719637147
1.348427686620
1.353128852615
1.357831202318
1.362525898639
1.367263721052
1.372000928613
1.376780295604
1.381528730647
1.386260051399
1.390991186752
1.395708309533
1.400421443633
1.405113534610
1.409770365051
1.414437238373
1.419111054874
1.423786266089
1.428459395735
1.433074430998
1.437732519329
1.442473809524
1.447240990590
1.452140104255
1.457187100091
1.462516361644
1.467828239877
1.472818567701
1.477947983845
1.482879628943
1.643068343459
1.649055689831
1.655459342774
1.662151470152
1.668641285421
1.675416452387
1.682139259781
1.689174415936
1.878080996334
1.885234059442
1.891810937963
1.899176518842
1.906290539383
1.913348854502
1.920185544013
1.926995419088
1.933501603801
1.939566443945
1.945556593678
1.951683232523
1.958119390211
1.964945805814
1.971836693962
1.978938874541
2.392748969183
2.398199259798
2.403619071578
2.409005361137
2.414331293475
2.419517416236
2.424664126794
2.429728264886
2.434715939568
2.439642737344
2.444511912589
2.449336729675
2.454088203322
2.458779147360
2.463384236179
2.467944278249
2.472497917668
2.477012096355
2.481488614668
2.485971817062
2.490442724931
2.494954116149
2.499490595856
2.504087339691
2.508646767708
2.513313531878
2.517891835104
2.522563447867
2.526854247938
2.531237733129
2.646092839961
2.651087362898
2.653262585168
2.655409079116
2.657562456543
2.659744266942
2.661940499420
2.663939057053
2.665971673788
2.707236406581
2.711594553671
2.715541271688
2.719627741155
2.723795459518
2.728027464063
2.732315147941
2.736640465497
2.741005371290
2.745439704259
2.749939764620
2.754445828555
2.758983942691
2.763511519532
2.768027520285
2.772505898450
2.777005496491
2.781501293107
2.785987854152
2.790462130138
2.795045764368
2.800031898868
2.805082829938
2.809402633157
2.813832257216
2.818393518411
2.822933662869
2.827433622685
2.831917691360
2.836295876274
2.840854360557
2.845300759389
2.849925466369
2.854471466846
2.858807668735
2.863496287707
2.867701237973
2.872119762443
2.877127738923
2.881189888301
2.884959086108
2.889173184299
2.893397507962
2.897653197507
2.901936963173
2.906277945043
2.910674242456
2.915150701373
2.919685673035
2.924366041479
2.929143122282
2.933786836563
2.938865012809
2.943636673348
2.948514075362
2.953707362385
2.958653937206
2.963688666231
2.968852254230
2.973976796387
2.979026725660
2.984387617096
2.989476477008
2.994732104140
3.000077476812
3.005300995423
3.010519845835
3.015622696419
3.020846485168
3.026030318591
3.031276080800
3.036448551315
3.041588302521
3.046676071344
3.051730840160
3.056680452816
3.061569917316
3.066430566203
3.071246372670
3.076041179055
3.080821256955
3.085584125679
3.090327484048
3.095047635883
3.099750749324
3.104440180795
3.109094354766
3.113726905528
3.118324286738
3.122900049903
3.127458677760
3.131979216841
3.136514506650
3.141024352908
3.145531586029
3.150041936400
3.154572235747
3.159086032775
3.163619822482
3.168152646553
3.172701276660
3.177255110791
3.181829689304
3.186411105399
3.191004892818
3.195621256893
3.200283892617
3.204938946794
3.209632533996
3.214350248361
3.219118763111
3.223943372132
3.228790063073
3.233662005377
3.238570285689
3.243516015550
3.248529387162
3.253559310136
3.258628294196
3.263747786231
3.268862399776
3.273996246856
3.279042645794
3.284050713908
3.289007977202
3.293947716005
3.298926429017
3.303806280851
3.308679469685
3.313531751017
3.318355146912
3.323175399881
3.327983796686
3.332780794057
3.337553601196
3.342314828698
3.347064101052
3.351806249186
3.356551706438
3.361320425414
3.366228028080
3.371251527507
3.376285268356
3.381218129990
3.386049911369
3.390951735560
3.514310660596
3.518120930208
3.522680043669
3.527403446485
3.532164762059
3.536999917773
3.541856453657
3.546763515114
3.551681867643
3.556626832220
3.561602389889
3.566612051162
3.571657484560
3.576710281602
3.581768257238
3.586848652593
3.591951854778
3.597043647507
3.602120152271
3.607205352155
3.612262095312
3.617321654388
3.622350333712
3.627426975343
3.632551020408
3.637542421312
3.642483835062
3.647505148162
3.652501234899
3.657473768530
3.662463428113
3.667457229073
3.672482141023
3.677529800993
3.682546469921
3.687568898276
3.692586608182
3.697575246061
3.702623146125
3.707644199674
3.712684524282
3.717744586824
3.722918329398
3.728228749443
3.733507260972
3.738943134920
3.744341527430
3.749635527810
3.754673794508
3.816269351072
3.821054751685
3.825885717096
3.830646971037
3.835852174362
3.841119863826
3.846394556439
3.851720947037
3.857208005018
3.862647247765
3.868096695837
3.873430991184
3.878741902853
3.883980146442
3.889201000068
3.894426060014
3.899651176386
3.904903053689
3.910154525168
3.915440862038
3.920759024085
3.926087605947
3.931435306965
3.936844766961
3.942262912376
3.947711679173
3.953214454695
3.958776697672
3.964363377104
3.970026228455
3.975633807750
3.981274977525
3.986906513986
3.992544277851
3.998191934830
4.003762826037
4.009172732746
4.014527459884
4.019750047392
4.024944024622
4.030203472072
4.035475032979
4.040698438328
4.045940492185
4.051198176611
4.056443631669
4.061712943875
4.066951288136
4.072197145557
4.077401091464
4.082660460974
4.087885026933
4.093101468591
4.098251256011
4.103431872398
4.108653914595
4.113947578707
4.119214219427
4.124511554460
4.129839441382
4.135157085198
4.140519060314
4.145938940302
4.151328055836
4.156697404208
4.162048316495
4.167377505484
4.172713029264
4.178075997258
4.183443278784
4.188830027548
4.194201961370
4.199599238812
4.205002333478
4.210365768361
4.215783471803
4.221202268784
4.226578790747
4.231984147155
4.237425703950
4.242895258747
4.248398857609
4.254002043733
4.259477368844
4.264913799915
4.270283853952
4.374940120113
4.380244349314
4.385621773583
4.391102617845
4.396610955129
4.402190071093
4.407827129771
4.413497243950
4.419124565261
4.424749077618
4.430423315745
4.436141564716
4.441937700086
4.447721016088
4.453466757158
4.459209640291
4.464974659810
4.470753439509
4.476544899344
4.482391319313
4.488278437904
4.494262750667
4.500267609280
4.506238130995
4.512188950088
4.518116588329
4.524022557669
4.529918267070
4.535792658463
4.541636056461
4.547507258971
4.553346978963
4.559201066830
4.565149638835
4.571126219295
4.577137766502
4.583267954678
4.589310366364
4.594926064264
4.600556512650
4.782932597062
4.794202727655
4.805717081833
4.817341475779
4.829062355026
4.840975067362
4.852928829938
4.864955971804
4.877174433180
4.889660692966
4.902410834158
4.915382385721
5.050939339910
5.059756724838
5.068187821853
5.077720046234
5.086596139775
5.094277231628
5.101251130117
5.108172701983
5.114387106010
5.769671271316
5.773957535611
5.778099322168
5.782218467103
5.786301067335
5.790349905273
5.794377371843
5.798415032869
5.802445358454
5.806586576400
5.810787950919
5.815233330891
5.819912492709
5.824114824939
5.828261042235
5.832301777790
5.836482989731
5.840619752193
5.844580130500
5.848948726909
5.852968540734
5.857116376145
5.861256920632
5.865442702037
6.085318181683
6.089717723478
6.094053287508
6.098380068597
6.102661218684
6.106922153129
6.111199822805
6.115512661946
6.119847299373
6.124188413476
6.128565504368
6.132966624597
6.137360432293
6.141733868059
6.146051591512
6.150354666379
6.154630449178
6.158870050078
6.163069476903
6.167278129123
6.171379575564
6.175622563346
6.179924074658
6.184153867660
6.188360168244
6.192609838751
6.196868961228
6.201136470285
6.205374554365
6.209621689421
6.213864405883
6.218111613237
6.222333430007
6.226570026330
6.230789383540
6.234994619858
6.239192760745
6.243409440059
6.247629303808
6.251848804244
6.256063038726
6.260306470647
6.264524125845
6.268754666359
6.272963194466
6.277192761430
6.281469990800
6.285770185856
6.290090190318
6.294453952409
6.298885878926
6.303268642798
6.307690531297
6.312078502968
6.316528560782
6.320985903510
6.325481215543
6.330115492871
6.334671893648
6.338906442929
6.342819421663
6.388503984682
6.392776031784
6.396931968800
6.401372932644
6.405859542970
6.410392335201
6.415023791170
6.419716658438
6.424485863009
6.429357342275
6.434261777052
6.439216852042
6.444255727845
6.449381194887
6.454670896810
6.460092412832
6.465528789959
6.470988843412
6.475893694439
6.480821757008
6.485639500193
6.490481054107
6.589483443009
6.593173018897
6.596974818873
6.601351270048
6.605801233478
6.610274028079
6.614770806067
6.619319150824
6.623935048294
6.628655663176
6.638149105050
6.647688455571
6.657239698357
6.666727626631
6.676083361573
6.680773617456
6.685401249654
6.690054146083
6.694677597843
6.699285922763
6.704017581922
6.708658646498
6.713375682388
6.718077157893
6.722748237535
6.929978980024
6.934855705549
6.939527793274
6.944214777736
6.948959149317
6.953476034468
6.958080043872
6.962810996509
6.967551243197
6.972346619834
6.977198422736
6.982051611415
6.986907334982
6.991753044930
6.996597486353
7.001430437143
7.006265737840
7.011097796996
7.015922057533
7.020765615950
7.025621583763
7.030483016036
7.035359266960
7.040237550217
7.045121885172
7.050001641676
7.054893437894
7.059791795017
7.064694585683
7.069616392844
7.074543581917
7.079498007803
7.084527318882
7.089643191156
7.095207282503
7.100503097938
7.105714083354
7.110552812260
7.115582266859
7.120714192843
7.125765027838
7.130680606477
7.135554437542
7.225023281951
7.230004839590
7.234649163527
7.240027368150
7.245673118717
7.251588872435
7.257631345151
7.263870860733
7.270266957120
7.276695847216
7.283249023250
7.289768050474
7.296498007942
7.302941519786
7.309669363602
7.316230612737
7.323132117797
7.329617641880
7.342790708620
7.356003481120
7.369331047979
7.390981169354
7.396926931493
7.403808854138
7.410415359465
7.417114629990
7.423859290195
7.430664671595
7.437485401413
7.444412784413
7.451112900251
7.457559361744
7.942286437595
7.947294079803
7.952395580997
7.957566928700
7.962768112234
7.967919354745
7.973033035260
7.978126101534
7.983174487545
7.988178291250
7.993144474118
7.998032482439
8.002867969183
8.007648485820
8.012386119856
8.017072059379
8.021744623799
8.026348392214
8.030938604285
8.035508144420
8.040026618807
8.044487411532
8.048877362211
8.053239161684
8.057578364877
8.061893660259
8.066174808523
8.070480216711
8.074748255180
8.079022471516
8.083341929665
8.087760240736
8.092327936621
8.096974706266
8.101415891341
8.105896793210
8.110350760694
8.114972451110
8.119254385650
8.123517010465
8.287627962103
8.291694139032
8.295891748538
8.300113583017
8.304370765422
8.308665347105
8.312977813610
8.317312655777
8.321603212853
8.325873431105
8.330152508576
8.334372818998
8.338651150901
8.343355363837
8.348277371959
8.352568006513
8.356837509048
8.361122837464
8.365527764752
8.369936465388
8.374267702587
8.378605207865
8.382916269989
8.616531849084
8.621188169013
8.625785218705
8.630427359925
8.635130378615
8.639864925095
8.644616441461
8.649393702666
8.654198347346
8.658916961626
8.663726555298
8.668492759918
8.673360260681
8.678229186032
8.683091086043
8.687994949353
8.692909269190
8.697873923366
8.702776744239
8.707712676844
8.712639156587
8.717579261644
8.722459456572
8.727345663934
8.732256213748
8.737143685114
8.742033821828
8.746942178069
8.751858878537
8.756762784063
8.761684958895
8.766589820522
8.771528225286
8.776491286569
8.781410826522
8.786347756805
8.791268687659
8.796214438460
8.802054437483
8.807652126332
8.812674255914
8.817718356198
8.822684411194
8.827698610613
8.832735385505
8.837852843848
8.842900701021
8.848115323729
8.853299804085
8.858536145242
8.863728938775
8.868871107765
8.874097051185
8.879183660144
8.884322635046
8.889135329424
8.894582493774
8.967887877811
8.971725774596
8.976104488468
8.980705264650
8.985297785920
8.989976845215
8.994750319883
8.999590559449
9.004489271007
9.009340816488
9.014204784020
9.019099473878
9.024040559115
9.029058229168
9.034126750403
9.039250421677
9.044348300455
9.049503879987
9.054678166704
9.059819849288
9.064987607919
9.070209915557
9.075459851253
9.080856778160
9.086351410220
9.091719246269
9.097042485061
9.102438512317
9.107758702189
9.112900684108
9.118108015599
9.123362864807
9.128591584451
9.133750045441
9.138883659198
9.144062719831
9.149255543014
9.154437486100
9.159583671264
9.164667359095
9.169491800292
9.174402370992
9.179425547834
9.184424866107
9.189368056250
9.194268016833
9.199199030807
9.204120996792
9.209018385766
9.213868150780
9.218674757245
9.223418882673
9.228152435003
9.232857429564
9.237533876683
9.242218080790
9.246895272606
9.251501700394
9.256042386894
9.260623522103
9.265235502574
9.269890219736
9.274551260823
9.279240451212
9.283948668700
9.288839003547
9.294053484809
9.304216376706
9.309087205430
9.314029004990
9.318686035174
9.323634085210
9.462730965552
9.467254780489
9.472300697347
9.477247753426
9.482254843653
9.487308678198
9.492428265444
9.497563419056
9.502762809893
9.507971445185
9.513197245262
9.518433543550
9.523707708617
9.529027905419
9.534464011399
9.539917318391
9.545356764557
9.550910854419
9.556458593519
9.562002706548
9.567539311027
9.573097711533
9.578693408479
9.584297233618
9.589983408473
9.595581758816
9.601146206534
9.606676618840
9.612185753347
9.617680291301
9.623101746659
9.628473505438
9.633820879888
9.639111077341
9.644408979209
9.649705018355
9.654973854262
9.660210034284
9.665425719191
9.670586589740
9.675798467105
9.680929894210
9.686075863317
9.691214195027
9.696444760153
9.701628363834
9.706890959249
9.712237909347
9.717736531243
9.722998488905
10.426256765547
10.432221571002
10.437588117593
10.443147074441
10.448513055547
10.453926030760
10.459325719422
10.464658328596
10.469966682107
10.475270716285
10.480558657350
10.485888311056
10.491388217812
10.497047242600
10.502345365179
10.507634292387
10.512925896930
10.518190403339
10.523403806659
10.528655091161
10.533886737356
10.539169172002
10.544421753639
10.549655026342
10.554948578030
10.560177185101
10.565413172517
10.570646647899
10.575822797461
10.580999138823
10.586143545577
10.591269896570
10.596154428141
10.600991355859
10.606013155330
10.610980866910
10.615914240986
10.620840195303
10.625726973462
10.630586467481
10.635432712235
10.640227478315
10.645014609303
10.649775619629
10.654521917096
10.659243233367
10.663930330445
10.668600560789
10.673269490884
10.677917449047
10.682547799569
10.687168288429
10.691789130295
10.696411793248
10.701032884744
10.705656840078
10.710286677210
10.714919059075
10.719571882785
10.724237044249
10.728909500366
10.733600319070
10.738314443473
10.743083290267
10.747861536840
10.752793840894
10.757873938708
10.762932816543
10.768093352901
10.773181312628
10.778332587400
10.783716719645
10.788893863842
10.794035000585
10.799193704057
10.804556771265
10.809904008701
10.815253994224
10.820793597079
10.826329028306
10.831956420150
10.837551394183
10.843090936864
10.848710542313
10.854348196255
10.859586733727
10.864555029244
10.869740141264
10.874856029646
10.879900970044
10.884974417930
10.889997860762
10.895038225673
10.900071529446
10.905109016366
10.910110568595
10.915116474008
10.920083400817
10.925035449101
10.929958406012
10.934862346562
10.939739934804
10.944610294916
10.949470016667
10.954336808380
10.959250741581
10.964156001699
10.969020305065
10.973870360599
10.978744775489
10.983604292662
10.988449484040
10.993311908492
10.998159216866
11.003014009143
11.007852486387
11.012697325462
11.017528927166
11.022363491502
11.027170952088
11.031980514361
11.036775804578
11.041581397136
11.046400194975
11.051333967929
11.056405147793
11.061348822449
11.066198426019
11.071036496812
11.076093983654
11.080986003349
11.085836598541
11.090792290538
11.095674851258
11.100395459291
11.104975947541
11.238701263035
11.243049444546
11.247362535572
11.252055308413
11.256840682482
11.261599874182
11.266357277933
11.271137101015
11.275992463110
11.280898933350
11.285835060207
11.290854020760
11.295939993883
11.301117843405
11.306388742225
11.311667853684
11.316953588439
11.322261794532
11.327600578745
11.332914942356
11.338242293525
11.343541243162
11.348828554883
11.354090687111
11.359354988565
11.364599369726
11.369906760060
11.375158463658
11.380447212601
11.385727082521
11.390957838830
11.396230036949
11.401502356457
11.406875761774
11.412299001283
11.417662131603
11.423000798745
11.428278096548
11.433573574801
11.438832756084
11.597248012212
11.601737418459
11.605790344448
11.610706177709
11.615706288090
11.620816940019
11.625983233775
11.631179153886
11.636403689095
11.641653105801
11.646949100177
11.652255760761
11.657580541825
11.662891125239
11.668178007494
11.673452313512
11.678702895765
11.683911620591
11.689087707891
11.694257261699
11.699412306456
11.704576749365
11.709731582455
11.714908890184
11.720094744162
11.725310599125
11.730514242369
11.735734304245
11.740969827465
11.746261047666
11.751662165133
11.757241164990
11.762987887262
11.768878733391
11.774669343860
11.780259806178
11.785894323685
11.791506323422
11.797207394955
11.802854442783
11.808522643704
11.814177376194
11.819914902750
11.825649492975
11.831313523833
11.837027673331
11.842626524049
11.848280085134
11.853111135667
11.858275787543
11.863776643618
11.869204383500
11.874646746746
11.880114357581
11.885600761386
11.891177022483
11.896838154307
11.902519465164
11.908173056215
11.913830259899
11.919484285157
11.925114817374
11.930709363360
11.936276507391
11.941848690593
11.947381558292
11.952865450460
11.958282179118
11.963685212553
11.969096482553
11.974484360369
11.980074454827
11.985986814122
11.991722753990
11.997314395984
12.003071800757
12.008823519734
12.014498261215
12.020148090413
12.025776625419
12.031317198429
12.036781490403
12.042234232709
12.047513008368
12.052867494319
12.058214387582
12.063637589696
12.069272798771
12.075199346394
12.081073331244
12.086671619968
12.092488356256
12.098357574283
12.104182283013
12.109923115406
12.115699595443
12.121580926329
12.127425946756
12.133385077633
12.139287903337
12.145207350138
12.151209279556
12.157457492297
12.162510764377
12.168108193146
12.174023512103
12.180044090546
12.186154516447
12.192404852469
12.198764926550
12.205206494552
12.211726398163
12.218355190641
12.224995660995
12.231694028686
12.238424295054
12.245223893535
12.252104556150
12.259093199920
12.266102157938
12.273181588768
12.280323779822
12.287501122422
12.294664174925
12.301895703104
12.309215975400
12.316637412711
12.368142294314
12.380642052330
12.393054263885
12.405877626732
12.430503930230
12.437106247003
12.444392320761
12.451462585034
12.458554454614
12.465364421041
12.472082280698
12.478615406367
12.485753377929
13.140824542730
13.152332620441
13.163058380634
13.174151809042
13.185115513063
13.196026859870
13.206902277755
13.217813295410
13.228680508419
13.239589523516
13.250558295673
13.261552015205
13.272428755700
13.283122349105
13.291627345010
13.296827366755
13.301970363105
13.307067771380
13.312136910286
13.317164005234
13.322154349351
13.327119504321
13.332060925242
13.336981006699
13.341910606967
13.346850350919
13.351848680925
13.356877816038
13.361945471975
13.367263757799
13.372569174162
13.377703716177
13.382495320262
13.387418454027
13.392378202105
13.465524848846
13.469403919312
13.473415968906
13.477349881983
13.481502194964
13.485696683407
13.489899469793
13.494172693258
13.498495464580
13.502845098366
13.507283850245
13.511781980215
13.516376353872
13.521058278811
13.525777118771
13.530723611638
13.535404199448
13.540083265082
13.544800311852
13.549544774825
13.554252130116
13.558967546617
13.563701620074
13.568448370242
13.573187593917
13.578024723204
13.582911758669
13.587798859007
13.592691966455
13.597617581566
13.602575968058
13.607550592203
13.612544713048
13.617572711918
13.622607005192
13.627656661813
13.632713741966
13.637778222646
13.642830470950
13.647879679944
13.652948886572
13.658033581524
13.663113756454
13.668210562357
13.673349998813
13.678521238130
13.683737311340
13.688997784510
13.694284907012
13.699598604444
13.704898209213
13.710168692237
13.715424034584
13.720630863399
13.725833946061
13.731024951733
13.736199045195
13.741332958718
13.746439700259
13.751541365544
13.756623867946
13.761700229485
13.766757780863
13.771805424331
13.776870315973
13.781957298680
13.787087274873
13.792276472489
13.797640846724
13.802976286248
13.808089885218
13.813526424238
13.945910324345
13.949996957017
13.954000141910
13.959008239864
13.963876590487
13.968784015853
13.973702160661
13.978674301921
13.983705933598
13.988709941353
13.993603927663
13.998687153056
14.003940785831
14.009285435585
14.014607852166
14.019924322405
14.025280086882
14.030693198759
14.036210846099
14.041680884120
14.047081373446
14.052487396741
14.057953284438
14.063309880527
14.068612652925
14.073912745146
14.079144072193
14.084349089025
14.089509802600
14.094673290432
14.099843465683
14.105022911538
14.110231486673
14.115529732540
14.120916539132
14.126464824504
14.132184963141
14.137881439172
14.143506011398
14.148690492662
14.154042223131
14.260918005085
14.265886538397
14.270579897364
14.275587947154
14.280523233625
14.285602819795
14.290725809361
14.295884511813
14.301124352820
14.306432418263
14.311771074985
14.317166012148
14.322587096391
14.327975922918
14.333359410178
14.338742154501
14.344081252510
14.349426620158
14.354736064623
14.360030868446
14.365299328111
14.370570180505
14.375839013642
14.381078810815
14.386372792111
14.391688716446
14.397022057380
14.402397737701
14.407817136940
14.413166898240
14.418567693601
14.423869619119
14.577926726992
14.584559610389
14.589897102563
14.594917692006
14.600211395680
14.605486456345
14.610916961049
14.616591157986
14.622212844172
14.627641248351
14.633036676231
14.638319346499
14.821453112602
14.827338125816
14.831563158823
14.836158500168
14.840556806381
14.845505284849
14.850690789401
14.855962991914
14.861299363450
14.866687459600
14.872153258720
14.877602895555
14.883082360965
14.888614367658
14.894177014055
14.899742309733
14.905329726025
14.910928112996
14.916582020455
14.922193921438
14.927855331940
14.933457510841
14.939080238206
14.944664596468
14.950214491572
14.955718268001
14.961246796923
14.966716709957
14.972213852437
14.977728763735
14.983246012866
14.988754536003
14.994289544932
14.999834377593
15.005399478293
15.010969494871
15.016571287306
15.022170989886
15.027783932253
15.033394715579
15.038983450131
15.044603104224
15.050223383872
15.055831257761
15.061440327318
15.067067832442
15.072689504087
15.078342604640
15.084019428209
15.089649977668
15.095208873875
15.101110107480
15.106725356859
15.112352338286
15.118139958374
15.123736476061
15.129391590456
15.134970185285
15.140635394266
15.146015763293
15.309467945574
15.321060865876
15.332335333670
15.337953918764
15.343321122128
15.348871609431
15.354511398255
15.360202184346
15.365852280764
15.371446735957
15.377124273574
15.382702633234
15.388283599614
15.393824625518
15.399418245413
15.405007307238
15.410644345878
15.416003428381
15.421591960839
15.427148537077
15.432721867307
15.438354308343
15.444014415543
15.449705127360
15.455444888175
15.461392232630
15.467706963836
15.479474440604
15.490970167414
15.502276141031
15.513513709904
15.525174847521
15.536826092880
15.548486191985
15.560094491463
15.571443666125
15.576423829596
15.581670033814
15.587028666817
15.592358938143
15.597757815000
15.603207931958
15.608700165044
15.614226779512
15.619799684300
15.625374353004
15.630993265282
15.636647131559
15.642368090899
15.648159167719
15.653934164423
15.659605453453
15.665217656363
15.671055487763
15.676477762890
15.682343839552
15.687666387164
15.693295637169
15.697830632701
15.703658187567
15.708593644390
15.714169665463
15.719489157634
15.724941572762
15.730548015994
15.736336242150
15.742068038594
15.747674454847
15.752701471445
15.877413832850
15.882253030925
15.886681588523
15.891702072115
15.896974710382
15.902329525841
15.907778059840
15.913468804597
15.919306051880
15.925171790058
15.931162027161
15.937154851500
15.943133528481
15.949052754129
15.954902954561
15.960717203806
15.966430783170
15.972119285194
15.977825541470
15.985448696990
15.996937074437
16.008471212891
16.020073558994
16.026165218850
16.031708094429
16.037370314923
16.043032645306
16.048795163451
16.054471360399
16.060165441301
16.065909944738
16.071674961322
16.077434854696
16.083262534744
16.089027091275
16.094814123367
16.100605771157
16.106366360264
16.112107856757
16.117804197079
16.123502915653
16.129232479426
16.134975137284
16.140718399618
16.146521240622
16.152136070339
16.157859004353
16.163699177204
16.169392913152
16.175103271554
16.180909334060
16.186738597790
16.192448868443
16.198234343976
16.203966400602
16.260936372406
16.266703715279
16.272526763653
16.278303855123
16.284010423228
16.289713972742
16.295439123482
16.301242832346
16.307081982471
16.312947135116
16.318715573233
16.324653334859
16.330285431226
16.336329061639
16.341987661089
16.347646423504
16.353755426507
16.359448496355
16.364757069557
17.368863032527
17.374858478121
17.380638617930
17.385597963506
17.390552600771
17.395808652960
17.400903285587
17.406212878844
17.411261608779
17.416355532026
17.421435954471
17.426546530614
17.431685450196
17.436856724150
17.442090051106
17.447338119015
17.452613818306
17.457895976498
17.463253511194
17.468577316412
17.473940068786
17.479323154818
17.484738918943
17.490181998805
17.495633263408
17.501092902738
17.506601810199
17.512144853896
17.517708379706
17.523276429038
17.528854929546
17.534449461773
17.540123754236
17.545803376541
17.551553424729
17.557363857854
17.563243883864
17.569202752070
17.575396755575
17.581565636720
17.587820042995
17.593997324463
17.600150502811
17.606278975406
17.612759869761
17.619015750413
17.625137399284
17.773908682352
17.779316644309
17.784728235906
17.790226680737
17.795914039563
17.801438952794
17.807182675522
17.812318785592
17.818544224953
17.824006523105
17.830033443203
17.835689712052
17.841834900148
17.848072180010
17.854147118089
17.860321881127
17.866403632377
17.872513516437
17.878561656760
17.884527261952
17.890380143878
17.896199605437
17.901903609068
17.907751233556
17.913438254039
17.919173870320
17.924958613093
17.930631981952
17.936281633236
17.941995593773
17.947734251557
17.953509020006
17.959357322073
17.965113769060
18.073671236027
18.079156027026
18.083759982305
18.088431590969
18.093430924978
18.098830027378
18.104322102927
18.109899535829
18.115548012344
18.121269400808
18.127150155334
18.133044002610
18.138949559797
18.145188689963
18.151171655465
18.157706840731
18.163969554416
18.170488422553
18.177204820149
18.183711416124
18.189864980268
18.988046378588
18.994497771950
18.999598273277
19.004808630859
19.010098623867
19.015404486335
19.020744585920
19.026156437376
19.031744854950
19.037551604301
19.042914093986
19.048232287419
19.053577608469
19.127148114398
19.132627572782
19.137064837334
19.141722631993
19.146502064273
19.151375400611
19.156284070714
19.161244974466
19.166276758028
19.171314226646
19.176352788447
19.181403587582
19.186455372595
19.191504638500
19.196556857540
19.201654871801
19.206787530139
19.211962576409
19.217144095556
19.222360448544
19.227658187438
19.233014015333
19.238440717138
19.244043734061
19.249668628639
19.255424091293
19.260763581437
19.454199665524
19.459038374711
19.463465512856
19.467817887622
19.472023874201
19.476254215544
19.480436703500
19.484586581276
19.488674790644
19.492785973293
19.496891327742
19.500946798512
19.505008174895
19.509043753392
19.513066281568
19.517082363221
19.521077517601
19.525037744464
19.529027788915
19.533041547385
19.537060896416
19.541092144553
19.545175017691
19.549344760333
19.553601169554
19.557867143692
19.562096469781
19.566292985887
19.570376530285
19.574320770438
19.578234462012
19.582293791162
19.586367351161
19.590454254620
19.594505132854
19.598724486540
19.677376476238
19.682562815575
19.686937391213
19.691279713081
19.696670117759
19.701612889941
19.706834759106
19.711999552466
19.717204815775
19.722397223647
19.727607404450
19.732838097392
19.738046658311
19.743236004300
19.748440551649
19.753636341256
19.758823389967
19.764009132998
19.769212225674
19.774418342616
19.779615183242
19.784816370415
19.790012699418
19.795211559833
19.800406374607
19.805591737100
19.810762294364
19.815910366625
19.821035307719
19.826162797370
19.831298585673
19.836420756719
19.841537038519
19.846663339336
19.851726006558
19.856877936576
19.862027912031
19.867260584827
19.872463939791
19.877689306314
19.882725505920

