Time_s
0.667432918825
0.671890812187
0.675665022754
0.679611686799
0.683519636820
0.687498611926
0.691533603188
0.695583596552
0.699603331955
0.703599968460
0.707501737834
0.711416798905
0.715221303191
0.719025534483
0.722821488156
0.726644174716
0.730493762709
0.734316923623
0.738196610270
0.742070926406
0.745999757817
0.749896321371
0.753833716790
0.757758371654
0.761682103584
0.765589287489
0.769480067049
0.773449709330
0.777449003630
0.781498080716
0.785548515877
0.789697110846
0.794161742546
0.958576038901
0.963979621564
0.968249209726
0.972727788768
0.977326306762
0.981925826532
0.986636112228
0.991377581262
0.996170706200
1.000978657135
1.005864063770
1.010770892535
1.015751984305
1.020758394414
1.025830422212
1.030894711050
1.035985586270
1.041140793528
1.046314345030
1.051565835469
1.056852018855
1.062201986150
1.067601109334
1.072990801381
1.078345576554
1.083781731261
1.089206260129
1.094598295543
1.100065890776
1.105436280960
1.110834080275
1.116245389825
1.121695170411
1.296838074095
1.301792427416
1.307028116627
1.312368214241
1.317757471667
1.323221252964
1.328792759531
1.334445542912
1.340166933634
1.345952837712
1.351829546515
1.357750422168
1.363745246098
1.369854201114
1.376126625575
1.382535023853
1.388697927514
1.395280042886
1.401777744841
1.407834485435
1.414782080883
1.421509757618
1.428455188276
1.435350690568
1.442315926127
1.449257268418
1.456229003017
1.463158151320
1.469957334753
1.476787127902
1.483452105500
1.489995188975
1.496302331707
1.502953386292
1.508586395152
1.515457101437
1.993273436003
1.998242372410
2.003256175270
2.008248705931
2.013261102974
2.018260331274
2.023283086293
2.028324525933
2.033378189634
2.038387820748
2.043382459093
2.048405741558
2.053490912278
2.058648634110
2.063853320025
2.068824838399
2.073886213710
2.225914932158
2.229310159971
2.232911627430
2.236728120476
2.240611775109
2.244572502008
2.248572536352
2.252552809304
2.256563703375
2.260608328560
2.264651281780
2.268651890565
2.272501400743
2.276581522462
2.280739963458
2.284787850084
2.288836399546
2.293017472636
2.297480722565
2.355425505375
2.358856782624
2.362577884148
2.366639488502
2.370790872665
2.375022251298
2.380182017635
2.384581799015
2.389022365277
2.393556588078
2.398572401451
2.403297653809
2.408108396490
2.413110180181
2.418246806943
2.423505826442
2.428855051021
2.434190273123
2.439643601903
2.445139971508
2.450885062479
2.456278795325
2.461087806136
2.465972621009
2.470885388974
2.475769231059
2.480548832124
2.485363991656
2.490178837073
2.495010923810
2.499883046980
2.504768966890
2.509576268991
2.514447426647
2.519336459631
2.524203069555
2.529071308081
2.533956492575
2.538832906378
2.543724104964
2.548595270324
2.553455946512
2.558305305432
2.563144987864
2.567966053870
2.572781598419
2.577602570330
2.582416205110
2.587208761077
2.592014953695
2.596808059582
2.601611026406
2.606427957742
2.611279775136
2.616201927472
2.621192046725
2.626395366148
2.631844314987
2.637094133860
2.642339423173
2.647473068971
2.652544253866
2.657511671288
2.662471328492
2.667419736926
2.672403745866
2.677426910325
2.682498203619
2.687590312485
2.692722268844
2.697879693758
2.703077479667
2.708297547800
2.713520964396
2.718753638624
2.723979480217
2.729187422143
2.734416688395
2.739664723387
2.744845626570
2.749919707525
2.754800764345
2.947092936193
2.951722704433
2.956602725605
2.961477746621
2.966317115259
2.971160823471
2.975994085477
2.980852241059
2.985772061483
2.990759752832
2.995768049899
3.000792315618
3.005908106075
3.011077997080
3.016281562202
3.021536077073
3.026818450332
3.032162728619
3.037558871882
3.042953366313
3.048383468707
3.053800196684
3.059308570716
3.064783597864
3.070258360313
3.075783341808
3.081286179907
3.086795179215
3.092320714725
3.097846418747
3.103292971599
3.108727424970
3.114174110859
3.119554525980
3.124882341547
3.130121072221
3.135467390010
3.140804136674
3.146151728772
3.151430667627
3.246327285318
3.251294798843
3.256753832402
3.262246475871
3.267801427484
3.273395228446
3.278998877141
3.284589983453
3.290176447272
3.295744131065
3.301282916007
3.306778601459
3.312301384893
3.317913800612
3.323627328223
3.329274730164
3.418594360761
3.422704051191
3.427211749190
3.432109312509
3.437039310052
3.442064886400
3.447126769239
3.452293148061
3.457513920933
3.462861077048
3.468302168967
3.473847488157
3.479490835637
3.485151239014
3.490836695472
3.496544133013
3.502212788329
3.507926373878
3.513688740171
3.519510270347
3.525304209021
3.531074658087
3.635797203930
3.640517450568
3.645803235610
3.651249068931
3.656718722378
3.662312921460
3.667964247491
3.673652379910
3.679339510920
3.684995530320
3.690659291088
3.696385938235
3.702107815995
3.707882467895
3.713645841956
3.719446952671
3.725214411828
3.730960409006
3.736770408164
3.742589170667
3.748451301596
3.754445293268
3.760290935530
3.766236626834
3.772185871351
3.778104962734
3.784358563247
3.790307077571
3.983538979631
3.989489036023
3.995698280934
4.002015243719
4.008445984137
4.015063118346
4.021669890995
4.028486981565
4.035148289534
4.042072305146
4.048765522639
4.055756586495
4.062493227841
4.069255408626
4.075981276072
4.082571831789
4.089152070517
4.095751260163
4.102305265064
4.108974880288
4.631185651012
4.634126742947
4.637595328484
4.641246979011
4.644882741903
4.648497942255
4.652111667651
4.655789804725
4.659559906518
4.663409615433
4.667174517417
4.671366746433
4.674955555495
4.678598904500
4.682358686018
4.686131587465
4.689777672264
4.693370968745
4.897087421518
4.901611212767
4.905437958172
4.909623619937
4.913822647919
4.918036563495
4.922270981406
4.926473605474
4.930650096034
4.934834966499
4.939041350891
4.943265855743
4.947546331456
4.951865217287
4.956186480867
4.960630419687
4.965080453121
4.969512438269
4.973946370419
4.978400611266
4.982884306708
4.987375087922
4.991923044525
4.996490778378
5.001037739398
5.005608206615
5.010185873419
5.014764826016
5.019363604823
5.023989901510
5.028653306178
5.033326234051
5.038005757648
5.042838764512
5.047868367503
5.052723030491
5.058205855304
5.062924337881
5.068007580901
5.073256020339
5.078324722862
5.083365064531
5.088432579334
5.093565138847
5.098766721926
5.103965906284
5.109229039181
5.114537150127
5.119963144610
5.125533694366
5.131387141312
5.137135152398
5.274582432470
5.278944557382
5.283428735539
5.287926602952
5.292403328847
5.296861367667
5.301414548638
5.305900548015
5.310496487042
5.315037195179
5.319576955696
5.324173226313
5.328756491146
5.333313688302
5.337984219389
5.342554381354
5.347152184412
5.351739550391
5.356343971720
5.360879868229
5.365338221685
5.605036738452
5.609279454740
5.613575770418
5.618087111484
5.622827821741
5.627632893352
5.632465832480
5.637356642827
5.642324663124
5.647378710931
5.652463641161
5.657626749598
5.662820421272
5.668054562538
5.673307378423
5.678609841751
5.683982244337
5.689412473686
5.694946131347
5.700548293571
5.706296609303
5.711834444463
5.816376320409
5.822071710855
5.827920888935
5.833903193442
5.839933322019
5.845985423290
5.852118995597
5.858259612532
5.864485103393
5.870805875798
5.877105910713
5.883464288641
5.889870172858
5.896252665540
5.902643349947
5.909040481812
5.915459344108
5.921798743431
5.928192645956
5.934550690619
5.940726679953
5.946955296840
5.952983665801
5.958814398817
5.964594767283
5.970028994019
5.975403963149
5.980767416421
5.986128521898
5.990673480106
5.995895416440
6.447654621230
6.452621047248
6.456537309895
6.459938234985
6.464035496556
6.468183702788
6.472458898272
6.476765186637
6.481082100214
6.485454622577
6.489757075540
6.494157666760
6.498539638412
6.502961789981
6.507363928369
6.511767419114
6.516189865951
6.520617859948
6.525099197840
6.529565063357
6.533997767117
6.538486481371
6.542929230380
6.547401367784
6.551855569083
6.556297584553
6.560749873440
6.565138300346
6.569574921668
6.573967844116
6.578406415294
6.582888577494
6.587373467380
6.591844867495
6.596276473092
6.600705792168
6.605151680683
6.609566732121
6.613948152694
6.618405006382
6.622923150072
6.627379081658
6.631843092042
6.636291975779
6.640827811384
6.684748071347
6.688226362751
6.691851522523
6.695565477083
6.699231439482
6.702966424304
6.706736704719
6.710465521142
6.714173550353
6.717869549105
6.721511439674
6.725074581955
6.728718385524
6.732064678188
6.866952419729
6.870932314567
6.875337743158
6.878643922555
6.882412561888
6.886299323017
6.890256418865
6.894278885513
6.898303009986
6.902346357037
6.906391597315
6.910416913292
6.914449429613
6.918475686056
6.922451094729
6.926558998483
6.930601077575
6.934688498187
6.938746969001
6.942806159660
6.946828326340
6.950871800680
6.954875362959
7.167885612610
7.171676165338
7.175821784319
7.180322051052
7.184869902196
7.189443979198
7.194062509399
7.198717562385
7.203523167209
7.208304397384
7.213167871613
7.218034848763
7.223088047629
7.228192145445
7.233467100747
7.238797356369
7.244298993601
7.249906770341
7.255645892676
7.261437017379
7.267427277791
7.273441420487
7.279603020740
7.285814390342
7.292135710815
7.298490081499
7.304939161476
7.311361856923
7.317817500306
7.324022206547
7.330318696409
7.336620542137
7.342882911710
7.349059480271
7.355194955880
7.361299467334
7.367415597057
7.373482356603
7.379514847175
7.385625070477
7.391725613939
7.397905955492
7.404037366667
7.410227592204
7.577548287672
7.580867522547
7.584391243930
7.587877934112
7.591501506070
7.595091993936
7.598840821949
7.602408581276
7.617160042709
7.622825328261
7.628454149909
7.633875416968
7.639128983465
7.645921083992
7.651207659538
7.656855609579
7.662594951962
7.668481134389
7.674382236421
7.680554029986
7.686395124044
7.741883103062
7.747719597477
7.753513726599
7.759543316123
7.765386835484
7.771447331563
7.777375172647
7.783293490041
7.789481927195
7.826684115833
7.832009921692
7.837405216542
7.842730039472
7.848040768093
7.853256632444
7.858403677755
7.863326779709
7.868438521604
7.873564640909
7.878677708936
7.883755158605
7.888794749610
7.893806215396
7.898782619939
7.903744103031
7.908738366362
7.913599199482
7.918342072827
7.923089392051
7.927828728144
7.932583622634
7.937336858434
7.942087453475
7.946882333516
7.951692603770
7.956573143922
7.961428515141
8.088273589891
8.093501767654
8.099287780678
8.105269113792
8.111464781486
8.117782456948
8.124222487242
8.130747100927
8.137358099561
8.144027178403
8.150875012521
8.157794462819
8.164894488316
8.172192202936
8.179663699650
8.187139745634
8.194734258062
8.202430794660
8.210237217520
8.217895659541
8.225659015050
8.233299333630
8.241164650700
8.248531820541
8.799555829356
8.805076332309
8.810347379771
8.815579630030
8.820749971166
8.825943971988
8.831185030831
8.836877755422
8.842020924061
8.847144959217
8.852327311519
8.857446666056
8.862602302879
8.867696569705
8.872783794377
8.877808696076
8.882849485263
8.887832475044
8.892790728180
8.897691157303
8.902574641034
8.907451597521
8.912306640805
8.917124874550
8.921993638488
8.926756057860
8.931541863046
8.936276640083
8.941054401838
8.945824952527
8.950575391686
8.955288900222
8.959865801826
8.964694598991
8.969580119655
8.974502068408
8.979418995105
8.984381749334
8.989352968125
8.994352936213
8.999347812265
9.004383051568
9.009428620858
9.014481136410
9.019558965008
9.024586071191
9.029579322892
9.034552044832
9.039576269705
9.044935718989
9.049944630497
9.055378159438
9.061343721475
9.097739363729
9.102610543703
9.106624564334
9.110996562243
9.115260204025
9.119458411365
9.123606273356
9.127707488896
9.131768163326
9.135801030974
9.139809683678
9.143783072847
9.147739965924
9.151679225064
9.155581198755
9.159513912241
9.163410729640
9.167322965931
9.171256179383
9.175179536664
9.179074028731
9.182976555682
9.186878607249
9.190805810418
9.194763013565
9.198725273817
9.202722084241
9.206707946090
9.210706810361
9.214747909964
9.218804926285
9.222867206725
9.226895618304
9.230875100033
9.234928139412
9.239008039178
9.243107509555
9.375706844412
9.379775100696
9.383788524727
9.388184432034
9.392743092298
9.397367441855
9.402093495739
9.406883700408
9.411826882144
9.416834369283
9.421938414711
9.427136328226
9.432458001965
9.437855449842
9.443358442850
9.448912280931
9.454564540907
9.460290547701
9.466134720793
9.472024515676
9.477935262497
9.483856117391
9.489796961302
9.495576374011
9.501443353288
9.507294665671
9.513171521550
9.518235328007
9.524125847158
9.530032276510
9.535883314549
9.541809809628
9.547650511501
9.553505329817
9.662822633413
9.667688185328
9.673157269295
9.678724730177
9.684334853350
9.689988578317
9.695645279828
9.701234961542
9.706902565484
9.712563772633
9.718224042371
9.723862150097
9.729530676439
9.735191376691
9.740798721657
9.746449838158
9.752086352996
9.757717746593
9.763355987616
9.768941638229
9.774444354472
9.779986712585
9.785535426968
9.791101091917
9.796700522570
9.802336321713
9.807990834770
9.813742757288
9.819680332495
9.825674230539
9.831608031428
9.837608510810
9.843710198937
9.849743451964
9.855601301202
9.917851382725
9.923255297373
9.928592625602
9.934378794190
9.940299801153
9.946247905859
9.952230581382
9.958290985286
9.964369080847
9.970484648277
9.976610235099
9.982795693583
9.989006346363
9.995175399232
10.001406514394
10.007598103143
10.013832170657
10.020044731241
10.026231321537
10.032470506961
10.038648785507
10.071288999962
10.077340473646
10.083676181938
10.090193131243
10.096874434598
10.103862644959
10.110960485839
10.118183348204
10.125186470032
10.285426916670
10.291633700223
10.297767051871
10.303957356462
10.310173903190
10.316429042490
10.322681584074
10.329022204511
10.335342639182
10.341691216207
10.348082467123
10.354494800543
10.360958620905
10.367496255048
10.374069239376
10.380666338088
10.387364919675
10.394141189653
10.401106220364
10.408118883209
10.414979351422
10.421612552955
11.236984989998
11.241458582857
11.246028071208
11.251209989618
11.256129567699
11.260909933403
11.265647320710
11.270370244277
11.275034641816
11.279723565496
11.284368571286
11.289060857424
11.293768590207
11.298491388980
11.303212954221
11.307931119254
11.312729295554
11.317592965255
11.322522348839
11.327469887420
11.332405745922
11.337333453162
11.342259442412
11.347177890598
11.352095558202
11.356995003509
11.361874422874
11.366740767828
11.371560045924
11.376399516589
11.381205740262
11.386014340566
11.390808212590
11.395599244364
11.400383118677
11.405175508199
11.409945281850
11.414692629868
11.419501986471
11.424321623074
11.429057521810
11.433885882298
11.438638744381
11.443528182819
11.536887171133
11.540153064530
11.543791250669
11.547403272777
11.551053462127
11.554694547909
11.558344555105
11.562019930648
11.565712509784
11.569424257737
11.573166891216
11.576958527535
11.580757278535
11.584947452372
11.588945856742
11.592989721832
11.596989420210
11.600987638836
11.605009478640
11.609060212543
11.613145247120
11.617225977081
11.621329908125
11.625465019763
11.629634161836
11.633858290176
11.637995024287
11.642202317156
11.646394915299
11.650411883695
11.654607435559
11.658785530075
11.662945325647
11.667101395304
11.671274201679
11.675457041017
11.679660489228
11.683883237644
11.688129997007
11.692391728752
11.696690073971
11.701015761742
11.705386801176
11.709773690697
11.714195456031
11.718796811268
11.723330843191
11.728236070847
11.732943579344
11.738849276334
11.743824408608
11.767163634754
11.772298017035
11.777400067547
11.782595844667
11.787840950724
11.793176001070
11.798297615214
11.803410241159
11.808583846181
11.813576448793
11.818901626025
11.823623064784
11.946327420434
11.949802593522
11.954225802313
11.958338913248
11.962432382797
11.966586699189
11.970798413456
11.975005232003
11.979240604008
11.983518712965
11.987851518693
11.992215932475
11.996230690849
12.000692663046
12.005171233918
12.009754589658
12.014408192363
12.019063968206
12.023778852011
12.028549295219
12.033321729748
12.038157375978
12.043027190365
12.047919198716
12.052837047489
12.057748651788
12.062639539008
12.067501568639
12.072396383704
12.077271444633
12.082137714281
12.086977176122
12.091848924999
12.096785534384
12.101661526393
12.106551308032
12.111411880115
12.116306097130
12.121143907446
12.125991227076
12.130918237507
12.135897439825
12.140687040013
12.277699777663
12.281480240614
12.285828786258
12.290218152215
12.294564608414
12.298820038429
12.303074051823
12.307347517837
12.311594389272
12.315775700431
12.320339463970
12.324911003814
12.329109585682
12.333262999680
12.337507086899
12.341703980519
12.345953872187
12.349832171510
12.354104534571
12.596718638975
12.600639645957
12.604678053771
12.608846927203
12.613494179125
12.618189321934
12.622864930705
12.627568283568
12.632320389084
12.637087251478
12.641907873958
12.646740868298
12.651632597207
12.656521885990
12.661429713831
12.666309847446
12.671160789449
12.676036673324
12.680936069465
12.685840490303
12.690819471299
12.695750262755
12.700760964360
12.705728440099
12.710855038546
12.715916595594
12.721009964255
12.726269415360
12.731525460207
12.736947121426
12.742416178499
12.748045726806
12.753852884184
12.759715213500
12.765852282718
12.772058147850
13.329918345161
13.335516207614
13.341308369836
13.346935997674
13.352620672315
13.358246404492
13.363931468984
13.369794006591
13.375472570845
13.381064647759
13.386707431515
13.392374666660
13.397998990542
13.403644107388
13.409312029473
13.415002442854
13.420730994748
13.426357710321
13.432008443410
13.437707917118
13.443464272299
13.449324697046
13.455158313675
13.461022856630
13.466950613740
13.472938923167
13.478996204918
13.484892061654
13.490819083770
13.496908061692
13.503014260360
13.509113472428
13.515191018987
13.521434270661
13.527651952000
13.533947954140
13.540209254308
13.546708014269
13.553116891583
13.559613227506
13.566165758675
13.647130960575
13.651915405376
13.656765518967
13.661614959420
13.666294374174
13.670871297383
13.675251175910
13.679465651046
13.683681341137
13.687883956017
13.692033454980
13.696153271000
13.700240214266
13.704350023192
13.708546015048
13.712706782181
13.716929277263
13.721089464393
13.725219876008
13.729347024794
13.733553882188
13.738121896704
13.742279329665
13.906209031489
13.910554544967
13.914621197727
13.918414826794
13.922418561434
13.926540959696
13.930754162482
13.935068504376
13.939484911552
13.944028165563
13.948556514033
13.953117705484
13.957791005478
13.962517778751
13.967271750782
13.972059682093
13.976876823232
13.981754990251
13.986701654997
13.991705365237
13.996738184976
14.001781944214
14.006856271850
14.012003914648
14.017096733287
14.022191874701
14.027285248981
14.032435918796
14.037597963952
14.042743968032
14.047884354460
14.053015283523
14.058172028687
14.063300680761
14.068383940684
14.073474771259
14.078592852657
14.083717172700
14.088850231881
14.094230704660
14.293848269262
14.298375311769
14.303483778865
14.308566458814
14.313684250816
14.318805903923
14.323941913322
14.329118708098
14.334325802195
14.339582681631
14.344841478563
14.350199481217
14.355533848734
14.360928088111
14.366353675138
14.371814474862
14.377318217721
14.382910488691
14.388565575794
14.394251438356
14.399967132032
14.405799364527
14.411733206998
14.417733424383
14.423769102855
14.429897499983
14.436117124676
14.442375602235
14.448731394376
14.455187769723
14.461645763781
14.468201581849
14.474660509570
14.481037888106
14.487399162141
14.493619937339
14.499872779057
14.507182412318
14.513404285112
14.519686624598
14.525929159487
14.532251344976
14.674125497020
14.680058356796
14.685998108251
14.691934305566
14.697898423534
14.703958396560
14.710025494062
14.715952023816
14.722036167492
14.728123281810
14.734305280062
14.740324662688
14.758069950736
14.764076111426
14.770256404737
14.776190642723
14.781984222906
14.787739034515
14.793469736830
14.799107046977
14.804857532416
14.810551225935
14.816374952850
14.822337246067
14.828073917742
14.915721080036
14.919928375324
14.925077327749
14.930271594839
14.935688804447
14.941163746882
14.946762312826
14.952475947195
14.958318806267
14.964257848111
14.970279432183
14.976479606679
14.982734970102
14.988769225509
14.995311824776
15.001843073454
15.008288649178
15.015064815201
15.022308350417
15.829076820090
15.833021425098
15.837443434434
15.841857096138
15.846272904433
15.850830682852
15.855566586654
15.860583821553
15.865339336475
15.928175449774
15.932325639724
15.936465242667
15.941131816820
15.945865397432
15.950625291993
15.955325363437
15.960143045103
15.965000225982
15.969905471038
15.974918031655
15.979990023718
15.985076569563
15.990129074355
15.995144112066
16.000174253820
16.005289164484
16.010390394488
16.015552480486
16.020721465345
16.025870158325
16.031000086720
16.036164079617
16.041302522977
16.046603465288
16.051860865870
16.057255235805
16.257703642924
16.260706444613
16.264156289914
16.267627128907
16.271132188741
16.274663817961
16.278213890020
16.281812991211
16.285455096305
16.289200759717
16.293170662244
16.297190803137
16.301468363474
16.306243333124
16.311085512099
16.315329933228
16.319434728572
16.323736006578
16.437041598697
16.440744994906
16.444487937476
16.448770886500
16.453125714314
16.457370132053
16.461502194863
16.465678528966
16.469883745900
16.474130537705
16.478380959926
16.482674934488
16.486977397804
16.491321100425
16.495650002464
16.500006216611
16.504376381778
16.508773012514
16.513176944930
16.517657447124
16.522148583129
16.526713945051
16.531235277253
16.535982358474
16.540943995427
16.545986960493
16.551046608809
16.756186855121
16.760030798993
16.764083840373
16.768518908370
16.772845443157
16.777102623153
16.781330158404
16.785497240728
16.789626106007
16.793791160269
16.797961405898
16.802179952829
16.806440304743
16.810778403673
16.815149124799
16.819494279474
16.823878944112
16.828265833939
16.832681165635
16.837119371259
16.841589415715
16.846044056439
16.850553021602
16.855051982749
16.859521999319
16.863981642690
16.868453313530
16.872922163558
16.877386018116
16.881844870490
16.886302274738
16.890744686862
16.895191343797
16.899635864452
16.904089883837
16.908524621022
16.912957820526
16.917376957980
16.921775115269
16.926164893633
16.930539952612
16.934943194559
16.939349295475
16.943714464110
16.948121802146
16.952570430542
16.957022353702
16.961534461823
17.056847262858
17.059203281549
17.061654527449
17.064078013119
17.066493396331
17.071743789979
17.073729905740
17.076642651075
17.078808053644
17.081178104314
17.083615330690
17.086505166267
17.088907042386
17.091432709014
17.094016230155
17.096528096775
17.099334165442
17.101627767457
17.104552250880
17.117012650012
17.121904202074
17.126823524039
17.131740279182
17.136681109378
17.141648417178
17.146574703554
17.151504078507
17.156390417515
17.161271974473
17.166087571315
17.171109616515
17.176091726811
17.181074135900
17.186054313329
17.191158916881
17.196248411713
17.201338192539
17.206484513042
17.211720136134
17.216916428679
17.222270149318
17.227643817334
17.233128060509
17.238310556538
17.338589694709
17.342813260728
17.347706983549
17.352578011539
17.357553378303
17.362621271980
17.367761773810
17.372972502793
17.378239651489
17.383574104389
17.388966579703
17.394411010550
17.399931236621
17.405626603812
17.411228718864
17.616609005361
17.620293803035
17.623769012582
17.627651166079
17.631525660126
17.635415831109
17.639392916216
17.643502031470
17.647569454953
17.651627303957
17.655627099671
17.659593594257
17.663537601160
17.667475870064
17.671440262431
17.675390627220
17.679314589144
17.683218944316
17.687100032492
17.690940082342
17.694773967629
17.698579778112
17.702348818600
17.706114366876
17.709837370705
17.713522157770
17.717176499689
17.720823875588
17.724466474234
17.728116257902
17.731782403169
17.735442520217
17.739102810346
17.742764807855
17.746438114611
17.750128247703
17.753804770374
17.757485201579
17.761177799769
17.764877869661
17.768595469742
17.772312984244
17.776026937399
17.779743109168
17.783477056962
17.787208916780
17.790935714100
17.794663106476
17.798401068522
17.802138335138
17.805876633934
17.809622035113
17.813368220589
17.817112460895
17.820856051254
17.824601303823
17.828350403743
17.832098900026
17.835854816750
17.839613878119
17.843402460689
17.847195869880
17.851024466607
17.854859208930
17.858729810711
17.862676907199
17.866674790190
17.870787556417
17.874995782095
17.879206214892
17.883385052252
17.888350332341
17.892454885477
17.897372359446
17.901224863717
17.906107644858
17.910335161707
17.915312403890
17.919923778615
17.924588334655
17.929192989310
17.933858959634
17.938438120625
17.943187986238
17.947861724224
17.952549950208
17.957236976606
17.961891105456
17.966550137348
17.971141430567
17.975659247291
17.980186009240
17.984668166231
17.989178361514
17.993704596444
17.998267418553
18.002885720085
18.007496399415
18.012135562169
18.016772874074
18.021407471911
18.026045528694
18.030701356991
18.035372903999
18.040038514420
18.044658089052
18.049302017338
18.053950786362
18.058569714877
18.063164893273
18.067790320376
18.072415388082
18.077014140891
18.081607232796
18.086165972816
18.090711086875
18.095247735729
18.099778978968
18.104290935599
18.108800236741
18.113299625103
18.117818227578
18.122435524535
18.127018566708
18.131581960102
18.136122781135
18.140647048176
18.145196258900
18.151244281889
18.161725748975
18.172296349290
18.182864541875
18.193542742572
18.204305545397
18.215605459370
18.269508430898
18.275084884646
18.280812306893
18.286684594173
18.292574001049
18.298485930204
18.304437624344
18.310393537545
18.316409991414
18.322442993577
18.328515689428
18.334695666942
18.340824388682
18.347063287552
18.353365829096
18.359652742932
18.366065475804
18.372397422805
18.378923379742
18.385354181743
18.391876763504
18.398485285456
18.405069477652
18.411730852032
18.418330006382
18.425015812441
18.431665492830
18.438398930866
18.451739204366
18.464977964192
18.478066443912
18.491081210859
18.504098993317
19.060519278057
19.066444393130
19.072207172441
19.077471274567
19.082667302359
19.087721296607
19.092859982870
19.097998970779
19.103151080464
19.108404965964
19.113642710355
19.118989079849
19.124240980287
19.129527017405
19.134868254451
19.140549898342
19.145855880838
19.151076511488
19.156288459444
19.161445400778
19.166599207687
19.171729512073
19.176840068534
19.181918341306
19.187026006673
19.192115727757
19.197303815406
19.202607317342
19.208067506362
19.213605976737
19.219232046182
19.224792496369
19.231014877798
19.236516848146
19.242103438344
19.247490152969
19.252958198073
19.258010488445
19.262934117919
19.267771492708
19.272544825791
19.277279589553
19.282023226927
19.286765016277
19.291530352777
19.296337852869
19.301156616669
19.306007505756
19.310900241174
19.315801323206
19.320739675249
19.325717433912
19.330709762781
19.335754940652
19.340850035916
19.345967965409
19.351104430961
19.356305481575
19.361528757888
19.366759359016
19.372037003534
19.377426538103
19.382925234548
19.388423822228
19.393808396881
19.399262520994
19.404718260626
19.410242679527
19.415793247429
19.421456113002
19.427132615193
19.432912160890
19.438682647724
19.444520712327
19.450353781962
19.456194476372
19.462051399234
19.467953780999
19.473948438284
19.480045297848
19.486288855717
19.492534121649
19.498950998069
19.504386482346
19.651960962989
19.656211102098
19.660446884408
19.664714768837
19.669449596633
19.673662529813
19.678072672216
19.682906504747
19.687829849483
19.692734348725
19.697612190241
19.702465137893
19.707318128650
19.712180158438
19.717043556594
19.721893569114
19.726707424377
19.731506894560
19.736301827452
19.741052509301
19.745772929629
19.750473493850
19.755146665701
19.759774866593
19.764389206904
19.768979225034
19.773509598295
19.778036683452
19.782555665188
19.787057848215
19.791529245758
19.795970536637
19.800398735352
19.804834455162
19.809255749748
19.813632550780
19.818037161856
19.822505816362
19.826991087687
19.831492535330
19.835998671207
19.840542168705
19.845053887228
19.849567387187
19.854078561620
19.858584659045
19.863043306864
19.867517825626
19.871986676295
19.876456674504
19.880910816117
19.885351729225
19.889821872505
19.894283562910
19.898800261893
19.903277678769
19.907751687454
19.912260199657
19.916803571862
19.921360097140
19.925942172141
19.930480601573
19.934954840883
19.939496505266
19.944144018958
19.948780244479
19.953420076559
19.958103021420
19.962834346599
19.967594907657
19.972381476502
19.977242756583
19.982135218243
19.987092073765
19.992078642963
19.997226011235

