Time_s
0.425470265314
0.428210636535
0.432179649154
0.435930299835
0.439492347644
0.442733902896
0.446060837032
0.449410723850
0.452810701070
0.456222325291
0.459584748808
0.462933737452
0.466249929478
0.469551930456
0.472855029451
0.476106898517
0.479327669656
0.482562115973
0.485775261157
0.488962129240
0.492127891448
0.495282299309
0.498394093622
0.501502336210
0.504644764174
0.507741221433
0.510758304382
0.513785410846
0.516752865853
0.519767200826
0.522777031788
0.525776090975
0.528799686328
0.531808418814
0.534827220141
0.537889075472
0.540991397987
0.544050141317
0.547204127471
0.550397793305
0.553718795078
0.766705972310
0.769998185640
0.773483287623
0.776949342498
0.780431569257
0.783935192894
0.787533047121
0.791080317146
0.794603747784
0.798170455178
0.801689079251
0.805223403129
0.808725759730
0.812235958583
0.815705137079
0.819225973964
0.822685650605
0.826155741393
0.829599060242
0.833114914879
0.836548986841
0.840034340174
0.843502632098
0.847001788986
0.850498765473
0.854021101191
0.857501414455
0.861039410169
0.864645157478
0.868191321196
0.871804749577
0.875403947923
0.879087330927
0.882674102706
0.886321502325
0.889960582971
0.893645892091
0.897312292461
0.901053619631
0.904770575800
0.908542817471
0.912305127882
0.916164432665
0.919962775290
0.923801492651
0.927620891984
0.931492143764
0.935408571848
0.939300011282
0.943247270599
0.947198500793
1.166094821558
1.175047081168
1.184060426065
1.193167156609
1.202290635851
1.211370217729
1.220410793833
1.229365368168
1.238295043236
1.247255928829
1.256229342330
1.265384790967
1.274615889356
1.283991868868
1.293451337499
1.303093812224
1.312786258728
1.322519739728
1.332292529757
1.342123283012
1.352054340703
1.362117629899
1.372304534488
1.382711029190
1.393229561569
1.403782698297
1.414312032389
1.424875214169
1.435466179579
1.446016989856
1.456141817545
1.466502380970
1.611449631317
1.615317148562
1.619649875110
1.623914255563
1.627898229115
1.631761885178
1.635643351391
1.639473894325
1.643284017036
1.647005276854
1.650687222798
1.654337690293
1.657955856460
1.661563884960
1.665125882134
1.668669128744
1.672167423986
1.675699743068
1.679248644698
1.682824186327
1.686349736824
1.856999410491
1.860508431175
1.863953462409
1.867190783600
1.870750243326
1.874160750942
1.877623910053
1.881043746390
1.884385555502
1.887660328483
1.890937108698
1.894253676019
1.897559518488
1.900852717845
1.904139934364
1.907486465821
1.910825163977
1.914248611099
1.917632477819
1.920962201646
1.924161197505
1.927418338635
1.930600287140
1.933812328749
1.937051178184
1.940355375757
1.943523497717
1.946869591027
1.949996767215
1.953233781885
1.979670618208
1.983030440918
1.986630942568
1.990034381377
1.993195449436
1.996490012380
1.999906836989
2.003353307441
2.006781632676
2.010228194226
2.013688651237
2.017167213287
2.020680506893
2.024219778216
2.027773346909
2.031371711959
2.035007372113
2.038660540161
2.042353880907
2.046342052263
2.051283722950
2.055515441952
2.059605741134
2.063923875873
2.068477086473
2.072922088952
2.077363969704
2.081853554204
2.086609385590
2.091116336246
2.095593065363
2.100539117881
2.105209670906
2.109934374505
2.114678342789
2.119281707037
2.123831048029
2.128566920381
2.133396252901
2.137588515620
2.141528065270
2.145290647619
2.148964868624
2.153120735836
2.157141663774
2.161081250688
2.165020667909
2.168961628201
2.172877203117
2.176783385421
2.180680889242
2.184631560952
2.188497709007
2.192349208925
2.196273847734
2.200178700250
2.204114790908
2.208034464858
2.211910221780
2.215804341054
2.219696552801
2.223571160542
2.227448807919
2.231333242916
2.235253382207
2.239127919315
2.242995256600
2.246862731615
2.250772082947
2.254662367526
2.258531085123
2.262431025603
2.266323321269
2.270212644048
2.274109151237
2.278015745612
2.281972709348
2.285851266129
2.289692652850
2.293531044458
2.297358441335
2.301227846286
2.305084214276
2.308930943364
2.312813449302
2.316660128138
2.320549106432
2.324417111902
2.328268016567
2.332175593492
2.336034466467
2.339905652699
2.343755414147
2.347597135979
2.351446581817
2.355299791409
2.359148616774
2.362978281375
2.366823590510
2.370649007685
2.374488707798
2.378372488237
2.382285721756
2.386316411599
2.390307674129
2.394374679262
2.398516070912
2.402674989536
2.406807356056
2.411005210109
2.415149592208
2.419323375565
2.423520420906
2.427703686734
2.431878144088
2.436108419111
2.440254873299
2.444379300070
2.448488475624
2.452632509398
2.456733482648
2.460831089246
2.464951061197
2.469070576800
2.473216293247
2.477355425738
2.481486090503
2.485639691500
2.489770867831
2.493938597223
2.498058535152
2.502224604999
2.506344911460
2.510469217914
2.514682412482
2.518824028923
2.522977071905
2.527126219054
2.531310035489
2.535438645474
2.539640293780
2.543826575389
2.547990637408
2.552117133711
2.556265818485
2.560409054846
2.564511430471
2.568718953837
2.572857375164
2.576961995132
2.581111563176
2.585241050174
2.589378555040
2.593614367376
2.597775714509
2.601954145949
2.606128963996
2.610358975078
2.614663236942
2.619115254959
2.623422951118
2.627830543646
2.632160480023
2.636548250941
2.640887671640
2.798578843571
2.802427096539
2.805725816508
2.809119691722
2.812530157924
2.815951238056
2.819391075274
2.822835503128
2.826283602474
2.829710802119
2.833120727377
2.836533492115
2.839971612006
2.843423189913
2.846855466502
2.850295679364
2.853745774420
2.857189162705
2.860646898292
2.864121771957
2.867621736163
2.871128832503
2.874637329113
2.878140834360
2.881650745351
2.885132101995
2.888635672802
2.892182374918
2.895739611502
2.899238186813
2.902789530187
2.906341749618
2.909891230516
2.913464392786
2.917032357008
2.920616914651
2.924169204916
2.927677322224
2.931206662936
2.934805241117
2.938406207554
2.942027938172
2.945629243722
2.949234557255
2.952870385869
2.956542382892
2.960216884152
2.963956734494
2.967651133762
2.970864151995
2.974320398366
3.166016035127
3.170302324877
3.174178135109
3.178329130153
3.183356372456
3.187942035509
3.192681502980
3.197551609581
3.202544805116
3.207616294590
3.212866787097
3.376980206809
3.381978846259
3.386713904016
3.391389130654
3.395922129251
3.400663369590
3.405556650002
3.410365278082
3.415231974339
3.420107605062
3.425023748934
3.429878293668
3.434813496860
3.439705103264
3.444625631783
3.449572482128
3.454574618092
3.459641175403
3.464810358462
3.469947306607
3.475187318174
3.480834199488
3.545869677436
3.550748171262
3.555533564564
3.560369029005
3.565427950191
3.570566872514
3.575793308780
3.581053820393
3.586249240048
3.591447335705
3.596665327522
3.601897369562
3.607094615972
3.612294025801
3.617509964568
3.622743948840
3.627981163983
3.633237309468
3.638544311848
3.643845485230
3.649218167880
3.654600458515
3.660137375624
3.665753421628
3.671387902960
3.676933987867
3.682307642917
3.687821290477
3.693389836760
3.737196454368
3.742116790826
3.747054604590
3.751862675569
3.756603345824
3.761318137170
3.766019324818
3.770705218211
3.775363521390
3.780061186020
3.784750894508
3.789464713160
3.794198481196
3.798970848476
3.803895221742
3.808759221982
3.813766236967
3.818741362916
3.823645262087
4.017690710898
4.022985125899
4.027705785592
4.032223537424
4.036668428507
4.041500410014
4.046557357061
4.051542149446
4.056474496600
4.061514416528
4.066585186253
4.071694009035
4.076853473270
4.082059394843
4.087334357705
4.092641608579
4.098051299831
4.103594575246
4.109087510385
4.114605252952
4.120204036155
4.125805150936
4.131613984961
4.137169220950
4.142888130720
4.148622087486
4.154455715872
4.160333335966
4.166113116144
4.172119235236
4.177991930140
4.183877496633
4.189631427036
4.195432046465
4.200945696074
4.206581729305
4.741545407070
4.745120638813
4.748176560518
4.751556954709
4.755279838820
4.758873600428
4.762334537189
4.765837199776
4.769359659804
4.772813429801
4.776219848979
4.779657417317
4.783058291033
4.786450353118
4.789858106471
4.793255749598
4.796670791034
4.800115390517
4.803680802869
4.807175522901
4.810601152597
4.814003380323
5.080831061044
5.084394879854
5.087968058215
5.091628216371
5.095512756717
5.099371675978
5.103132675599
5.106884977237
5.110617058609
5.114288429493
5.117914093776
5.121508376461
5.125034700610
5.128601236683
5.132113973588
5.135581427248
5.139081600026
5.142514820804
5.145969525335
5.149418893931
5.152826330842
5.156211220732
5.159578529576
5.162918005655
5.166320994694
5.169681309343
5.173031140788
5.176354348497
5.179675401008
5.182997731601
5.186312809106
5.189644022680
5.192956541505
5.196304097504
5.199661899320
5.202974031542
5.277942640885
5.281146934967
5.284357857277
5.287567349309
5.290811045883
5.294137448000
5.297513894636
5.300902748809
5.304342481629
5.307859994394
5.311348763458
5.314898865704
5.318558872997
5.322466510448
5.326819792110
5.330807859861
5.334152328279
5.502568377764
5.506474399026
5.511237817914
5.515649483266
5.519993895662
5.524371441057
5.528746171911
5.533091864367
5.537425437488
5.541750573580
5.546060548184
5.550360412674
5.554632719709
5.558940212675
5.563202487192
5.567482883437
5.571736704870
5.576008994537
5.580254753103
5.584493198381
5.588748607578
5.593018385611
5.597290641228
5.601549433226
5.605773475840
5.610032166384
5.614287001971
5.618561743694
5.622845590372
5.627128309756
5.631406710544
5.635716986125
5.640113290785
5.644678067384
5.649293494604
5.653693149396
5.666850388099
5.668986375878
5.670762040108
5.673154643230
5.675455950861
5.677215026141
5.678968253968
5.681236481114
5.683267714251
5.685041555115
5.686835150114
5.688879729389
5.690642771212
5.692420215988
5.694206373802
5.865741015408
5.869485937693
5.873674020523
5.877643224654
5.881597300794
5.885875006025
5.890493441310
5.894919748619
5.899329462618
5.903817653794
5.908248287175
5.912587696001
5.916976917967
5.921343870458
5.925753255316
5.930180893639
5.934615055400
5.938981133163
5.943402162324
5.947851463169
5.952327059720
5.956749487331
5.961214319157
5.965691077684
5.970178454200
5.974688777720
5.979181846867
5.983725868078
5.988243660707
5.992754210079
5.997263618604
6.001784640548
6.006286412832
6.010761290625
6.015242184010
6.019715179974
6.024150578967
6.028536467949
6.032912821624
6.037257169306
6.041633159129
6.045940135512
6.050135361643
6.054283342720
6.058430216302
6.062550454813
6.066632717450
6.070767080864
6.075088436965
6.079518463010
6.083994167381
6.088519031756
6.093011639037
6.097283960014
6.178755570551
6.182037312354
6.185408836605
6.188657558049
6.191961226256
6.195257689365
6.198613242614
6.201976621272
6.205286413284
6.208595972970
6.211923040241
6.215231845110
6.218540950918
6.221837557893
6.225133064864
6.228433267092
6.231704727724
6.234973525296
6.238233419972
6.241495527539
6.244770289029
6.248035334771
6.251293621326
6.254535186195
6.257777164598
6.261003835532
6.264203780841
6.267399097663
6.270577759755
6.273750048143
6.276907744744
6.280048497838
6.283167566380
6.286262797182
6.289346886333
6.292368186568
6.295350930900
6.298319576649
6.301285440465
6.304278616049
6.307258335090
6.310238786501
6.313213331286
6.316150436354
6.319072687747
6.321964819671
6.324811156695
6.327619096124
6.330407225674
6.333152465918
6.335922735941
6.338680747149
6.341433067456
6.344168305367
6.346894796949
6.349645967232
6.352410659489
6.355180503336
6.357990938774
6.360832365938
6.363639490860
6.366074250837
6.368524293248
6.371510900010
6.374547761050
6.615447436329
6.618684700680
6.622174993139
6.625864719596
6.629485623161
6.633491481677
6.637816004039
6.641837080983
6.645954796103
6.650097917996
6.654197342597
6.658292713831
6.662400205327
6.666484671641
6.670575035770
6.674655528560
6.678711878303
6.682780901946
6.686841568349
6.690888795495
6.694911956596
6.698938283022
6.702950207665
6.706972784047
6.710967791787
6.714989790358
6.719008442387
6.723011099259
6.727045856426
6.731017545674
6.735022570145
6.739030912818
6.743030188232
6.747006148823
6.750987600052
6.754963317963
6.758883504943
6.762819462058
6.766760305893
6.770675207187
6.774591563793
6.778495641616
6.782380974879
6.786287971684
6.790168875709
6.794077289627
6.797953194592
6.801817037650
6.805683671132
6.809553509023
6.813444293896
6.817300860394
6.821169503052
6.825122274530
6.829070279294
6.833141742232
6.837388164061
6.841735088366
6.845852136652
6.850208795212
6.854543728798
7.046425240695
7.050287341801
7.053765014045
7.057350407559
7.061383395150
7.065299816589
7.069274159586
7.073267619414
7.077254451344
7.081263650416
7.085306543056
7.089383579468
7.093399298142
7.097518248196
7.101617231133
7.105732987735
7.109861559885
7.114061304210
7.118290084556
7.123055751944
7.127699044704
7.132405848310
7.136838867142
7.141300136395
7.146160310268
7.448610991703
7.452728235033
7.456731141386
7.460744951098
7.465241720206
7.469806425752
7.474147199292
7.478575517841
7.483031854463
7.487444844362
7.491542536921
7.495986448565
7.500393710726
7.504912059639
7.509456230732
7.514049755122
7.518672561321
7.523291952349
7.528025850056
7.532655142861
7.537365593727
7.542077545686
7.546760029418
7.551488724388
7.556217881955
7.561008067020
7.565630883900
7.570380778945
7.575072968647
7.579650746866
7.584243308988
7.588932218244
7.593553773428
7.598155333214
7.602807107019
7.607427629538
7.612106278732
7.616837844458
7.621703314115
7.770232236052
7.774619068565
7.778744640697
7.782869625318
7.787530131020
7.792983404070
7.798539142768
7.804081010751
7.809740192272
7.815719992114
7.821794929559
7.828215975864
7.834756639792
7.840987312208
7.846989581432
7.852976900212
7.859000189908
7.865057082511
7.871006499021
7.877262214980
7.883627163508
7.890047453378
7.896299323549
7.902409235514
7.908473337933
7.914565606759
7.920674474493
7.926832536459
7.932926716734
7.939031996865
7.945039178425
7.950984281470
7.956947859982
7.962726312927
7.968433632312
7.974082092341
7.979690316076
7.985277051154
7.990617713580
7.995940594452
8.001015093618
8.005963780269
8.011011209703
8.016028304873
8.020907420795
8.025668940692
8.030527276594
8.035408043907
8.040451401187
8.045201989819
8.050198589666
8.055183225204
8.115219062457
8.117244513837
8.119777508043
8.121855747374
8.123973642982
8.126109106707
8.128601072084
8.131158735550
8.132948085579
8.134770977051
8.137359903787
8.139132891126
8.141304763611
8.144266770884
8.147766205888
8.151572347593
8.155011574720
8.158383419111
8.161730437541
8.165102057566
8.168593738656
8.172080693658
8.175540999672
8.178904008632
8.182271549031
8.185640338233
8.188962640971
8.192277573280
8.195566511928
8.198836513565
8.202111278469
8.205372524295
8.208603678296
8.211828310362
8.215039924783
8.218239206780
8.221434355061
8.224626194959
8.227798033693
8.230975454554
8.234129169773
8.237284778788
8.240474414781
8.243654391105
8.247186437203
8.250551343195
8.253922233089
8.316424037938
8.319044982778
8.322516253389
8.326008409550
8.329190766154
8.332483335112
8.335663541231
8.339001094640
8.342390180949
8.345751091092
8.349178606989
8.352621808014
8.356102431861
8.359579638067
8.363102377505
8.366597192472
8.370126168723
8.373691721541
8.377274995878
8.380893070967
8.384529189256
8.388165882698
8.391784685104
8.395434584644
8.399094404226
8.402769066379
8.406428310066
8.410132825229
8.413825290450
8.417556676888
8.421271329562
8.424992982646
8.428705134854
8.432459601056
8.436266699005
8.440009386304
8.443742127009
8.447515617743
8.451263645392
8.455015424907
8.458764760109
8.462514549081
8.466286857688
8.470045103963
8.473809211348
8.477604876386
8.481407486164
8.485193613520
8.488915189909
8.492445501057
8.496025742809
8.499611828114
8.503288067594
8.506972243518
8.510626140590
8.514316544763
8.518048731119
8.521766178975
8.525456202626
8.529156550844
8.532843299096
8.536554905676
8.540245083718
8.543946672427
8.547629850695
8.551352839614
8.555015961979
8.558718538542
8.562411295198
8.566094013058
8.569756002126
8.573467068625
8.577206738412
8.580864865030
8.584546138291
8.588245084527
8.591943087216
8.595683289470
8.599408565766
8.603207982162
8.608010766154
8.612222200232
8.616430922598
8.620822372293
8.625198327641
8.629432991601
8.633700437095
8.638010014890
8.642257840033
8.646573617281
8.650858019468
8.654849074595
8.658383447943
8.662025453430
8.665847738710
8.669625773063
8.673427976815
8.677257750726
8.681149257568
8.685029691310
8.688895148156
8.692805935120
8.696666991875
8.700569507404
8.704437784603
8.708328235700
8.712242129238
8.716182522096
8.720122868047
8.724032339634
8.727940792250
8.731845369195
8.735732059325
8.739664069153
8.743588144728
8.747503109608
8.751445325438
8.755432558455
8.759433603754
8.763487090764
8.767507088724
8.771701160347
8.775916333925
8.780227633677
8.784580313789
8.789254150151
8.793761441485
8.927157055436
8.931387398495
8.935101538315
8.938712052430
8.942483382127
8.946342592657
8.950168823680
8.954050679291
8.957943623640
8.961797586795
8.965649220777
8.969509975924
8.973375008191
8.977214838672
8.981025984602
8.984838641944
8.988616732490
8.992392371819
8.996151937058
8.999903703053
9.003650489106
9.007361380241
9.011098440942
9.014813432217
9.018538050755
9.022249992477
9.025991610479
9.029745540653
9.033539503098
9.037473651251
9.041354096539
9.045151382842
9.052963686873
9.057544979821
9.189974755998
9.194056017923
9.197830723593
9.201440072557
9.205423176152
9.209552164611
9.213585662045
9.217634538738
9.221749171025
9.225856087348
9.229992054622
9.234150350972
9.238344498720
9.242552215046
9.246778737490
9.251042599051
9.255398207790
9.259855891075
9.264494843266
9.269114109258
9.273825688091
9.278641105682
9.283891247216
9.289040649667
9.294019497763
9.298383909272
9.303495443871
9.338718708901
9.343738581726
9.348447381150
9.352912520768
9.357327685486
9.361665864994
9.365945984779
9.370279720480
9.374602118520
9.378865938026
9.383151860846
9.387460358780
9.391807679472
9.396189190170
9.400700350478
9.405340656951
9.410038915279
9.414907407108
9.419957702044
9.424987478781
9.429967743428
9.434946418715
9.440074647284
9.445281949253
9.450390738482
9.455489565672
9.460646773526
9.465643343563
9.470643895629
9.475646806431
9.490650033375
9.494723989070
9.498883055171
9.503051760154
9.507521903273
9.511919280898
9.516348501061
9.520878502635
9.525431026217
9.529978094464
9.534523819482
9.539116770392
9.543763565467
9.548439380927
9.553181535806
9.557929558129
9.562708808999
9.567482859107
9.572248142271
9.577079546314
9.581889329951
9.586720107790
9.591578339853
9.596377164882
9.601205165285
9.605989049048
9.610801037414
9.615649404823
9.620515439799
9.625312540037
9.630183720551
9.635025515599
9.639919319428
9.644857748092
9.650151580081
9.655337537558
9.660401090829
9.665872837033
9.671151108753
9.676596822677
9.681686317633
9.686743349706
9.691593279505
9.696536741905
9.701280016332
9.706063806448
9.710836535975
9.715646224043
9.720448160030
9.725220683577
9.730059059175
9.734878672206
9.739766906027
9.744645180005
9.749463380123
9.754366011632
9.759271587006
9.764206818443
9.769195524781
9.774202514318
9.779475214692
9.784697893995
9.790020731535
9.795393078164
9.800919368226
9.806509635100
9.812058144727
9.817820599614
9.823479887734
9.829137788261
9.834810489866
9.840533314117
9.846117880461
9.851110694811
9.855839460320
9.860907463169
9.865946585356
9.871037685311
9.876217690950
9.881525412110
9.886875809291
9.892382521283
9.897807003469
9.903318036177
9.908903238359
9.914687932956
9.920395698938
9.926276661811
9.932138629099
9.938053060961
9.944031275265
9.950049227997
9.956033776294
9.961864965548
9.967863668421
9.973648971836
9.979684410985
9.985657367970
9.991670663684
9.997731137736
10.003871426083
10.010073244060
10.016278427830
10.022346106640
10.028102664440
10.034562703529
10.558358470341
10.562764756325
10.566830639153
10.570650424083
10.575096700383
10.579458372258
10.583781397932
10.588021394724
10.592311150895
10.596589286140
10.600871049586
10.605155802802
10.609402495242
10.613639389955
10.617843404809
10.622001069069
10.626151014990
10.630253455256
10.634321219591
10.638359825541
10.642334059217
10.646282720413
10.650163824812
10.653971208424
10.657711912251
10.661429344481
10.665120115396
10.668768020432
10.672396263388
10.676021352225
10.679615508996
10.683211607579
10.686779890741
10.690318685044
10.693847857499
10.697338952754
10.700802252303
10.704248443212
10.707668812309
10.711050362821
10.714372869397
10.717672149093
10.720961762760
10.724230798990
10.727487333586
10.730734285613
10.733944608309
10.737143866949
10.740332250374
10.743511560337
10.746695430542
10.749885876919
10.753087034240
10.756300917681
10.759532263754
10.762787205188
10.766061649534
10.769344921058
10.772661590201
10.776004161602
10.779318509230
10.782632600371
10.785891583890
10.789137620031
10.792317075595
10.898437465239
10.905084854037
10.908104210429
10.911241681397
10.914485129108
10.917853557456
10.921226863461
10.924618451378
10.928006727953
10.931388161417
10.934799164616
10.938205298457
10.941622409846
10.945049074280
10.948507665868
10.951987388307
10.955475465927
10.958962041965
10.962469964680
10.965958158962
10.969482352822
10.973032047735
10.976586374541
10.980139904828
10.983692032796
10.987258556465
10.990839379476
10.994422316372
10.998099870341
11.001909135369
11.005549514636
11.009196014593
11.012848443401
11.016487322520
11.020138798853
11.023826759791
11.027456061082
11.031088792236
11.034685284639
11.038256049963
11.041831759268
11.045426282766
11.049032662177
11.052638365368
11.056232356643
11.059868121677
11.063483882380
11.067113815329
11.070739945865
11.074375661830
11.078006653724
11.081673588780
11.085319023518
11.088938060985
11.092532395702
11.096189752386
11.099834846705
11.103507178874
11.107168959601
11.110794582794
11.114408845088
11.118032166103
11.121668753240
11.125418443338
11.129417803787
11.133822626422
11.137968050243
11.141989552087
11.145935092393
11.150249678462
11.154654971928
11.158979422781
11.163064187783
11.166801735256
11.170243673395
11.174334278253
11.177247189680
11.180613050988
11.183460220276
11.186708019557
11.189973494966
11.193843186633
11.197554429855
11.201131415971
11.204805498693
11.208492621693
11.212166631818
11.215858852794
11.219579483196
11.223309376076
11.227042476953
11.230821402596
11.234651210064
11.238524272852
11.242431668236
11.246485522780
11.250683588413
11.255040366892
11.259702460952
11.264317589171
11.405632833009
11.409670846984
11.413551658507
11.417368552981
11.421187436264
11.425143693979
11.429160277470
11.433200583907
11.437307418377
11.441365953948
11.445442472221
11.449441670098
11.453352435609
11.457069977046
11.460898617042
11.464783882971
11.468669194979
11.472584152324
11.476442276594
11.480317644189
11.484190323338
11.488094288508
11.491970255425
11.495850238677
11.499719170849
11.503632264838
11.507520070303
11.511452842305
11.515409275787
11.519330994657
11.523267459608
11.527244050915
11.531208866911
11.535177384063
11.539169479678
11.543161932765
11.547157905574
11.551165474998
11.555176214786
11.559234338901
11.563347679850
11.567509835226
11.571743675831
11.576122024337
11.580687260383
11.585422815622
11.590352071585
11.594648039669
11.598801078620
11.676071866414
11.680348520900
11.684229022024
11.688177823596
11.692330368185
11.696501687021
11.700613908078
11.704752628479
11.708881971178
11.712995362541
11.717122827022
11.721246069073
11.725394210006
11.729528347812
11.733747090898
11.737964106580
11.742187479066
11.746461441770
11.750723520827
11.755017670897
11.759369725500
11.763737632167
11.768158552255
11.772525680319
11.776992636905
11.781618658524
11.786435666638
11.791352502271
11.796348619713
11.801743978576
11.806788863512
11.811561221380
11.935898275454
11.940640591929
11.944237655461
11.947839016419
11.952084285591
11.956786124443
11.961139079272
11.966056735560
11.970493938247
11.974936397644
12.182509289214
12.186279423753
12.189879861802
12.193469361595
12.197508952008
12.201443415618
12.205349139102
12.209259082882
12.213206257646
12.217147017400
12.221119470583
12.225066812744
12.229035886457
12.232993192857
12.236954613401
12.240899101032
12.244830469915
12.248785179699
12.252691501281
12.256593261395
12.260488027365
12.264368837408
12.268254874062
12.272098789738
12.275952552150
12.279777253567
12.283631566936
12.287453541471
12.291291848999
12.295141304228
12.298998894271
12.302895988842
12.306816896907
12.310735083067
12.314671015140
12.318719433450
12.322907631240
12.327340693569
12.331420410685
12.335589155721
12.339845772879
12.409449804364
12.412757495327
12.416890468465
12.420910460267
12.425678293041
12.430105550153
12.434581815779
12.439429295315
12.444072637152
12.448881560702
12.453788793362
12.458701549733
12.463753363676
12.468762722935
12.474133586082
12.479525123144
12.484857026539
12.490216452940
12.495634910080
12.501030355156
12.506573370952
12.512115497853
12.517764580675
12.523265132468
12.528434644681
12.533926664499
12.539135975253
12.544571669610
12.550030728154
12.555454675662
12.560890358572
12.566421179255
12.571979990445
12.577699621128
12.583794420933
12.589267088549
12.594815134956
12.600520949771
12.618136303088
12.622687309091
12.626778629619
12.631750111269
12.637101275953
12.641799281054
12.646391570809
12.651192152734
12.655914323120
12.660647188253
12.665337717173
12.670141831420
12.674897229343
12.679636974259
12.684645169991
12.689466182282
12.694293420026
12.699147583272
12.704144032595
12.708688838493
12.924052278947
12.927973987279
12.931801609302
12.935525199173
12.939275634215
12.943096528104
12.946918450672
12.950740325047
12.954542602424
12.958308060769
12.962082244855
12.965824246704
12.969546646835
12.973265004882
12.976974690430
12.980665645766
12.984359526510
12.988067092646
12.991711860362
12.995366739542
12.999065468377
13.002796206679
13.006495180506
13.010199289891
13.013922118083
13.017606818201
13.021286186707
13.025005418283
13.028738286503
13.032479901188
13.036231253488
13.039969469776
13.043761381812
13.047587614031
13.051437248023
13.055353401965
13.059305542216
13.063337493263
13.067476433955
13.071605507654
13.075929732590
13.080195929673
13.084367736518
13.088813349615
13.093436871365
13.239705686176
13.244023605015
13.248059089689
13.252203421445
13.256692450032
13.261179899915
13.265622806470
13.270113937871
13.274635713852
13.279148720265
13.283694616332
13.288263371337
13.292854322071
13.297460088809
13.302099658883
13.306801986599
13.311526562407
13.316257906328
13.320999462565
13.325751181955
13.330497142540
13.335290572026
13.340109482059
13.344945084355
13.349816888147
13.354718263206
13.359641300682
13.364588676322
13.369541860223
13.374544967542
13.379590424641
13.384701761292
13.389837183688
13.395064910770
13.400306987251
13.405540119586
13.410763754829
13.416050705323
13.421474009542
13.427085389212
13.432969074299
13.438679824609
13.444219683258
13.449682116611
13.963769770552
13.968783858606
13.973646771562
13.978371714060
13.982921309481
13.987637178108
13.992379210713
13.997107271772
14.001856728738
14.006582731045
14.011341940569
14.016118459424
14.020892892549
14.025669286374
14.030451349303
14.035218553850
14.040015166947
14.044809701553
14.049748493403
14.054798474340
14.059860340096
14.064869496945
14.069785428838
14.074704397257
14.079710734457
14.084474302595
14.089244460462
14.093948450951
14.098593438519
14.103236814628
14.107850119018
14.112456270705
14.117009438600
14.121603762655
14.126200601753
14.130866158318
14.135556218076
14.140267848483
14.144975392925
14.149684889980
14.154594538779
14.159239965805
14.164134492062
14.318913936551
14.323993782569
14.328239518547
14.332491205533
14.337269834123
14.342266770678
14.347151729301
14.351990517848
14.357084382894
14.362182455486
14.367305055848
14.372478294151
14.377734656399
14.383067451326
14.388344852685
14.393853036454
14.399194504830
14.404971516130
14.410450154943
14.416400323608
14.422212569671
15.028209191338
15.031942094393
15.035650853329
15.039296326867
15.042930183021
15.046970674276
15.050869244183
15.054769156369
15.058650058056
15.062669124420
15.066915911914
15.071296117653
15.075251520602
15.137322166170
15.141194791687
15.144372624027
15.147752061122
15.151406018327
15.155150685471
15.158819959576
15.162458810597
15.166155035377
15.169836833064
15.173516843743
15.177158636810
15.180808112508
15.184451826728
15.188086525126
15.191712246770
15.195338394732
15.198970486823
15.202588593823
15.206216238199
15.209826427023
15.213430767257
15.217041118403
15.220648161502
15.224245625163
15.227832480252
15.231437275855
15.235022473818
15.238645880564
15.242257249862
15.245876750379
15.249527426548
15.253214864488
15.256951212267
15.260740047968
15.264542697118
15.268326025777
15.471086697081
15.474866004724
15.478422727644
15.481967982339
15.485818109104
15.489606320564
15.493324671700
15.497011344548
15.500705563751
15.504339374590
15.507913989777
15.511449775701
15.514962269108
15.518429108644
15.521925820377
15.525313459319
15.528659142185
15.532029435298
15.535387184177
15.538686576646
15.541939854734
15.545218781097
15.548459747727
15.551674639414
15.554851638398
15.557992117856
15.561095826194
15.564186700505
15.567334009244
15.570400144144
15.573412467472
15.576316585655
15.579259922169
15.582226934576
15.585171398792
15.588136241543
15.591121198760
15.594144487073
15.597190427801
15.600263755045
15.603300497204
15.606338928046
15.609443330890
15.612617163078
15.615600867495
15.618412812361
15.621286496601
15.624253478288
15.627272534295
15.630313388179
15.633357994609
15.636411506923
15.639525995266
15.642625980417
15.645728061327
15.648800710025
15.651844536936
15.655028413245
15.665592984228
15.668189530954
15.671182007693
15.674105135237
15.677122058992
15.680420542432
15.683948881866
15.687621468113
15.691245292410
15.695130941769
15.699604904175
15.703664646734
15.707531463544
15.711501932518
15.716113546179
15.755760818659
15.759411229516
15.762754407834
15.766454284775
15.769978025714
15.773535369441
15.778018890772
15.782269318953
15.786444283189
15.790557915235
15.794900148322
15.799190548668
15.803526937813
15.807946738680
15.812411181832
15.816849987154
15.821482728840
15.825964232931
15.830740955898
15.835233180350
15.840210269505
15.845023499507
15.850061415941
15.854659868611
15.859406649881
15.864001099095
15.869002610052
15.873717034716
15.878557229990
15.883358254873
15.888189554882
15.893130813805
15.898088416591
15.903105314170
15.908403105584
15.913379339187
15.918572824188
15.923558057258
16.097486376061
16.101558272017
16.105378271716
16.109545876920
16.114272948787
16.118557263994
16.123022324179
16.127447418279
16.131892516701
16.136309502311
16.140756000328
16.145173226322
16.149586262216
16.154023027861
16.158467972130
16.162901430155
16.167353116449
16.171776123071
16.176193065692
16.180628675522
16.185084890300
16.189376875218
16.193730318424
16.198056576818
16.202313003847
16.206548074474
16.210707861682
16.214850977961
16.218924581331
16.222981859410
16.226979954760
16.230998572274
16.234887416296
16.238711110908
16.242524033812
16.246297389406
16.250073699439
16.253821582020
16.257538781351
16.261233641090
16.264848998191
16.268419149645
16.271951096385
16.275485600110
16.278966988977
16.282455986605
16.285891913879
16.289311139320
16.292700592313
16.296026198484
16.299336747219
16.302648144644
16.305964847425
16.309280079377
16.312557165136
16.315789343954
16.318997176559
16.322310143545
16.325647502473
16.329053843145
16.332394663672
16.335664557910
16.338970607098
16.342245134306
16.345598481523
16.348870149950
16.352053527556
16.468945187377
16.472415729862
16.475963269729
16.479756964703
16.483473815136
16.487308073924
16.491237702460
16.495241234642
16.499310753758
16.503300758031
16.507372525099
16.511577371090
16.515739283446
16.519967080512
16.524207881376
16.528484901507
16.532847761921
16.537199546485
16.541652537249
16.546024112527
16.550395097744
16.554781834536
16.559257427205
16.563693038455
16.568114325329
16.572682673819
16.577329487888
16.581835985852
16.586491772873
16.591157569595
16.595564541061
16.600527287682
16.638761041769
16.643026390465
16.647211112925
16.651366653178
16.656114162713
16.660551202659
16.665082576548
16.669749988993
16.674309999875
16.679021264904
16.683721143387
16.688555562490
16.693424352657
16.698364527424
16.703260638844
16.708155168648
16.712874156827
16.717875886316
16.848024489730
16.852021645507
16.856096732098
16.860897055342
16.865220995052
16.869632948744
16.874090282932
16.878510522380
16.882918271953
16.887326571598
16.891736912847
16.896196068168
16.900632769003
16.905021621793
16.909486075597
16.913965351636
16.918427397407
16.922873206444
16.927306353008
16.931761830123
16.936236133732
16.940712825107
16.945217734645
16.949720146574
16.954234494959
16.958771546180
16.963320533855
16.967922471193
16.972563137193
16.977295273016
16.982082085981
16.986844068789
16.991539520584
16.996267634424
17.000893976002
17.005459143889
17.009937855055
17.014396234306
17.018851349668
17.023322573300
17.027799340094
17.032272543672
17.036757833160
17.041259187358
17.045757227745
17.050271090011
17.054795160927
17.059356511000
17.063879812508
17.068420749724
17.072977581571
17.077507341743
17.082054586588
17.086650371049
17.091218310862
17.095788153370
17.100371057165
17.104990501608
17.109657974069
17.114428157736
17.119401422743
17.124352874117
17.129333163443
17.134361645071
17.139378763005
17.144428186805
17.149462625102
17.154544451388
17.159596328390
17.164649009587
17.169684998378
17.174777891504
17.179898546246
17.185014735760
17.190071517526
17.195107766107
17.200084786898
17.205094485706
17.210071202445
17.214960587370
17.219723483632
17.223697321558
17.227564003339
17.231530550833
17.235783543355
17.239914023282
17.244071293642
17.248286328134
17.252470804662
17.256662821413
17.260886024241
17.265113951167
17.269374416159
17.273643755811
17.277914576908
17.282237356564
17.286516581814
17.290877097273
17.295218969538
17.299620907900
17.304010314556
17.308473038083
17.312986377729
17.317517097033
17.322113779883
17.326731605053
17.331466079434
17.336204890577
17.341091940917
17.345947198587
17.350931684630
17.355895029243
17.361596498731
17.372138128527
17.382835648289
17.393757107610
17.404725399791
17.577549543427
17.581493691312
17.585983725880
17.590508654132
17.595709568508
17.600431425790
17.605331928521
17.610271403430
17.615238351761
17.620204695075
17.625157067704
17.630131749406
17.635136431852
17.640141166972
17.645171510083
17.650237246437
17.655366528091
17.660805571556
17.665892522230
17.670996138540
17.676124744689
17.681230290638
17.686433991522
17.691590332001
17.696811498365
17.701963849776
17.707182244818
17.712433774682
17.717604056057
17.722625277190
17.727742459492
17.732732998221
17.737763058989
17.742746512392
17.747616685242
17.752469340492
17.757239271242
17.761915769493
17.766558794388
17.771178140897
17.775753550760
17.780351742441
17.784932847343
17.789478247862
17.794052186075
17.798613891346
17.803182782574
17.807727401662
17.812227493687
17.816746395057
17.821241651780
17.825708536358
17.830190034247
17.834643524373
17.839117369548
17.843585862210
17.848051827302
17.852562193270
17.857088657896
17.861651259230
17.866300275753
17.870986642772
17.875734375398
17.880394898345
17.885128329700
17.889778835799
17.894321648759
17.898923265082
17.903433600606
17.907957158712
17.912473606003
17.916962343230
17.921458207950
17.925968349064
17.930524505669
17.935090755145
17.939651330145
17.944232831058
17.948846051574
17.953468208343
17.958122908349
17.962824557028
17.967563082424
17.972230795046
17.976986079500
17.981733098377
17.986609858217
17.991563632041
17.996750600533
18.001940092245
18.007062826997
18.012178219201
18.017319873634
18.022493669211
18.027729940971
18.033092340412
18.038741638393
18.044300961935
18.050167103117
18.056595709313
18.061721110567
18.066816359155
18.071651896739
18.076365927645
18.081125396908
18.085863104604
18.090547894713
18.095239357913
18.099892257981
18.104599845746
18.109279345416
18.113953996712
18.118612484122
18.123273807267
18.127845784419
18.132346904486
18.136817859652
18.141263287540
18.145644633129
18.149980423848
18.154288687204
18.158532321045
18.162782480954
18.166946231700
18.170998078010
18.175032477495
18.179011420889
18.182957904189
18.186874001102
18.190716265840
18.194439297335
18.198172581716
18.201852611512
18.205504850711
18.209110250788
18.212714828289
18.216219630250
18.219688828276
18.223173342652
18.226649086529
18.230061206168
18.233389472580
18.236720925146
18.240037247991
18.243346171901
18.246637079431
18.250015516086
18.253391200727
18.256780977368
18.260136901805
18.263417528884
18.266669033076
18.269901025229
18.273139037918
18.276408503370
18.279645034657
18.282897955396
18.286164000625
18.289419840058
18.292698540816
18.295989114190
18.299292711210
18.302616544369
18.305936866199
18.309278832304
18.312652406891
18.316048779260
18.319371056052
18.322678394349
18.326102689785
18.329650430714
18.333169746250
18.336678553773
18.340133863243
18.343666939573
18.347221488883
18.350754222916
18.354394576136
18.357876369696
18.361347833010
18.364866725721
18.368480048999
18.372075090785
18.375755764570
18.379423662782
18.383853342797
18.388043593330
18.391977053009
18.395891356234
18.399808057485
18.403460019943
18.407266095596
18.411013511496
18.414959374259
18.418881139382
18.423153511475
18.427520836256
18.431748509172
18.436102257589
18.441077787107
18.566943945331
18.570713033618
18.574922637665
18.578915797219
18.582781436172
18.586816369441
18.590852251995
18.594944968336
18.599004980644
18.603090402498
18.607198427248
18.611285603164
18.615374577393
18.619479691253
18.623547741280
18.627617453355
18.631686635318
18.635759490204
18.639809853552
18.643866057687
18.647951982993
18.652040383634
18.656136181417
18.660246577661
18.664370419183
18.668485155489
18.672587462642
18.676700939694
18.680831454956
18.684989720439
18.689156211740
18.693295779322
18.697465460361
18.701664753395
18.705909462170
18.710170090181
18.714463687264
18.718795734955
18.723144831454
18.727545402035
18.731953452142
18.736363485266
18.740841782110
18.745326509842
18.749803170177
18.754281019301
18.758854318819
18.763437150474
18.767937921987
18.772402051583
18.776852476820
18.781298112382
18.785659579757
18.789982473142
18.794356751238
18.798896330258
18.803421261940
18.807956309416
18.812527426705
18.817125281160
18.821776948112
18.826412612279
18.831092717647
18.835809752583
18.840521772165
18.845256958476
18.849983566534
18.854714846721
18.859478128369
18.864296347071
18.869090473165
18.873886794462
18.878678248563
18.883528634282
18.888349115132
18.893144571411
18.897987286186
18.902819914154
18.907604483315
18.912495980379
18.917362521786
18.922299063359
18.927209188122
18.932056295169
18.937045872530
18.942132707655
18.947202200548
18.952331816902
18.957359081010
18.962484503452
19.077354010771
19.082273788826
19.087189914638
19.091856448635
19.096628264704
19.101542343189
19.106369061994
19.111160199504
19.116005446463
19.120844216588
19.125693378247
19.130475551143
19.135389171677
19.140193327833
19.145129028225
19.149903461769
19.154962597359
19.159590257675
19.164266371300
19.168876683085
19.173611698240
19.178222857507
19.327028793492
19.331984641240
19.336883068410
19.341884733489
19.346861555163
19.351903848664
19.356995564427
19.362054113533
19.367192781314
19.372312482104
19.377369562477
19.382497716904
19.387564978315
19.392628769592
19.397677337764
19.402738375304
19.407814999540
19.412858588373
19.417895108630
19.422941874867
19.428164609264
19.433372366520
19.438541937653
19.444066144183
19.498293450777
19.502166792724
19.506333251144
19.511015124188
19.516498551337
19.521294875772
19.526302867555
19.531476054929
19.536650539465
19.541767883638
19.546928576249
19.552167761525
19.557391558167
19.562627476349
19.567911994660
19.573154979410
19.578428530990
19.583591853636
19.588881097708
19.594089283504
19.599498585298
19.604971897194
19.819059192355
19.823624666217
19.828016854824
19.832875569120
19.837760771980
19.842626384103
19.847460729337
19.852339300964
19.857161027126
19.861987908211
19.866709662096
19.871522750968
19.876268031247
19.881027334499
19.885726169271
19.890413562987
19.895159792003
19.899893983683
19.904550350511
19.909218035196
19.913788384097
19.918408851903
19.922945558729
19.927428898823
19.931919139531
19.936369643795
19.940754871766
19.945105367564
19.949461811855
19.953755351594
19.958032964201
19.962306828679
19.966554301566
19.970768880345
19.974915464817
19.979061013766
19.983202738486
19.987276438827
19.991347245518
19.995419089356
19.999448404023

