Time_s
1.093594193245
1.098210710476
1.103236383627
1.107965189424
1.112640917370
1.117509242346
1.122126256927
1.126791240494
1.131496871549
1.136382785861
1.141160222926
1.146008701260
1.150797067264
1.155643814670
1.160448885070
1.165385980719
1.170323227123
1.175244146237
1.180039350677
1.184894896788
1.189809306243
1.194689040029
1.199606079071
1.204594685396
1.209454103712
1.214540667156
1.219633546998
1.224830890133
1.229669654196
1.234901138794
1.239683792723
1.244273663719
1.248763191570
1.254197624063
1.259139129362
1.264147195529
1.269274775739
1.274449191846
1.397415453918
1.401290147361
1.405575726369
1.409601771937
1.414127325233
1.418485018096
1.423080484224
1.427663416530
1.432300233077
1.436909566501
1.441718262417
1.446554435343
1.451373293471
1.456173369436
1.461084206500
1.466031193178
1.470854371468
1.475775009161
1.480772661802
1.485622764549
1.490594959888
1.495599383293
1.500564473557
1.505504752566
1.510465305334
1.515384493874
1.520517035724
1.525742564217
1.530959620720
1.536179463157
1.555098486321
1.560424932334
1.565264561374
1.570309771599
1.717258812694
1.722465022352
1.727858114573
1.733374186680
1.738993418102
1.744717136336
1.750574409766
1.756537890921
1.762519259217
1.768610516250
1.774715157324
1.780876626709
1.787107210904
1.793428027623
1.799673969863
1.806001364690
1.812310324211
1.818611925108
1.824981619896
1.831353476162
1.837696467067
1.844033584845
1.850458050143
1.856892121964
1.863409766216
1.869865646604
1.876216236863
1.882679757747
1.889238906279
1.895803473463
1.902420990010
1.909102467147
1.915743451938
1.922342214293
1.928963004363
1.935411908744
1.941554803648
1.947687192886
1.953679239459
1.959521532380
1.965262404700
1.971032994282
1.976890982246
1.982992199497
1.988972417940
1.994933820335
2.485180613255
2.489746187579
2.494255697381
2.498991535636
2.503761728205
2.508749862437
2.513811644017
2.518863601096
2.523900493046
2.528974170159
2.534109061174
2.539291808204
2.544485330139
2.549635387289
2.554853837120
2.560326422793
2.565940679053
2.571990001491
2.578023618973
2.583152769640
2.588822173132
2.594068597671
2.599301550489
2.604440462975
2.609631208094
2.615212542308
2.719304494631
2.723499575520
2.727455832568
2.732677961088
2.737238301711
2.741870356660
2.746522879747
2.751251737029
2.756063024924
2.760983354538
2.765984603501
2.771349354542
2.776627791832
2.781864315755
2.787246201526
2.792440030941
2.797250329993
2.806761691707
2.812298370558
2.817180083266
2.822532447532
2.856920640597
2.861286246995
2.865742447833
2.870572728081
2.875479727190
2.880466377569
2.885705589512
2.891126408683
2.896480502612
2.901756539031
2.906859242924
2.912260771402
2.917581808142
2.922902575671
2.929241737906
2.934044729964
2.939434952648
2.944693579612
2.949883849501
2.954881039950
2.959918726266
2.965031797914
2.969883224792
2.975167445398
2.980002127602
2.985173285378
2.990237244113
2.995121877179
2.999853496729
3.004234055624
3.009407201780
3.014574683672
3.019869288488
3.025134668661
3.030480928149
3.035861679856
3.041282401035
3.046693265912
3.052135798834
3.057642761744
3.063178507572
3.068751358600
3.074308441874
3.079854874556
3.085359807664
3.090883274850
3.096483440915
3.102028071845
3.107659996631
3.113208640512
3.118787795706
3.124298798541
3.129830171463
3.135306581155
3.140866669907
3.146395382467
3.151943048824
3.157531476451
3.163112726387
3.168729513164
3.174300947030
3.179891537425
3.185522856741
3.191061220215
3.196728695915
3.202341911087
3.207921177465
3.213530266757
3.219192547756
3.224834902997
3.230504908145
3.236182047443
3.241855475016
3.247550879771
3.253214449159
3.258868887632
3.264489780162
3.270118609566
3.275682106401
3.281272116857
3.286884147211
3.292360385588
3.297905956392
3.303429418533
3.308927915607
3.314449498447
3.320085818998
3.325605393550
3.331288330514
3.337016752788
3.342499027569
3.348105180532
3.353748141979
3.359109035912
3.364905800066
3.370926018254
3.382809227090
3.393584089022
3.404507291269
3.482555353416
3.487987218904
3.493504677673
3.499148090040
3.504795178634
3.510504237498
3.516257636068
3.522058810430
3.527861198209
3.533709247411
3.539523512334
3.545342793869
3.551164089576
3.556980127120
3.562850742033
3.568757824026
3.574653240315
3.580533138029
3.586360074780
3.592254638324
3.598047224691
3.603874902060
3.609732793984
3.615520968121
3.621299792698
3.627093392039
3.632792550786
3.638448318396
3.643910374473
3.649662105788
3.655304672398
3.661114713271
3.666566533260
3.684602632901
3.695998256201
3.707466303855
3.718824885537
3.758155675757
3.762690230217
3.767772365882
3.772620240755
3.777728919868
3.783338087260
3.788968147344
3.794471815203
3.800151608295
3.805899977747
3.811752086018
3.817551789608
3.823342834851
3.829203398694
3.835078175158
3.841016259268
3.847013756366
3.853092324492
3.859387846469
3.865679515442
3.871750152454
3.877667602702
3.883643231428
3.889391933390
3.895390005985
3.901220943209
4.017301232670
4.023282915919
4.028394008066
4.033837228563
4.039106852559
4.044314389477
4.049738593871
4.055200009417
4.060622252156
4.066089563940
4.071552997110
4.077042818345
4.082509236879
4.088032072319
4.093566325612
4.099136047665
4.104711461350
4.110327444359
4.116007437417
4.121758886402
4.127575759041
4.133400209782
4.139270945554
4.145151127411
4.151048641162
4.157029409509
4.163040238612
4.169070419604
4.175139167627
4.181219175690
4.187289054054
4.193413645891
4.199482776622
4.205584694215
4.211704430019
4.217771078367
4.223834555127
4.229822481624
4.235769005086
4.241574219772
4.247267736291
4.252979554202
4.258532413939
4.264299260379
4.270094993013
4.276036069432
4.281719698537
4.287482899989
4.292969493434
4.298630204300
4.304037377809
4.354715006697
4.365991233819
4.377332304692
4.598696359898
4.603079770790
4.608431829408
4.613310732098
4.618525842618
4.623929654734
4.629389152248
4.634934192769
4.640494867375
4.646150008178
4.651866338334
4.657567434806
4.663304900559
4.669049837396
4.674884460734
4.680669170733
4.686503804099
4.692319213209
4.698238897408
4.704152178588
4.710072825160
4.715956411596
4.721843279643
4.727749567561
4.733681357980
4.739622104646
4.745640606008
4.751621307768
4.757707529572
4.763718146722
4.769755217015
4.775868556183
4.781894405955
4.787979927078
4.793984883966
4.800120370466
4.806167374238
4.812191031126
4.818075769430
4.823991940209
4.829683887627
4.835693458803
4.841590384694
4.847603719079
4.852573921191
4.857495301585
4.864031538628
4.869895259953
5.062953005835
5.067495036210
5.072938785929
5.078679853065
5.084631437338
5.090688116592
5.096774830308
5.102920127511
5.109179628332
5.115529102867
5.121892408334
5.128289707151
5.134674814328
5.141083873088
5.147670609790
5.154244939849
5.160790451597
5.167376124535
5.174087778927
5.180889765421
5.187680756676
5.194526003143
5.201260076423
5.208064407582
5.214774638318
5.221504052425
5.228093586869
5.234542059554
5.240664296479
5.246700277749
5.252295746249
5.257882994444
5.263776969495
5.269526983409
5.275579867631
5.281215739739
5.287094236054
5.292503103728
5.298162330607
5.303916011104
5.605505126099
5.616444705584
5.625905356825
5.635960129911
5.645790877034
5.976179094847
5.984407547953
5.988592255593
5.992471951898
5.996793919912
6.001207486591
6.005461987253
6.009840205416
6.014230129365
6.018770638781
6.023210178099
6.027887419469
6.033080712562
6.038667814581
6.044062421491
6.322719748864
6.327001055234
6.332595808385
6.337771017708
6.343035219746
6.348310488938
6.353645074017
6.359010877002
6.364483667815
6.369944058589
6.375554963424
6.381012918585
6.386598044688
6.392108021317
6.397644436326
6.403206531306
6.408816350124
6.414454742708
6.420092016672
6.425726249863
6.431473197358
6.437047534502
6.442676584038
6.448251586119
6.453811330046
6.459348617577
6.464934980009
6.470478194645
6.476073799269
6.481579736207
6.486985149191
6.492589023318
6.498212768208
6.503636053161
6.509052856359
6.514230156480
6.519254095286
6.524137148082
6.529443190965
6.534969929980
6.540307751867
6.545774437138
6.551209491569
6.556698919953
6.562587784451
6.568171058921
6.573663496570
6.578593840953
6.584512521603
6.589260052570
6.594795955208
6.678811925811
6.683766775874
6.688649262589
6.693504291630
6.698513706361
6.703640528043
6.708832943246
6.714057363040
6.719287556648
6.724512887928
6.729734034286
6.734887396785
6.740041019714
6.745094204849
6.750148111768
6.755231118211
6.760292545452
6.765618917100
6.771112100647
6.777049063760
6.782880338831
6.788384878117
6.793966556819
6.799331496585
6.804790101582
6.810163997881
6.815358897372
6.820199476191
6.824993140384
6.956667881869
6.961185201380
6.966273316866
6.970921798549
6.976330379918
6.981601185867
6.986974708552
6.992389447035
6.997783172821
7.003158165118
7.008588477470
7.014253092250
7.020032801114
7.025827024095
7.031641527873
7.037534814639
7.043454018295
7.049416050426
7.055297318970
7.061200195987
7.067069855680
7.072953565342
7.078844621642
7.084698110089
7.090568668335
7.096405924937
7.102228849419
7.107991598218
7.113725743729
7.119393026657
7.125052550529
7.130741964454
7.136577294781
7.142362180851
7.147915891333
7.153570076088
7.159280514936
7.164945476524
7.170687390707
7.176365027478
7.181974348926
7.187871924894
7.199501693276
7.211077481381
7.222510306114
7.264647492546
7.269890806557
7.275147471133
7.280634297259
7.285617566547
7.291312597109
7.297211324313
7.303314265965
7.309451479009
7.315613087099
7.321763183441
7.327883968820
7.333996232450
7.340140547881
7.346329659109
7.352548837697
7.358803769920
7.365162022449
7.371625633820
7.378097934232
7.384606414882
7.391152865376
7.397623246457
7.404016817950
7.410361041767
7.416607332514
7.422839415541
7.428751258019
7.434679457067
7.440598090164
7.446406466374
7.452066378460
7.457652612769
7.463360321977
7.469182611668
7.475022891988
7.480919768283
7.486710375025
7.492694144243
7.498272776458
7.503960468011
7.509527760696
7.515442516598
8.187092404553
8.192142889301
8.196974921438
8.201834700069
8.206818905165
8.211895806697
8.217015434907
8.222186195691
8.227385375404
8.232685432243
8.237963885564
8.243219140749
8.248454267819
8.253739643028
8.258982123882
8.264195086139
8.269439979387
8.274667843117
8.279863004627
8.285068108039
8.290224005489
8.295356336946
8.300486134498
8.305603779775
8.310706808378
8.315791722317
8.320837309761
8.325898104421
8.330937221956
8.335997335526
8.341202472991
8.346360248931
8.351536603846
8.356667894895
8.361645484432
8.366668156642
8.371656627093
8.376917509852
8.381886873569
8.386897691896
8.392052571873
8.396993555861
8.401880465973
8.407054326823
8.411872185923
8.417382932216
8.422138992066
8.427328349322
8.432569240166
8.481991989350
8.491414633210
8.496659807348
8.501662898014
8.506732415864
8.511841822066
8.517071529634
8.522716951003
8.528887133177
8.535781662329
8.541849534769
8.555182790666
8.560885682594
8.580845150850
8.590672741130
8.600869638992
8.759529270364
8.763781303646
8.769227814662
8.774187799172
8.779256697393
8.784344033925
8.789508248512
8.794668328712
8.799906815695
8.805206658128
8.810532363343
8.815817362428
8.821281007552
8.826783339194
8.832303521463
8.837842257377
8.843399228892
8.848922102478
8.854411573512
8.859908193515
8.865379185926
8.870828767868
8.876282176719
8.881760533224
8.887435381538
8.892996903277
8.898370381605
8.903763714550
8.909325946773
8.914877043775
8.920464988388
8.926008995260
8.931633375110
8.937097740880
8.942429344949
9.089252560030
9.094679979386
9.100077701717
9.105653591092
9.110985838516
9.116134097792
9.121394710553
9.126345737191
9.131561570787
9.136959004605
9.142480425412
9.147593336601
9.152766983706
9.157928855358
9.168003528455
9.178322614607
9.188400113940
9.198606304647
9.221043705401
9.225991534548
9.230651482118
9.235814234646
9.240905342677
9.246142236494
9.251290895543
9.256538253399
9.261815849829
9.267175843888
9.272575276656
9.278006835929
9.283448395234
9.288723992802
9.294104054469
9.299549583307
9.305054781193
9.310556148197
9.316042132091
9.321501859882
9.327036993480
9.332568691463
9.338067055902
9.343596810123
9.349106527385
9.354619370524
9.360143127496
9.365657300754
9.371156860183
9.376675762447
9.382238597728
9.387813824372
9.393389695864
9.399049098497
9.404648815354
9.410242314412
9.415837768436
9.421393244978
9.427047838759
9.432673746417
9.438450918437
9.444074324087
9.449793769246
9.455574476046
9.460705006730
9.466361513330
9.472104680405
9.572412674745
9.578264805748
9.584148241410
9.590222704449
9.596510282200
9.602867473153
9.609232757800
9.615538471607
9.621690510973
9.627745478734
9.633752815948
9.639704794404
9.645652132028
9.651637864856
9.657522207866
9.663367112964
9.669260602195
9.675168694667
9.681080505145
9.686988486935
9.692905635574
9.698785024330
9.704746060267
9.710722071486
9.716685957609
9.722655239259
9.728615235149
9.734498511859
9.740338483497
9.746153638878
9.751882017550
9.757595586199
9.763306997763
9.768975405442
9.774472702797
9.780183513305
9.785769291632
9.791516979266
9.797248221547
9.802726110664
9.808349672573
9.814008989463
9.819569774452
9.825204793072
9.830664576584
9.836235619869
10.726050387417
10.731995278077
10.737872007748
10.743192976823
10.748610031951
10.754057155197
10.759592992081
10.765299709749
10.770849156391
10.776292124271
10.781781264190
10.787255600865
10.792787211463
10.798317444501
10.803868330266
10.809456491915
10.815049302985
10.820654890096
10.826235065581
10.831864801548
10.837450450189
10.843000919806
10.848500260652
10.854061575709
10.859587119418
10.865100813116
10.870605079750
10.876035759222
10.881436796105
10.886783862654
10.892242326096
10.897666962178
10.903134877668
10.908566974312
10.914036740769
10.919464737320
10.924818478020
10.930198916635
10.935506842018
10.940847723297
10.946159124261
10.951473007298
10.956799225990
10.962118967407
10.967451850860
10.972791975759
10.978165317676
10.983549413630
10.988937775080
10.994354803743
10.999775456090
11.005252341972
11.010808501959
11.016523531587
11.022115790627
11.027627551183
11.033029110054
11.038586262184
11.044203909588
11.049788302677
11.055196530466
11.060816688883
11.071798601534
11.077047951385
11.082365451200
11.087627677465
11.092926168067
11.098246156371
11.103615881775
11.108997418499
11.114392132695
11.119793673974
11.125182947560
11.130582832441
11.135992402313
11.141399375962
11.146818034174
11.152235785041
11.157636004664
11.163067150504
11.168504990606
11.173980932897
11.179485723521
11.185045546207
11.190703392548
11.196420889392
11.201960480599
11.207498112405
11.213083856319
11.218648657231
11.224414857375
11.229889506510
11.235416691488
11.241147962910
11.247292469717
11.253566662430
11.258534917719
11.264062294497
11.269751348421
11.275276385504
11.281490293395
11.292863796885
11.303777815934
11.315084615901
11.332217031213
11.337036721330
11.342180514605
11.346672024067
11.351570374979
11.356662422453
11.361855437547
11.366778805843
11.371995941716
11.377344509986
11.382757367177
11.388424927442
11.394167139145
11.400214359301
11.406645023903
11.412520913203
11.617846325115
11.622628054121
11.628322153030
11.634226720764
11.640372891594
11.646628705031
11.653011604414
11.659447565275
11.665786161393
11.672147313983
11.678380912644
11.684671150896
11.690712027591
11.697024322690
11.702966141298
11.709030387378
11.715066027360
11.720869263984
11.727081355297
11.733070703867
11.739091064630
11.744748922044
11.750461118281
11.756218336429
11.762124889024
11.768036138300
11.774161677130
11.780298765074
11.786573469979
11.793166687800
11.799933840699
11.806609413930
11.812630325347
11.818571792303
11.823590718815
11.829189859746
11.834771758198
11.841197533062
11.846407579252
11.852251819634
11.858295681861
11.864273945020
11.914369761800
11.919932826500
11.925477866840
11.930982232711
11.936781887754
11.942696991667
11.948647494478
11.954549046089
11.960429253257
11.966366029211
11.972284108620
11.978164219362
11.984098192074
11.990242704377
11.996727518045
12.002694307522
12.008497307407
12.014305500819
12.019998605153
12.025872910086
12.031587089427
12.037659460608
12.043452064645
12.048489019199
12.053612761080
12.058981088932
12.064507060008
12.070375699032
12.076558205626
12.082995181032
12.089120580367
12.095165244543
12.100879410916
12.106518733681
12.112259410995
12.118032133627
12.123706264065
12.129654734945
12.135615365462
12.141026359648
12.146611949130
12.151835576081
12.157600385731
12.162874938157
12.193039601496
12.198754979709
12.204798428304
12.210911120977
12.217049593018
12.223244997793
12.229599116372
12.236246350369
12.242823824670
12.249549900015
12.256351738341
12.263208723422
12.270103650005
12.277034255797
12.284043588150
12.291240558555
12.298343738258
12.305344513356
12.312268647307
12.319120471703
12.325819496532
12.332427860976
12.338999935958
12.344984167750
12.351112067235
12.356027132042
12.362102953441
12.368010661157
12.372910393654
13.075592204362
13.080326707698
13.084806844497
13.089796559868
13.094715273824
13.099798923273
13.104918866216
13.110059986934
13.115169083410
13.120280799262
13.125440973715
13.130635648166
13.135895019443
13.141166322750
13.146447231552
13.151722059290
13.156979226355
13.162241204039
13.167484453871
13.172703043537
13.177910374268
13.183101363993
13.188247896266
13.193324039969
13.198342511361
13.203305342511
13.208239711280
13.213137719367
13.217957224205
13.222706582879
13.227442889698
13.232064423769
13.236652150339
13.241206238171
13.245761183085
13.250283880084
13.254867057360
13.259398539011
13.263954794949
13.268523378716
13.273075569090
13.277536346777
13.282058776050
13.286517123361
13.290980627921
13.295449767913
13.299928460383
13.304308845647
13.308826513329
13.313849935854
13.317410600443
13.320771715019
13.324055011354
13.327020604814
13.330318248708
13.333808797456
13.336851621772
13.340299673183
13.343517125055
13.346587687371
13.349832718409
13.353132141394
13.356217633857
13.359404610171
13.362753131811
13.365778841956
13.368973303941
13.372132484036
13.375193583867
13.378590214453
13.382006983150
13.384953785006
13.388619561146
13.391776444601
13.399963896754
13.403068601933
13.408107693584
13.411886976912
13.415571540598
13.419958765434
13.424549432472
13.429198362302
13.433877382344
13.438601011973
13.443402375512
13.448250731370
13.453159803008
13.458113983096
13.463097113719
13.468071121142
13.473042237550
13.478046109839
13.483079152517
13.488146378602
13.493237932603
13.498345543486
13.503459665450
13.508569109322
13.513677432823
13.518789997162
13.523929994295
13.529133923573
13.534367911045
13.539815548645
13.545045670818
13.550290971077
13.555569317346
13.560921988476
13.566276957488
13.571650311203
13.577149305713
13.582661145542
13.588162596531
13.593731727479
13.599319905038
13.604896672380
13.610486970637
13.616062884417
13.621823044205
13.627635339374
13.633451745598
13.639309780314
13.645174688627
13.650982681476
13.656825343275
13.662697578026
13.668606362329
13.674501671215
13.680390526342
13.686270950192
13.692147350117
13.698084718029
13.704084376241
13.710132086117
13.716462147817
13.723220055319
13.729277993721
13.735279573648
13.740992531648
13.746617443468
13.752357247017
13.757848361455
13.763435884775
13.768983623705
13.774500304896
13.780070913337
13.785703759617
13.791341109507
13.797083896244
13.802924419813
13.808804398948
13.814565447599
13.820243110218
13.825822394025
13.831487008917
13.837220368596
13.843005105441
13.848514159508
13.860218133544
13.871788313122
13.882928973534
13.936894904438
13.941932830836
13.946937698415
13.952079722987
13.956773836595
13.961680186643
13.966713465075
13.971772547817
13.976906070931
13.981923934096
13.987018841205
13.991947915999
13.997061787333
14.002139280245
14.007295602996
14.012382746102
14.017463711618
14.022553126795
14.027598481202
14.032635609002
14.037686677744
14.042720813034
14.047721216323
14.052732137288
14.057729498177
14.062719756006
14.067690134974
14.072661738340
14.077650297441
14.082606243593
14.087598813886
14.092637074712
14.097702131488
14.102814081075
14.107994538563
14.113129460771
14.118236587543
14.123124517251
14.127969326591
14.132732789874
14.137737367264
14.142860316493
14.147949154142
14.153098129708
14.158200550522
14.163333008866
14.168297739400
14.173356360143
14.238170872549
14.243434126320
14.248060774478
14.253010139418
14.258063125939
14.263183578462
14.268285459817
14.273414525505
14.278494276490
14.283608689228
14.288717625879
14.293795346196
14.298900367399
14.304010190743
14.309126599886
14.314231511951
14.319418038753
14.325114698144
14.331148311520
14.336782541860
14.342088916216
14.347561716923
14.352809866741
14.358203735414
14.363262030094
14.368318272961
14.373078329314
14.378307718963
14.382956162739
14.387750493576
14.392680423543
14.397741901203
14.402970739628
14.408078820898
14.413338794027
14.502273174801
14.511967575619
14.517167077062
14.522352631557
14.527653061224
14.532964700136
14.538364520986
14.543891899867
14.550395010339
14.759727998473
14.764679019790
14.769525374755
14.774376084644
14.779322550503
14.784438525936
14.789649991073
14.794821572509
14.799979177407
14.805081173089
14.810275492628
14.815565554712
14.820931283608
14.826459228721
14.832038283288
14.837685094527
14.843352101009
14.849188556197
14.855042305997
14.860895706826
14.866835104615
14.872818679760
14.878940564576
14.885112382939
14.891356535901
14.897647393261
14.903890299437
14.910122380669
14.916216698082
14.922140896929
14.927965861982
14.933684911364
14.939442705516
14.945256574243
14.951435231133
14.962838089521
14.974173746452
14.984917348236
14.996524130581
15.058511624887
15.063930943612
15.068943938169
15.074117969707
15.079427012803
15.084909641103
15.090565992541
15.096330286550
15.101926664909
15.107651209036
15.113300324940
15.118962977142
15.124617090258
15.130354920938
15.135949328824
15.141463198721
15.147135102440
15.152887918671
15.158601826576
15.164380119814
15.170205751403
15.176031545839
15.181933443597
15.187948347884
15.194356115599
15.200263134372
15.205934952448
15.211713703653
15.217313039030
15.223085832961
15.228523939430
15.234328542081
15.240104908432
15.245834651051
15.251708756872
15.293856728805
15.299360869666
15.304629911287
15.309809116250
15.314948783216
15.320108625393
15.325282978570
15.330490978667
15.335690200194
15.340936224710
15.346197822843
15.351531605665
15.356884465649
15.362308738561
15.367666155180
15.373053269189
15.378541346626
15.384207880372
15.389679095878
15.395066848434
15.400456937101
15.405802739235
15.411262868175
15.416256918223
15.421277137832
15.611097644311
15.616206221421
15.621015335134
15.625536825928
15.630352329826
15.635375955503
15.640548406261
15.645759363330
15.651011562839
15.656310589849
15.661591397691
15.666915887150
15.672257151234
15.677613354740
15.682969854409
15.688322935046
15.693709834391
15.699101630008
15.704527108997
15.710009157285
15.715477282659
15.720970847830
15.726436562512
15.731876873887
15.737285247538
15.742686917971
15.748080761310
15.753509874704
15.758947885580
15.764451032054
15.769930984591
15.775558733929
15.781049587218
15.786791440504
15.792332731655
15.797693272762
15.803278379430
15.808652446988
15.916741624303
15.922062914354
15.926397906573
15.931600570990
15.937041903043
15.942506878223
15.948069720873
15.953648553142
15.959356027805
15.965093391621
15.970855641010
15.976651606300
15.982463648403
15.988303992101
15.994186436836
16.000072116357
16.005980391598
16.011894458255
16.017840784307
16.023611036586
16.029404984468
16.035097638492
16.040936751153
16.046837310234
16.052556282185
16.058422815178
16.064313973399
16.069852958409
16.208431803036
16.213909748908
16.219277198323
16.224817610167
16.230705780599
16.237153865044
16.243262816701
16.249069090496
16.254855117768
16.260378961004
16.265940534861
16.271686701033
16.283191820570
16.289151085543
16.294920712201
16.299798476976
16.305495135694
16.310191134021
16.315757061221
16.321543693805
16.327382017829
16.333211214133
16.338911750302
16.344260138555
16.349988033911
16.355693213331
16.361366093213
16.366828452944
16.372560078566
16.378232164454
16.475002718910
16.480351335196
16.485744969933
16.490573211590
16.496011647339
16.501674020200
16.507463696130
16.513584553680
16.519754097723
16.525940763132
16.532261509654
16.538626013508
16.544936639272
16.551190788136
16.557391089039
16.563527345814
16.569602887279
16.575701319188
16.581750316889
16.587803429031
16.593702824217
16.599688333657
16.605441305134
16.611128568336
16.616586512112
16.622363292108
16.628068276511
16.633389684905
16.639510523465
16.645102622305
16.656038268929
17.353539920463
17.358257532136
17.362935794748
17.367715394000
17.372568677420
17.377592578417
17.382633082105
17.387857599168
17.393122739809
17.398410656710
17.403711519129
17.409575257753
17.415208375117
17.421241318323
17.426591196699
17.431737695575
17.437174139464
17.442654049210
17.447811064869
17.453170467646
17.499867824501
17.504988126178
17.509779185800
17.515096769980
17.520337555018
17.525695770763
17.531037053111
17.536430013041
17.541926655734
17.547421329580
17.552910070002
17.558422631528
17.563999456843
17.569473299817
17.575030631508
17.580510875802
17.586068312744
17.591620895062
17.597154133475
17.602774289172
17.608373771837
17.614079741135
17.619651907580
17.625227862005
17.630984263359
17.636501151988
17.642214578776
17.647526777264
17.653426255327
17.811605960384
17.815685284321
17.820011300118
17.825076723262
17.829881653371
17.834678968079
17.839498225479
17.844450695027
17.849458979305
17.854495187249
17.859483922862
17.864473868364
17.869509181490
17.874619243424
17.879765668772
17.884945693328
17.890127338277
17.895350044864
17.900665530771
17.906089273326
17.911614130344
17.917348896361
17.924101675682
17.929880102744
17.935008649466
17.940590249663
17.946358930817
17.952282415862
18.067982589326
18.078241445571
18.083705745772
18.088999186737
18.094280015630
18.099588015028
18.104892286215
18.110173106121
18.115446023500
18.120686115654
18.125884928791
18.131058582272
18.136195958947
18.141303722216
18.146439023957
18.151599565218
18.156824371220
18.162019325249
18.167246542246
18.172526321680
18.177791383464
18.183109380078
18.188469030658
18.193856941833
18.199285089852
18.204824946727
18.210022387968
18.215491950885
18.220667534393
18.226062692714
18.231390172764
18.236612577549
18.241425544407
18.246178178911
18.251661235825
18.257221254137
18.262252445516
18.267394406065
18.272411818033
18.277760457241
18.364718532096
18.369015898567
18.374338261093
18.379543031681
18.385010357571
18.390441776499
18.395935991136
18.401520889215
18.407178374241
18.412813882101
18.418512979264
18.424192469139
18.429885641407
18.435565318990
18.441202015479
18.446860838957
18.452549009540
18.458247393704
18.463986808763
18.469661725531
18.475358636417
18.481043949208
18.486729646007
18.492373982955
18.498084150901
18.503744351652
18.509371911905
18.515011845282
18.520671557806
18.526293852370
18.531863036559
18.537580174702
18.543253746272
18.548888638796
18.554556550212
18.560202746359
18.565794484175
18.571380517055
18.576948641240
18.582615311322
18.588192147997
18.593788822876
18.599205751473
18.604659961695
18.610017690946
18.615355454882
18.620707807499
18.625950716345
18.631226776955
18.636528252467
18.641932720106
18.647290249433
18.652690892057
18.658075189612
18.663424544844
18.668793126823
18.674185074304
18.679587560553
18.684985289792
18.690424341770
18.695886582359
18.701340537483
18.706757624655
18.712146684482
18.717552792400
18.722967595686
18.728321170724
18.733800577923
18.739226231615
18.744644306571
18.750176080577
18.755715999293
18.761270777193
18.766834687027
18.772442809174
18.778031044616
18.783599530828
18.789307388326
18.794981237314
18.800434807506
18.806195182835
18.811866506429
18.817569277712
18.824355703787
18.830853188598
18.836378314148
18.841296590210
18.846861189310
18.852288377614
18.857764513266
18.863315957183
18.868986009271
18.874934251273
18.880518529181
18.886037121028
18.891653742534
18.897242970887
18.902924242983
18.908515570624
18.913998836563
18.920120452253
18.925825352836
18.931737609882
19.005561296713
19.010104527839
19.014705347774
19.019427115839
19.024032625902
19.028825901691
19.033745473705
19.038698295923
19.043545004087
19.048405788197
19.053337092276
19.058271057839
19.063161145128
19.068061642640
19.072984318180
19.077923050464
19.082871791863
19.087823217212
19.092767637710
19.097718091403
19.102684338539
19.107648373349
19.112614699386
19.117622271221
19.122646023139
19.127657765659
19.132677445268
19.137692227447
19.142707370251
19.147747533540
19.152783738511
19.157842299873
19.162911129845
19.168027849968
19.173201897935
19.178489743668
19.183771916100
19.189107194737
19.194330813238
19.199539066627
19.204696518602
19.209871057843
19.214994972718
19.220080050745
19.225103904581
19.230178689761
19.235187300544
19.240209476085
19.245203805284
19.250137564224
19.255084710138
19.260076908632
19.265102391392
19.270168768797
19.275289605729
19.280478919592
19.285742186702
19.291002084568
19.296318480637
19.301597583261
19.306896115615
19.312179773844
19.317463596555
19.322743619445
19.328014043616
19.333257828635
19.338481062043
19.343735245646
19.348990516468
19.354502482346
19.359808149607
19.365007322890
19.370314181089
19.375639984322
19.381056323588
19.386433047354
19.391912672290
19.397396952779
19.402970473959
19.408067458921
19.413390961566
19.539580424068
19.545316520652
19.551057616944
19.556893759737
19.562768117067
19.568696569248
19.574685992520
19.580758418732
19.586953060894
19.593255080214
19.599541578438
19.605852486229
19.612095451458
19.618359028600
19.624624853329
19.630877191364
19.637091935949
19.643299566877
19.649463691697
19.655666374225
19.661891826036
19.667769845296
19.673390578893
19.678998559745
19.684620846736
19.690267587677
19.695900751536
19.702074247443
19.707767033366
19.713731364725
19.719791132046
19.725808557360
19.816047758274
19.821362960144
19.826870677505
19.831912212526
19.837392520173
19.843017755479
19.848684728019
19.854378689590
19.860128288394
19.865965743693
19.871820894152
19.877669949186
19.883418103459
19.889107759880
19.894786919373
19.900456343345
19.906131253705
19.911827605006
19.917555185503
19.923279223405
19.928899704778
19.934668459236
19.940371892422
19.946088361876
19.951784940099
19.957506988073
19.963086861988
19.968791435223
19.974471938210
19.980201394128
19.985921518400
19.991646060741
19.997358523157

