Time_s
0.332730321258
0.336451583420
0.339834785330
0.343255727097
0.346951531482
0.350642720222
0.354383047099
0.358167385115
0.361965205059
0.365774976426
0.369580294643
0.373390328163
0.377176103604
0.380986694182
0.384775015005
0.388560249898
0.392329099231
0.396092211023
0.399834082568
0.403567352950
0.407308344110
0.411042616560
0.414766131323
0.418483061394
0.422186057223
0.425879922412
0.429547691602
0.433173418254
0.436808201570
0.440388066231
0.443953650239
0.447450769944
0.450992428659
0.454521309814
0.458072764456
0.461613714861
0.465155954272
0.468699484509
0.472225219197
0.475723495677
0.479222239655
0.482688682774
0.486108964171
0.489477831964
0.492802177367
0.496045882680
0.499215760288
0.502240723259
0.505430529694
0.508710440898
0.512009765283
0.515331212930
0.518718957566
0.522123131026
0.525564747840
0.529159607775
0.532776984056
0.536207991461
0.539762170333
0.543229236317
0.546655049286
0.550095897266
0.553760593118
0.557755547532
0.561602716179
0.565208888659
0.568583482092
0.572212260664
0.575814456512
0.579659722683
0.583137951150
0.586799724567
0.590301966632
0.683212175767
0.686729679219
0.691033461226
0.694522330106
0.698287168128
0.702172062653
0.706137937206
0.710168561248
0.714267173024
0.718389478309
0.722572934585
0.726778055037
0.731063519201
0.735331091256
0.739699836356
0.744044245476
0.748389115177
0.752714607562
0.757126265703
0.761500688618
0.765953836073
0.770430175595
0.774937806857
0.779428393049
0.783956943578
0.788453317470
0.792930132811
0.797387848645
0.801823989468
0.806239421108
0.810623257774
0.814987009430
0.819331946894
0.823609919448
0.827860572893
0.832088556150
0.836390523069
0.840658471809
0.845009741933
0.849359305457
0.853794929397
0.858251638882
0.862593823082
0.867008872404
0.871425479518
0.875704372608
0.880121818892
0.884562852526
0.888908786737
0.893238165808
0.897548922082
0.901894915732
0.906260978346
0.910527361073
0.914804374252
0.919120641874
0.923497659387
0.927878563606
0.932304496316
1.028058984287
1.032398646524
1.036812867980
1.041388298374
1.046115824484
1.050899193469
1.055765284633
1.060749934136
1.065778911556
1.070866750057
1.076058312547
1.081265352943
1.086598391169
1.091884590406
1.097152481351
1.102397296360
1.107675206350
1.112972921415
1.118314906757
1.123674911689
1.129030615113
1.134495343429
1.139915409595
1.145372905142
1.150792582572
1.156261376070
1.161450765712
1.166843515688
1.172086524558
1.177406461808
1.182704106373
1.187949918712
1.193240828011
1.198455968607
1.203715518241
1.208940239273
1.214137011472
1.219285324489
1.224437562705
1.229527887743
1.234572971355
1.239596638763
1.244673001378
1.249733002842
1.254766075462
1.259725685546
1.264718426139
1.269664885796
1.274594207841
1.279456237264
1.284287750453
1.289065881311
1.293816906788
1.298474343762
1.303033900233
1.307581504580
1.312157904440
1.316674258357
1.321172141020
1.325666207685
1.330158735441
1.334660379398
1.339197778239
1.343726515368
1.348275287607
1.366819075262
1.376302876020
1.385651499337
1.394854230062
1.403872390054
1.412933081633
1.514230748539
1.519630530349
1.524973064436
1.530328677675
1.535662218306
1.540983998264
1.546332614058
1.551628881976
1.556900664206
1.562133844638
1.567310914032
1.572459849956
1.577494922285
1.582617473572
1.587700286505
1.592882882713
1.598126526728
1.603331750823
1.608446860681
1.613812623386
1.619027458569
1.624299410720
1.629384854849
1.634616453243
1.752178029461
1.756971173237
1.760945051611
1.764676882106
1.768521597195
1.772737529444
1.776965985035
1.781210034136
1.785513846507
1.789829723891
1.794130937303
1.798461871956
1.802788474145
1.807138528021
1.811500936833
1.815922299270
1.820632228533
1.825174105248
1.829642544710
1.834035673062
1.838420762261
1.842765275768
1.847086776575
1.851423300695
1.855734113709
1.860068351581
1.864387684230
1.868707706105
1.872985840511
1.877314254718
1.881630714917
1.885941152669
1.890258406056
1.894555377062
1.898875730519
1.903174099844
1.907514987197
1.911911319100
1.916444049230
1.921198653372
1.926034921198
1.930683338180
1.935428124046
1.940010770567
1.944601278782
1.949154223060
1.957847197263
1.962277090368
1.966627195387
1.970964697407
1.975315177312
1.979788436692
1.984185609398
1.988504381121
1.993246083419
2.023337395127
2.027318189364
2.031976681182
2.036827790211
2.041698201754
2.046614309664
2.051520410996
2.056437442538
2.061330654385
2.066232925604
2.071135833722
2.076004909504
2.080958637222
2.085919135195
2.090754783692
2.095613148587
2.100480783736
2.105319844717
2.110179186420
2.114970456602
2.119785725163
2.124589676676
2.129378445175
2.134134994036
2.138902327447
2.143667527551
2.148417182276
2.153185190517
2.157982750508
2.162779153451
2.167536884335
2.172391436508
2.177184279785
2.182016625156
2.186857339929
2.191647211361
2.196485478321
2.201286503474
2.206098898063
2.210953478283
2.215718531334
2.220563948623
2.225350235040
2.230098243665
2.234901024694
2.239738128155
2.244497977876
2.249186752803
2.253955829619
2.258763656355
2.263542717133
2.268206411153
2.272971306240
2.277705271445
2.282405363266
2.287102431081
2.291715631037
2.296290671418
2.300894921592
2.305413095513
2.309949369954
2.314546971170
2.319099922196
2.323699107369
2.328175372827
2.332961399835
2.337568766038
2.343100433836
2.348079449981
2.352588294391
2.357129621752
2.361942956948
2.366693472105
2.371262254890
2.375784641220
2.380173448390
2.384570320753
2.389362727369
2.393751155539
2.398079872933
2.402779343060
2.488724141907
2.493254533340
2.498208463522
2.503265465792
2.508381064490
2.513473220902
2.518686729422
2.523862799118
2.529007929266
2.534217785000
2.539433888561
2.544679058702
2.549818510064
2.555012048504
2.560044576735
2.565109946884
2.570291459921
2.575379371617
2.580414514931
2.585440942139
2.590440672548
2.595352777288
2.600215647541
2.605054885255
2.609902942824
2.614803764751
2.619635551890
2.624309878088
2.628779881973
2.633233720752
2.638219935436
2.643155507270
2.648038243064
2.652378486065
2.699080978674
2.703718100652
2.707564694515
2.712109497028
2.716845938981
2.721602494281
2.726370808813
2.731153025308
2.735878924253
2.740606537864
2.745354443986
2.750093707768
2.754944164064
2.760314633803
2.765025469575
2.769651637268
2.774355994423
2.779108037324
2.783863769652
2.825939511226
2.830933931257
2.835795964866
2.840673403700
2.845490971314
2.850076394775
2.854710138431
2.859300287796
2.863398752764
2.867897692949
2.872595713745
2.877489825540
2.882488968648
2.887469760400
2.892502203936
2.897577046733
2.902751442614
2.907888343945
2.913068890718
2.918350139955
2.923578886275
2.928829576196
2.934052984714
2.939288420344
2.944505099586
2.949739530654
2.954955732932
2.960245187561
2.965475464712
2.970686034235
2.975882804377
2.981199460884
2.986315833030
2.991407024234
2.996716768955
3.001881255055
3.007068350216
3.061870038492
3.066172102681
3.070752262362
3.075717624662
3.080722584332
3.085689975149
3.090755770798
3.095896594747
3.101137872120
3.106459956856
3.111637890274
3.116756748972
3.121847000290
3.126935434467
3.132021347229
3.137063933752
3.142123310512
3.147156673318
3.152222859962
3.157262265342
3.162358443513
3.167459918475
3.172581301655
3.177623508839
3.182740527265
3.187834606730
3.192912327327
3.197895865795
3.202716309376
3.207672214614
3.212633677245
3.217519232247
3.222377560094
3.227192973996
3.231969868166
3.236718615524
3.241440956054
3.246168066173
3.250871475929
3.255546875478
3.260320052237
3.265067735105
3.269813196921
3.275128166220
3.279925381288
3.284682530396
3.289594060280
3.294577191337
3.304446290809
3.309154521710
3.313765071515
3.318577473865
3.323113162717
3.327770541286
3.416729413130
3.421657018950
3.426689032185
3.431897924516
3.437291227644
3.442894389464
3.448756033655
3.454865779035
3.460940528642
3.523262650530
3.532679540036
3.542233330587
3.552156646817
3.562168481677
3.572065814637
3.581997718493
3.591990110410
3.601116107722
3.609691671990
3.619708956116
3.629561739132
3.639195067806
3.648470497357
3.658242181202
3.668093447995
4.172773057472
4.176208674245
4.180284372430
4.184436571218
4.188556227864
4.192676223211
4.196801299547
4.200931104119
4.205095022546
4.209304809185
4.213572865374
4.218082494434
4.222485447162
4.226358168130
4.230184686330
4.234324599300
4.238492101979
4.242597324202
4.246780605615
4.251210237008
4.255409879830
4.266600985663
4.270760520721
4.274795182336
4.279103043630
4.283344746097
4.287571122078
4.291733175786
4.296005374099
4.299858487407
4.498080942478
4.506774999947
4.510936201145
4.515057873964
4.519215058418
4.523370378562
4.527501784266
4.531697034338
4.535919418380
4.540135268356
4.544377504771
4.548648493118
4.552894849497
4.557148880831
4.561402556478
4.565649232224
4.569889277476
4.574125699060
4.578371691268
4.582614782677
4.586844227901
4.591078469430
4.595303785076
4.599523383734
4.603702960403
4.607904231356
4.612142895968
4.616298673826
4.620482412240
4.624737429617
4.628919696936
4.633096132532
4.637256924389
4.641436779264
4.645600400545
4.649752955347
4.653920744542
4.658100202237
4.662324263039
4.666590469902
4.670887596755
4.675272788572
4.679584750420
4.683922040835
4.688165481735
4.695896460555
4.700000108665
4.704203334769
4.707958167504
4.712026484119
4.716232279512
4.720538391318
4.724953766190
4.729382445891
4.733875388280
4.738418282350
4.743062343659
4.747783570763
4.752558584785
4.757355393581
4.762243428548
4.767275594220
4.772190779750
4.777284641790
4.781952376259
4.786503966839
4.791043563533
4.795758787260
4.800179835021
4.804635878333
4.809278636973
4.813768247371
4.818308416393
4.822822516258
4.827502526794
4.921025790926
4.924850753511
4.929540929900
4.934307628130
4.939031887376
4.943775233471
4.948615215020
4.953560696248
4.958626171930
4.963664320218
4.968721855793
4.973852112763
4.978916284812
4.983877609344
4.988805335781
4.993651714319
4.998301157605
5.002868231077
5.007349682182
5.011715735151
5.016187602311
5.020507720460
5.024837287143
5.029039253718
5.033577023061
5.037675951745
5.169785892928
5.173869638526
5.177978452327
5.182775008099
5.186823907178
5.191711420501
5.195617890966
5.199369091999
5.203498012429
5.208005150751
5.212531781799
5.217065879525
5.221843160138
5.226498080022
5.231182812729
5.236216274953
5.241231820513
5.246236235354
5.251256900409
5.256327607828
5.261417380514
5.266539566386
5.271662506800
5.276776811623
5.281903699071
5.287018140590
5.292128826465
5.297227813558
5.302365666330
5.307524759541
5.312679048203
5.317833736427
5.322989870391
5.328131765560
5.333298754194
5.338434599793
5.343539827198
5.348654270282
5.353763346632
5.358970944542
5.364460999068
5.369593274917
5.374845535287
5.380078420638
5.385131793615
5.390311659748
5.395499878019
5.400575613664
5.478140068894
5.482628473038
5.487256914286
5.491479496101
5.496023490219
5.500859788549
5.505735553296
5.510758665951
5.515833412750
5.520844316203
5.525905438826
5.530950622136
5.536004205978
5.541062635273
5.546128208956
5.551267750971
5.556436245926
5.561663912728
5.566883848591
5.572122122793
5.577432059705
5.582678047019
5.587896278101
5.593089296909
5.598249743056
5.603356634015
5.608468256968
5.613483212864
5.618510197259
5.623481776719
5.628443868489
5.633334560542
5.638210371170
5.643090111786
5.647956116779
5.652767260074
5.657562779257
5.662274199467
5.666942273218
5.671569104285
5.676240443497
5.680826413930
5.685424355296
5.689945826076
5.694357613804
5.698718482221
5.703126723367
5.707678053505
5.712130906355
5.716794956830
5.735059451586
5.740112439297
5.744789152516
5.749483199352
5.754083557463
5.758558589359
5.763276019223
5.767759602645
5.772224175890
5.969550558909
5.974321844448
5.978600938995
5.983325559405
5.988157173326
5.993011878936
5.998002686433
6.002958168347
6.008001802818
6.013016752958
6.018137413426
6.023207901360
6.028411929396
6.033568539790
6.038809290138
6.043927317648
6.049158887441
6.054285689637
6.059494735537
6.064564428401
6.069745657380
6.074862879258
6.080039354753
6.085048483271
6.090155233322
6.095120714841
6.100011297369
6.104835076089
6.109586297529
6.114278152195
6.118866306693
6.123411688050
6.127905378524
6.132382585300
6.136843167403
6.141312172834
6.145720380891
6.150220200216
6.154708961739
6.159325694677
6.164048008123
6.168701252327
6.173148929165
6.177432603834
6.181527664067
6.185984135644
6.190656385025
6.195369090135
6.200155613283
6.204720917297
6.209433823566
6.213999632799
6.218457688204
6.223072694724
6.227655312491
6.232071394881
6.310884943465
6.314834298385
6.318715890404
6.322477110705
6.326230617572
6.330255372658
6.334403268020
6.338610344956
6.342819765333
6.347037372518
6.351261489853
6.355433479309
6.359706943760
6.363902401372
6.368200377555
6.372403116050
6.376692695511
6.380999851761
6.385512106034
6.389648494838
6.393878086813
6.398049174002
6.402284508145
6.406466968169
6.410980654582
6.415204660126
6.419502243843
6.423714606988
6.428018652180
6.432293672996
6.436630894587
6.440870173138
6.445062931685
6.449330861336
6.453562306074
6.457911325467
6.462078427665
6.466298024660
6.470256975230
6.474779983942
6.478950445766
6.483075375277
6.487475648359
6.612735246560
6.617472476973
6.622098179587
6.626778415588
6.631577950280
6.636468097555
6.641386943032
6.646369490671
6.651346111441
6.656416845285
6.661488322163
6.666603766524
6.671761971254
6.676912516850
6.682069955783
6.687213409343
6.692301903446
6.697404554056
6.702413098941
6.707422894942
6.712400930783
6.717342362479
6.722241600163
6.727133726596
6.732037167258
6.736920756192
6.741771455454
6.746687688846
6.751731831104
6.756902194814
6.762121431237
6.767201992040
6.772186873725
6.777126847045
6.782037223371
6.786952598051
6.791794703563
6.795911097533
6.871236717725
6.875290569881
6.879587553453
6.884222041271
6.888800257937
6.893361697548
6.897993069271
6.902642996527
6.907296924819
6.911996959772
6.916728586004
6.921531842516
6.926338503068
6.931130087728
6.936072424712
6.940991783996
6.945891139323
6.950767398627
6.955586028192
6.960439838500
6.965192807633
6.969801156986
6.974436047182
6.978869733714
6.983528916359
6.988192800948
6.992999407401
6.997634002104
7.038183840376
7.043183738956
7.047781118925
7.052125583033
7.056937952028
7.061772940738
7.066606943742
7.071371241393
7.076174614553
7.080944325205
7.085733149477
7.090503845740
7.095270691044
7.100019021023
7.104800139237
7.109597009462
7.114439055873
7.119251380135
7.124130837357
7.128992290531
7.133839001157
7.138651298406
7.143453845371
7.148318251432
7.153262419944
7.158330963169
7.163523359949
7.168758272549
7.174012941049
7.179147609235
7.184241951239
7.189345374896
7.194391898032
7.199469081018
7.204660326683
7.210007570434
7.215453070866
7.220600020491
7.225704224789
7.230900760438
7.235916792877
7.240940164640
7.246101366551
7.250979083422
7.255834925954
7.260650684064
7.330801226145
7.334915967422
7.339283869178
7.343837134323
7.347756181002
7.352381723390
7.357318304990
7.362442646671
7.367495987418
7.372604595718
7.377744119233
7.382893023321
7.388079229217
7.393335461601
7.398519073496
7.403750660765
7.408914032878
7.414062257287
7.419281577011
7.424357056897
7.429654039819
7.434672558182
7.439996914147
7.444901763700
7.450077908076
7.454881763984
7.460278372153
7.464946031405
7.470204925759
7.475028109637
7.480253800429
7.485210153728
7.490294943427
7.495175699316
7.500113930147
7.504916069787
7.509764710526
7.514481048457
7.519171395967
7.523861555256
7.528576836175
7.533278005142
7.538063680485
7.542673579667
7.547391770326
7.552312856380
7.557433937792
7.562278060940
7.567346578495
7.572321049352
7.577252807271
7.581969725539
7.586732979662
7.591321679929
7.596017743290
7.600777710992
7.605619182776
7.610419859530
7.615243544280
7.721071704713
7.730639963346
7.740496733351
7.750166785075
7.768578950214
7.773552178468
7.778410722861
7.783548995523
7.788647139912
7.793626004419
7.798678373464
7.803525630097
7.808438741351
7.813308842987
7.818196172198
7.823084976667
7.827913520674
7.832792916097
7.837638093014
7.842502769437
7.847327105900
7.852163770374
7.856987761781
7.861814611942
7.866647539041
7.871484191311
7.876346391082
7.881243263897
7.886156186430
7.891122403678
7.895658221672
7.900621353038
7.905563455361
7.910494560060
7.915444509038
7.920456148061
7.925359790406
7.930291082146
7.935172408869
7.940086141899
7.945000249238
7.949976268759
7.954886361344
7.959771019320
7.964659149717
7.969630829351
7.974489281156
7.979319760521
7.984098715730
7.988841246335
7.993538899122
7.998235545266
8.002858143242
8.007496409076
8.012101574695
8.016778353789
8.021528849056
8.026633137293
8.031801798489
8.036841288074
8.041922068343
8.047167256550
8.052531997003
8.057599549945
8.062570934208
8.067442937057
8.072152930655
8.076826367771
8.081462592040
8.086103731722
8.090761308872
8.095367254314
8.100021399853
8.104658817909
8.109342043527
8.113961081298
8.118634620813
8.123216431014
8.127848875851
8.132378407238
8.136964227597
8.141530711032
8.146214802944
8.150914538809
8.155637487123
8.160303445295
8.165147377902
8.169828354505
8.174602449280
8.179269807589
8.184122523927
8.188799039562
8.193679409236
8.198541708868
8.203555747606
8.208317477408
8.212801013522
8.217551277971
8.222269435202
8.226724070952
8.231424416791
8.236277216558
8.240853626848
8.245456754732
8.250369443015
8.254982863386
8.259699992852
8.264407601443
8.269039971529
8.273713100293
8.278367932020
8.282917681290
8.287746859262
8.335997960061
8.340074971754
8.344898498059
8.348989333241
8.352985709138
8.357278331195
8.361728906686
8.366147017484
8.370459152370
8.375000304042
8.379640149465
8.384377344963
8.389187408630
8.394027929050
8.398929145032
8.403859305969
8.408823859559
8.413807261022
8.418839055340
8.423894409583
8.428935766084
8.434016392190
8.439055390921
8.444185404371
8.449148704698
8.454226830434
8.459199297101
8.464212231554
8.469141365616
8.474032412892
8.478943571799
8.483853083072
8.488732243238
8.493665459447
8.498635062387
8.503061529746
8.507325297708
8.511512038308
8.609682228119
8.613964596300
8.619160066880
8.623448648220
8.628023487795
8.632868643214
8.637718104523
8.642610515251
8.647622104899
8.652778693958
8.657892186874
8.663564002471
8.668810630000
8.674400701360
8.679654294830
8.684789084271
8.689996099928
8.695207470003
8.700577424019
8.705576184915
8.710341199236
8.714904240764
8.719561570066
8.724232977528
8.728942602981
8.733704311601
8.738551114349
8.743475163375
8.748480970863
8.753548250576
8.758764644781
8.764085653453
8.769494825576
8.774975581189
8.780366226780
8.785616844244
8.790847151205
8.795873437886
8.800927222921
8.806075266639
8.811207861966
8.821670851141
8.831442460030
8.836444099493
8.841045583521
8.855545041936
8.860998593729
8.866349667737
8.871766623930
8.877257365397
8.882748250801
8.888296492737
8.893865714729
8.899501922663
8.905081000734
8.910646929216
8.916269977505
8.921870835575
8.927375643683
8.932918799092
8.938394961580
8.943913499390
8.949489433966
8.955201214711
8.960754310146
8.966356935221
8.971896904928
8.977504710047
8.983003172679
8.988275763113
8.993653526432
8.999075992204
9.004533708584
9.009997802717
9.015430999100
9.020853369995
9.026214081715
9.031618683482
9.036950101746
9.042346652960
9.047620627850
9.052940586506
9.058230208303
9.063524019596
9.068835371625
9.074146947765
9.079653112179
9.085185613000
9.090633347255
9.096098046985
9.101597498305
9.107118732069
9.112465164830
9.117818225468
9.123210121669
9.128619372614
9.134137664204
9.296334854323
9.308457972103
9.380217171567
9.385271604500
9.390210699009
9.395067850122
9.399921982722
9.404515406293
9.409211130176
9.413142171755
9.418317244537
9.423513294880
9.893342036180
9.897866380209
9.901839022362
9.905889023807
9.910378061934
9.914909077554
9.919383750182
9.923830594982
9.928266567101
9.932698561153
9.937081335805
9.941452809598
9.945852760793
9.950265779612
9.954639119418
9.959025145414
9.963422891355
9.967804287073
9.972189499103
9.976594981693
9.981024612492
9.985499391511
9.990088703955
9.994692990935
9.999311215076
10.003972558838
10.008631703780
10.013303278141
10.018011085058
10.022741533237
10.027480531580
10.032258452003
10.037023671966
10.041850468710
10.046643479451
10.051460730727
10.056267615772
10.061023016023
10.065775421645
10.070559947411
10.075283355889
10.079998128004
10.084642051873
10.089262568418
10.093858883818
10.098386515626
10.102837262927
10.107304438692
10.111646014215
10.115959126463
10.120278818202
10.124802171781
10.129267803729
10.133784007537
10.138350508573
10.143036125386
10.147873765139
10.152556220646
10.157142607732
10.161699995984
10.165907754474
10.170624804485
10.175239790056
10.180021342169
10.184769313070
10.189291357202
10.193561256403
10.197951232606
10.203012449196
10.206893311493
10.210787789425
10.214486817221
10.219031691082
10.226467053766
10.229939937846
10.233474334432
10.237090881350
10.240769304654
10.245015850132
10.248869156859
10.252631247273
10.256422189662
10.260289621861
10.264172748304
10.268008587016
10.271845545508
10.275703761845
10.279608120744
10.283527162891
10.287418704349
10.291258997477
10.295035219379
10.298826563394
10.302722326040
10.306660464179
10.310639584801
10.314668996448
10.318711092531
10.322782573697
10.326880696234
10.331011942789
10.335191391673
10.339371578741
10.343569143616
10.347780211486
10.352010014515
10.356263314691
10.360536088693
10.364842222369
10.369163651283
10.373513077370
10.377889450954
10.382336256539
10.386830157389
10.391376111326
10.395961752127
10.400556679947
10.405177008871
10.409810799841
10.414434190625
10.419030457306
10.423592016469
10.428109861295
10.432680207351
10.437298285352
10.441953589899
10.446599946375
10.451464859429
10.456691694245
10.461698581826
10.466475745942
10.471006840238
10.475624525581
10.480887317788
10.485568056435
10.490095759900
10.494635348525
10.499499953946
10.504052226161
10.508706052826
10.513266247545
10.518011088919
10.577354056817
10.581050767039
10.584540037936
10.587794355314
10.591338362007
10.594703669016
10.597896109598
10.600768126957
10.603442279373
10.606814475446
10.623203062078
10.628385281812
10.632518136448
10.636592071257
10.640969481040
10.645471318080
10.650024726933
10.654629934704
10.659252456367
10.663904913426
10.668496071140
10.672612971986
10.677492405640
10.682254001126
10.687072119705
10.691938349706
10.696853982158
10.701787632834
10.706751642405
10.711763526789
10.716817563094
10.721848412830
10.726861525679
10.731913941486
10.737012146208
10.742049402614
10.747099162422
10.752127122600
10.757110558370
10.762080306596
10.767000491839
10.771911001503
10.776777003687
10.781564014193
10.786385764161
10.791145313443
10.795846503733
10.800558125844
10.805244909672
10.809801676923
10.814415711473
10.819002976387
10.823473093153
10.828023837407
10.832486500661
10.836896411067
10.841350054133
10.845818913695
10.850326407985
10.854874065275
10.859496405169
10.864089207589
10.868587310112
10.873175060700
10.877706328484
10.882246604624
10.886661970338
10.891184272953
10.895747591985
10.900387304058
10.904843972088
10.909542225245
10.914008576850
10.918647638269
10.923502102019
10.928020085135
10.932408088255
10.936749620597
10.962636683790
10.966409737162
10.970063606999
10.973957604517
10.977964065363
10.982087158995
10.986311073105
10.990638556249
10.995088075069
10.999653285340
11.004284398900
11.008954919518
11.013531842591
11.018190398977
11.022617710851
11.027270234270
11.031797058164
11.036072254245
11.040578327629
11.044886283947
11.049139663208
11.053508095229
11.057859816732
11.062158408441
11.066455356707
11.070719437462
11.075051668328
11.079408576269
11.083724869352
11.088149714093
11.092519963825
11.096773664817
11.101216911291
11.105595496855
11.109956539687
11.114335115854
11.118772564349
11.123014165384
11.127394017861
11.131903461173
11.136246534315
11.140597386918
11.145031950155
11.149392079906
11.153629913010
11.158069078336
11.162384933628
11.166732733443
11.171159890725
11.222352796567
11.225972742625
11.233346864359
11.237182432426
11.241051697930
11.244930881155
11.248845185020
11.252730378300
11.256618305402
11.260491519448
11.264347484560
11.268175881056
11.272038916217
11.275904999988
11.279815842514
11.283755149838
11.287826883628
11.292022160427
11.296352622621
11.300538974982
11.305540823950
11.313414983761
11.317219472173
11.321029949639
11.324911525028
11.328819551391
11.332744161722
11.336639157407
11.340433179202
11.344325968768
11.348189123231
11.352224981563
11.356171900575
11.360553293556
11.364972820421
11.368964783036
11.372898570653
11.377168363206
11.381140062895
11.385402991913
11.480883727742
11.484774425707
11.488937960101
11.492974182266
11.497152806331
11.501555703940
11.505992319934
11.510212754330
11.514746783034
11.519368710525
11.524008534933
11.528752327668
11.533524990449
11.538352380213
11.543195282604
11.548056203124
11.552961624010
11.557887117192
11.562875145979
11.567939716456
11.572967689916
11.577992850449
11.583050997660
11.588078858177
11.593031384089
11.597998219595
11.602925309252
11.607915281351
11.612929119443
11.617927345852
11.622879365334
11.627827213743
11.632784673646
11.637710560302
11.642674093302
11.647627020343
11.652556302348
11.657479693572
11.662447815456
11.667430225109
11.672522850750
11.677621919963
11.682762593064
11.688041284156
11.693210063506
11.698189979495
11.830231966385
11.839526699057
11.849156307717
11.858774359562
11.868495059456
11.877781238040
11.882808440081
11.887808557942
11.892857397748
11.897920889240
11.902968575590
11.908019847795
11.913087160257
11.918146505827
11.923227348402
11.928431857404
11.933904915108
11.939061966968
11.944450042864
11.949766859806
11.955036541282
11.960551209419
11.966004815810
11.971299462115
11.976351811947
11.981609225373
11.986783899315
12.011627099934
12.016598600464
12.021393552214
12.025483694935
12.030243164347
12.035200501579
12.040160488601
12.045137241687
12.050099706912
12.055052279345
12.059990696727
12.064991189974
12.069955126340
12.074970123545
12.079912136524
12.084831311815
12.089682324056
12.094586342641
12.099426345996
12.104341149103
12.109146350770
12.114234423507
12.119553773324
12.124741097610
12.129917734281
12.135008647746
12.140173834987
12.145143944550
12.150177113868
12.155180913101
12.160066108707
12.164908814063
12.169972469290
12.174927159456
12.179907932745
12.184886330501
12.189955170295
12.200857337276
12.203560317439
12.205992701645
12.208268665592
12.210516183157
12.212665707366
12.214890362600
12.217027095107
12.219201940164
12.221207059596
12.223496025578
12.225642550760
12.227977850396
12.290070307226
12.294384632452
12.298742500820
12.302800651870
12.307015084807
12.311575654963
12.316195236304
12.320774219996
12.325421075220
12.330059474097
12.334663623430
12.339297805563
12.343927934209
12.348581432070
12.353251746634
12.357924117810
12.362579188500
12.367226080139
12.371853208802
12.376499837323
12.381128394921
12.385757514859
12.390370580022
12.394994903777
12.399588184997
12.404175069869
12.408746250171
12.413315011838
12.417912141725
12.422550071795
12.427341192026
12.432134686456
12.437018743600
12.441688009670
12.446700118400
12.451432229484
12.456100483503
12.460721578147
12.465362090137
12.470059116832
12.474586245763
12.479175796961
12.483816739179
12.488388171701
12.493026297988
12.497698043211
12.502280969366
12.506918254010
12.511579069770
12.516274888899
12.520876754658
12.549367484231
12.553592888070
12.558500391581
12.563414387240
12.568328247061
12.573330963092
12.578376817026
12.583476758336
12.588593594824
12.593776047454
12.599047520256
12.604276849976
12.609577091058
12.614878250797
12.620181203202
12.625438927519
12.630733483234
12.636027513557
12.641302896502
12.646578731929
12.651765596699
12.656933060929
12.667396984226
12.677812646606
12.688085578275
12.698363435433
12.707952872027
12.717759639894
12.728003951596
12.738282192281
12.751548534334
12.756689277443
12.761877867454
12.767104573326
12.772154235478
12.777341457522
12.782445124968
12.787678257338
12.792898966209
12.798122540090
12.803209594545
12.808424750539
12.813559543014
12.818711688278
12.876321606770
12.885630732711
12.895205269934
12.905016459235
12.914952203827
12.924956770699
12.935081817268
12.945347671952
12.955580536197
12.965980453130
12.976147209839
12.986103012779
12.995850964996
13.001033077438
13.006190096161
13.011312691060
13.016431758411
13.021599320844
13.026766614025
13.032200873327
13.037584292968
13.042972552530
13.048099446987
13.053168291416
13.058343419867
13.063572315733
13.068820305462
13.074015524277
13.162636131411
13.172638306180
13.183045455998
13.194653339283
13.208006192284
13.280311724304
13.284402896332
13.288724754259
13.292885790606
13.298026978366
13.943565169585
13.946953800020
13.950820310916
13.954323766752
13.958376816886
13.962508475623
13.966744920719
13.970975948722
13.975316459030
13.979792096858
13.984509456204
13.989320342000
13.993630070431
13.998185571490
14.002813553370
14.007367929811
14.011540914077
14.015582766644
14.019592119246
14.059212207733
14.062873516832
14.066224364104
14.069272418932
14.072709420688
14.076675480004
14.080567179369
14.084511295607
14.088766399973
14.093069671585
14.097286273099
14.101635795532
14.106046942495
14.110355058144
14.114657454473
14.118941165764
14.123224787563
14.127508401169
14.131823861006
14.136226128600
14.140630046452
14.145080658823
14.149637292035
14.154367203831
14.159155072465
14.163923327700
14.168533010307
14.172965594579
14.176926453034
14.180788217291
14.184248525414
14.187184936188
14.190704343740
14.194399271488
14.198223693669
14.205639915567
14.209754667197
14.214171416721
14.218377286420
14.222640635009
14.227378856974
14.231652779151
14.236182478355
14.240061178627
14.243602682812
14.247246538836
14.312700271066
14.316696037637
14.320473982530
14.324721553125
14.329172987157
14.333614430733
14.338079911535
14.342540893218
14.346957057573
14.351423837421
14.355883269031
14.360383449324
14.364844984523
14.369343310200
14.373796721945
14.378224740476
14.382711354125
14.387101584516
14.391519448949
14.395950983638
14.400372535791
14.404920170200
14.409637935833
14.414250057868
14.418813423540
14.423230202341
14.427554949350
14.431814458931
14.436095852307
14.440427332738
14.444856653808
14.449255510121
14.453675406304
14.458232643240
14.462696655253
14.467183533531
14.471699804943
14.476210605302
14.480764841365
14.485201666787
14.489648828307
14.513950641459
14.520963197994
14.529443991636
14.537874295436
14.546107061551
14.554320531542
14.562524389174
14.578148587889
14.582249569956
14.586283953056
14.590306443964
14.594286396439
14.598218434936
14.602175442890
14.606045908292
14.609920603481
14.613773744471
14.617614921524
14.621424075942
14.625297387365
14.629274786270
14.633307664470
14.637471660477
14.641591512709
14.645772645913
14.649770362020
14.653331625874
14.658289189071
14.662370881093
14.666106414621
14.670121756267
14.674142166589
14.677935133654
14.681907572060
14.685884528261
14.689775899201
14.693819320473
14.697725256001
14.781146508458
14.784972047225
14.792429754179
14.796523992575
14.800819629407
14.805253316803
14.809735341797
14.814281996867
14.818903587867
14.823605142251
14.828269876494
14.832912236683
14.837664545079
14.842405507131
14.847119253223
14.851850931873
14.856560375268
14.861292464779
14.866031656684
14.870735852639
14.875476550595
14.880193305875
14.884882326366
14.889545960551
14.894188531371
14.898846527123
14.903500328401
14.908101035326
14.912690709866
14.917240319820
14.921785259892
14.926319138012
14.930859368315
14.935364755011
14.939851495932
14.944361777715
14.949045949875
14.953734938714
14.958405207210
14.963142812942
14.966849407750
14.978940367096
14.984517718356
14.989293381124
14.994230028758
14.998057396059
15.003383984069
15.007577655250
15.011884601819
15.016570423386
15.020731555626
15.025002094457
15.029523385515
15.034233874227
15.039008530074
15.043946937307
15.048907972415
15.053675365359
15.058475231385
15.063251330794
15.068113050392
15.072968794834
15.077949711485
15.082861178816
15.087880554492
15.093004244303
15.098224451959
15.103522078082
15.108723073152
15.113535753937
15.118733396521
15.123971663902
15.129084558924
15.134239981219
15.139472942963
15.144731104115
15.150045961507
15.155737100478
15.161101922686
15.166464137080
15.171595026965
15.176734453218
15.181947269756
15.187088665101
15.192224407282
15.197410096036
15.202601245494
15.207921002102
15.247825683601
15.253128382943
15.258272921282
15.263281698968
15.268470303614
15.273876424586
15.285137929092
15.290092593732
15.295129924146
15.300082610188
15.304965437151
15.309803365379
15.314594334091
15.319396211719
15.324215666667
15.329064193961
15.333943085235
15.338815180710
15.343674904130
15.348541555657
15.353389353007
15.358244316478
15.363066049909
15.367881913832
15.372668544522
15.377456433087
15.382231768169
15.386979236124
15.391666953597
15.396360245469
15.401035247377
15.405714585385
15.410370604447
15.415039304321
15.419692300249
15.424391322711
15.429126737805
15.433926589929
15.438770869328
15.443672895854
15.448536268235
15.453326655238
15.458121062492
15.462818999474
15.467407311546
15.471942490924
15.476446142542
15.480881951442
15.485416112629
15.489867207940
15.494350890894
15.498841191340
15.503336469792
15.507788350779
15.512285138432
15.516728573993
15.521168808769
15.525586526500
15.530027147772
15.534461037099
15.538905993751
15.543349058532
15.547783557173
15.552251467496
15.556676433657
15.561105902856
15.565547090657
15.570059070480
15.575002451138
15.579596184022
15.584230832903
15.588905532060
15.593601078149
15.598457412833
15.603630600243
15.608688832729
15.613525953325
15.618013232966
15.622482161993
15.627003766089
15.631653042975
15.636252435306
15.640725954624
15.645273816964
15.649789233059
15.654312032413
15.658810979038
15.663228028644
15.678935681539
15.683671800326
15.688482363760
15.693370152326
15.698305139349
15.703356180767
15.708454263013
15.713585021958
15.718778777634
15.723960615789
15.729332264756
15.734574012703
15.739944232113
15.745284595151
15.750694868956
15.756034705353
15.761424015506
15.766838605062
15.772315858519
15.777576851445
15.783064360102
15.788381914549
15.793858341976
15.799159945706
15.804544729680
15.809881359451
15.815226353958
15.820509571106
15.825885736577
15.831154316418
15.836541411175
15.841823707424
15.847158829961
15.852461336778
15.857768235173
15.863048418666
15.868327556466
15.873500866446
15.878760949254
15.884030310462
15.889147243497
15.894345842163
15.899621037798
15.904936647556
15.910254003605
15.915541618057
15.920796783330
15.926062081496
15.931231984401
15.936516319432
15.941745789796
16.012793422025
16.021767310664
16.030964260698
16.040587555924
16.050531559150
16.069114096964
16.074117106693
16.079096789964
16.084054504684
16.089069109936
16.094084219173
16.099108075113
16.104129859574
16.109145984522
16.114134295010
16.119151480408
16.124180846751
16.129207679177
16.134245366097
16.139263775445
16.144280715460
16.149266529282
16.154302290109
16.159367771051
16.164548005772
16.169767298081
16.175003430869
16.180231450179
16.185474460751
16.190727462771
16.195975014860
16.201185765870
16.206356835069
16.211435602579
16.216431517368
16.221359262441
16.226272437710
16.231162403004
16.236061031016
16.240964587874
16.245824896116
16.250699039734
16.255602416226
16.260649109489
16.266048185979
16.271144910373
16.276253531436
16.281386519571
16.286601916780
16.292081260360
16.297743968810
16.302857539425
16.308162199182
16.327661951934
16.331498662741
16.335933385445
16.340955406144
16.344930153811
16.349638298078
16.354460063010
16.359151357835
16.363937317571
16.368798067458
16.373640669052
16.378513065561
16.383402921642
16.388251874911
16.393139871165
16.398005376723
16.402934795138
16.407851654334
16.412805959636
16.417762485635
16.422715448666
16.427622948930
16.432534296183
16.437472967840
16.442408510208
16.447387965644
16.452489810883
16.457995987351
16.463406182662
16.468317242063
16.473245298224
16.478142027898
16.483071598625
16.487967098319
16.492905178027
16.497820951782
16.502802879559
16.507828741204
16.512953765831
16.518169415399
16.523452113073
16.528737967716
16.533749212099
16.539072954196
16.544301594097
16.549515342985
16.554760393803
16.560038961883
16.565387821854
16.570675672861
16.575989901764
16.581280989201
16.586583480421
16.591888653481
16.597033291594
16.602227416130
16.612168321112
16.621792421619
16.668088565687
16.673956358620
16.679243348200
16.685699998295
16.691440264580
16.697122140722
16.702297574388
16.708841251093
16.714405760786
16.719829608456
16.724968861155
16.730096955238
16.735468105471
16.740400966343
16.745231964527
16.750103573336
16.754900040002
16.759691046983
16.764466882259
16.769230253843
16.774018486109
16.778847740515
16.783687932948
16.788535991130
16.793388912062
16.798261044868
16.803145565207
16.808047838117
16.812942560716
16.817853096579
16.822755984533
16.827661247436
16.832554657098
16.837467174339
16.842397094804
16.847370740826
16.852377021758
16.857469338362
16.862636819587
16.867958156269
16.873265758012
16.878668162636
16.884018983076
16.889366013565
16.894572666009
16.899743138629
16.904959305754
16.910073299452
16.915121070256
16.920146963144
16.925209602234
16.930306862043
16.935442779885
16.940645965718
16.945848146078
16.951072291683
16.956309492752
16.961575789837
16.966878711898
16.972211580973
16.977546695946
16.982837573741
16.988105804542
16.993336726088
16.998627480753
17.003876564432
17.008934784141
17.013960847943
17.018973188256
17.023972727286
17.028952731589
17.033920482979
17.038937749675
17.043975707366
17.049113942041
17.054469461930
17.060005012831
17.065470993223
17.070757988411
17.075686148615
17.080773357916
17.096659081796
17.106754404912
17.147794710116
17.152496794479
17.157187832399
17.162477003907
17.167724539498
17.172978051652
17.178240938166
17.183552570984
17.188880987909
17.194246978737
17.199561945277
17.204926834101
17.210280904826
17.215586034011
17.220878964604
17.226106029444
17.231380628159
17.236676982800
17.241949842418
17.247206673485
17.252470000914
17.257746412297
17.263024170907
17.268343481009
17.273674363334
17.279002807295
17.284409160268
17.289879371409
17.296224987767
17.301620288945
17.306880522163
17.312187003239
17.317397956319
17.322714279891
17.374348989783
17.378604694376
17.383525083620
17.388657240310
17.393777925010
17.398919308498
17.404087947631
17.409587170715
17.414682677876
17.419852647689
17.425031378034
17.430108713622
17.435345779813
17.440495895078
17.445655595651
17.532784414065
17.537193913111
17.541921224749
17.546892763046
17.551940874989
17.557159323012
17.562665952271
17.568179504018
17.573783698988
17.579439191845
17.585264947150
17.591197440007
17.597230346259
17.603430110688
17.609489558664
17.615667403585
17.621510815344
17.627589898405
17.633054908430
17.638890030070
17.644541597139
17.650437758220
17.655846088737
17.661750653193
17.666869973548
17.672670182756
17.678060357958
17.683609466903
17.689058110911
17.694295176847
17.699705792708
17.705356130339
17.711886745099
17.717248686287
17.722865528176
17.727848220046
17.733706644691
17.739247060373
17.744836043412
17.750356318481
17.816782037273
17.822589281589
17.828432798348
17.834324004942
17.840334329634
17.848771988091
17.855300064147
17.868067359904
17.881224902705
17.905862829493
17.911658441991
17.916914189350
17.922505008622
17.927799887130
17.933100526940
17.938342028883
17.943459720933
17.948950526585
17.954076537011
17.959757270512
18.079534727669
18.089113913964
18.099216758872
18.109528863614
18.119880770368
18.159097173263
18.168399832857
18.178218997297
18.188128880137
18.197737641108
18.207006463325
18.216411986883
18.225631216501
18.235009991694

