Time_s
0.662880396421
0.667206550881
0.671011490303
0.675725858080
0.680406354994
0.685173699425
0.690000716171
0.694861684111
0.699743596139
0.704639391427
0.709507586660
0.714375038524
0.719241955826
0.724077210301
0.728859181927
0.733627775295
0.738347123759
0.743013754639
0.747615601669
0.752009926436
0.756227263326
0.760346312144
0.764435139482
0.768511886707
0.772480876558
0.776444863446
0.780400840337
0.784329815817
0.788254707491
0.792105635413
0.795935014803
0.799869791025
0.803736727130
0.807232940802
0.810898277567
0.814487894283
0.818008903865
0.821917522130
0.955519153920
0.959847936491
0.963577593636
0.967505634229
0.971298368540
0.975097314940
0.978595171886
0.982384693918
0.986112267257
0.989946691298
0.993836220703
0.997774699471
1.001777510466
1.005797265315
1.009830146693
1.013845296250
1.017886698116
1.021974233379
1.026047505430
1.030117956790
1.034195116720
1.038249354317
1.042304308614
1.046345389002
1.050383797234
1.054424358107
1.058443616258
1.062440725467
1.066442938478
1.070434415779
1.074416387013
1.078396831661
1.082338251472
1.086266416227
1.090163736952
1.094032864692
1.097924143186
1.101759830116
1.105682716182
1.109596346564
1.113521082280
1.117365423915
1.121266298757
1.266876747322
1.271005515392
1.274629095361
1.278329538354
1.282066187663
1.285819971045
1.289665595053
1.293713004988
1.297822773853
1.301993258347
1.306219547132
1.310515359697
1.314859221668
1.319289820162
1.323776600887
1.328331710094
1.333021623096
1.338015666472
1.343097803824
1.348357892885
1.353811845049
1.359499993727
1.365815664677
1.368384280823
1.370834098822
1.373406956703
1.376079052672
1.378711302867
1.381280015579
1.383471027341
1.385998318242
1.388517468717
1.391303854875
1.393921396799
1.396411672692
1.399026091160
1.401856566236
1.404440476502
1.407050417733
1.409742424070
1.432609697699
1.435792536303
1.439027571536
1.442340810461
1.445440566749
1.448793304072
1.452133128416
1.455186044317
1.458286359209
1.461448922353
1.464572030953
1.467679110421
1.471113006206
1.473862954841
1.476654941565
1.479401108432
1.482177660636
1.485028686628
1.487837870165
1.490492459918
1.495374414765
1.502878169850
1.505553542031
1.508223473402
1.510846978891
1.513514284133
1.516137997445
1.519336778853
1.521760161252
1.524331057542
1.766933042430
1.771896312112
1.777259625200
1.782990119494
1.788824900484
1.795049003676
1.801351378005
1.807735105789
1.814209880539
1.820786034198
1.827461397506
1.834323043279
1.841262707466
1.848134654147
1.854811924155
1.861145832630
1.866796703688
1.872326544246
1.877478831555
1.882583642748
1.887546478060
2.061046997905
2.065493275970
2.069615645841
2.073406789219
2.077804039791
2.082081979184
2.086597457015
2.091166902963
2.095801206776
2.100437107827
2.105076146913
2.109674330576
2.114240185856
2.118744057561
2.123199129702
2.127613369356
2.132041272869
2.136620340641
2.141677878638
2.146841457372
2.151362611289
2.156128016986
2.196795641487
2.201565091078
2.205558974149
2.209863225034
2.213686078819
2.217930985013
2.222160140016
2.226521842404
2.230990448026
2.235625883855
2.240326128735
2.245139937990
2.250201833683
2.255131111131
2.259787326247
2.264507946235
2.269463742668
2.274432562496
2.279332660973
2.284207727645
2.289310982243
2.294184158631
2.299060944370
2.303979218726
2.308818758167
2.313540210322
2.318202734976
2.322761192556
2.327025773408
2.332058102366
2.336989154178
2.341939738792
2.346894051402
2.351838890820
2.356732371387
2.361652087403
2.366572349724
2.371490269431
2.376420181807
2.381339589044
2.386262533285
2.391083898680
2.395954263841
2.400876706979
2.405775925509
2.410665047164
2.415575625377
2.420487387061
2.425381557755
2.430235269499
2.435131361544
2.439999635851
2.444854409820
2.449668655320
2.454492106273
2.459324007899
2.464185614473
2.469066096861
2.473911068602
2.478736923471
2.483569042494
2.488460534891
2.493301996575
2.498137420941
2.503000155207
2.507892609732
2.512779773251
2.517651134837
2.522528712617
2.527430454502
2.532342486764
2.537288897153
2.542253325799
2.547222325164
2.552205107409
2.557158857100
2.562179322014
2.567237725108
2.572302982681
2.577429751636
2.582538585184
2.587662257708
2.592797611696
2.597943987566
2.603092583881
2.608235858275
2.613368301595
2.618487810749
2.623572867684
2.628635693541
2.633615436236
2.638483717453
2.643310746978
2.648123742444
2.652942124153
2.657758620824
2.662584952401
2.667356098737
2.672149554062
2.676987416558
2.681831850754
2.686735413997
2.691660814914
2.834762319909
2.839550353772
2.844108224072
2.848748847912
2.853488656471
2.858355346171
2.863097700918
2.868222612179
2.873368428988
2.878670302146
2.884017524190
2.889541305115
2.895119316563
2.900773771799
2.906464833086
2.912241010285
2.918031990556
2.923818601718
2.929593564948
2.935349611969
2.941090675843
2.946792235917
2.952491115238
2.958186636631
2.963876110904
2.969582136420
2.975245705177
2.980894521855
2.986470192088
2.992061121645
2.997629597618
3.003217503018
3.008783164410
3.014327706372
3.019846483109
3.025336759697
3.030817699887
3.036251534200
3.041687431219
3.047108008749
3.052461217484
3.057552070223
3.062300143283
3.066866835763
3.071364486950
3.076521636579
3.081693536763
3.086891530265
3.148801681343
3.153720247511
3.158508358022
3.163680034230
3.168786172816
3.174024907928
3.179220352956
3.184517925830
3.189812910601
3.195084226670
3.200312075215
3.205573276505
3.210800053737
3.216011025605
3.221203354813
3.226399848135
3.231621416386
3.236821371941
3.241993482473
3.247140203928
3.252285010955
3.257410357143
3.262476519623
3.267513364859
3.272534031843
3.277511455562
3.282660056127
3.287845679665
3.292987189377
3.301996121649
3.307191966562
3.312499054367
3.317666307261
3.405263551588
3.410387155211
3.415443632913
3.420266942276
3.425311781424
3.430735155961
3.436281774584
3.442132356622
3.448032531980
3.454044335176
3.460092220078
3.466165017886
3.472271802319
3.478389194068
3.484582499452
3.490844125916
3.497169076570
3.503607936172
3.510154482990
3.516918532048
3.523670859597
3.530280110146
3.536799965150
3.543310940006
3.549645294370
3.556095491002
3.562433294525
3.568719790316
3.574969944226
3.581091460084
3.587060815946
3.592942563963
3.598754112416
3.604428355280
3.610032898317
3.615384620260
3.620655124648
3.625786983619
3.630917639565
3.636103392694
3.791373360594
3.797649632503
3.803684306489
3.809870923670
3.816068918263
3.822237650014
3.828373173289
3.834563829625
3.840715260953
3.846902030365
3.853117059477
3.859360820103
3.865649571281
3.871995886729
3.878374251309
3.884692816430
3.890982416518
3.897253775989
3.903614410672
3.909948483520
3.916294465195
3.922684896113
3.929101452661
3.935498664686
3.941873249659
3.948080910293
3.954342472550
3.960488157834
3.966492005360
3.972489093567
3.978527243086
3.984439288519
3.990222615575
3.995929790219
4.001369216731
4.006768389326
4.012202201445
4.017643280892
4.023245232922
4.029171939147
4.034541511581
4.148767161043
4.152679790534
4.156870131216
4.160428945404
4.164153666448
4.168000087048
4.171882051494
4.175799690963
4.179719446210
4.183624001578
4.187593494809
4.191544154121
4.195493880649
4.199487054471
4.203495798845
4.207542505388
4.211634431655
4.215753981145
4.219889459719
4.224080364597
4.228340055759
4.232796160813
4.237279273321
4.241780931460
4.246500176166
4.251278609706
4.256271343895
4.261381613677
4.266790104128
4.270622922245
4.274495886530
4.278784805749
4.282828316915
4.286371252937
4.290152901739
4.297202293052
4.300974227030
4.304417471617
4.307870301831
4.311437986001
4.315037008203
4.318426532257
4.321948133648
4.328421888269
4.331824437390
4.335203409358
4.338504998827
4.341829646375
4.344673509605
4.347965979151
4.351166295535
4.354490473850
4.357547760948
4.360783462144
4.363915447693
4.367289072015
4.851792382533
4.857033534930
4.862085860518
4.867211975766
4.872410749354
4.877686151107
4.882988363679
4.888289897624
4.893668417283
4.899140606846
4.904913850987
4.911199345037
4.916655894181
4.921914224512
4.927595199360
4.939486387339
4.944828956258
4.950363166089
4.955659649848
5.159462103254
5.166707656044
5.170840390453
5.175050369331
5.179361133130
5.183761792717
5.188190394094
5.192641115570
5.197122450696
5.201674811994
5.206277062634
5.210861900338
5.215551656059
5.220348070911
5.225164008086
5.230036975070
5.234994575767
5.240029525707
5.245103444261
5.250240063828
5.255427471963
5.260633360589
5.265872743241
5.271143551746
5.276436559146
5.281757496800
5.287100742098
5.292463807170
5.297809913817
5.303143261023
5.308483017995
5.313862501052
5.319273488074
5.324728016060
5.330186156597
5.335644584423
5.341126444048
5.346628601043
5.352128605395
5.357602367757
5.363054247591
5.368489659751
5.373884406584
5.379277696507
5.384617867328
5.389915998738
5.395215148477
5.400455373740
5.405660859001
5.410717547281
5.415745837367
5.420801088790
5.425798995891
5.430735963372
5.435698918681
5.440581436276
5.445435138958
5.450292908132
5.455026308021
5.459879066685
5.464748613462
5.469528857822
5.474232355977
5.478871016565
5.584429458757
5.587769778585
5.591112979597
5.594486850770
5.598580831982
5.603150049911
5.608084690717
5.612740072973
5.617692553807
5.623049449085
5.628467030174
5.633895966508
5.639219450575
5.644768481950
5.650663350718
5.656664038845
5.662495226967
5.668051590041
5.777513271814
5.783140643759
5.788556870070
5.793710201247
5.799001421650
5.804434265270
5.809980097137
5.815587301966
5.821291033699
5.827140618477
5.832974923117
5.838782670637
5.844570153368
5.850208660958
5.855617361051
5.860887674247
5.866132248329
5.871244937628
5.876204473727
5.881178198965
5.886329944448
5.890891247479
6.047372523906
6.051238399902
6.055857931003
6.060459634112
6.065294210519
6.070145510145
6.075027048082
6.079905250019
6.084781014485
6.089623519664
6.094437710551
6.099215028377
6.103969399771
6.108688265675
6.113342659417
6.117934327290
6.122472497522
6.126988266431
6.131471973827
6.135928828951
6.140390227488
6.144802119235
6.149173329584
6.153499435372
6.157783855855
6.162077357680
6.166332916441
6.170589253846
6.174861706555
6.179074280277
6.183280705765
6.187629786576
6.192006535126
6.196406283291
6.200761812731
6.205137077570
6.282154073990
6.286237655400
6.290688359895
6.294772694592
6.299064315387
6.303086220116
6.307583632093
6.312317211178
6.317238604201
6.322356009740
6.327578038873
6.332981570172
6.338517375592
6.344196859368
6.350060727944
6.356021939360
6.362126248400
6.368383765349
6.374695811861
6.381147841717
6.387363050628
6.393600188364
6.399851577578
6.406100765191
6.412440363420
6.418676001902
6.424949576713
6.431256671440
6.437569257921
6.443901448819
6.450136238416
6.456356884874
6.462579297907
6.468744011671
6.474904897345
6.480956531572
6.487099424329
6.508184819136
6.519636733184
6.531484883303
6.542603126886
6.553144253085
6.563068288107
6.573157260952
6.749256138798
6.756103676380
6.762810122593
6.769585831483
6.776427576381
6.783092470938
6.789624195997
6.795853378241
6.801958518707
6.807805626700
6.813650017380
6.819514283355
6.825404671883
6.831274750459
6.837163398825
6.843052655174
6.848936182482
6.854770546983
6.860516508109
6.866274392822
6.871868217571
6.877409632674
6.882902881965
6.888325546347
6.893743530505
6.898887118359
6.904189010813
6.908927510752
6.914286939535
6.919450024736
6.924829065826
6.930281166953
7.059633556997
7.064622790633
7.069317081137
7.074084996833
7.078898199457
7.083701583944
7.088514500690
7.093352893844
7.098220114534
7.103107888444
7.108107477205
7.113149628517
7.118343009028
7.123184617447
7.128452912510
7.133289096603
7.137999790464
7.145205506040
7.152656655381
7.160272003601
7.330003027044
7.334667271356
7.339635506670
7.344644315022
7.350096074673
7.355587398452
7.361176802143
7.366850635626
7.372493145039
7.378094664923
7.383695459089
7.389310196296
7.394930510445
7.400550447072
7.406216173969
7.411932088304
7.417681529553
7.423446323047
7.429199058169
7.434961085414
7.440761591566
7.446541016242
7.452323910170
7.458128507428
7.463935066809
7.469750454510
7.475577813313
7.481394418563
7.487204941734
7.493007227478
7.498784464534
7.504566610862
7.510284627912
7.515916853720
7.521521021263
7.527273223166
7.533428109211
7.538881304280
7.549009351753
7.558915975386
7.568562045064
7.578408712558
7.587968115784
7.597372576451
7.606809619458
7.738549019356
7.742147135024
7.745597236780
7.748979375141
7.752321045366
7.755864155900
7.763498637581
7.766935372859
7.770181878206
7.776797498862
7.779937736475
7.783248657988
7.788149041946
7.793502728985
7.798751191657
7.803822979743
7.809155216177
7.814486147208
7.820092554474
7.825831751552
7.831787830455
7.837798895347
7.843612953502
7.849390503267
7.854982632147
7.860814970998
7.866306900343
7.871878269378
7.877499777426
7.883055956744
7.888433928961
7.893852620555
7.899353200388
7.940926331358
7.953193190107
7.959117664181
7.964794879279
7.970517095236
7.976243290283
7.981928390676
7.987573335776
7.993145994413
7.998586850657
8.003947174929
8.009269126127
8.014553651911
8.019791250087
8.024966579479
8.030043633723
8.035053372933
8.039894031880
8.044601844965
8.049148441622
8.053530965451
8.057999943276
8.062455344851
8.067263344088
8.072076220552
8.076829700050
8.081754571108
8.086704589863
8.091724244851
8.096547291873
8.101290417958
8.205459793352
8.210426361383
8.214965541657
8.219050607463
8.223811114265
8.228654803851
8.233806095791
8.239204148797
8.244765027251
8.250467842265
8.256281517816
8.262206239495
8.268189561276
8.274232877639
8.280381187468
8.286583156828
8.292910367931
8.299284020195
8.305665384845
8.312027941660
8.318358101086
8.324731111907
8.331144835243
8.337545374747
8.343987393197
8.350338096242
8.356638112134
8.362974188297
8.369360064921
8.375638578317
8.382144471513
8.388465878395
8.394995683401
8.401246454326
8.407625360337
8.413813484361
8.420022484258
8.426138042099
8.432302169922
8.438456633986
8.444621169878
8.450581537477
8.456431910303
8.462154571214
8.467919432722
8.473312554074
8.479170079607
8.484796913440
8.490379624270
8.496019398740
8.612381618330
8.618617374061
8.624510410606
8.630276187446
8.636051198397
8.641624547836
8.647168108431
8.652708861698
8.658350955902
8.663980594011
8.669601629644
8.675335635079
8.681154031339
8.686970700007
8.692677926766
8.698426191684
8.704214773534
8.710024322961
8.715858369373
8.721722010879
8.727647231041
8.733631133259
8.739657438787
8.745771976913
8.751834009621
8.757823995151
8.763876493733
8.770033517202
8.776174485772
8.782340404992
8.788493137899
8.794589920574
8.800648068021
8.806662452717
8.812666914389
8.818699721257
8.824770664521
8.830855424258
8.837007719324
8.843263422188
8.849559937477
8.855906457180
8.862380170339
8.868877338539
8.874864603092
8.881079704030
8.886387358981
8.892582077910
8.897705678115
8.904082861163
8.909899777993
8.915840801443
8.921732460720
8.927579482637
8.933378723884
8.939131258492
8.944765192216
8.950344605467
8.955842585366
8.961144445596
8.966380381739
8.971582719345
8.976706003081
8.981824560340
8.986892272512
8.991911233310
8.996914184166
9.001879749289
9.006817581463
9.011725460170
9.016573188146
9.021421101314
9.026208305870
9.030954585467
9.035675857609
9.040396250229
9.045106926304
9.049806842081
9.054497734049
9.059199432290
9.063912577340
9.068631080794
9.073363224615
9.078116052719
9.082871499034
9.087567136870
9.092262382876
9.205530977615
9.210231485915
9.214653034075
9.219861875665
9.225173347200
9.230697298272
9.236388064578
9.242035465522
9.247774170896
9.253617050913
9.259424124145
9.265303979857
9.271161842627
9.277055384886
9.282981417342
9.288956306456
9.295016924173
9.301160816339
9.307378040999
9.313596186933
9.319856382450
9.326241891238
9.332708868641
9.339224588976
9.345800760314
9.352510933495
9.359341279424
9.366685183102
9.548651913480
9.554094325023
9.559204765680
9.564787257636
9.570688872334
9.576677717779
9.582465884859
9.588178899851
9.593801893057
9.599400026288
9.604633641022
9.609965385936
9.615441020861
9.620835856640
9.626217969574
9.631721394238
9.637212130457
9.642789080174
9.648312349715
9.653729612065
9.658989281669
9.664051716032
9.669009835637
9.673993376852
9.678977666797
9.683985317044
9.689036244115
9.694228179031
9.699457628088
9.704722161388
9.710089698637
9.715582188360
9.721143380493
9.727115447898
9.733289582542
9.738858601077
9.744536958008
9.750226678968
9.755902810847
9.761490080818
9.766979927190
9.772533323399
9.777870714145
9.783417283704
9.787924429253
9.797470064756
9.803370820564
9.809573329118
9.815833428469
9.822166897710
9.828515953381
9.834891419625
9.841307897495
9.847752343717
9.854206766600
9.860682445078
9.867221298270
9.873883453919
9.880811013883
9.887763472092
9.894555513568
9.901019975507
9.907579244733
9.913899037855
9.927359285805
9.934041167003
9.940423937027
9.947235668071
9.953458991558
9.959632484998
9.965611805078
9.971496378736
9.977372767455
9.983207310751
9.989058231491
9.994939891629
10.000503662866
10.006071374473
10.011321591719
10.016382282730
10.021492711105
10.026425200109
10.031381816712
10.036140181850
10.041111061228
10.045890661353
10.050732338400
10.055531831035
10.060035525347
10.064290460554
10.069104408308
10.073800760438
10.078451755295
10.083254169065
10.088030158301
10.092793040577
10.097543037984
10.102289258264
10.107039414032
10.111803304533
10.116591162418
10.121387595224
10.126240941066
10.131138308186
10.136173753051
10.141262584189
10.146424572862
10.151782180146
10.157382849177
10.184622469031
10.190149308841
10.192211258982
10.194681722677
10.197117556372
10.199600013045
10.202242387088
10.204575217399
10.207080150434
10.209463266142
10.211655805201
10.214024369201
10.219059890236
10.221374710534
10.223854298506
10.226268675929
10.228570759558
10.230849950914
10.233278656169
10.235652206410
10.237868082753
10.240170927662
10.242384179019
10.244468675962
10.246926161144
10.249362372668
10.251764111390
10.254244528908
10.256674344784
10.259304268045
10.261710466700
10.264191239965
10.266731653151
10.942756677060
10.947192425614
10.951626296330
10.956853993307
10.962059471646
10.967364722834
10.972745405964
10.978119540650
10.983586025013
10.989080178855
10.994540649669
10.999986567747
11.005463813355
11.010960257359
11.016529470320
11.022092749670
11.027788504348
11.033655350638
11.039562035556
11.045424293665
11.051241015234
11.057086167800
11.062950657230
11.068692197009
11.074535064945
11.080098923030
11.085890532026
11.091450974841
11.096869550973
11.102177535125
11.107410465978
11.112577940217
11.117550088425
11.122551644007
11.127392361740
11.132364886494
11.137411226088
11.142518123961
11.147425036221
11.152525722998
11.157533612483
11.162749702293
11.167846009096
11.172895706191
11.245896893095
11.249789949731
11.253146139550
11.256754780115
11.260700929376
11.264703417904
11.268831187516
11.272985684021
11.277163227159
11.281355451091
11.285560408081
11.289775696933
11.293991131478
11.298234451008
11.302467432118
11.306722978304
11.310990748160
11.315337560418
11.319799670294
11.324085446258
11.328430138582
11.332801003271
11.337155327106
11.341493029290
11.345893573352
11.350315342316
11.354801734291
11.359344246584
11.363925775205
11.368567919529
11.373263436983
11.378027312977
11.382839432174
11.387673858370
11.392539099743
11.397452578390
11.402430947284
11.407425343419
11.412470218842
11.417545805118
11.422671318846
11.427817817270
11.432995649875
11.438200628135
11.443416731213
11.448647649567
11.453908868755
11.459150486914
11.464386852682
11.469607505744
11.474810050461
11.479966575679
11.485148678210
11.490344016924
11.495566876503
11.500835286872
11.506132660388
11.511460903266
11.516795696258
11.522078583970
11.527454247021
11.532789406886
11.537979054449
11.543915289801
11.549179616431
11.554542378776
11.559862236041
11.681992791986
11.686400793659
11.691935395633
11.697396759213
11.702828743124
11.708303961472
11.713823731697
11.719415826128
11.725048725820
11.730665838673
11.736326113988
11.741976576466
11.747570712315
11.753209156325
11.758809731509
11.764433113144
11.770075773112
11.775750181058
11.781373480945
11.786989661800
11.792570111307
11.798136528206
11.803590589541
11.808982291759
11.814330616893
11.819632142323
11.824880540198
11.830095916189
11.835235826733
11.840379384746
11.845471939349
11.850487665005
11.855487412433
11.860533630073
11.865505192968
11.870355066412
11.875361249584
11.880371670651
11.885379382849
11.890471833631
11.895659234699
11.900856383902
11.974280046921
11.979347505278
11.983693794290
11.988175586109
11.992653096773
11.997281985390
12.001966072120
12.006799906707
12.011732015653
12.016747694041
12.021871090865
12.027011512815
12.032212966817
12.037450861370
12.042748924557
12.048024520897
12.053265619779
12.058481491811
12.063587447336
12.068645778986
12.073777405373
12.078874314745
12.083806579230
12.088710814839
12.093767936989
12.097910219347
12.102992967212
12.108180870871
12.113346805649
12.118467503796
12.123755227884
12.225608793070
12.235752059884
12.246041473410
12.467890915649
12.472471193241
12.476562990993
12.481404401016
12.486104547855
12.491007596770
12.495967416401
12.500942055398
12.505918680553
12.510670476525
12.515808418716
12.521028907854
12.526243618428
12.531512744494
12.536851356446
12.542292119172
12.547810237278
12.553476394321
12.559251843669
12.565290568704
12.571440991954
12.577757801074
12.584244830345
12.590924956857
12.597986418818
12.605323466967
12.613079890152
12.621240977156
12.629809685659
12.638573130372
12.647450629905
12.655725140637
12.664231629074
12.672542125918
12.680036373706
12.699154276184
12.712372281083
12.721318651046
12.725980295807
12.730899866574
12.736446610479
12.741345403019
12.745881023974
12.938817970783
12.944141898839
12.949361494692
12.954788140742
12.960223048958
12.966047275138
12.971749754161
12.977469090787
12.983398626010
12.989472619567
12.995677059619
13.001876705688
13.008230277192
13.014673126631
13.021224331617
13.027730668716
13.033893236235
13.040849817909
13.047679723110
13.054566290938
13.061454201216
13.068630386997
13.074734966098
13.080793598328
13.086326280322
13.091846010262
13.097753148775
13.103565549132
13.109289393684
13.115523366336
13.140532710863
13.146608964713
13.152531665221
13.158442975101
13.164307009559
13.170170656063
13.176030898989
13.181865764085
13.187656727180
13.193422918795
13.199095203233
13.204624521875
13.210252888734
13.215579201607
13.221163670785
13.226605635535
13.232014364895
13.237375367217
13.242710883302
13.248080028802
13.253124338679
13.378229824534
13.382927555579
13.387381125227
13.391723705118
13.396946158055
13.402014182766
13.407130804028
13.412242918248
13.417399333270
13.422553666329
13.427710090930
13.432895500652
13.438070707696
13.443292727588
13.448527866707
13.453784871258
13.459056414123
13.464341935042
13.469610439431
13.474897071100
13.480190046161
13.485472696749
13.490728475739
13.495947747295
13.501031099252
13.505988565352
13.510913342280
13.516011519235
13.520844071378
13.525669041335
13.530497419181
13.535368809152
13.540578643779
13.545807062294
13.551048623078
13.556307522597
13.661110020373
13.666756296105
13.672524004635
13.678574644097
13.684939487144
13.691352807668
13.697937566107
13.704835838214
13.711896000154
13.718982234157
13.726149701617
13.733044857529
13.739915788750
13.746625810909
13.753350410742
13.760084379968
13.766815954670
13.773519818029
13.780228812346
13.786834040451
13.793307135906
13.799802401619
13.806257124371
13.812571790705
13.818848796065
13.825187306185
13.831406578609
13.836756117291
13.842544663663
13.848283723203
13.854500825406
13.859977889017
13.991838386328
13.998112963907
14.004145624544
14.010363698893
14.016270283862
14.022312542509
14.028243272399
14.034123976790
14.039923211629
14.045533145184
14.051119528224
14.056530821694
14.061908194376
14.067340808598
14.072726255141
14.078046542978
14.083139581060
14.088157051454
14.093137632472
14.098403700615
14.103909628697
14.109264251731
14.114573723729
14.197526786896
14.201409459026
14.205224236317
14.208654096245
14.212211881523
14.216117840489
14.219906878143
14.223844633763
14.227766590728
14.231747257364
14.235697726647
14.239739975749
14.243748366330
14.247935079511
14.252121767864
14.256418487496
14.260960684232
14.265577202282
14.270297750203
14.275323968770
14.280614195752
14.286271203222
14.324347430119
14.326255100732
14.328385819451
14.333021005768
14.335549497715
14.337522611996
14.339426174005
14.341412555958
14.343471172710
14.345621702410
14.347563695256
14.349815287944
14.353306286537
14.357939982809
14.360416177573
14.362807030234
14.365191586217
14.367501237911
14.369490360037
14.373546733119
14.713848369315
14.719658922286
14.725758517650
14.731949496383
14.738159400639
14.744412939120
14.750698206389
14.756679791413
14.762154659595
14.767970349285
14.773965333160
14.848367407851
14.853177655912
14.858441143954
14.864803216771
14.870144776394
14.875564542859
14.880682701723
14.885773961114
14.891194972691
14.896910777829
14.903089207280
14.908906466733
14.914858118907
14.920760042999
14.926656547839
14.932582064144
14.938451059842
14.944219352028
14.949930577675
14.955726268028
14.961457878517
14.967120277799
14.972837033986
15.513039178378
15.517718083035
15.523466528913
15.528191698311
15.532702728013
15.537387600996
15.542121639444
15.546887882120
15.551680729756
15.556432928938
15.561152330875
15.565822509976
15.570462455039
15.575100920903
15.579730523735
15.584303431202
15.588813191434
15.593276183355
15.597621972653
15.601964900725
15.606296132895
15.610618122277
15.614841653658
15.619050247586
15.623317477302
15.627558628228
15.631736784141
15.635903833066
15.640096933073
15.644266096960
15.648514353274
15.652783767826
15.657059340247
15.661372819299
15.665644748571
15.670084154328
15.674643873594
15.679210898286
15.683598609198
15.688464304372
15.697938925326
15.708039867277
15.718199474753
16.325064615339
16.329558970693
16.334255938206
16.339714553507
16.344382893798
16.349347615988
16.354002978425
16.358845499518
16.363964258075
16.368951801282
16.373929478024
16.378856099564
16.383736886795
16.388576624597
16.393327027060
16.398034195821
16.402509108824
16.406636978193
16.410950127466
16.415326078009
16.419582486000
16.423761599005
16.427863263773
16.431927080343
16.436038717482
16.440072264513
16.443972410697
16.447882396077
16.451720256168
16.455539526280
16.459317150858
16.463110320339
16.466828455390
16.470509476105
16.474208023112
16.477780286211
16.481266224852
16.484733653018
16.488228422384
16.491593184166
16.494452381956
16.657315533982
16.662064277550
16.666948871278
16.671876882164
16.676869891524
16.681914007486
16.687096441770
16.692422753329
16.697773099063
16.703537706339
16.709437520477
16.715470344570
16.721565884666
16.727736961451
16.734011889221
16.740333523220
16.746646166269
16.752948349655
16.759261269935
16.765603791890
16.771977928252
16.778384810586
16.784883974909
16.791382155886
16.797991471736
16.804689636116
16.811405272878
16.818075026747
16.824684404776
16.831117319594
16.837380549572
16.843681337444
16.849834313159
16.856022308534
16.862165771947
16.868424128483
16.874540050342
16.880642284111
16.886707164938
16.892729614213
16.898640352426
16.904409869449
16.910145999131
16.915854622703
16.921357671140
16.927087445157
16.932592347582
16.938180440676
16.944059867333
16.949798689445
16.955330760029
16.961401036658
17.037304749003
17.050076860562
17.062160442796
17.067848871433
17.073681281308
17.079453439936
17.085164497445
17.090763548912
17.096370095638
17.102190364490
17.108123137453
17.114109178029
17.119941737227
17.125687042450
17.131408186005
17.137022478128
17.142854111775
17.148965636692
17.154654979640
17.160169484609
17.165503133084
17.171085537212
17.194832885894
17.199711310405
17.204577159354
17.209402298127
17.215093551003
17.220721456845
17.226740373482
17.232518757294
17.238443103440
17.244281547826
17.250065691004
17.255729051088
17.261443957151
17.267183618055
17.273028225816
17.278782368486
17.284660227863
17.290273874501
17.379606200060
17.384097460529
17.389516217968
17.394942761277
17.400425987577
17.405917014114
17.411395292764
17.416899135787
17.422411565557
17.427921779896
17.433451710206
17.439015345220
17.444562550290
17.450094520518
17.455598748293
17.461022348610
17.466368042360
17.471672960629
17.476893759220
17.482034472777
17.487126146829
17.492092269555
17.496933334059
17.501737046181
17.506527795178
17.511321097261
17.516077426333
17.520818037667
17.525596252561
17.530311169467
17.534930081065
17.539730678911
17.544651970945
17.549539789447
17.554370704424
17.559050263729
17.563894807697
17.568620533365
17.573252511772
17.577891282958
17.582538798276
17.587125740061
17.591738185064
17.596535960413
17.601210620627
17.606060405848
17.610967604783
17.615852529272
17.620626514317
17.625380418538
17.630134414814
17.634914205615
17.639627569458
17.644290443462
17.648912190332
17.653497593534
17.658023523943
17.662536696288
17.667011829781
17.671570482449
17.676137600976
17.680553082062
17.684909868313
17.689271394515
17.693603090197
17.697929699646
17.702220518789
17.706506506650
17.710809856203
17.715100017783
17.719383205618
17.723613680632
17.727639017200
17.731795837235
17.736167132565
17.740440491217
17.744699436135
17.749001461428
17.753285290009
17.757541284065
17.761840848556
17.766212923196
17.770558091413
17.774909661487
17.779433102387
17.784038065777
17.788973000555
17.793755253046
17.798462409652
17.803160094034
17.807887169489
17.833268693208
17.838036389292
17.843871524377
17.849669052239
17.855740266161
17.862056368946
17.868650254824
17.875588449509
17.882835766600
17.890186714089
17.897639851430
17.905138068586
17.912672767966
17.920260360235
17.927940341375
17.935615738844
17.943554912516
17.951533865811
17.959541347843
17.967663951849
17.975742685688
17.984095905542
17.992871195526
18.001424694118
18.075267118569
18.088378684807
18.101848708469
18.114986451453
18.129636238977
18.376414138680
18.382181342981
18.387325334160
18.392701915509
18.397869347231
18.403313782584
18.408832083497
18.414422113168
18.420159535400
18.425856726904
18.431508288749
18.437223324697
18.442959148949
18.448711539917
18.454472746824
18.460263141893
18.466085118271
18.471865851952
18.477593392734
18.483444475383
18.489327718119
18.495202358419
18.501138886583
18.507028249770
18.512953941655
18.518866605147
18.524791971073
18.530668437615
18.536551085909
18.542432378540
18.548331569985
18.554221817876
18.560168736994
18.566158092232
18.572092157829
18.577909968745
18.583702633760
18.589436529486
18.595082840383
18.600586755090
18.606066274356
18.611375866097
18.616631234386
18.621823675278
18.626916327305
18.631946374842
18.636897977063
18.641792524727
18.646658413845
18.651508075968
18.656366677699
18.661276386634
18.666257126610
18.671166693315
18.676013101783
18.680743140091
18.685481833148
18.690218242885
18.694982873800
18.699706667100
18.704458717125
18.709187978823
18.735983671312
18.740316399666
18.744771925598
18.749291833642
18.753742544951
18.758381147015
18.763007204145
18.767609678054
18.772231533736
18.776830660964
18.781423700438
18.786008087520
18.790564772288
18.795184073236
18.799708669696
18.804184276417
18.808605844922
18.813065734995
18.817520879246
18.821908787704
18.826253906252
18.830566957140
18.834895653484
18.839288137451
18.843689816172
18.848187621291
18.852598430018
18.857052833576
18.861481298362
18.865944803474
18.870377821972
18.874787076883
18.879230486303
18.934355872787
18.938874028787
18.943199340813
18.947627188862
18.952134285161
18.956745993162
18.961430600227
18.966140182624
18.970898328592
18.975682433619
18.980470046853
18.985289302456
18.990140482092
18.995000099659
18.999900782588
19.004830571510
19.009738979953
19.014694383732
19.019640735118
19.024595173909
19.029523069215
19.034447203066
19.039382534797
19.044307789076
19.049224209206
19.054125451884
19.059067980488
19.064084682676
19.069210615092
19.074263548639
19.079309142706
19.084614998175
19.089788698570
19.094646299135
19.099547214982
19.104474250985
19.109312277684
19.114640313022
19.119223493651
19.167717469105
19.171878946303
19.176682245515
19.181581954057
19.186352854484
19.191252092744
19.196290151745
19.201566532223
19.207101833826
19.212809885694
19.218549948837
19.224270736882
19.229979241719
19.235696008188
19.241343052795
19.246997101509
19.252632149165
19.258257799800
19.263853911691
19.269467835257
19.275081104092
19.280686207040
19.286326284174
19.291963656078
19.297633050433
19.303353414143
19.309045633856
19.314705697404
19.320272731869
19.325822469685
19.331358568929
19.336797634593
19.342253745776
19.347736956732
19.353230939852
19.358727257125
19.364258555935
19.369811898603
19.375382216843
19.380878840615
19.386421006241
19.391965183500
19.397522638253
19.403097262297
19.408727584420
19.414366328390
19.419995808730
19.425648082907
19.431347805663
19.437052353998
19.442739332115
19.448454375814
19.454166583949
19.459882084092
19.465620015223
19.471370150045
19.477137194161
19.482921796442
19.488730956715
19.494555935991
19.500430981985
19.506378609228
19.512288630046
19.518046239116
19.523790511208
19.529609107848
19.535319653660
19.541094324893
19.546912671739
19.552515712749
19.636822630231
19.641591712688
19.647362693523
19.653116533923
19.658787595567
19.664262208573
19.669713828106
19.674955930422
19.680226252075
19.685617863999
19.691087228206
19.696771544328
19.702422229094
19.708686193925
19.713982589311
19.719537820225
19.725153342806
19.733646257759
19.742864123233
19.751526985203
19.760168296496
19.768577087242
19.775318076441
19.782438158704
19.789224349447
19.795752117160
19.802061569616
19.808312437433
19.814419262501
19.819669612882
19.825776305606
19.832024019614
19.838006615289
19.844075121982
19.850023737110
19.855962397447
19.862054027752
19.867934594400

