Time_s
1.135481750310
1.139651628029
1.144574909254
1.149591471187
1.155091710016
1.160057438707
1.165589420557
1.171036319720
1.176897493958
1.182705169776
1.188411010892
1.194020474073
1.199478149538
1.204874750953
1.210331572521
1.215743911656
1.221184092268
1.226881606792
1.232219398595
1.237564879476
1.242853731405
1.248091243288
1.253122899975
1.258021296187
1.262915618354
1.267812239531
1.272613961514
1.277191996249
1.281794102401
1.286315118410
1.290788346727
1.295211316560
1.299610099930
1.303992044770
1.308283737650
1.312584915706
1.316787775945
1.320977317039
1.325144661427
1.329263327861
1.333370589503
1.337453597462
1.341534992816
1.345614812992
1.349661615521
1.353702310361
1.357723821030
1.361754222116
1.365791615633
1.369832690015
1.373895861170
1.378046568623
1.382220691089
1.386471117706
1.390729922186
1.395086754891
1.638550248396
1.642726529078
1.646831367927
1.651072805875
1.655328869622
1.659631591761
1.664096574486
1.668396175751
1.673765636657
1.678451739690
1.683757178034
1.689104356512
1.694678077500
1.700491159436
1.706130415822
1.711757816854
1.717356098724
1.723074239454
1.728865554298
1.736011598373
1.747624108268
1.759526931619
1.771548911348
1.783760589632
1.796130444176
1.808493513262
1.820900974401
1.833255043533
1.845605616018
1.851920042724
1.857986818035
1.864037332423
1.869678540534
1.875477261648
1.881231767955
1.886751282482
1.892258363948
1.897715534668
1.902920633390
2.138190322871
2.141596178467
2.145235101966
2.149529081889
2.153634249050
2.157774894440
2.162192255257
2.166610459262
2.171040628556
2.175483089071
2.180012171970
2.184654775155
2.189504152784
2.194294098103
2.199108755841
2.203927028324
2.208828020038
2.213669217134
2.218613981698
2.223617551599
2.228572390613
2.233674954842
2.238773944462
2.243865810707
2.249093119218
2.254344727394
2.259656004478
2.265000699494
2.270465029921
2.275983615705
2.281713516144
2.287224228158
2.996600251698
3.008972707806
3.021222306800
3.033429869779
3.045716373126
3.057349805468
3.068867021885
3.080466437849
3.255575438736
3.260014496578
3.264242259627
3.268215572495
3.272232063732
3.276247908353
3.280265190402
3.284295097965
3.288318750065
3.292366605514
3.296392612522
3.300409656842
3.304416529645
3.308423317888
3.312421426394
3.316332763692
3.320248994988
3.324165160644
3.328071336588
3.331994853372
3.335930829435
3.339900307518
3.343961019747
3.348102171962
3.352109251075
3.356084053457
3.360092001184
3.364281751644
3.368425016845
3.372619176848
3.376711356734
3.380717146768
3.384596670638
3.388486342187
3.392457570515
3.396382516258
3.400287245092
3.404270437330
3.408284443111
3.412385505024
3.416512214367
3.420688846895
3.425409730708
3.429986743458
3.434591292726
3.439473437859
3.444235632703
3.448985217728
3.454014997057
3.458953264028
3.467672960564
3.471794648629
3.475802767411
3.479978398448
3.484305029584
3.488257344815
3.492349150879
3.496409194810
3.500604509004
3.505205934956
3.511034869267
3.516074256375
3.521087893772
3.525819135218
3.530651527717
3.535867562024
3.541171592232
3.546538775209
3.552056937617
3.557599266532
3.563199733441
3.568816028458
3.574492986525
3.580223499017
3.585933719414
3.591829354001
3.597664310434
3.603619764267
3.609597988991
3.615559896823
3.621650088905
3.627848794918
3.634044986149
3.640323677312
3.646520742306
3.652547374771
3.658368235628
3.664021972550
3.669656618573
3.675233829651
3.680837702597
3.686455816329
3.692004055696
3.697616490777
3.703315929057
3.708922537281
3.714590158631
3.720260880384
3.725912929702
3.731590825383
3.737263796788
3.743102379717
3.749118244154
3.755832168309
3.761987521272
3.768054037120
3.774215455063
3.780362958030
3.786360057919
3.792483896160
3.798630332649
3.804755668532
3.810886540201
3.817124906714
3.823262259971
3.829445790834
3.835549302534
3.841572058347
3.847328818670
3.852970070651
3.858633267969
3.864032541987
3.869514451653
3.875007700806
3.880319131298
3.885628890074
3.890915603908
3.896042617534
3.901114202804
3.906209581265
3.911271805770
3.916445727819
3.921743676428
4.143513098700
4.149477267811
4.155672226856
4.162575969764
4.168985191063
4.175892354874
4.182822254014
4.190078648491
4.197056926685
4.204164234542
4.211227988508
4.218259443016
4.225024471064
4.231717968605
4.238138732001
4.244537138375
4.250803032494
4.257247318463
4.263442299974
4.269617208583
4.275645694580
4.281723638793
4.287683397806
4.293624438383
4.299663296977
4.306392210982
4.312925596960
4.390109413267
4.395975622100
4.401968537258
4.408108603536
4.414138750983
4.420077473501
4.425796292772
4.431489675985
4.437573011864
4.443656442701
4.449924275186
4.455979104005
4.462027050180
4.468381269619
4.474529545144
4.480485881519
4.486397592045
4.492406448143
4.498447799081
4.504502244431
4.510659555414
4.516964774984
4.523334086652
4.529910146697
4.536432131203
4.543110789699
4.550008089412
4.556854849483
4.563326617892
4.569647505788
4.575954312182
4.582308265483
4.669744549286
4.675422975098
4.681712761962
4.688133837347
4.694642262394
4.701322950747
4.707887660823
4.714597244087
4.721129514921
4.727710488524
4.734020944977
4.740282374333
4.746343042587
4.752207422359
4.757969111790
4.763692938776
4.769259042100
4.774920209632
4.780648115276
4.786394030427
4.792757908399
4.799162767792
4.804934380804
4.810649829824
4.920311418277
4.925954373343
4.932688603633
4.939728201064
4.947065625470
4.954877521052
4.962863291220
4.970402435336
4.990986305078
4.995932258885
4.999301033785
5.003134767959
5.007046151957
5.011342655031
5.015745605787
5.019465793978
5.023394583231
5.027827333598
5.032213614441
5.036042358009
5.039962105117
5.044255053362
5.048739757950
5.052505561085
5.056426891107
5.060664326638
5.065003803396
5.068584905424
5.072469694035
5.076482881189
5.080640206460
5.084129185103
5.088018872377
5.091798142650
5.095988131448
5.099473295381
5.102635040538
5.114266529682
5.120734349226
5.126809745980
5.132912990810
5.138928173719
5.144907600565
5.150785616367
5.349633564172
5.352962160165
5.356258039751
5.359686287273
5.363367597495
5.367061169296
5.370743674483
5.374425924708
5.378126091632
5.381796953136
5.385461294881
5.389169024992
5.392892340912
5.396592021940
5.400319274786
5.404055701973
5.407839196633
5.411605190036
5.415443936002
5.419351156039
5.423275741666
5.427289232998
5.431381268966
5.435529572848
5.439788047506
5.444173851215
5.448734860426
5.453331744716
5.458104204888
5.463242794815
5.468458323636
5.474094800735
5.479969972165
5.486086901100
5.492506955122
5.499589034518
5.506530244104
5.514076810706
5.521901649630
5.530039407421
6.297470957516
6.301794816084
6.306798883939
6.311706970517
6.316665508324
6.321559325914
6.326523103006
6.331412884761
6.336396435743
6.341325082242
6.346228098961
6.351059934609
6.355868600963
6.360674166978
6.365602696285
6.370469678868
6.375232531515
6.380048146403
6.384891507821
6.389725511820
6.394583063059
6.399433964451
6.404396159928
6.409251235107
6.414396176208
6.419345318398
6.424212867808
6.429314195226
6.434113848940
6.673296456897
6.677200927399
6.680905951881
6.684656047960
6.688891589021
6.693206053797
6.697511920670
6.701856643558
6.706264072325
6.710695453759
6.715133465398
6.719687921023
6.724267248660
6.728936368883
6.733729292048
6.738496034647
6.743332290529
6.748246148574
6.753282708903
6.758408639168
6.763620679342
6.768916780254
6.774304126404
6.779535372606
6.784691593467
6.790039781374
6.795157766037
6.800315314891
6.805491470745
6.810599802025
6.815801334241
6.820958217284
6.826111383614
6.831252883327
6.836381599791
6.841490868390
6.846606961723
6.851636461320
6.856669341849
6.861628182793
6.866627945203
6.871601670569
6.876588220291
6.881587815459
6.886580113408
6.891558127785
6.896578321134
6.901605357718
6.906643376617
6.911522638029
6.916070643546
6.976851903815
6.981291228961
6.986282651599
6.991538859170
6.996766218598
7.002297540706
7.008041475854
7.013819821754
7.020094566143
7.026368586494
7.032756478849
7.039470587480
7.046349772645
7.054293344788
7.062482497987
7.241351816314
7.252379662982
7.263416872798
7.274355594214
7.285115301237
7.295689676155
7.306186884159
7.316367388057
7.326480630949
7.336917441793
7.637182064614
7.641414335527
7.646432002877
7.651010813232
7.655585603571
7.660823900932
7.666461832186
7.672186762065
7.677602063595
7.683348196807
7.688839700384
7.694452178503
7.700205828113
7.705987015578
7.711886662584
7.717817005249
7.723832824075
7.729903289855
7.736067945338
7.742368419957
7.748648561928
7.754984592736
7.761386889386
7.767836377442
7.774389007207
7.781076440231
7.787830312324
7.794652281520
7.801682664299
7.808856423702
7.816169709089
7.823596272624
7.831071928892
7.838557488785
7.846057375778
7.853606908034
7.861220885173
7.868882798007
7.876588894619
7.884856490263
7.920927608910
7.928435961200
7.935905456281
7.943436585780
7.950978991660
8.042395559439
8.048339608787
8.055568802659
8.062880729632
8.070657386870
8.079453924439
8.088297143830
8.097759922135
8.107210465501
8.117874248505
8.129443959473
8.157067656686
8.161351539312
8.165051971509
8.168380896387
8.171956940449
8.175124151662
8.178182992530
8.182179267958
8.184919697685
8.880762770240
8.885813272087
8.891457505422
8.897132069207
8.902998733266
8.908924517775
8.914939277966
8.920993123231
8.927114050433
8.933259900077
8.962266716957
8.973554988614
8.984428700529
8.994801803060
9.007700918172
9.017904224704
9.028123109244
9.041483267876
9.046413666802
9.051190087480
9.056055385925
9.060818539043
9.065519410123
9.070308747648
9.074910788959
9.079570974826
9.084186890730
9.088792411417
9.093446579748
9.098111796746
9.102803516973
9.107456750801
9.112113046786
9.116759632991
9.121419984438
9.126142407496
9.130893914325
9.135792527100
9.140777243785
9.145570784339
9.150290503618
9.346167308684
9.350780017744
9.354502161604
9.358616254369
9.362764738953
9.366877332448
9.370937891267
9.374966850606
9.378956576351
9.382915890425
9.386848114580
9.390753742396
9.394653946523
9.398538218006
9.402404626430
9.406302600682
9.410175992600
9.414102242285
9.418103085239
9.422201051184
9.426286397295
9.430189049142
9.434093599498
9.438027054299
9.441953075066
9.445834571549
9.449747535849
9.453646465027
9.457839155608
9.461737693359
9.465572123303
9.469479178079
9.473373194323
9.477310745343
9.481280020885
9.485197916651
9.489117779074
9.493125449133
9.497111503785
9.501190712826
9.505169311873
9.509119809239
9.513038187889
9.721820834318
9.727246251535
9.733138587142
9.739077767720
9.745394303531
9.751524469551
9.758987496304
9.764618536988
9.951561926575
9.958482560321
9.964613557274
9.971258502567
9.977557717455
9.983795950046
9.990143552748
9.996387663130
10.002581872536
10.086373939015
10.091616708674
10.096790989566
10.102358390444
10.108530243967
10.114342139727
10.120643346709
10.126829558708
10.133403488086
10.140096525839
10.146850876386
10.153344181699
10.160016529043
10.166643668720
10.173344514418
10.180097708112
10.186912130535
10.193893725551
10.200839312720
10.207968894913
10.214997578258
10.221886880463
10.248304110331
10.252913383626
10.258560068449
10.264530007661
10.270700449501
10.276854028430
10.283094347523
10.288826902022
10.294803087984
10.300756916171
10.306866698624
10.312916902645
10.319069205107
10.325306861319
10.331612909674
10.338038458517
10.344559983825
10.351121019995
10.357732663465
10.364435353976
10.371196168826
10.378030183273
10.385017068572
10.392060588984
10.399183322544
10.406345928622
10.413606063972
10.421023483028
10.428551473265
10.436266252643
10.444489125093
10.453231184289
10.460942853974
10.468429255135
10.476046501300
10.483537862855
10.645407835610
10.653338694999
10.661593291347
10.670385569634
10.680228514216
10.690059870296
10.700422482553
10.710372030105
10.719926317911
10.791534955930
10.797293993652
10.803489729536
10.808998202193
10.814376549541
10.819759464350
10.824953766725
10.830252086576
10.835483184281
10.840605742186
10.845757382298
10.851009675807
11.256283745433
11.260016009415
11.263595350868
11.268145481153
11.272403787131
11.277110044028
11.281796860407
11.286526226750
11.291122799738
11.295730130621
11.300287306894
11.304806499566
11.309362642988
11.313880851961
11.318479597231
11.323323778259
11.327713942822
11.332156066989
11.336680482092
11.341190757032
11.345700202600
11.350225676495
11.354760970818
11.359306703814
11.363822310989
11.368339405805
11.372864444479
11.377384886882
11.381902637421
11.386399624195
11.390891487618
11.395379801014
11.399853301469
11.404319786615
11.408789825795
11.413186981232
11.417597761514
11.422005029239
11.426353024333
11.430771071991
11.434655731660
11.438807088549
11.443031347652
11.447242258293
11.451506517639
11.455583835021
11.459826790373
11.463836325968
11.467961029572
11.472001028963
11.476000945132
11.480040012702
11.483966331662
11.487933592871
11.491880489064
11.495819391404
11.499726788968
11.503667995063
11.507536591766
11.511407008234
11.515239904995
11.519040866144
11.522556260578
11.526261805433
11.529846457871
11.533446095148
11.537057623123
11.540615928901
11.544226213915
11.547778795613
11.551371659542
11.554955341394
11.558557220275
11.562547052913
11.566846229741
11.571115084826
11.575171346837
11.579492389808
11.583617090854
11.587570205832
11.591384951912
11.595196036088
11.599039998673
11.602961723507
11.606838316915
11.610245776525
11.613218502495
11.616146398973
11.619141317343
11.622408575819
11.626169729193
11.629685173093
11.633153805494
11.636710936968
11.640290718629
11.643848742044
11.647422266436
11.651006266734
11.654599086775
11.658190292410
11.661799914046
11.665413985949
11.669040669857
11.672656971587
11.676299841356
11.679946365808
11.683620383557
11.687278860176
11.690963213963
11.694620187972
11.698306171634
11.701992290298
11.705709542383
11.709391189633
11.713130067628
11.716841147842
11.720553414917
11.724312038102
11.728026708392
11.731754237086
11.735447201312
11.739178107144
11.742918616942
11.746700609591
11.750494727441
11.754343158577
11.758132290563
11.762009322738
11.765823049110
11.769691686930
11.773576340352
11.777557170664
11.781561029947
11.785655087761
11.789819045379
11.793984260601
11.798093246176
11.802041665191
11.978001674692
11.981567609329
11.985788121464
11.990132966561
11.994197266162
11.998661537221
12.003502045616
12.008335620468
12.013243362955
12.018255383227
12.023499395071
12.028873458167
12.034500308177
12.040108337729
12.047143600928
12.053002163179
12.059296494248
12.070933905966
12.084047526537
12.097304867077
12.110398204180
12.123167649216
12.136147090215
12.149006252517
12.161913051001
12.174775666967
12.187688750616
12.200629492291
12.213573938573
12.226508932139
12.321923686694
12.326173824652
12.330698973403
12.335763210058
12.341100779442
12.346497961696
12.352041266864
12.357631745319
12.363239021283
12.368973424433
12.374835807862
12.380740975982
12.386641566542
12.392941328726
12.399615623090
12.406690621197
12.413859112823
12.420489562025
12.427510207941
12.433981857206
12.476098128045
12.482254573405
12.487854361331
12.492944799050
12.498052238408
12.503444060291
12.508790429768
12.514264349145
12.519805536210
12.525556398118
12.531488220404
12.537587388764
12.543842642623
12.550216731102
12.556721179743
12.563374727840
12.571113325791
12.578333517317
12.585673759290
12.593005323895
12.599957523290
12.606537901980
12.614290607912
12.621737632738
12.628927753721
12.635685752077
12.642427605462
12.671322113235
12.677169322461
12.683628125775
12.690162392347
12.696949903695
12.703876636290
12.711190476190
12.718991273059
12.726849382726
12.734936505612
12.743109721457
12.751565041390
12.760046914180
12.851419340426
12.858020106500
12.865687161529
12.873668480479
12.881657126589
12.889446908782
12.897108264621
12.904492501692
12.911676057568
12.918908502648
12.925896767010
12.933044817169
12.940408953894
12.947453880161
12.954520682317
12.961686804495
12.968826697459
12.976053852909
12.983416351128
12.990665663314
12.997869573230
13.005084395204
13.012278924456
13.019428808217
13.026393230957
13.033727882482
13.039707195693
13.045796020697
13.052135042833
13.058486080042
13.065103921653
13.071860384443
13.079007753312
13.086480835378
13.093998014380
13.101909725008
13.110010241982
13.118099426071
13.126841172592
13.136195505063
13.145524646977
13.155143284619
13.226764383448
13.229264284215
13.231915466914
13.234507457138
13.237142408952
13.239784704850
13.242191575809
13.244544827626
13.923558985828
13.928792078338
13.934277611440
13.939571958691
13.944861183230
13.950014391084
13.955159423724
13.960149844210
13.965007622565
13.969657327392
13.974327820888
13.978956999727
13.983411519045
13.987865814460
13.992317577521
13.996618105202
14.001053934795
14.005316442597
14.009717227689
14.013886103729
14.018115515796
14.022319962791
14.026479936912
14.030662547314
14.034671651746
14.038795210357
14.042767830327
14.046756815508
14.050692425247
14.054764503037
14.058855630909
14.062960777009
14.067117959896
14.071262947507
14.075222721353
14.079271275090
14.083376219733
14.087361777410
14.091404855818
14.095283157956
14.099350479003
14.103181822416
14.107204549066
14.111117242218
14.115265708329
14.119116546623
14.123157570986
14.127161948630
14.131168256115
14.135190891197
14.139301213907
14.143390190800
14.147526584334
14.151736789254
14.156064683119
14.160466841630
14.164731666475
14.168724644686
14.173075664520
14.256590463751
14.259989785108
14.264076355823
14.267532863128
14.271290396209
14.275036980881
14.278818618649
14.282591227176
14.286372120880
14.290148829154
14.294008394297
14.297878343279
14.301788955861
14.305707701643
14.309692232002
14.313661965733
14.317662493568
14.321683082175
14.325751985302
14.329955338455
14.334457128993
14.338908965426
14.343529624399
14.348200800230
14.352742688229
14.357346478479
14.361905986980
14.366381053042
14.370757426336
14.375119974118
14.379544820773
14.384034340280
14.388565814500
14.393145668301
14.397672917630
14.402295019816
14.407005701801
14.411712227772
14.416400135949
14.420970776296
14.425803487155
14.430657646329
14.435560026541
14.440507575488
14.445508505228
14.450558302157
14.455658759556
14.460801854451
14.466011834640
14.471129595507
14.476246580563
14.481393392849
14.486516268279
14.491688848521
14.496852468495
14.502032461523
14.507195802048
14.512366817145
14.517526890474
14.522684145100
14.527805057805
14.532896068081
14.537969169330
14.543027619329
14.548086092245
14.553091879064
14.558139034261
14.563291148579
14.568543914552
14.704270931943
14.711065301907
14.717596270113
14.724855800796
14.732083808150
14.739339190701
14.746680270233
14.754188772973
14.761527527323
14.937121733076
14.943059519378
14.948077390295
14.953236341023
14.959249186421
14.964672911853
14.970459082175
14.976338117529
14.982495458080
14.988603290397
14.994849751140
15.001133116958
15.007436714794
15.013812675196
15.020261329256
15.026740278367
15.033229700043
15.039696322652
15.046134465619
15.052528781902
15.058932185062
15.065320606362
15.071672364444
15.077970694787
15.084207730011
15.090384746339
15.096408419190
15.102375596163
15.108043396984
15.113737565391
15.119166283938
15.124552274195
15.129769207110
15.134909596991
15.139938549136
15.144929458118
15.149791967256
15.154655901521
15.159328726762
15.163992028844
15.168647828593
15.173370060516
15.178316654054
15.183086263614
15.187694245281
15.192368190698
15.197028206588
15.201418383047
15.206065189537
15.339533617346
15.344231124224
15.348602976672
15.353566341964
15.358831773161
15.364198373263
15.369765469632
15.375416717127
15.381177204920
15.387110055962
15.393105394612
15.399202764044
15.411483787836
15.423820981048
15.436099612778
15.448370771825
15.460645342364
15.472511387492
15.484577968418
15.609211289813
15.613258791154
15.617500020353
15.622066294891
15.626625868831
15.630960410180
15.635329555953
15.639699093865
15.644036971654
15.648416333765
15.652913030557
15.657465082184
15.661888891875
15.666667271222
15.671630225468
15.676264706626
15.680660399232
15.685565416973
15.689954169600
15.694263988301
15.698646431834
15.702980447477
15.707345539181
15.711784462372
15.716215352670
15.720613186633
15.725033189908
15.729524533454
15.733864477080
15.915248495832
15.920519799463
15.925736044431
15.930882785924
15.935759823202
15.941178517418
15.947033962503
15.952682962708
15.958258200304
15.963787722306
15.969384625272
15.975148270493
15.981055820003
15.987180138352
15.993505232592
16.000130833225
16.007094507859
16.014406012931
16.022024833342
16.029984331326
16.038104501425
16.046290887432
16.054442630321
16.062460014374
16.070610710740
16.078764541953
16.086766485065
16.094323980694
16.101826974826
16.109016856664
16.116162864258
16.122958926849
16.129090770535
16.135128201130
16.140922519374
16.146660774954
16.152028745182
16.157125433740
16.162575964390
16.539139262953
16.549519288982
16.559955998938
16.570496769248
16.581199985344
16.591946350189
16.597016937880
16.602332674429
16.607566419010
16.612837663289
16.618121625549
16.623444370502
16.628776456950
16.634123714451
16.639499454080
16.644895185392
16.650325022472
16.655887643389
16.661582880053
16.667472389976
16.674113290898
16.679661030131
16.685997498406
16.692876369340
16.699449511933
16.706401625214
16.713466213819
16.720797902390
16.728339677613
16.735243451411
16.742162338776
16.749525514875
16.803952580359
16.809154104185
16.813944875282
16.818618424834
16.823262958347
16.827884055769
16.832459898465
16.836978327363
16.841459166267
16.845818726966
16.850131384863
16.854397334138
16.858628223197
16.862790935873
16.866957512839
16.871079942862
16.875134151018
16.879173302368
16.883185437416
16.887218533506
16.891262376099
16.895306862615
16.899366127068
16.903439679358
16.907557476801
16.911734355740
16.915973910434
16.920287714472
16.924683111959
16.929144330815
16.933718143692
16.938419158361
16.943320537152
16.948416769701
16.953411517524
16.959697684064
16.965534441509
16.971950985424
16.978168777173
16.984858534535
16.991747546500
16.998660619848
17.005662089529
17.012847110955
17.020233679953
17.027516100194
17.034633161401
17.041701159933
17.048059824906
17.054828154426
17.062313639566
17.177996047035
17.182644632468
17.188300013060
17.193681836481
17.199210684165
17.204616556196
17.209709727373
17.214480987888
17.219034092767
17.223438822605
17.227761928149
17.232069395573
17.236380060842
17.240707904975
17.245054186322
17.249418309135
17.253796157506
17.258200546320
17.262618109228
17.267072759469
17.271585457847
17.276133299286
17.280807707360
17.285529546081
17.290266395282
17.295023025822
17.299893270357
17.304903734754
17.309969384083
17.315200686225
17.320622320361
17.326199349387
17.331927969225
17.337956955969
17.344200938986
17.350527294716
17.356985524605
17.363455286156
17.370003042901
17.376500792208
17.382971506415
17.389324006993
17.395634383824
17.401821549528
17.407898505285
17.413982562461
17.420111476273
17.426181810963
17.432654086170
17.438962987647
17.567178717756
17.571548517858
17.575706761523
17.579785904815
17.584283354400
17.588859627735
17.593475238398
17.598161471573
17.602892698311
17.607614476468
17.612425539723
17.617307349799
17.622361297942
17.627496026126
17.632693343680
17.637991903640
17.643570235700
17.649234179118
17.655005372989
17.661044688352
17.667188054866
17.673721321388
17.680294760563
17.687127045705
17.694065124155
17.701002960953
17.707965659783
17.714965803374
17.721913531859
17.728827663408
17.735765188275
17.742671591571
17.749547665912
17.756438598559
17.763236086340
17.770030558321
17.776819605510
17.783611863938
17.790664904400
17.797538964439
17.804512495404
17.811542168573
17.818448941309
17.825438144479
17.832308762462
17.951810963835
17.956833895705
17.962806872158
17.969168748679
17.975495386085
17.981995631599
17.988685152883
17.995412132900
18.002369261889
18.009150847838
18.016370489064
18.023258353063
18.029045261286
18.035519599503
18.041680099976
18.047601695619
18.053468471632
18.059169637781
18.064830189573
18.070439587083
18.075903825240
18.081352598341
18.086636370893
18.092320948077
18.097999524176
18.103619804913
18.109532726661
18.236765808015
18.239784125910
18.243069210816
18.246709717617
18.250305205468
18.253969340021
18.257668280103
18.261399179535
18.265160186878
18.268944993779
18.272747834570
18.276622150882
18.280569084642
18.284571078432
18.288692384032
18.292832425190
18.297084925334
18.301572938269
18.306236440307
18.311089207406
18.316169414106
18.321411019729
18.326957498160
18.332751313675
18.338893952511
19.087994977134
19.092279048417
19.096187359137
19.100000039343
19.103635549555
19.107295538249
19.110939257774
19.114492466829
19.118081762532
19.121585563324
19.125077380331
19.128543399478
19.132036201912
19.135527808728
19.139079024175
19.142733674375
19.146620157458
19.150583032172
19.154511757836
19.158244770613
19.161386637417
19.164657645739
19.168294069830
19.171792030722
19.175267624627
19.178815128071
19.182590610937
19.186412872328
19.189955424032
19.193475198254
19.196984469980
19.200808083215
19.204303279304
19.229755060030
19.233899628728
19.237111879026
19.240489718178
19.244126415733
19.247823039852
19.251519921681
19.255292569255
19.259127000342
19.263069683011
19.267160237919
19.271421678116
19.275895467415
19.280383832797
19.284856410803
19.290011384184
19.294909519938
19.299703636762
19.305049206250
19.310438552848
19.316474939625
19.321950505281
19.328046367497
19.505145927391
19.509002825428
19.512782159885
19.516399879435
19.520329415808
19.524319848534
19.528259897178
19.532174278674
19.536081505449
19.539989760863
19.543893579720
19.547770529503
19.551605642325
19.555441169826
19.559268956732
19.563100800202
19.566896273988
19.570702879982
19.574568000347
19.578637959226
19.582954681301
19.587169037884
19.591274645564
19.595370916538
19.599334172050
19.602983494518
19.606592200023
19.610431631565
19.614504678349
19.619354552335
19.623860801553
19.627916503541
19.631763965762
19.635593306442
19.639172560553
19.642783259314
19.646701313980
19.726005229619
19.730473332774
19.734453990318
19.738651606689
19.743295687597
19.748046471836
19.752675204903
19.757451935168
19.762180623452
19.767028415639
19.771852465414
19.776750020437
19.781665899524
19.786619116464
19.791600473385
19.796568535604
19.801564992762
19.806540580986
19.811578872812
19.816590352685
19.821660874974
19.826707804542
19.831726873192
19.836832472440
19.842056587152

