Time_s
0.971299705498
0.976579795854
0.981274512407
0.987092175936
0.992648576762
0.998264110855
1.003953497189
1.009671613127
1.015355042476
1.021055144701
1.026804966007
1.032601703236
1.038415518429
1.044261591834
1.050125192558
1.056011040405
1.061886049050
1.067747261671
1.073553911313
1.079339729391
1.085038027651
1.090705316398
1.096325476843
1.101905722521
1.107477381265
1.112944499717
1.118341850965
1.123700783083
1.128953089140
1.134223025823
1.139486919595
1.144824585487
1.150083523080
1.155304908375
1.160643307579
1.165862104050
1.171145935259
1.176418257099
1.181589844412
1.186136188010
1.191630581726
1.197484869438
1.203171376444
1.208584504439
1.213899842458
1.219464360572
1.224952095152
1.230158420996
1.236092111732
1.241345579844
1.326296381372
1.330959342875
1.336287635722
1.341836000284
1.347540409557
1.353291983502
1.359048719253
1.364883047695
1.370779721180
1.376621158751
1.382484531431
1.388476982368
1.394362161710
1.400410427429
1.406463752743
1.412579922759
1.424785013614
1.436966206200
1.449230198541
1.461555595608
1.473970706852
1.481717123912
1.487905139235
1.494115621584
1.500384688062
1.506639831301
1.512990490268
1.519304742774
1.525885695094
1.533011835904
1.703042498727
1.708573042959
1.714298379222
1.720036831710
1.725897317563
1.731849577047
1.737828627848
1.743810580782
1.749824650096
1.755857703355
1.761954834584
1.768130268246
1.774336602409
1.780583043681
1.786967091054
1.793503919440
1.800050744619
1.806791787639
1.813682003340
1.820760146277
1.827980427968
1.835694176601
1.843336703240
1.851207595998
1.859113780987
1.867127314154
1.875240745909
1.883467950776
1.891650769534
1.899889383253
1.908171755066
1.916416022670
1.924295699668
1.932285786286
1.940279980894
1.948511655470
1.956829479080
1.965150072570
1.973426187929
1.981450928027
1.989351144573
1.997271307862
2.005194029383
2.013511010242
2.021808709720
2.029789140879
2.037620313937
2.546243206989
2.553362079274
2.560611409717
2.567707357533
2.574379602351
2.581347167458
2.588281615006
2.595144182534
2.601933722121
2.608704742348
2.615418353467
2.622101741503
2.628715177402
2.635345682470
2.641942684825
2.648524945055
2.655156305667
2.661802585561
2.668526441702
2.675193827741
2.681970968270
2.688799757269
2.695494014242
2.702316362855
2.846563178395
2.851440310539
2.857018867167
2.862725365516
2.868480542127
2.874282367422
2.880243021943
2.886323783332
2.892562400241
2.898907648558
2.905210581299
2.911560206067
2.917971118470
2.924432979406
2.930960201200
2.937539883750
2.944119176455
2.951713499346
2.958320930946
2.964709184809
2.970909209874
2.977289000158
2.983487785184
3.051164148658
3.057219152466
3.063588156242
3.069868845311
3.076172524717
3.082588194891
3.089133557853
3.095961185959
3.103358151922
3.110097600294
3.116628829402
3.123202023674
3.129610711635
3.136348283968
3.142849857216
3.149361662324
3.212650176439
3.219338556603
3.226472689679
3.233535409516
3.240574342975
3.247579745288
3.254549208812
3.261492086850
3.268406477398
3.275287423624
3.282123765749
3.288954716962
3.295727251795
3.302464807782
3.309169458567
3.315885661825
3.322562164278
3.329227758814
3.335858042059
3.342437178510
3.349063690390
3.355699678282
3.362319606962
3.368931649597
3.375528891887
3.382113772929
3.388666746489
3.395181827560
3.401648527107
3.408071523254
3.414551533734
3.420989479455
3.427607192570
3.434148564982
3.440736235057
3.447318540717
3.453914815334
3.460577721415
3.467243241414
3.474025451522
3.480641388160
3.487463712549
3.494198492221
3.500974065723
3.507756578529
3.514584608186
3.521464549653
3.528391153511
3.535361029915
3.542365071094
3.549369336683
3.556405620822
3.563407778231
3.570308655187
3.577225225085
3.584067118487
3.590744492643
3.597257193344
3.603770430814
3.610157325452
3.616346620779
3.622379885392
3.628365487742
3.634834877778
3.641336850512
3.647490649369
3.653611754201
3.660058998805
3.666533157920
3.673289070454
3.841569478630
3.848159857795
3.854381880261
3.861201020501
3.867936719199
3.874773351092
3.881655927411
3.888576193559
3.895520151755
3.902485632055
3.909489464360
3.916487334157
3.923469615850
3.930480537914
3.937467510305
3.944464418023
3.951497784650
3.958471077474
3.965464283052
3.972427850121
3.979461539635
3.986497844221
3.993508020509
4.000548421409
4.007526985701
4.014475779391
4.021356306136
4.028053223469
4.034718939921
4.041322065691
4.047949725873
4.054577989538
4.061196343941
4.068014825799
4.075009023987
4.081884648545
4.088710410052
4.095407197629
4.102095551076
4.108707146403
4.115386892654
4.122563118465
4.129416172990
4.136248651834
4.143231182481
4.150038817748
4.156085169655
4.162883463911
4.169314357077
4.176009141261
4.182502096582
4.189037760023
4.195723074405
4.202485521256
4.209228454394
4.215976102508
4.222697422564
4.229399272420
4.236136837925
4.242880180771
4.249612071562
4.256405272927
4.263222748822
4.270096762693
4.277118203772
4.284140696392
4.291263532207
4.298608620871
4.306511826411
4.314062314535
4.321418976166
4.328490508684
4.335476111940
4.342224249613
4.349140480943
4.404669237333
4.409007712530
4.413569002605
4.417879362891
4.422180875359
4.426762020195
4.431324863569
4.573259268098
4.580186293952
4.587041469231
4.593924486929
4.600779102247
4.607740965864
4.614570945358
4.621306269547
4.627989388175
4.634642642170
4.641243655774
4.647852616987
4.654493715153
4.661127122668
4.667774777155
4.674462772517
4.681152569582
4.687919844637
4.694723013560
4.701562752136
4.708478101740
4.715506091826
4.722657080144
4.729910969255
4.737258493252
4.744820165808
4.752759888040
4.760943152827
4.769068220662
4.777297118236
4.785628675254
4.793912539374
4.802204363090
4.810446377990
4.818810443888
4.827284410768
4.835819790481
4.844501110243
4.853080268441
4.861642213382
4.870176724749
4.878747518905
4.887183214267
4.895541985305
4.904025150908
4.912129503790
4.918852528526
4.943620358453
4.954137172086
4.961187196244
4.969534417554
4.978650682760
4.986768981098
4.994758700437
5.003615668655
5.012410153519
5.379932730563
5.386479193096
5.393622429145
5.400759399915
5.407939158399
5.415188357145
5.422531739240
5.429955654465
5.437416885235
5.445022354038
5.452722547595
5.460599317838
5.468266653678
5.475892026072
5.483625812840
5.491369667754
5.499156380665
5.506933616742
5.514742099830
5.522517471807
5.530309361128
5.538187590640
5.546088793274
5.554052784725
5.562166588612
5.570471214053
5.578820174156
5.587139907644
5.595276562643
5.603319270026
5.611521942402
5.619172786934
5.627049162586
5.634939766346
5.642855067757
5.650713848577
5.815289566105
5.822161012456
5.828802728493
5.835626182102
5.842459103313
5.849366782474
5.856369175743
5.863423682985
5.870509924177
5.877646853621
5.884904202930
5.892164065366
5.899474914289
5.906908015894
5.914617036523
5.922405419593
5.930289013197
5.938441470520
5.946866789749
5.955347487674
5.963980156350
5.972887773206
5.982151405243
5.991553934310
6.001065251569
6.010716738419
6.020239033618
6.029876106305
6.081443197601
6.093211696978
6.120430515219
6.130249228929
6.139030779246
6.147625138532
6.157291618742
6.267865468021
6.272831209720
6.277797053885
6.282594232802
6.901497833932
6.907980154236
6.914137293845
6.920295743352
6.926515603795
6.932689017345
6.938890003351
6.945038391537
6.951300878709
6.957825466854
6.965163211360
6.971659510977
6.983227209249
6.995203458208
7.005472583454
7.235853647418
7.240820412323
7.246862930306
7.252840303712
7.258746758059
7.264687552582
7.270736590814
7.276817789309
7.282927543374
7.289061730387
7.295217831142
7.301361897132
7.307519874590
7.313725275933
7.319947498120
7.326132621907
7.332396433142
7.338714043788
7.345035797378
7.351341914833
7.357679986455
7.364033461687
7.370389699021
7.376797444600
7.383204192280
7.389573795818
7.395917366483
7.402303952020
7.408762091528
7.415255860394
7.421707174343
7.428193884470
7.434720884183
7.441285217228
7.447889101411
7.454384668075
7.460836861726
7.467266293307
7.473857800231
7.480467213016
7.487308939159
7.494612903591
7.501463312702
7.508174269718
7.515058195116
7.549376008116
7.556783582906
7.564191882389
7.571699566487
7.579404057967
7.587446005469
7.595507902193
7.603982965162
7.612551707167
7.808964432054
7.815839262457
7.822965854886
7.830191713574
7.837262742309
7.844327284186
7.851355908144
7.858353833656
7.865413321518
7.872432709512
7.879442231208
7.886473922902
7.893501245414
7.900481397654
7.907499058287
7.914488278487
7.921540060732
7.928208105760
7.934905492699
7.941565648099
7.948247496180
7.955003613683
7.962074766836
7.969041952277
8.449434222039
8.455891730844
8.463347535693
8.470802707860
8.477902746915
8.484701595625
8.491495262015
8.498190834432
8.504722848385
8.511283997456
8.517845037559
8.524406966358
8.530938627621
8.537524782253
8.543910050969
8.549999613217
8.556507289591
8.563215981647
8.569982092840
8.576777960296
8.583592094064
8.590462608481
8.597415937063
8.604339778500
8.611273893867
8.618236961945
8.625268403658
8.632347760928
8.639469258267
8.646666679660
8.653890871661
8.661175230168
8.668500310174
8.675862122388
8.683265092393
8.690702451087
8.698172731551
8.705690649551
8.713123957915
8.720596968305
8.728016907935
8.735409623638
8.742871105554
8.750435662900
8.758668524724
8.766188343842
8.773601209162
8.781092256371
8.788323678416
8.796074563224
8.803450790633
8.810865644238
8.884625702042
8.891429948045
8.897400376714
8.904079652791
8.910814479583
8.917530504568
8.924254446245
8.931182961620
8.938256344162
8.945297980390
8.952436944749
8.959859512042
8.967510922255
8.975174809155
8.982999575758
8.990832133745
8.998663445356
9.006475453945
9.014341914891
9.022267555207
9.030345055278
9.038469205311
9.046699933408
9.054989679424
9.063517471478
9.072026892336
9.080660158442
9.089258478037
9.097902132311
9.106548227985
9.115125948231
9.123817822843
9.132430834701
9.141102762572
9.149809787865
9.158376794826
9.167077634659
9.175744100353
9.184354583946
9.193030035981
9.201499756765
9.209949355301
9.218495062227
9.227050268505
9.248188412929
9.261513415756
9.274707762520
10.094309549954
10.101662729187
10.108684974046
10.115726933237
10.122786033184
10.129716870595
10.136652037855
10.143617199413
10.150649841413
10.157704012774
10.164730947026
10.171761196612
10.178764142356
10.185722531869
10.192702783082
10.199409056431
10.206061760331
10.212791320576
10.219551000625
10.226360479371
10.233136355305
10.239900181457
10.246533505679
10.253092414889
10.259642604125
10.266248625720
10.272850695602
10.279396768869
10.285982986462
10.292543275105
10.299111148046
10.305638798296
10.312130367437
10.318683701772
10.325263860626
10.331816410005
10.338359226913
10.344886919794
10.351420779690
10.357928900325
10.364391933971
10.370831457158
10.377303297462
10.383800036321
10.390286786678
10.396789534728
10.403303094615
10.409854541285
10.416509871348
10.423168412394
10.429940094433
10.436671034042
10.443264031254
10.676760812795
10.683837732982
10.690638688708
10.697069589106
10.703478039324
10.709923748972
10.716434219583
10.722934101737
10.729425580868
10.735952472465
10.742596297927
10.749419397523
10.756357528360
10.763291811148
10.769743668561
10.776247895288
10.782772109444
10.789788359708
10.795116003162
10.802151786509
10.808600899519
10.815459340740
10.980456964155
10.986875689614
10.993475074429
10.999853999074
11.006478474338
11.013232790223
11.019973820422
11.026732484490
11.033573234681
11.040436552724
11.047307659692
11.054063932406
11.060788157171
11.067368133228
11.074350905568
11.081359939976
11.088511624923
11.095732203009
11.103047885908
11.110350643619
11.117747986343
11.125238866536
11.132760758281
11.140351011311
11.148040867160
11.155695855877
11.163441398124
11.171095620754
11.178795277586
11.186422363044
11.193981738903
11.201558465290
11.209185795005
11.216790766196
11.224398782910
11.232043101188
11.239643847885
11.247276587324
11.254956514030
11.262748879155
11.270493611584
11.278349049603
11.286068815712
11.293877644959
11.301385734709
11.308879051728
11.316257078386
11.323798787868
11.331266216697
11.338931008391
11.346732807565
11.363452669135
11.371020494463
11.378731200615
11.481840742056
11.490808485924
11.580184078152
11.588696645040
11.597025162746
11.605282480753
11.613490111055
11.621632452377
11.629699012017
11.637933519709
11.646385700958
11.656584157927
11.665158530825
11.672296251243
11.680026092659
11.688115110662
11.696477132174
11.704540664904
11.712977811183
11.721119120273
11.729418250752
11.737974405898
11.746563241875
11.755185192719
11.763149392976
11.771401556787
11.779018713356
11.786047568171
11.793944808112
11.801733643152
11.809452544295
11.817102471679
11.824600581233
11.831919059806
11.838804912448
11.845730082909
11.852774174436
11.859830407211
11.866909528639
11.873959158436
11.881027105155
11.887981771947
11.894933683300
11.901791178315
11.908709508417
11.915547199269
11.922586108352
11.929647049278
11.936688215503
11.943584082963
11.950350238155
11.956815603488
11.962998866421
11.969052296742
11.975660614960
11.982434690618
11.989614535405
11.996409069919
12.003940554326
12.145443670585
12.151500175990
12.157798289026
12.164037396968
12.170485518240
12.176906068583
12.183486038155
12.190224866224
12.197167249289
12.204158448542
12.211224297982
12.218373475951
12.225651728062
12.233039393156
12.240541558489
12.248021541373
12.255649662451
12.263410141324
12.271241862530
12.279151096586
12.287129034330
12.295280216806
12.303483238450
12.311960536872
12.320149488737
12.328682401393
12.337151402533
12.345555292462
12.353947765989
12.362343952322
12.370710400483
12.379148614360
12.387518040551
12.395885376609
12.404319883579
12.412825551137
12.421320409922
12.429908476190
12.438580944652
12.447243361837
12.455883724021
12.464570131765
12.473266430238
12.481813553873
12.489906219791
12.497605990913
12.504642464308
12.511652230549
12.519370179055
12.527063959256
12.534342475090
12.541760153707
12.548440054696
12.556022628554
12.563381503627
12.572308537055
12.580153581829
13.221400713595
13.229764661612
13.237424814143
13.245155649012
13.252863300154
13.260704334561
13.268564077557
13.276397382124
13.284362926832
13.292558675719
13.300347020071
13.308046395531
13.315806799656
13.323514881155
13.331191996868
13.338938326513
13.346602271570
13.354134232577
13.361635018062
13.369049502480
13.376408002818
13.383703295968
13.391017646582
13.398180230916
13.404776788054
13.411755494678
13.418804492506
13.425875186980
13.432926459410
13.440033136669
13.447012375184
13.453989382394
13.460927757330
13.467852142811
13.474751669901
13.481677484525
13.488568193263
13.495494374558
13.502432420256
13.509390599468
13.516285060995
13.523094715307
13.529827324725
13.536629892771
13.543359890744
13.550205576912
13.557016286451
13.571033419698
13.578291794930
13.585424189802
13.616995615373
13.623553895759
13.630400413645
13.637082861460
13.643852367578
13.650709804612
13.657615838954
13.664551585100
13.671579636500
13.678657497219
13.685870277469
13.693279818556
13.700868029115
13.706363908366
13.709370020712
13.712060925933
13.714792814448
13.717253375522
13.719803965089
13.722416969214
13.725180282510
13.727674377423
13.730187108010
13.732339014918
13.734514000705
13.736998278245
13.739596582858
13.742150525205
13.744725453744
13.746870375791
13.758078896952
13.762414801431
13.764654885174
13.766813134648
13.769041912036
13.771340356383
13.820578439518
13.832123122958
13.841543914572
13.849394235631
13.857186024911
13.865142283417
13.872975957815
13.880873977990
13.888745519842
13.896621187417
13.904783372263
13.913117458526
13.921112538207
13.928790192456
14.086348698358
14.093871567938
14.101262160844
14.108705925740
14.116189973235
14.123594630309
14.131003309683
14.138317681646
14.145355507808
14.152646759356
14.159999390438
14.167381722277
14.174750574686
14.182143453980
14.189585161300
14.197023674355
14.204564399838
14.212188071857
14.219909712342
14.227670174919
14.235456941209
14.243237724828
14.250923320761
14.258603332962
14.266279243235
14.274121859155
14.282075323568
14.290028775344
14.298043305309
14.305722203779
14.313519566494
14.321350485435
14.442662286403
14.450265513015
14.458130212333
14.465932090578
14.473510411729
14.481101686387
14.488518783973
14.496010646731
14.503489612725
14.511018106378
14.518642595538
14.526319221974
14.534001567351
14.541815995168
14.549470137498
14.557046212233
14.564555449591
14.571925453543
14.579299057672
14.586722187922
14.594098783945
14.601629602113
14.609249178708
14.616911538375
14.624651888356
14.632423019110
14.640253061556
14.648013032423
14.655863516702
14.663627098084
14.671503132844
14.679313261110
14.686941232927
14.694587040040
14.763225288238
14.771215312371
14.779145542507
14.787020658701
14.794886493761
14.802709000207
14.810396274010
14.818055681708
14.825805532411
14.833532495551
14.841272194449
14.849026122573
14.856723931492
14.864490942322
14.872219870933
14.879931907744
14.887673433902
14.895520250999
14.903401225216
14.911296479448
14.919260080564
14.927339667273
14.935609408721
15.007939008136
15.016328728295
15.024517969113
15.032676151383
15.040779234185
15.048912436718
15.057011000661
15.065435301567
15.073931111072
15.082362113503
15.090587820794
15.098457619898
15.106956849334
15.124999742333
15.132911249262
15.140855045416
15.149116345193
15.158787593698
15.166072667402
15.173611681733
15.180783038443
15.188370850765
15.196531546275
15.204660316717
15.212701902247
15.220841026468
15.228996187196
15.237151309255
15.245187765267
15.253179993763
15.261099973721
15.269035117994
15.276964068286
15.284913028989
15.292925236566
15.300973986410
15.309074723884
15.317225383884
15.325453239944
15.333754782875
15.342192355237
15.350706194579
15.359301373150
15.368039722813
15.377063690493
15.386166753659
15.395173961910
15.404573341954
15.413701463208
15.423602167730
15.954648129896
15.959559398100
15.964538936338
15.968933905069
16.397179908480
16.405834484824
16.414300503012
16.422647002312
16.430234404211
16.437529821417
16.445072374563
16.452622688915
16.460094455407
16.467572339794
16.474997728606
16.482360704235
16.489703528920
16.496878799640
16.503934086667
16.510866094272
16.517794313692
16.524743708663
16.531474987470
16.643569903600
16.651003249235
16.658209352416
16.665314851372
16.672381252333
16.679390895300
16.686404883276
16.693372382168
16.700297173505
16.707173901777
16.713992640426
16.720805606892
16.727640828021
16.734364536482
16.741042413407
16.747886100900
16.754938061878
16.761887171130
16.856935667147
16.863192463128
16.869326900188
16.875581704234
16.882016823323
16.888435221296
16.894892802673
16.901294326944
16.907696178315
16.914337485841
16.921217100585
16.927476847790
16.933458038091
16.939525497287
16.945681254876
16.951832663210
16.957964475648
16.964082907997
16.970230721028
16.976295831666
16.982395738430
16.988570960769
16.994726577908
17.000908455808
17.007082805920
17.013321849507
17.019532975505
17.025892395568
17.031901228563
17.038198777643
17.044650202195
17.051166729640
17.057733599489
17.064347924251
17.070983065065
17.077648044744
17.084306449056
17.090947332711
17.097572398212
17.104232193205
17.110899062920
17.117583539919
17.124228802894
17.130861054826
17.137486593766
17.144113576648
17.150815772915
17.157602755650
17.164846689563
17.171741837982
17.178645120805
17.185234771386
17.191497473989
17.198283758860
17.205125215379
17.212110161963
17.219383736609
17.226574297342
17.233883132285
17.241407206052
17.249198738269
17.257072577326
17.264989621198
17.273003780299
17.281014924276
17.289174213180
17.297326163062
17.305176934716
17.313051818348
17.471287477224
17.477718086885
17.485230875783
17.492611066482
17.500008647864
17.507455262010
17.514971112322
17.522436453124
17.529337965124
17.536681654469
17.544166373818
17.551694989902
17.559232432608
17.566761842642
17.574268681726
17.581803687343
17.589283044955
17.596743367800
17.604174651825
17.611544362762
17.618839358393
17.626159864772
17.633485560100
17.640758041244
17.647997345652
17.655209082102
17.662413586299
17.669600243103
17.676800139540
17.683990821375
17.691144215508
17.698284605508
17.705433722009
17.712540451919
17.719628477180
17.726707412403
17.733774942450
17.740843724379
17.748075417504
17.755643051112
17.762778579285
17.769941543011
17.777085009969
17.784117562315
17.791137371925
17.798398368524
17.805537656804
17.874785032618
17.880049665887
17.886224336483
17.892566067694
17.898857515641
17.905406725891
17.911807690965
17.918365773426
17.925326130765
17.932113379692
17.939628776647
17.961063892900
17.968340867671
17.975517509942
17.982780783841
17.989963991373
17.997187685541
18.004465794137
18.011667200513
18.018914269681
18.026179850669
18.033477268490
18.040706637424
18.047815951551
18.055023557368
18.062130606591
18.069321446574
18.076583440221
18.083862014318
18.091087335776
18.098258795776
18.228155960900
18.237841157254
18.245812347164
18.253438997528
18.260654572585
18.267492541550
18.274497143920
18.282001360929
18.289184412926
18.296710551360
18.303806118925
18.508779522898
18.516012576336
18.522821924969
18.529599263131
18.536321546214
18.543136722823
18.549952317973
18.556809035334
18.563736269087
18.570721685106
18.577757348696
18.584871253697
18.591623953278
18.598749767706
18.606105329981
18.613513922419
18.620964469179
18.628456110934
18.636007994934
18.643620929547
18.651235779150
18.658888453223
18.666535521161
18.674277221514
18.682103346287
18.689965645268
18.697939240516
18.705969943639
18.714078015872
18.722191484086
18.730327097732
18.738426625751
18.746512943040
18.754510107085
18.762493680708
18.770434191646
18.778272499592
18.786143363664
18.794142947919
18.802221552244
18.809649506432
18.817712275605
18.825699548909
18.833911486103
18.841921820849
18.850091790079
18.858323780829
18.866416172787
18.874471331636
18.882523960211
19.481262601102
19.489216573517
19.497221749984
19.505354772065
19.513117362143
19.520802429454
19.528543608871
19.536238571912
19.543500715341
19.551012172471
19.558791272864
19.566626095607
19.574494034155
19.582420154754
19.590423792884
19.598506119622
19.606941326307
19.781817020590
19.788905139373
19.795766007371
19.802614634702
19.809411051503
19.816108775997
19.822742755932
19.829300880307
19.835806283583
19.842266821976
19.848725564988
19.855105242935
19.861509379651
19.867791476465
19.874030804076
19.880311555119
19.886695180381
19.893231330189
19.900019012138
19.907306544708
19.914407695730
19.920925286777
19.927654020601
19.934022388451
19.940791588418
19.947129113966
19.953826459699
19.960421944022

