Time_s
0.382721191950
0.386721918852
0.390750734480
0.394652841132
0.398515955813
0.402335221005
0.406137096520
0.409929343855
0.413714832466
0.417480171141
0.421229335422
0.424954067423
0.428667463175
0.432358077176
0.436031699551
0.439692471562
0.443331029518
0.446953663396
0.450552056251
0.454137741378
0.457715906899
0.461279642386
0.464835867529
0.468378923648
0.471911348472
0.475435151552
0.478938929387
0.482423866725
0.485895183627
0.489357176615
0.492795843573
0.496232326589
0.499645234509
0.503047143263
0.506446625878
0.509831175313
0.513208256982
0.516573440264
0.519944268160
0.523322697093
0.526737970846
0.530196921609
0.533651216122
0.537008655755
0.540766745699
0.544552331028
0.747553881065
0.751450271711
0.755375480938
0.759420395026
0.763460449729
0.767553121965
0.771665175884
0.775817872473
0.779998578266
0.784194421453
0.788398779381
0.792631781744
0.796892526615
0.801184991768
0.805495894622
0.809816706951
0.814146667124
0.818496807107
0.822859234835
0.827231105333
0.831622915330
0.836029722386
0.840442355609
0.844868786899
0.849286185834
0.853711245328
0.858141890036
0.862570826139
0.866995241746
0.871421556166
0.875841513533
0.880268350200
0.884673834641
0.889051836764
0.893419221403
0.897795830305
0.902171156802
0.906551636242
0.910959142822
1.122613677033
1.126845455512
1.131133146306
1.135492847952
1.139900430385
1.144357746615
1.148910343907
1.153506702764
1.158171931169
1.162874739112
1.167648474989
1.172474402067
1.177356512597
1.182296092402
1.187289084320
1.192321767447
1.197390200783
1.202490130058
1.207647813453
1.212810895258
1.218011360422
1.223225460715
1.228505186581
1.233841180754
1.239249728852
1.244709668424
1.250199120986
1.255715508046
1.261328264806
1.267004146872
1.272766772153
1.278603521052
1.284527009817
1.290516226144
1.296548991112
1.302638363103
1.308660789072
1.314710193889
1.320746206421
1.326853276055
1.333064826914
1.339364485044
1.345631860314
1.358101659353
1.370461214976
1.384192137892
1.802538558990
1.807158147222
1.812091540367
1.816720827148
1.821417407819
1.826064588766
1.830703939882
1.835296591766
1.839890461179
1.844476274157
1.849039044958
1.853570042322
1.858056662754
1.862538246318
1.866988727486
1.871379766796
1.875734389553
1.880047351385
1.884311383432
1.888545694764
1.892734701139
1.896904693109
1.901055410626
1.905209492743
1.909390322685
1.913625842080
1.917900765994
1.922380706910
2.106932156118
2.110788357125
2.114694122356
2.118514534435
2.122322460532
2.126192897618
2.130055036268
2.133914599177
2.137778026833
2.141664933238
2.145570624909
2.149503140867
2.153476708215
2.157541899788
2.161743402851
2.211400800728
2.215329721892
2.219383970986
2.223463315164
2.227576398631
2.231745055899
2.235955374740
2.240223781195
2.244516345925
2.248850534967
2.253240900491
2.345039288615
2.348759108727
2.353121357132
2.357464353482
2.361802895443
2.366187614417
2.370611976948
2.375059752914
2.379564985640
2.384146449267
2.388734352321
2.393383517779
2.398030513186
2.402714210503
2.407414756875
2.412167615309
2.416887801894
2.421598832365
2.426341967927
2.431097400668
2.435853109486
2.440615211784
2.445400177531
2.450220626127
2.455039522177
2.459893130907
2.464778020533
2.469672618743
2.474579192974
2.479444663425
2.484527948838
2.489458786712
2.494410024877
2.499350921708
2.504317887027
2.509291707118
2.514281944254
2.519273869743
2.524225523226
2.529156426931
2.580644702107
2.585860623176
2.590992860600
2.595970897171
2.600679750875
2.605356847544
2.609999943057
2.614647533081
2.619296884694
2.623910155532
2.628525967061
2.633114353224
2.637684562697
2.642216259284
2.646723611965
2.651197060375
2.655648283651
2.660076049704
2.664488124947
2.668876768349
2.673238879899
2.677585371721
2.681909774644
2.686219100717
2.690509163259
2.694786687683
2.699022875988
2.703256265306
2.707483509857
2.711684330607
2.715914083431
2.720145490884
2.724413820217
2.728699579707
2.732988092952
2.937273239591
2.940842164136
2.944817189776
2.948989243528
2.953167486420
2.957415272807
2.961727259051
2.966110258755
2.970507316628
2.974944781556
2.979433806582
2.983952070679
2.988472941161
2.993016742884
2.997580563252
3.002147134574
3.006749110985
3.011346606461
3.015940488765
3.020561212620
3.025159238503
3.029742642578
3.034331224913
3.038904341846
3.043461809920
3.048017095194
3.052582210652
3.057136762578
3.061665277371
3.066199803976
3.070722372512
3.075248700120
3.252093261577
3.256845525422
3.261432874558
3.266172509351
3.270944393318
3.275751088268
3.280600619408
3.285481404135
3.441301978240
3.445851028262
3.450701697378
3.455655843537
3.460631104183
3.465586335653
3.470560582627
3.475681764716
3.480719562028
3.485755625260
3.490802395575
3.495870451840
3.500958611219
3.506054456207
3.511186046084
3.516322502670
3.521463461013
3.526594874255
3.531700606937
3.536827322808
3.541957649277
3.547092927049
3.552214135952
3.557373299211
3.562527299826
3.567697449463
3.572868092689
3.578035985051
3.583199069174
3.588353979740
3.593523732096
3.598672946069
3.603845240265
3.609016483648
3.614183351582
3.619340460090
3.624497478786
3.629640226195
3.634789921266
3.639939020755
3.645096310622
3.650219138935
3.799946490471
3.804765510476
3.809652668517
3.814618772317
3.819664918218
3.824745592084
3.829933551641
3.835158301303
3.840399190052
3.845675939990
3.850966954806
3.856285984168
3.862361646788
3.867653551969
3.904392003802
3.909662852510
3.914947014169
3.920227627230
3.925547797684
3.930851309541
3.936149390951
3.941610757222
3.946961013721
3.952277084097
3.957625148579
3.962903106940
3.968086937303
3.973293391695
3.978442312915
3.983514880771
3.988439683727
3.993333055567
4.167305865679
4.172106232415
4.177007543686
4.182019428863
4.187087783709
4.192182384398
4.197415337073
4.202713435774
4.208027550559
4.213424049266
4.218914316080
4.224447830418
4.230093380914
4.235793087054
4.241556557619
4.247380068713
4.253263082364
4.259189521828
4.265101604635
4.271059947277
4.277094579241
4.283216463463
4.289474564259
4.295845973784
4.302207647446
4.308603420266
4.314981600245
4.321389137785
4.327833960732
4.334308207393
4.340795127086
4.347298691633
4.353930460980
4.360476441754
5.133703549073
5.137661799106
5.141648821671
5.145556981895
5.149455818943
5.153350940289
5.156750136117
5.160751370195
5.536994864111
5.540369747053
5.544257134960
5.548453246010
5.552640917010
5.556920258180
5.561288251959
5.565656512094
5.570062674795
5.574517444677
5.578985371856
5.583490743024
5.588013799579
5.592569389648
5.597149328251
5.601764279262
5.606407060043
5.611075195726
5.615751108213
5.620438521141
5.625142052325
5.629858159163
5.634593426794
5.639332453416
5.644081792258
5.648829403711
5.653551570070
5.658258465413
5.662958785968
5.667649006191
5.672332508197
5.677028417177
5.681731846068
5.686440405602
5.691150743849
5.695862460320
5.700581661076
5.705303126238
5.709989061326
5.714670333385
5.719347139972
5.723996634833
5.728616054551
5.733220129477
5.737818831165
5.742396616956
5.746969538577
5.751534852702
5.756092116096
5.760637312686
5.765173758174
5.769744370956
5.774298573707
5.778875115602
6.155505532382
6.160015974409
6.164718515318
6.169473417182
6.174257179461
6.179048945894
6.183849170633
6.188659420070
6.193462187171
6.198274666081
6.203031937884
6.207772309770
6.212475241488
6.217156088795
6.221821680138
6.226465895034
6.231020550523
6.488121375026
6.492483954430
6.497547471764
6.502634708082
6.507753363913
6.512899343572
6.518089367963
6.523333046173
6.528573914244
6.533833135377
6.539115674737
6.544403741797
6.549663216626
6.554920101389
6.560177935702
6.565448781834
6.570722473074
6.576007259939
6.581314283832
6.586629353389
6.591981257449
6.597318370704
6.602709702652
6.608030930558
6.613406423766
6.775752884850
6.780841843394
6.786022463869
6.791201067325
6.796391378074
6.801673548078
6.806996585943
6.812325783429
6.817676109376
6.823061504283
6.828480822804
6.833875220593
6.839343230284
6.844771340196
6.850219599219
6.855653444441
6.861079754855
6.866549961333
6.872000550005
6.877459883255
6.882944697940
6.888434300965
6.893960756635
6.899494471732
6.905049018667
6.910609390401
6.916111439728
6.921663045825
6.927187595876
6.932741530795
6.938273559089
6.943845894841
6.949404241325
6.954989607424
6.960572643243
6.966194325972
6.971824503432
6.977458283582
6.983080446471
6.988729654354
6.994333272682
6.999953773691
7.005554000574
7.011143735737
7.016726636755
7.022351306976
7.721484753140
7.726213838834
7.730824582671
7.735579720414
7.740417119256
7.745247605749
7.750179967072
7.755104694807
7.760095607289
7.764983440972
7.769997173865
7.774846541562
7.779817789813
7.784669415468
7.789603002692
7.794466963145
7.799331068456
7.804144531593
7.808934620836
7.813706867829
7.818444505047
7.823123225221
7.827783450814
7.832362706598
7.836916639572
7.841406090397
7.845741434175
7.850023760571
7.854285745083
7.858508493288
7.862700491228
7.866851201782
7.870961762638
7.875059263387
7.879128887878
7.883195873252
7.887254634732
7.891318570025
7.895374547009
7.899424938114
7.903425358513
7.907385318249
7.911336733193
8.381903729412
8.386471015757
8.391097733923
8.395838108035
8.400563113266
8.405335246884
8.410123507510
8.414880591263
8.419539431293
8.424555036881
8.429457986362
8.434432645197
8.439442236086
8.444481488771
8.449552801850
8.454620308754
8.459745538400
8.464874905962
8.470011367236
8.475085131912
8.480208593849
8.485295577447
8.490427127595
8.495585781485
8.500794855827
8.506018071523
8.511269334922
8.516493598785
8.521697228441
8.526937387521
8.532165719731
8.537375621008
8.542594739082
8.547816010451
8.553052539494
8.558312557267
8.563587803265
8.568889497503
8.574194828305
8.579512194826
8.584841453856
8.590164655008
8.595497250427
8.600865439578
8.606247452986
8.611609306293
8.616998912595
8.622422593498
8.627821086741
8.633233153013
8.638632041708
8.643988256361
8.649294122199
8.654581132134
8.659828813492
8.985202638488
8.990633262454
8.995982692130
9.001242960653
9.006413790735
9.011534539913
9.016634642482
9.021681801279
9.026676544660
9.031627451804
9.036532723167
9.041429306412
9.046238116808
9.051070251835
9.055889515132
9.060676899958
9.065489992897
9.070254801191
9.075000704832
9.079787307025
9.084512390817
9.089255670366
9.093973668413
9.098769668740
9.103550301028
9.108779308370
9.176092519049
9.179461819614
9.182547212681
9.185236306737
9.187926016732
9.191586646628
9.194344027375
9.196792577940
9.199238575554
9.201739683642
9.205421935518
9.208108339219
9.211124375468
9.213839002047
9.216253261695
9.271172752045
9.276395598993
9.281418626606
9.286516683877
9.291660582245
9.296876613569
9.302165212946
9.307504835383
9.312865119649
9.318229327719
9.323628382205
9.329074787752
9.334580279020
9.340100353839
9.345647747105
9.351193558765
9.356787202235
9.362411997960
9.368095824395
9.373755269318
9.379422048078
9.385092278346
9.390786102322
9.396433163638
9.402097918934
9.407767688382
9.413468230272
9.419146297026
9.424844727719
9.430901563933
9.442308238524
9.453762336643
9.470063196277
9.476002032070
9.481696178072
9.487445640091
9.493188338653
9.498958925101
9.504731504093
9.510478780525
9.854376570805
9.859605844929
9.864771988226
9.869938052982
9.940707108604
9.945975808614
9.951232834195
9.956478950882
9.961721937270
9.966951668633
9.972153261570
9.976335527870
9.981539901562
9.986720074505
9.991832995396
9.996946450269
10.002061739020
10.007172935295
10.012276098451
10.017363158049
10.022446644859
10.027534236051
10.032587864895
10.037627554641
10.042637641624
10.047648934830
10.052631811128
10.057603014156
10.062556099299
10.067484756715
10.072411024210
10.077916628842
10.082975290578
10.143778674127
10.148322779716
10.152883486230
10.157486886301
10.162147325523
10.166816132323
10.171524685675
10.176241665617
10.180972415455
10.185751475344
10.215990727871
10.229242444451
10.242028817393
10.253211654192
10.273880778956
10.279185683153
10.284484309958
10.289790223675
10.295099554287
10.300395809491
10.305675804068
10.310979444759
10.494634964376
10.499421939246
10.504358644268
10.508923479790
10.514059810452
10.519225447482
10.524248775035
10.529309215046
10.534342054161
10.539431714705
10.544480086748
10.549565500143
10.554664599460
10.559797558212
10.564911255028
10.570020812813
10.575111983033
10.580153284820
10.585168495536
10.590199003398
10.595175140795
10.600136166077
10.605089443411
10.609988911357
10.614881937920
10.619748935792
10.624584745569
10.629364254469
10.634126520874
10.638843238163
10.643522810417
10.648195170069
10.652865505697
10.802282253641
10.806900757945
10.811311757818
10.816002045360
10.820582408808
10.825218857688
10.829877872197
10.834609417748
10.839478377667
10.844400636053
10.898350984257
10.903816279733
10.909309922247
10.914845034676
10.920282510433
10.925946580400
10.931525892501
10.937233171519
10.942903436330
10.948564137230
10.954236174795
10.959928793135
10.965638342512
10.971358086706
10.977089528345
10.983199512706
11.062195400582
11.067362520263
11.072587043077
11.077815588019
11.083050530433
11.088373081279
11.093727728103
11.099071536601
11.104438076417
11.109769698041
11.115137292979
11.120364095594
11.125739560343
11.131031734286
11.136391799509
11.141651702821
11.146903649082
11.152093732882
11.157293084724
11.162392817665
11.167563538562
11.172733179752
11.178050331254
11.183459145504
11.188959202800
11.194498518845
11.199982941741
11.205249476540
11.210261310573
11.215200843335
11.220145437952
11.225108732634
11.230038316777
11.235011615642
11.239968375752
11.244964118979
11.249958913567
11.254969108817
11.259987034366
11.265025733100
11.270071362572
11.275157910820
11.280348426855
11.285641364767
11.345774230241
11.350328168651
11.355473346862
11.360678481553
11.366165617021
11.371663220934
11.377182781225
11.382740636764
11.388380908477
11.394006118520
11.399682505003
11.405369719022
11.411119717783
11.416967672931
11.422904804537
11.428870137861
11.434860271676
11.440887899385
11.446967449746
11.453135421569
11.459300370000
11.465494523926
11.471633652325
11.477823281556
11.484095314786
11.490390518944
11.510569687327
11.523709717341
11.536910172247
12.485760737693
12.490776409941
12.495884068011
12.500935214223
12.505992629413
12.530941120908
12.540864574100
12.624440724282
12.634232540245
12.643959974036
12.653623661889
12.663182033817
12.672620934038
12.681846479711
12.686054573438
12.690393269501
12.694820464637
12.699128636994
12.703513400217
12.707880199875
12.712218430219
12.716555418362
12.720609745519
12.724686841602
12.836038193636
12.840038768746
12.843430435587
12.847076871195
12.850838856688
12.854709189383
12.858551894068
12.862421784187
12.866286598135
12.870209293770
12.874150169917
12.878176428456
12.882206035745
12.886282669660
12.890343310540
12.894460702294
12.898550189278
12.903120699908
12.971023738595
12.975857732582
12.980588316743
12.985299655826
12.990008462028
12.994739775064
12.999487622490
13.004267516768
13.009084926127
13.013920341663
13.018788741887
13.023672957348
13.028573766263
13.033499776881
13.038463668332
13.043504946190
13.048682018069
13.091144859977
13.096277274848
13.101405334336
13.106535056033
13.111646848272
13.116755935582
13.121781350040
13.311245711435
13.316134492922
13.320114444511
13.325229342325
13.330198871333
13.335139170298
13.340054361280
13.345032897766
13.349936610705
13.354876198925
13.359802634598
13.364730620092
13.369600248664
13.374511851053
13.379334294046
13.384274798715
13.389082285949
13.393927071199
13.398751742786
13.403521580055
13.408291467434
13.413004187828
13.417708545495
13.422366104556
13.427031340910
13.431645827529
13.436248419614
13.440831381696
13.445375346183
13.449883270398
13.454367320595
13.458804583404
13.463224037407
13.467637834591
13.472041490159
13.476410782204
13.480772221958
13.485121067917
13.489474408280
13.493805194645
13.498137871288
13.502473540629
13.506836237628
13.511194513476
13.515531933386
13.689303160453
13.693957260005
13.698598632529
13.703304209891
13.708024022416
13.712824769329
13.717686239321
13.722583109502
13.727520093656
13.732432809100
13.737397731484
13.742382347786
13.747386933245
13.752374403873
13.757407293092
13.762406257561
13.767385940272
13.772379858950
13.777311807129
13.782168470957
13.786834916801
14.297089560626
14.307744840795
14.318379365825
14.329373509664
14.686348450782
14.691946701441
14.697680664224
14.703386314443
14.709049960370
14.714665163037
14.720197243077
14.725783935585
14.731410286544
14.845189162504
14.855186967607
14.865265792573
14.875256180381
14.904094830074
14.908786406005
14.913851956488
14.918527995835
14.923623416607
15.154524427942
15.159110534870
15.163763067830
15.168474264059
15.173300298860
15.178126082956
15.183023647773
15.187948512801
15.192841605613
15.197718954761
15.202649440526
15.207601265317
15.212509143506
15.217416496331
15.222371612983
15.227296614897
15.232255963749
15.237204586033
15.242156251000
15.247090480047
15.252025435140
15.256976378908
15.261936821549
15.266904031719
15.271892735326
15.276855255159
15.281785721150
15.286702130763
15.291630599738
15.296578381120
15.457345885293
15.461728791586
15.466473591104
15.471252643037
15.476103485502
15.481000821897
15.485944326828
15.490959155040
15.495994645575
15.501152691986
15.506325955612
15.511575186410
15.516860299011
15.522184048330
15.527511248996
15.532877202874
15.538253764251
15.543664478270
15.549076897792
15.554486842213
15.559928174659
15.565351095538
15.570805915793
15.576283878640
15.581763734218
15.587235605746
15.592755322784
15.598235334485
15.603729175016
15.609199425509
15.614662198650
15.620102867707
15.625519469686
15.630947931570
15.636336146388
15.641725050054
15.647079483289
15.652394949692
15.657691476497
15.662957970522
15.668215024929
15.673498666911
15.824619035100
15.828711269607
15.833392865598
15.838298534096
15.843264789390
15.848291633236
15.853360631101
16.141835739824
16.147307573272
16.152866229397
16.158427929841
16.163902688029
16.205001356553
16.217091631529
16.229295064671
16.241756944009
16.254731441985
17.007048385885
17.009296316923
17.011968927146
17.014901960454
17.017220880843
17.019894009931
17.022887935102
17.026244072704
17.029300782874
17.032961174902
17.036273014589
17.039596270005
17.042592603436
17.054441696118
17.058970884448
17.060931889893
17.063568435501
17.066183459110
17.068832199546
17.070848011007
17.073575866171
17.075914394207
17.078534108096
17.081149731969
17.083989104296
17.226125863690
17.230933405406
17.235807196602
17.240698493216
17.245634653385
17.473582099843
17.477192644031
17.481016089120
17.484849957765
17.488650434302
17.492417227483
17.496143539229
17.499836683516
17.503505191944
17.507136607400
17.510729240804
17.514281435862
17.517812552981
17.521316741413
17.524812564893
17.528292049924
17.531745390170
17.535188509720
17.538610541242
17.542023587313
17.545430393560
17.548848276787
17.552261708953
17.555713726183
17.559144758802
17.562581615578
17.566052363383
17.722062176610
17.726423058353
17.730157876450
17.734271561107
17.738441943278
17.742628733464
17.746852916761
17.751092844428
17.755372383890
17.759673851120
17.763998107843
17.768354575651
17.772718943936
17.777083030881
17.781465142956
17.785836359657
17.790214678544
17.794595819089
17.798974716513
17.803365755126
17.807745165547
17.811766693056
17.816686996583
17.992266401932
17.996086239838
18.000491255497
18.004860662260
18.009327723741
18.013842804147
18.018440303415
18.023055575692
18.027698334101
18.032344007339
18.037020868740
18.041701674708
18.046406594280
18.051141891152
18.055893760476
18.060644707255
18.065391967007
18.070142290680
18.074875639493
18.079609568014
18.084330517488
18.089059293528
18.093770526809
18.098486727718
18.103171845904
18.107875527818
18.112548592603
18.117232686920
18.121908278499
18.126572284078
18.131220640350
18.135897706598
18.140586852811
18.145263927864
18.149934638743
18.154614785935
18.159304434609
18.163959300847
18.168608061454
18.173220976194
18.177823680610
18.182385661010
18.186895757665
18.191306817842
18.195463988831
18.199364074884
18.203152211637
18.206872134932
18.210730298978
18.214798478936
18.218773039662
18.222717770926
18.226720312436
18.683253427912
18.687877396984
18.692406376094
18.696868945769
18.701223471143
18.705514745157
18.709731136855
18.713935439749
18.718126051644
18.722340476814
18.726535883211
18.730730193830
18.734920445628
18.739081417041
18.743240143631
18.747381918784
18.751509185752
18.755624408561
18.759721121202
18.763802137872
18.767868202318
18.771910510145
18.775934586673
18.779946327559
18.783941056957
18.787914554194
18.791864376730
18.795793619040
18.799720728077
18.803642151078
18.807547573364
18.811442733940
18.815335448782
18.819220211241
18.823097645788
18.826985750379
18.830881450469
18.834787650154
18.838720137900
18.842673705739
18.846659223075
18.850664229253
18.854687322201
18.858729390517
18.862782024683
18.866879574537
18.933205955317
18.937440979665
18.941644620947
18.945809963882
18.950025322141
18.954345842317
18.958683990015
18.963065519382
18.967454954547
18.971873835104
18.976305567335
18.980748705851
18.985217551896
18.989728357927
18.994275768879
18.998812331730
19.003367327470
19.007923829286
19.012503075721
19.017084821968
19.021672467282
19.026267004372
19.030873271732
19.035489057761
19.040118240812
19.044759935311
19.049397043785
19.054030552323
19.058663706224
19.063299443686
19.067953887431
19.072608074995
19.077289278044
19.081991366731
19.086717053656
19.091455014263
19.096192494460
19.100954567977
19.105765368843
19.255441049893
19.260022013563
19.264706950874
19.269428281673
19.274177017832
19.278950348898
19.283767871469
19.288580975760
19.293424466955
19.298280605614
19.303160121097
19.308083613468
19.313022670671
19.317991454866
19.322953057698
19.327930865282
19.332907102360
19.337922302662
19.342966024153
19.348023879244
19.353156628045
19.358303915305
19.363497998260
19.368708006860
19.373956767084
19.379249282662
19.384554360548
19.389938103924
19.395310426999
19.400819907727
19.406371995581
19.411950536092
19.417569096471
19.423239924358
19.428935591937
19.434699009246
19.440413857628
19.452285311160
19.463675309212
19.475086100263
19.486532698507
19.498050917300
19.509611002439
19.521261424635
19.538450634966
19.550120842454
19.561819326133
19.573293455362
19.584736661565
19.596076258826
19.607453698035
19.913137369818
19.918653408307
19.924229239317
19.929754563136
19.935205993468
19.940919163451
19.946456917374
19.951878603039
19.957255119510
19.962680933977
19.968111906297
19.973480727633
19.978819204985
19.984166435868
19.989429002738
19.994386555321
19.999746821888

