Time_s
0.576370488859
0.583969869839
0.587448065857
0.590865841327
0.594426337731
0.597975647257
0.601495422996
0.604989687474
0.608444756198
0.611901322241
0.615331689651
0.618738728227
0.622158595280
0.625569025764
0.628982938197
0.632386794840
0.635770190557
0.639157513256
0.642536033006
0.645893155444
0.649264132434
0.652589781726
0.655942166602
0.659253902831
0.662556572097
0.665844338623
0.669110943045
0.672378543772
0.675639153922
0.678888694956
0.682100629449
0.685317214489
0.688541309793
0.691745230110
0.694913980361
0.698076333219
0.701204632433
0.704329596351
0.707416968959
0.710507088004
0.713578680968
0.716658488927
0.719719523782
0.722779636654
0.725854438564
0.728916645602
0.732026675911
0.735058325670
0.738170116133
0.741322454122
0.744429919920
0.747599450162
0.750804374157
0.753932122116
0.955526414365
0.959355726407
0.962630933881
0.965920273568
0.969187813083
0.972708064960
0.976364317912
0.980103530117
0.983874297614
0.987657832525
0.991469809945
0.995311122703
0.999129999699
1.002961137058
1.006805931459
1.010633700161
1.014494468832
1.018355815138
1.022229712267
1.026078241536
1.029937069957
1.033783011228
1.037658321854
1.041507392771
1.045343660953
1.049167686548
1.053015488978
1.056823749429
1.060657041931
1.064481052438
1.068292829806
1.072101168954
1.075910417038
1.079686072382
1.083523851528
1.087390850601
1.091387599298
1.095530000186
1.099776604571
1.103832982412
1.273970483471
1.278140239244
1.282927728118
1.287500208476
1.292242163589
1.297006275279
1.301861729131
1.306709367831
1.311596839641
1.316511111944
1.321350226094
1.326283978984
1.331113418916
1.336037797490
1.340965140824
1.345890296802
1.350861849659
1.355841868468
1.360875761897
1.365885470019
1.370960955219
1.376051972007
1.381118307905
1.386218402997
1.391256271995
1.396343663975
1.401390511492
1.406478475625
1.411659215176
1.416625737331
1.421559673947
1.426346485164
1.431179592049
1.436012872380
1.445405038047
1.454965430528
1.464552599338
1.474318551453
1.484046602973
1.493740241265
1.503325240120
1.512920380821
1.522125511323
1.585216641102
1.631658843251
1.644452272222
1.654811790183
1.693956418741
1.698041448923
1.701924620035
1.705867289052
1.709762235297
1.713671764538
1.717562231717
1.721568983352
1.725482182556
1.729432072360
1.733415989742
1.737401040760
1.741473199362
1.745523555390
1.749605337508
1.753709138114
1.757873968936
1.762059289935
1.766462935359
1.770891552527
1.906533369554
1.910162610368
1.914098027913
1.917354696182
1.920614552243
1.923726225225
1.927006073070
1.930194191613
1.933413952770
1.936520871510
1.939720547704
1.942807159656
1.945985625586
1.949092892883
1.952307734197
1.955365166209
1.958614074835
1.961726071847
1.964931175313
1.968318203640
1.971509424917
1.975121904505
1.978505334338
1.982018298284
1.985477234871
1.989089116074
1.992660954535
1.995943180234
1.999475766402
2.003037970113
2.006686142968
2.010412241639
2.013809177112
2.017254490433
2.020725206331
2.024180227518
2.027622551187
2.031025033244
2.034438976232
2.037848730405
2.041253829402
2.044688784512
2.048128272981
2.051566349820
2.055001330329
2.058451669996
2.061926804943
2.065426906124
2.068954399882
2.072522721437
2.076195445551
2.079870064798
2.083669736059
2.087531419106
2.091473495396
2.095522264790
2.099701838382
2.103629107547
2.107508716815
2.111422668477
2.115339619172
2.119054229324
2.123083848885
2.126899482308
2.130827941876
2.135044078679
2.138989313604
2.142926155882
2.146906183157
2.150780539614
2.154530553935
2.158546113318
2.162492243616
2.166178300449
2.170242319494
2.174172805000
2.178024227261
2.181896636789
2.185738100515
2.189590306694
2.193424283259
2.197302021252
2.201203122591
2.205106038617
2.209044977844
2.212963806652
2.216932551204
2.220862525662
2.224807399759
2.228728622240
2.232673698836
2.236640090140
2.240618857593
2.244578018613
2.248532890084
2.252500077819
2.256467521713
2.260452496413
2.264425189739
2.268413057947
2.272413191170
2.276411053483
2.280422669603
2.284435801508
2.288442029406
2.292469048489
2.296494487303
2.300523276613
2.304570811415
2.308643172979
2.312719265044
2.316782452897
2.320843307408
2.324933630231
2.329013667911
2.333102789999
2.337206783432
2.341307392578
2.345430997608
2.349558330781
2.353714385161
2.357915834211
2.362005672550
2.366209311828
2.370441063973
2.374715352509
2.378738073058
2.382987155236
2.386894527655
2.391168616729
2.395344249311
2.399480641279
2.403622001101
2.407822814010
2.412037750570
2.416280689977
2.420512930013
2.424733178880
2.429010736055
2.433266024073
2.437562101968
2.441858058607
2.446173136597
2.450425900092
2.454788438790
2.459074165034
2.463413235171
2.467733757667
2.472092261553
2.476398198317
2.480957187036
2.485563756831
2.490010220043
2.494372347648
2.499063555687
2.503681809136
2.508034817671
2.512839893961
2.672703241694
2.681960747466
2.691544084008
2.696363249507
2.701164895871
2.706101520019
2.711023038749
2.715906614213
2.720833532070
2.725791842445
2.730757229059
2.735744684801
2.740694315271
2.745572127939
2.750501904044
2.755411662141
2.760336082775
2.765225859573
2.770134668169
2.774896337299
2.779769402103
2.784565003235
2.789369415199
2.794164569488
2.798988212315
2.803948167112
2.808922406173
2.813903438284
2.887712117741
2.895899579119
2.904048068422
2.912175310175
2.920366380197
2.928576634624
2.936952768166
2.945600218888
2.953911786051
2.958571015301
2.963361214760
2.968170700450
2.973201087938
2.978124560390
2.982917737029
2.987627192217
2.992293351148
2.996922912087
3.001573401673
3.006163286180
3.010748250336
3.015264769196
3.019925826379
3.024520478052
3.029088634156
3.033600011200
3.038091289396
3.042593629609
3.046991283613
3.051434782779
3.055709928339
3.060019683595
3.064312415953
3.068586355033
3.072799078213
3.076934110211
3.081081452758
3.085189255873
3.097713258042
3.105804749361
3.113911144389
3.122032263666
3.130176115629
3.138343384910
3.146504441496
3.154627380313
3.162760904412
3.170888704982
3.179063800004
3.187203250341
3.195375158897
3.203548768678
3.211703171635
3.219883552020
3.228005114211
3.236018272704
3.246076091419
3.249679245217
3.253229683213
3.256811055032
3.260515825166
3.264381279034
3.268040335134
3.271572463765
3.274979775375
3.278894878157
3.335576406214
3.348369080511
3.357155645763
3.366163062958
3.375184100197
3.384512988960
3.393382154322
3.402862504056
3.412317478729
3.421867860475
3.431455709376
3.441116806128
3.450669206223
3.460358190943
3.469747543666
3.479252528163
3.488356984703
3.497433442869
3.807773862820
3.811976225527
3.816467543671
3.820544418503
3.824752489061
3.829228358409
3.833504186076
3.837934922024
3.842359374937
3.846900089027
3.851425761291
3.856103067624
3.860828919358
3.865696127546
3.870541626654
3.875521469673
3.880723496784
3.885639532566
3.890986553886
3.896001904497
3.900828366013
3.905824099072
3.911376418534
3.915835333175
3.920546859254
3.925203917209
3.929830069118
3.934239166476
3.938645898685
3.942913191793
3.947067405069
3.951174675946
3.955201468109
3.959146323123
3.963100907626
3.967059944917
3.971006251562
3.974994453804
3.978947010668
3.983035781684
3.987060315726
3.991294567948
3.995417772386
3.999779486037
4.003958739080
4.008312889766
4.012508604461
4.016892648057
4.021018694446
4.025425067607
4.029586094519
4.033693549050
4.037911971148
4.042099706410
4.046290715993
4.050503776956
4.054746676520
4.059065518519
4.063378656468
4.067685416414
4.072018223945
4.076412225751
4.080895906003
4.085453979514
4.090427340903
4.095261129773
4.100030915368
4.105109804793
4.110073313014
4.287658387364
4.292765696900
4.297668219185
4.302569561306
4.307471655329
4.312394122305
4.317346100186
4.322410618516
4.427836269893
4.436255835788
4.444932579059
4.453795348979
4.462925682620
4.472164228639
4.481625818661
4.491103009562
4.496183618098
4.500939472383
4.505643141431
4.510360433695
4.515064202761
4.519782084618
4.524484896792
4.529204130990
4.533935087631
4.538660573644
4.543383344115
4.548123610599
4.552870120029
4.557605655760
4.562302704080
4.567175466248
4.572008959724
4.576844745997
4.581727116720
4.586578315333
4.591388834171
4.596306231804
4.601210242270
4.606101730453
4.611214306821
4.616306602565
4.621564528282
4.808723910407
4.823146479531
4.837579603913
4.851726764477
4.946471177682
4.950888319772
4.955346949311
4.959998291268
4.964619482194
4.969827788544
4.974815866831
5.458233585261
5.462056596301
5.465375531922
5.469315798596
5.472911053338
5.476804557961
5.480701565158
5.484636946832
5.488326882726
5.492142499768
5.495820053410
5.499534333298
5.503143253562
5.506817801896
5.510422878943
5.514068944755
5.517789754939
5.521863908236
5.525844760065
5.529766878954
5.533597903967
5.778879448871
5.786075505759
5.793412879705
5.800722757556
5.808391512995
5.816230342773
5.824446090272
5.832531108986
5.836568998067
5.840600103215
5.844668417251
5.848761694597
5.852803474646
5.856791942557
5.860836888912
5.864860583538
5.868893403141
5.872897601793
5.876914286426
5.880925086093
5.884936139083
5.888967071791
5.892984447138
5.897000819671
5.901022449280
5.905085806055
5.909180399242
5.913307630828
5.917491122788
5.921826905012
5.926233379130
5.930537132628
5.934926678676
5.981081910710
5.988393686558
5.995686193748
6.002986907393
6.010327322606
6.017722756546
6.025305726836
6.033075447424
6.041102246936
6.049559204995
6.058367240119
6.067230536961
6.187561951692
6.191428875701
6.195748173776
6.200114106906
6.204529308642
6.208923588454
6.213407743019
6.217884843653
6.222436365548
6.226995029457
6.231574224535
6.236150250442
6.240726107165
6.245269597666
6.249828135636
6.254332519273
6.258817761181
6.263343427021
6.267840974139
6.272446674995
6.277077293367
6.281784067478
6.286667608345
6.291629867929
6.417035485231
6.421266203993
6.425165078114
6.429439440436
6.433658265691
6.437917440043
6.442168415503
6.446429596586
6.450696614526
6.454981479501
6.459272583310
6.463557393006
6.467860767539
6.472158466718
6.476527958486
6.480898201904
6.485317130385
6.489742309163
6.494207836193
6.504664606385
6.509300729021
6.518179057362
6.526998677270
6.535778324202
6.544212149085
6.552710218802
6.561260595629
6.569972041913
6.578946618736
6.588361647723
6.654506805611
6.657269677331
6.659236383307
6.661400259004
6.663586082344
6.666064330715
6.668092082677
6.670303557941
6.673346902097
6.675500196301
6.678059399473
6.680087917538
6.682470305208
6.684790522770
6.719162180608
6.728739352280
6.738350612066
6.748036951781
6.757828013445
6.767674317246
6.777456555365
6.787230380143
6.796928513724
6.806670567015
6.816421581582
6.826206441782
6.835983352091
6.845771985704
6.855541266133
6.865315828946
6.875174321559
6.885274333999
6.895658075226
7.187890117159
7.196320921478
7.204729666729
7.213535122365
7.222161648097
7.230934021972
7.239715420727
7.248557608284
7.257450132084
7.266321753208
7.275251200203
7.284031129768
7.292877196900
7.301650857405
7.310431330975
7.319331113259
7.328611539501
7.338083207824
7.347960197234
7.466189329468
7.478753742034
7.491656901408
7.504652969168
7.518603614561
7.698681987647
7.711348391521
7.724401763579
7.737834863127
7.774903320542
7.784313322085
7.793507997507
7.802497226463
7.811664288320
7.820872398363
7.830158164628
7.839937512046
7.929323607792
7.937990054850
7.947257303375
7.956601270494
7.966250679325
7.975921517922
7.985608418184
7.995135737791
8.004640490532
8.013928785620
8.023240478727
8.032654872536
8.042095935229
8.051304913383
8.060296804056
8.069287700724
8.078281852040
8.087354183302
8.096395367754
8.105442387954
8.114468009335
8.123477310292
8.132582728678
8.141846140261
8.151518306074
8.162159487261
8.295124891465
8.304770141480
8.314566000837
8.324332760363
8.334458829046
8.344515743009
8.354766741563
8.365150037106
8.375738082349
8.386191978593
8.396622899637
8.407035853500
8.417413132363
8.427662194955
8.437848665312
8.448051576226
8.457922616605
8.468085277840
8.478293602271
8.927524967726
8.940038482411
8.948836643618
8.957196770191
8.973839340932
8.978107217179
8.982328019066
8.986612771496
8.990868355924
8.995145897773
8.999437944093
9.003703939491
9.007965380136
9.012262238628
9.016536374377
9.020806850493
9.025072524494
9.029341982052
9.033616795080
9.037679268007
9.041763708466
9.045961429971
9.050232664714
9.054555998552
9.058903534994
9.063236282494
9.067571117780
9.071928012065
9.076231131677
9.080566285628
9.084880573531
9.089191645213
9.093474408317
9.097789096877
9.102035989080
9.106330096595
9.110583143798
9.114825449010
9.119061738314
9.123286652321
9.127468573017
9.131662588667
9.135839663846
9.140017354802
9.144245232115
9.148603399360
9.153024475298
9.157452486475
9.161884756525
9.166320517402
9.170753131885
9.175164405497
9.179518778076
9.183891155827
9.187986092716
9.192334871869
9.196244772002
9.200452499069
9.204372310074
9.208218075877
9.212025101062
9.215838660483
9.219634653714
9.223415530658
9.227186000366
9.230974776143
9.234754541692
9.238529662161
9.242320991132
9.246090203687
9.249893114977
9.253692017664
9.257464116532
9.261240867359
9.265014376448
9.268819979956
9.272600232336
9.276366606379
9.280163273021
9.283953782004
9.287763919053
9.291531649515
9.295331609205
9.299117498985
9.302939998221
9.306731226918
9.310526271281
9.314327068454
9.318156238601
9.321996609131
9.325827115458
9.329615529883
9.333431316551
9.337276788602
9.341129125908
9.344969860303
9.348814358687
9.352659019601
9.356497791138
9.360392971667
9.364279056332
9.368180555600
9.372080459454
9.375992726412
9.379849674647
9.383636853722
9.387421621218
9.949354756942
9.953137404055
9.957341342507
9.961698908031
9.965957127056
9.970234457576
9.974573088518
9.978983731212
9.983374528628
9.987812514265
9.992389932026
9.996741190000
10.001520216349
10.126771541841
10.134758188839
10.142827432066
10.150942119007
10.159098373134
10.167324750188
10.175623984075
10.184008940475
10.192444717570
10.201020997139
10.209639108007
10.218299758853
10.227080160670
10.235946215329
10.244923313878
10.253806526012
10.262649999330
10.271497126844
10.280283816230
10.289046410983
10.297833501200
10.306763569532
10.311394509174
10.315972674260
10.324909780938
10.327868915728
10.330962372573
10.334030128508
10.337193902530
10.340176722782
10.342984857615
10.435800625374
10.443819236756
10.451934829676
10.460121732074
10.468456231804
10.477015878630
10.485718106084
10.494401834153
10.503130223554
10.511885238220
10.520609078271
10.529382713089
10.538141141534
10.546871103959
10.555730190712
10.564636724937
10.573336274886
10.581994188583
10.590844699977
10.599886018115
10.608997794576
10.618433622396
10.628103661019
10.637962903347
10.647928401665
10.657893217644
10.662900698921
10.667742232987
10.672683462998
10.677584695910
10.682653668544
10.687516882636
10.697123779013
10.706766005665
10.716530073685
10.726626411771
10.736796809604
10.747113344341
10.757392881733
10.767872892107
10.778811944645
10.789116520934
10.799425706559
10.809392421890
10.819374441805
10.829350418779
10.839206428874
10.849145648975
10.859222003801
10.869371986860
10.879485834214
10.889614912552
10.899839784883
10.910127119936
10.920415189410
10.930950111408
10.941374221232
11.015756428512
11.021390642098
11.026670273370
11.031973668786
11.037242048294
11.042590030320
11.047806997256
11.053158779202
11.058435808364
11.063712322763
11.068991495129
11.074201095823
11.079458966033
11.084528297917
11.647599809992
11.659751333821
11.667861995945
11.676148159180
11.684177455472
11.692541948964
11.700917524731
11.709567714478
11.714784135629
11.720025923176
11.725060252925
11.729555833172
11.734133789829
11.738635619063
11.743098269506
11.747570412223
11.752066170565
11.756532100169
11.761007635058
11.765488757567
11.769947680673
11.774392749658
11.778813474904
11.783274547988
11.787845148238
11.792376079592
11.796853975774
11.801427301731
11.806180817993
11.811142960009
11.906935169006
11.914302041702
11.921823573881
11.929383562364
11.936983857914
11.944717102598
11.952652213325
11.960475156882
11.968309268103
11.976306528688
11.983643993368
11.987696379268
11.991679477319
11.995687938120
11.999677876743
12.003643147032
12.007691476532
12.011724275837
12.015762337962
12.019733507580
12.023727829031
12.027724857787
12.031709103390
12.035637450011
12.039603819644
12.043617533252
12.047581235563
12.051527408393
12.055444279501
12.059423943439
12.063350714195
12.067289943683
12.071205038770
12.075103145151
12.078993256009
12.082903422161
12.086825706438
12.090787522743
12.094813839492
12.098811470520
12.102837351814
12.106496214223
12.110426778863
12.114014477973
12.117905616123
12.121601491085
12.125509800888
12.129297244345
12.133129534963
12.136901909996
12.140667698821
12.144433344997
12.148193992410
12.152063701334
12.155890085357
12.159844282981
12.163777536369
12.167866773552
12.172013557984
12.176194482856
12.180982456762
12.184923933870
12.287684871471
12.291737052408
12.295968567241
12.299827724788
12.303740985907
12.307774725969
12.311827162179
12.315924199914
12.320032069943
12.324151943223
12.328285498077
12.332458153896
12.336625436197
12.340232391386
12.344486300030
12.348761391548
12.353049294674
12.357281127088
12.361587922170
12.365837088658
12.370178793068
12.374436597299
12.378790011745
12.383043331931
12.387376934734
12.391667236925
12.395992703995
12.400303030205
12.404586932715
12.408889413827
12.413247606441
12.417547712417
12.421853019116
12.426198594100
12.430595708848
12.435066383870
12.439613158931
12.444282484675
12.449066800830
12.453764501274
12.544999731700
12.548086739261
12.550603230697
12.553832754266
12.556982594827
12.559847322186
12.562820861731
12.565862252949
12.571933748878
12.576339833285
12.580702347484
12.585052406682
12.589388361551
12.593727958477
12.598033265359
12.602373843153
12.606753360688
12.611136842873
12.615599205604
12.620078144082
12.624649081958
12.629275955609
12.633900659912
12.638546744123
12.643191878759
12.647931741563
12.652665838552
12.660805026815
12.666132289482
12.773148246711
12.776607319681
12.780323760608
12.784044426747
12.787711755345
12.791700901179
12.795679630651
12.799896068037
12.804257268694
12.808625792238
12.986325018662
12.990835551950
12.994760907100
12.999139928840
13.003538395414
13.007977485680
13.012429729863
13.016930914852
13.021464989473
13.026043260392
13.030648468224
13.035298331365
13.039943844982
13.044603207094
13.049211274879
13.053419551002
13.058327526931
13.063222895427
13.068153502850
13.073134328881
13.078137578077
13.083185180051
13.088233936779
13.093308097621
13.098406855843
13.103507529867
13.108661424474
13.113809020741
13.118985664280
13.124149426136
13.129358658514
13.134601115035
13.139758279337
13.144943286882
13.150073006885
13.155142085554
13.160160082402
13.165121644527
13.170150560679
13.174843462733
13.179776977055
13.184618292302
13.189604515272
13.194536660235
13.199777316781
13.671064563604
13.675113049865
13.679643736007
13.683966735112
13.688428621945
13.692828929172
13.697269066300
13.701662633878
13.706072245213
13.710497534061
13.714905856906
13.719265524014
13.723414415945
13.728060237688
13.732592970542
13.737100149439
13.741619058097
13.746141900544
13.759092072442
13.767986224523
13.777183070730
13.786347684736
13.795768084879
13.805455168117
13.815457439081
13.825576034683
13.835529892255
13.878946888054
13.887775584352
13.896704953502
13.905816843927
13.914851098207
13.923861270222
13.932742119454
13.941539134736
13.950606147229
13.960226506142
14.126821090679
14.131624104625
14.135676575209
14.140249423700
14.144872492770
14.149500403222
14.154186850770
14.158883491185
14.163634194058
14.168374611778
14.173192737902
14.178021215251
14.182821054449
14.187605702484
14.192440776920
14.197228267078
14.202012213411
14.206929849418
14.211652085690
14.216438077439
14.221224893349
14.226032628357
14.230906950667
14.235952759747
14.241115404985
14.246223386372
14.252311387106
14.345149955555
14.354356797515
14.363400922334
14.372543777852
14.381550681856
14.390747640025
14.399971612420
14.409193791486
14.418442428608
14.428119517636
14.595811468603
14.604623125065
14.613508615009
14.622555439700
14.631782477572
14.641804742096
14.652013583016
14.662363544952
14.696104673153
14.705392413091
14.714522371936
14.723877215928
14.733475466843
14.743168918845
14.858950682586
14.864032599920
14.868675189504
14.873738565883
14.878845722049
14.883957839041
14.889140517731
14.894052180881
14.924148718627
14.934484942353
14.944671594660
15.602165897267
15.609843441559
15.617591495214
15.625552271469
15.633937295484
15.642966358305
15.652102636438
15.673794109569
15.677892087409
15.681913929690
15.685804367322
15.690120828606
15.693554771169
15.697659729729
15.701608857592
15.705667223871
15.709745409458
15.713837506265
15.717949440000
15.722053768058
15.726176728085
15.730268543426
15.734385223340
15.738475731433
15.742540140135
15.746631225437
15.750778981845
15.754952342637
15.759091384085
15.763286308981
15.767508411916
15.771803714228
15.776195779098
15.780647138816
15.785232817043
15.789912282653
15.794979548506
15.937778880108
15.941242218613
15.944949101339
15.948647410097
15.952371926614
15.956136830727
15.959900967596
15.963671049258
15.967446320928
15.971204813076
15.975005630639
15.978860194056
15.982761662125
15.986730133193
15.990815565822
15.994807168511
15.999097113081
16.003176153917
16.007553838516
16.011684625484
16.016046982222
16.019935335917
16.024164197997
16.028290704574
16.090290176983
16.094066454768
16.097696418839
16.100845672581
16.104615585299
16.108102039513
16.111976460687
16.115646519212
16.119437275684
16.123151795451
16.126899883757
16.130659753122
16.134397680800
16.138118315597
16.141874741211
16.145634801739
16.149437259620
16.153260271526
16.157147828058
16.161069233177
16.165023729111
16.169095893854
16.173315412019
16.177460335132
16.181792248228
16.186191289788
16.337482085973
16.344795373768
16.352304024569
16.360335571065
16.374757810045
16.378833797004
16.382917130495
16.387034092507
16.391126866584
16.395225456603
16.399322741858
16.403443400653
16.407558193980
16.411667366784
16.415768356152
16.419893054826
16.424023483482
16.428140470605
16.432264608003
16.436410089596
16.440511382044
16.444617363837
16.448717766155
16.452799952077
16.456858330922
16.460918124125
16.464983047266
16.469064875877
16.473161302921
16.477243546795
16.481332230815
16.485474583408
16.489651114090
16.493846232527
16.498138471552
16.502493824012
16.506967929950
16.511443003627
16.579027653021
16.582813987306
16.586924270723
16.590976418875
16.595105550850
16.599166395520
16.603223978508
16.607240221020
16.611274079747
16.615316982938
16.619362294400
16.623417011118
16.627457639787
16.631524177321
16.635626104137
16.639776338351
16.643920469232
16.648092303450
16.652369971174
16.656705981783
16.661126796948
16.665661509552
16.738238184330
16.742404169593
16.746255571849
16.750297734838
16.754340159878
16.758397548834
16.762466673506
16.766542943606
16.770662895332
16.774781726085
16.778892654486
16.783056741186
16.787260895201
16.791632630175
16.796079129325
16.800497164967
16.927057142540
16.935555050256
16.944067443111
16.952472939882
16.960965011526
16.969682738984
16.978609678454
16.987531985047
16.996573535447
17.005640154370
17.014653579106
17.023659812148
17.032653165962
17.041630666403
17.050561725743
17.059397221466
17.068192900882
17.076960606111
17.085740099948
17.094469067528
17.103353394805
17.112280591591
17.121125071459
17.129831692436
17.138373205548
17.146877186130
17.155416506021
17.163902511664
17.172341660491
17.180860001840
17.189427002881
17.197950661229
17.206528516224
17.215105463386
17.223729359094
17.232410802739
17.241217526538
17.250474683688
17.260255810267
17.270036176944
17.279809859367
17.365364057425
17.375074307256
17.385563384759
17.396095973851
17.406763791058
17.417242815719
17.963408466328
17.975914922130
17.984625354264
17.993333224740
18.002165063498
18.006636597045
18.011059006798
18.015496473196
18.019942609871
18.024371556204
18.028790002297
18.033223874534
18.037651426172
18.042077020290
18.046526021528
18.050983374509
18.055443113280
18.059918975639
18.064415931399
18.068932197937
18.073479663575
18.078045444489
18.082633077581
18.087259217278
18.091908211159
18.096587338700
18.101279206101
18.105999173351
18.110713140334
18.115458177341
18.120247431983
18.125072615367
18.129869899535
18.134674552607
18.139516017254
18.144361876760
18.149216287506
18.154119442670
18.159022124666
18.163892195994
18.168731679937
18.173542083863
18.178354012171
18.183131915556
18.187890044680
18.192670524603
18.197432635006
18.202235452416
18.207000582351
18.211743755264
18.216519014745
18.221287788909
18.226117725035
18.230974692875
18.235856315075
18.240751676798
18.245686752620
18.250741942934
18.255812179063
18.260984938509
18.266347283867
18.329991506946
18.334137866818
18.338638706466
18.343053570321
18.347576376615
18.352093603226
18.356629729567
18.361158326363
18.365706828677
18.370245358627
18.374781309284
18.379287315036
18.383804474241
18.388311818767
18.392839527174
18.397373679332
18.401883186402
18.406407511401
18.410897095542
18.415357751302
18.419821474336
18.424275104882
18.428697743633
18.433130662611
18.437542271832
18.441932802533
18.446322243869
18.450713822165
18.455057480473
18.459398723811
18.463750110543
18.468079304893
18.472405553002
18.476732766043
18.481021045811
18.485326576524
18.489636120112
18.493944862226
18.498184642788
18.502449941679
18.506645980434
18.510882227068
18.515156295194
18.519422935335
18.523704247165
18.528004979642
18.532348258602
18.536673861584
18.541041779153
18.545422406962
18.549826297949
18.554257942860
18.558704655064
18.563170737951
18.567655791919
18.572147819201
18.576663904218
18.581205518977
18.585742367777
18.590303817994
18.594865350940
18.599209281288
18.603786134725
18.608424719346
18.613077051140
18.617738284344
18.622403341065
18.627093053988
18.631830010256
18.636566619814
18.641282355253
18.646051255958
18.650806557997
18.655587867616
18.660332270897
18.665083847245
18.669762427114
18.674448905513
18.678993809888
18.683570089178
18.688009505337
18.696496451598
18.705042744379
18.713508936185
18.748985973464
18.753795765684
18.758622557294
18.762747461023
18.767761071246
18.772467167597
18.777334551315
18.782409192192
18.787648106597
18.792838553044
18.798042627033
18.803180741853
18.808426723453
18.813722134164
18.818902562379
18.823501186728
18.828804310298
18.833960978863
18.839024818437
18.843968036463
18.848843701616
18.853698538463
18.858349963827
18.863102454879
18.867744860780
18.872336574350
18.876962816735
18.882980023256
18.892191566147
18.901251721188
18.910367239958
18.919618842906
18.928974693039
18.938334572963
18.947960331490
18.957774103581
18.967776597330
18.977627050443
18.987438350042
18.992469897386
18.997323433921
19.002573574787
19.007760720540
19.013022727467
19.018294597417
19.023648852628
19.028998414483
19.034366173560
19.039795458969
19.045214879358
19.050562537327
19.056034041037
19.061478491270
19.066928743558
19.072370798837
19.077542602815
19.082814734715
19.088058421083
19.093281201097
19.098484939634
19.103706560651
19.108868561944
19.114078272826
19.119295920643
19.124429059031
19.129650145497
19.134817827357
19.140077854981
19.145246978715
19.150555089677
19.155841721016
19.161257849153
19.166682278380
19.172184313118
19.177208824570
19.182872420253
19.251276232090
19.261131259611
19.271238063550
19.281441652709
19.291686944860
19.301990705766
19.312294938246
19.322606944163
19.332978561010
19.343369038385
19.353706351054
19.364070529939
19.374439273974
19.384755117045
19.395033538478
19.405396678219
19.415363765239
19.717282773699
19.721563767087
19.725619951537
19.730156941413
19.877883569744
19.886925855554
19.896293636964
19.906246511464
19.915746083969

