Time_s
0.619897521677
0.626732060402
0.634180083615
0.641709265166
0.649332418477
0.656821845910
0.664271041425
0.671346526418
0.678376334783
0.685290897076
0.692037267763
0.698665507014
0.705100262265
0.711432413975
0.717737805357
0.724102340261
0.730588592044
0.737309129467
0.743984904460
0.919118262471
0.925947405422
0.933053492750
0.940334799198
0.947677081072
0.955104047780
0.962597790578
0.970176946201
0.977778680078
0.985463925886
0.993286566031
1.001019175724
1.008691402909
1.016358373695
1.023999580658
1.031814398888
1.040207676554
1.048535955072
1.056267931288
1.064004849864
1.071898246228
1.264477279477
1.273023864240
1.281792936510
1.290990561327
1.300292872459
1.309840875311
1.319738619032
1.329978744558
1.340184252436
1.350599342308
1.361580960598
1.372796970853
1.383640624159
1.394250896480
1.404997505924
1.416176148759
1.427346985363
1.438643120478
1.449712742655
1.460839380479
1.472306078847
1.483654136408
1.494843008131
1.506360859807
1.518096951580
1.529475887399
1.724292124405
1.733213879374
1.742068635998
1.750776472776
1.759238803469
1.767419270048
1.775352974133
1.783438214744
1.791535374061
1.987658886565
1.994390188265
2.001276321536
2.008236305403
2.015297403014
2.022361688078
2.029459421644
2.036595610007
2.043747312859
2.050940366801
2.058218755685
2.065573275489
2.073878145997
2.081660632500
2.089789673333
2.098925443134
2.184201523848
2.192214112726
2.200547513487
2.209236573637
2.218453788426
2.228010242988
2.237912462011
2.248004651602
2.257916179949
2.267988840154
2.278333770587
2.288208556966
2.297570771086
2.306693370044
2.315755359485
2.324900441952
2.334117652810
2.343309700135
2.352457850137
2.361549898134
2.370656005220
2.379790478371
2.388970829015
2.398255316577
2.407523343643
2.416810225100
2.426125178740
2.435352970070
2.444593550838
2.453710466642
2.462933781462
2.471819577554
2.480638291129
2.489447793359
2.498139598521
2.506807927563
2.515562734230
2.524345640341
2.533153620769
2.542119319490
2.551256072806
2.560848630202
2.571003845578
2.581301115100
2.590795853523
2.600636057966
2.609519421767
2.618873773774
2.628231616482
2.637780510214
2.647293411056
2.656962295814
2.666995504322
2.676467697963
2.861800129654
2.870971636226
2.880239072170
2.889787185960
2.899426669364
2.909052115186
2.918734069876
2.928388070464
2.938048000329
2.947664650127
2.957330328086
2.966978963893
2.976461105459
2.985824351906
2.995055468125
3.004213069573
3.013514918867
3.023164923945
3.032949097525
3.042623652280
3.166711814230
3.178070637866
3.188032022382
3.198246996052
3.208207565011
3.218320620689
3.228480489837
3.238356279275
3.248415632773
3.398233751162
3.405133950369
3.413592042928
3.422470924079
3.432141810007
3.441907997764
3.451813960594
3.461869122460
3.471815407863
3.481781596299
3.491762048237
3.501721703054
3.511629637284
3.521296212164
3.530836701330
3.540006661487
3.549146856228
3.558434194690
3.568390786515
3.578295221015
3.588251267771
3.597853144285
3.699970429707
3.708291830576
3.717295645766
3.726817295401
3.736444428981
3.746414692353
3.756150561261
3.765849109211
3.775736212809
3.785711364608
3.795750027958
3.805884364327
3.816500200197
3.847907418234
3.857836414787
3.868222569841
3.879106157382
3.889406369579
4.079601998791
4.087046507370
4.095930272664
4.104970143184
4.114434167034
4.124167214049
4.134303056854
4.144528145342
4.154785010834
4.165110947750
4.175634181500
4.186182633009
4.196924319257
4.207526554496
4.218286121238
4.229092025585
4.239929351594
4.251413534886
4.262940869859
4.275441386443
4.287482504545
4.742362851578
4.749995115169
4.757930210408
4.765828584023
4.773742026291
5.066739290474
5.074109216517
5.081831531420
5.089677825808
5.098030314479
5.106128371460
5.114373349621
5.122678540093
5.130919858360
5.139223582075
5.147525591158
5.155662046480
5.163913529791
5.172091312419
5.180414570088
5.188453801640
5.196263573804
5.204024578338
5.211606586110
5.219192141263
5.226756564805
5.234282823410
5.241686124697
5.249073244612
5.256488942292
5.263909653698
5.271537140063
5.279415781117
5.287492365499
5.552713332413
5.562686335250
5.573132383945
5.830539943837
5.839475758318
5.848259869960
5.857152574225
5.866187458803
5.875306398607
5.884481654379
5.893601758770
5.902734218105
5.911864363283
5.920835311809
5.929788431323
5.938636591830
5.947296575771
5.956092713451
5.964678043344
5.973715059996
6.275124823987
6.282838549383
6.291483621506
6.300526921490
6.309620060774
6.318635544652
6.327826608221
6.337002631589
6.346097674373
6.355482493240
6.365022866383
6.374467909406
6.383935905095
6.393337192199
6.402798145611
6.412281975371
6.421811255138
6.431422902506
6.441043991994
6.450600177113
6.460176153375
6.469776959332
6.479417342713
6.488979976845
6.498781360535
6.508848449546
6.518332864256
6.528041305727
6.537721107085
6.658433502751
6.666565994618
6.675898258518
6.685122636583
6.694698904051
6.704348153774
6.714143581460
6.724062829157
6.734081898739
6.744193760664
6.754288327375
6.764328467248
6.774268795104
6.784073099258
6.793771282282
6.803327791678
6.812555314218
6.821233345229
6.829176413135
6.837004865922
6.844628535948
6.851483845554
6.858843637101
7.517831558914
7.525549334619
7.533955096735
7.542776278823
7.551589567638
7.560485185418
7.569285417136
7.578057627824
7.586690945318
7.595171790085
7.603449725798
7.611547733183
7.619444084599
7.627484520477
7.635130054293
7.642779070039
7.651113176347
7.933434333741
7.941350250306
7.949217886990
7.957375073505
7.965468247023
7.973608421495
7.983191775392
7.987919440695
7.992996117467
7.998317880775
8.003655713839
8.229879948036
8.237740458290
8.246522840395
8.255368248762
8.264492598361
8.273774893555
8.283210040639
8.292651066536
8.302042140724
8.311291317003
8.320640621504
8.330193548533
8.339713074463
8.349170064812
8.358625410113
8.368194065800
8.377814611002
8.387415526539
8.396909613878
8.406365067316
8.415638342582
8.424696633023
8.433509756684
8.442196499106
8.451043636776
8.605798278928
8.615616208038
8.625532820351
8.635794600832
8.646197112370
8.658081951731
8.670311476923
8.681458816463
8.692172033113
8.702732108912
8.713431761730
8.724447522711
8.735220423395
8.744134179976
8.754148039638
8.763994539399
8.773910629109
8.783658305209
8.793392355357
8.802970185605
8.812422759476
8.821555823608
8.830901410478
8.840067642764
8.848903796465
8.857953872893
8.866884550612
8.876314973831
8.886034884414
8.896268182040
8.905986529288
8.915795283515
8.924949205804
9.061599571253
9.070161451489
9.079511837861
9.089170020888
9.099192061230
9.109134665293
9.119054980635
9.128853756213
9.138643482163
9.148133614615
9.157645587741
9.166472510808
9.174561423533
9.182610184283
9.190359401243
9.197596056319
9.204860183661
9.212030697088
9.787889619080
9.796163526502
9.805366302598
9.814855605376
9.824275302270
9.834279970915
9.843452485266
9.853016729874
9.862224737303
9.871698203698
9.881017982526
9.890464136609
9.899694382723
9.908878823451
9.917747466964
9.926654941057
9.935381445088
9.944369789466
9.952806375592
9.961389330861
9.970116578055
9.978710378446
9.987241597071
9.995777953024
10.004333035486
10.012751918576
10.021083317681
10.029307579295
10.037408025650
10.045342298037
10.053249867835
10.061100160404
10.068993013656
10.076900475382
10.084913528803
10.093228396569
10.101858247747
10.110239340221
10.118557057245
10.126797812746
10.134881125064
10.142706575628
10.150539818152
10.158320356290
10.166141533407
10.174040807239
10.182030168485
10.190135798599
10.198383032983
10.206752848572
10.215075906194
10.223739344599
10.232853904260
10.242519107038
10.366281360181
10.374359931101
10.382703183773
10.390995099923
10.399398566773
10.407945399201
10.416089157766
10.424592249198
10.433081044277
10.441508349923
10.449854801181
10.458141671159
10.466396096329
10.474663609208
10.482917531380
10.491321344528
10.501198039240
10.509472132648
10.517696720303
10.526031071399
10.534296940164
10.542595156261
10.550897872126
10.649660230173
10.657039208787
10.664721884911
10.672909399095
10.680782199525
10.689025703176
10.697057394811
10.705402941431
10.714604603364
10.807948469162
10.815867930165
10.824097461705
10.832870180700
10.841758337453
10.865978293117
10.877011616867
10.887690891815
10.897919210884
10.910170005266
10.921021817972
10.979080024650
10.987913320324
10.996705380047
11.005854734668
11.015338090223
11.024759321551
11.034163020558
11.043548427890
11.052423914715
11.061431123400
11.070337131443
11.079236142207
11.088207897593
11.097501518026
11.106915982290
11.116247009951
11.125609700056
11.134855377134
11.144280856741
11.153794057703
11.163141208759
11.172715981020
11.182468054336
11.192017643322
11.201780117122
11.211830735026
11.221790696879
11.231741482469
11.241992210367
11.252258139789
11.262635116904
11.273227096264
11.283786611107
11.293300684114
11.302388531867
11.312709256099
11.322089801877
11.332871588115
11.343312536511
11.353866470655
11.364994450338
11.375634511481
12.218481648230
12.226576056481
12.234360907636
12.242173687648
12.250364860916
12.258829601981
12.266997455021
12.275259349568
12.283526652229
12.291771789667
12.299966427680
12.308160932296
12.316348340769
12.324572692909
12.332750596431
12.340832732744
12.348480690467
12.356149725051
12.364129175368
12.371989706264
12.379741206414
12.387422527167
12.395044610355
12.402558996709
12.410022858821
12.417480199846
12.424972487848
12.432256882877
12.439114286025
12.446042540257
12.453164143215
12.460313189305
12.467367715095
12.474699855178
12.481838971042
12.594596837189
12.601334614873
12.608299776955
12.615403833798
12.622655898768
12.630160456020
12.637953711668
12.645870492078
12.653663925066
12.661580823028
12.669709835534
12.677797293674
12.685950627137
12.694229598013
12.702425967597
12.710810103158
12.719139965260
12.727452274440
12.735846160761
12.744300559879
12.752658940578
12.760989884828
12.769243490253
12.777745640724
12.786375549418
12.795192116548
12.804049906669
12.812998082721
12.821961143849
12.830853757352
12.839749571512
12.848608270324
12.857547965304
12.866655896435
12.876125734833
12.886577905379
12.980828964585
12.987959160564
12.996137977523
13.004735199655
13.013724243073
13.022719143759
13.031639447181
13.040539540268
13.049331373820
13.057410410990
13.066095254278
13.074772295692
13.083428431069
13.092056082461
13.100610792496
13.109100072486
13.117469871535
13.125719649916
13.133878018602
13.141896301139
13.149829142057
13.157674663322
13.165459226981
13.173142828701
13.180651719959
13.188030185974
13.195345407619
13.202556030024
13.209671521555
13.216821189534
13.224006238433
13.231298022229
13.338407450015
13.345391152458
13.353612367084
13.362410341089
13.371125319315
13.379608381557
13.388417011903
13.397165529886
13.405873969371
13.414481969082
13.423022102483
13.431650800804
13.440439674448
13.449285947550
13.457972128667
13.857769500151
13.866117069716
13.874869875118
13.883848490692
13.893166312486
13.902895123318
13.912785170116
13.922265054688
13.932286100281
13.942343326276
13.952465070679
13.962670818052
13.972800251127
13.982687385493
13.992746842356
14.002639243897
14.012431479248
14.022196123262
14.031971647439
14.041499316445
14.050994210562
14.060420188777
14.069673409277
14.078052953344
14.086443433839
14.094276806914
14.102989157940
14.112526515660
14.122382872280
14.269634031602
14.278073837668
14.285633906001
14.293666961617
14.302190475492
14.310929634047
14.319832940816
14.329392967011
14.338853105302
14.348335657313
14.357699219776
14.367161917598
14.376583571813
14.386014220004
14.395408456701
14.404889993253
14.414594030625
14.424595656700
14.434600049293
14.444859256050
14.455496124119
14.466149000754
14.476257189992
14.485391313930
14.493988626467
14.502681720004
14.511160359821
14.519472992758
14.527714367400
14.535832936296
14.543959914148
14.552069868058
14.560410746104
14.570016206379
14.579084285747
14.743163343464
14.751144967857
14.759621471301
14.768099085557
14.776690968992
14.785408021676
14.794237568538
14.803077177927
14.811923459911
14.820749449871
14.829531638520
14.838340250196
14.847199975937
14.856089767957
14.865022321825
14.874029642653
14.882914811672
14.891666735354
14.900383004347
14.909055616798
14.917959567563
14.927178425375
14.935981179876
14.944953050403
14.954049509748
14.962875531598
14.971905281885
14.980905552602
15.095384051320
15.103327013878
15.111919015825
15.120310301973
15.129152292155
15.138146368089
15.147259728112
15.156672850710
15.166007150461
15.175342686741
15.184692502317
15.194002698059
15.203353241505
15.212783803900
15.222185089897
15.231559578259
15.240885190944
15.250204701901
15.259710261739
15.269129688378
15.278544149165
15.287890864600
15.297272187586
15.306597155259
15.422456279119
15.430421100620
15.438993331140
15.448356222709
15.457806179537
15.467311440454
15.476562415587
15.485915438563
15.495675898109
15.505849497204
15.516877046792
15.527922101642
15.537730248529
15.546970717737
15.556694613247
15.566584515880
15.577377707073
15.729128518717
15.737973962194
15.747169969563
15.757376545392
15.767416200220
15.777703992372
15.788337215983
15.798758621574
15.809189572975
15.819536538459
15.829824762251
15.840249850464
16.549728333824
16.558299054847
16.566354508996
16.574831219962
16.680237705422
16.689407512165
16.698837094965
16.708622169460
16.718090409659
16.727527941590
16.737140392229
16.747010961889
16.756536942106
16.911799271435
16.919391935217
16.926465488414
16.933828026641
16.941222147947
17.064921121141
17.070752973972
17.076408831547
17.083219982851
17.090672410183
17.098349109091
17.106170813384
17.114014954092
17.122007526272
17.130381305785
17.319510880540
17.326627939489
17.334127878000
17.341854470219
17.349745953273
17.357775257188
17.365930031487
17.374171392406
17.382493529983
17.390926191587
17.399376678501
17.407762829068
17.416151895469
17.424485772786
17.432700490348
17.440641730705
17.448498235556
17.456320600189
17.463979558375
17.471581356532
17.479276584911
17.487128084137
17.494729717323
17.502743288400
17.754860205406
17.765166716815
17.773382656576
17.781712312844
17.790336744896
17.799404265617
17.808864915900
17.818238442264
17.827673310849
17.837256721570
17.847110104198
17.857046425399
17.866594739724
17.875972304159
17.930663529123
17.938377606634
17.947615820327
17.956816224236
17.966351437266
17.976304204744
17.986101734651
17.996657415686
18.107667318886
18.115217145191
18.123710798754
18.131413842784
18.139184311043
18.146807046357
18.154405308928
18.162051607181
18.169684908839
18.177313585945
18.184961193636
18.192582342040
18.200203392132
18.207809390058
18.215431120352
18.223052960048
18.230692694381
18.238355153123
18.246050690076
18.253891302845
18.261872462557
18.269959297066
18.278306460753
18.286770971712
18.295266572280
18.303799232797
18.312304023529
18.320843598924
18.329347315059
18.337785244763
18.346272001008
18.354762886900
18.363244033388
18.371728311530
18.380189738415
18.388593890804
18.397009755937
18.405494439708
18.414053176224
18.423090615933
18.432307557574
18.441792092831
18.451019886371
18.460659691760
18.470278817821
18.480159143668
18.490141912704
18.500535339320
18.511212806512
18.521976216902
18.531918185918
18.540142038836
18.547751310789
18.556256075116
18.565036890128
18.573886240966
18.582777359375
18.591718682636
18.600837644648
18.610188236163
18.619567922070
18.629034439699
18.638708423387
18.648477009474
18.658179646116
18.667758705512
18.677112826102
18.686058517533
18.694615301453
18.702751418117
18.710759266067
18.718173640071
18.725467077584
18.732831779055
18.739779768186
19.084158018645
19.093493511596
19.102821607849
19.112384415035
19.122097996388
19.132000199249
19.141421821334
19.150936784915
19.160434741112
19.170030042013
19.179575036727
19.189384073410
19.199125578763
19.208860853231
19.218598476493
19.228241688839
19.237601390138
19.246783090853
19.255832841734
19.264854034105
19.273647479709
19.282696426378
19.291700454799
19.300872926722
19.310325920564
19.319837971794
19.329438047905
19.338963872171
19.348447434146
19.357969477246
19.367512226904
19.376944635760
19.386365339814
19.395886890470
19.405520705838
19.415171538158
19.425014335594
19.434329277975
19.443952169132
19.453007970481
19.462530165632
19.471868413233
19.481338396982
19.489822560734
19.499396930152
19.508208012722
19.517518132381
19.526688926645
19.536008264101
19.545377194241
19.555517871845
19.625239882225
19.633589521823
19.641851085964
19.650204278134
19.658282535537
19.666441935620
19.674552341868
19.682730316223
19.691048963493
19.699382479665
19.707659760351
19.715856134267
19.723961602606
19.732085913032
19.740286231528
19.748375550270
19.756554288682
19.764616563611
19.772628299338
19.780548119644
19.788460231811
19.796287212621
19.804230484299
19.812305978659
19.820532658950
19.828848993363
19.836758110322
19.844671008343
19.852720434548
19.860895813827
19.869213576118
19.877682858030
19.886268841949
19.895007781158
19.903811182103
19.912646674719
19.921512231543
19.930174503054
19.938771619342
19.947610342699
19.956332484783
19.965089352442
19.973853668032
19.982665174918
19.991392908919

