Time_s
0.558066310853
0.563389869348
0.568617671586
0.574170701803
0.579726555230
0.585344577742
0.590944964577
0.596486045665
0.602019949462
0.607555215132
0.613100393140
0.618644194266
0.624191417215
0.629792320728
0.635457697422
0.641086756075
0.646726994812
0.652413570635
0.658143000224
0.663903228700
0.669709575129
0.675532320640
0.681343200091
0.687156320635
0.693014500657
0.698893677778
0.704801896059
0.710743904977
0.716709324276
0.722727726559
0.728807643704
0.734945784396
0.741153041720
0.747450243495
0.753841124719
0.760318526920
0.766943221137
0.773834327611
0.780490493177
0.990760574064
0.996611017115
1.002355058016
1.008450659018
1.014562304650
1.020675656575
1.026700367101
1.032712968277
1.038700627896
1.044666777885
1.050583581231
1.056511210931
1.062449551716
1.068387226833
1.074346920800
1.080316392835
1.086283734655
1.092277607509
1.098259125737
1.104255068306
1.110223491759
1.116223446588
1.122202449252
1.128186337168
1.134172633308
1.140158587751
1.146146963711
1.152143784845
1.158154550198
1.164163846449
1.170193541399
1.176229193705
1.182269342378
1.188333326775
1.194392832563
1.200493646750
1.206609863278
1.212738754681
1.218899178330
1.225114839102
1.231363978105
1.237668906630
1.243991604799
1.250338771629
1.256798275358
1.263287548879
1.269880969691
1.276597071300
1.283378591351
1.290298873295
1.492751317125
1.499533780315
1.506384595496
1.513327728509
1.520295534376
1.527222296660
1.534149332181
1.541052061644
1.547944536811
1.554811085329
1.561669850686
1.568399846338
1.574966650045
1.581589618560
1.588289562396
1.594724175855
1.600987600114
1.607204153435
1.613296574572
1.619308277016
1.625273378048
1.631169756387
1.636770434059
1.642468119688
1.648077728109
1.653647027514
1.659152795302
1.664602680884
1.669994435615
1.675324814844
1.680628129049
1.685887205282
1.691132632716
1.696406830164
1.701694475680
1.707043947134
1.712368106391
1.717625160287
1.722867759572
1.728120517761
1.733418714762
1.738746624705
1.744098327298
1.749680347449
1.755287084148
1.760925297642
2.151933063784
2.158943407182
2.166039466277
2.173243060924
2.180417152178
2.187542931785
2.194696717712
2.201932013576
2.209151448714
2.216406487978
2.223609402369
2.230787363115
2.237929544701
2.245044113663
2.252144003599
2.259165613470
2.266175027344
2.273178276550
2.280143673013
2.287101631382
2.294036730214
2.300928263332
2.307799944954
2.314636959998
2.321470730897
2.328328269480
2.335195588975
2.342127721831
2.349084870335
2.356042959110
2.362943225675
2.486111325952
2.493846936127
2.500905605366
2.508755919289
2.516767842734
2.524973762838
2.533413086477
2.541724880094
2.550094639162
2.558988735780
2.567621609359
2.576653073276
2.585746667656
2.594767192629
2.603686567108
2.612619352658
2.621743172202
2.630928763299
2.640113849064
2.649710474890
2.659387301126
2.669407575704
2.678753641745
2.687954075510
2.709448059472
2.718845899982
2.726846389486
2.735157312495
2.743284833148
2.751314459745
2.759254698713
2.767140074299
2.775098775427
2.783034572069
2.790922852491
2.798885676947
2.806798960772
2.814668916922
2.822569341238
2.830485963468
2.838390168616
2.846305157316
2.854216678455
2.862116067121
2.870014714944
2.877943073036
2.885877147917
2.893908763695
2.901965577637
2.910057507473
2.918232295863
2.926452829066
2.934648121587
2.942883496320
2.951065808748
2.959250096928
2.967358579921
2.975408074296
2.983395828504
2.991314192073
2.999170443580
3.007070443468
3.014769025767
3.022413922000
3.030081121939
3.037598974712
3.045078389729
3.052504765683
3.059887282708
3.067251701922
3.074539094899
3.081807263776
3.089051961900
3.096263187300
3.103456279948
3.110619173986
3.117748780552
3.124868619904
3.131993084196
3.139134659427
3.146312806716
3.153509886495
3.160741160876
3.168044036791
3.175386648604
3.182816059496
3.190322924603
3.197922150893
3.205606990438
3.213538296262
3.221750436023
3.230294411835
3.238928724577
3.247514838252
3.254650903234
3.443238532297
3.450679551941
3.459183772434
3.467743595882
3.476316329246
3.484938565606
3.493660620515
3.502439677379
3.511261116306
3.520148522386
3.529063766583
3.537975249663
3.546780786843
3.555636432002
3.564475254053
3.573228079035
3.581943635024
3.590669103789
3.599330753636
3.608057502080
3.616775991669
3.625490735755
3.634237232414
3.642952225188
3.651702299832
3.660395694156
3.669082573311
3.677849186952
3.686545651329
3.695308094447
3.704043442253
3.712826475034
3.721632343190
3.730396100689
3.739178406682
3.748015211789
3.756787769795
3.765572641533
3.774403747259
3.783233794391
3.792026058021
3.800916583422
3.809850844767
3.818760467549
3.827724321297
3.836761916550
3.845885875731
3.855181901492
3.864516958177
3.874398598312
3.884790180409
4.000118296696
4.008879115645
4.017171387544
4.025705836506
4.034342737555
4.043118006524
4.052045806792
4.061231189627
4.070742537614
4.080611872043
4.090976326567
4.102403996481
4.113532313787
4.127391167160
4.137356562926
4.147458022347
4.157425807699
4.167362954092
4.177350017662
4.187510704758
4.197690258729
4.207830764588
4.217801710988
4.226056000482
4.234187506461
4.244270757173
4.254412949059
4.366362481641
4.376311975248
4.386488200411
4.396691564745
4.406847223224
4.417085807050
4.427388662605
4.437780963439
4.448307309716
4.458839742115
4.469377301278
4.479775363408
4.490184855939
4.500611437604
4.511125979065
4.521665334760
4.532162213983
4.542819487229
4.553443348834
4.563546124380
4.574219674890
4.585003522191
4.831213451167
4.841219585980
4.851377578904
4.861568596536
4.871948790287
4.882459992825
4.892976044130
4.903907515289
4.914698799937
4.925814029106
4.937119204826
4.948704801179
4.960456751292
4.972494729923
4.984677638992
4.997056269490
5.009726470458
5.022730304121
5.036025370679
5.570213627067
5.578040550923
5.585618029175
5.593458286881
5.601099932834
5.609018098587
5.617651828013
5.625820283765
5.634060011816
5.641649687930
5.902712515997
5.911232784407
5.919604062847
5.927944069578
5.936381421992
5.944769839108
5.953302451466
5.961738628098
5.970407173154
5.978964142271
5.987599766270
5.996176393293
6.004857525329
6.013556243295
6.022251184723
6.030967190038
6.039686973724
6.048464779950
6.057220497461
6.066006854995
6.074795130908
6.083547379275
6.092334955223
6.101113119806
6.109930372086
6.118775817782
6.127669611214
6.136569349094
6.145409099015
6.154327023049
6.163268156107
6.172446171849
6.181745910520
6.191547167327
6.202050076972
6.240236330346
6.250660187362
6.260990959080
6.271411988082
6.282337531363
6.433034880199
6.441657952574
6.450200342599
6.458850551074
6.467546054888
6.476350517475
6.485284282870
6.494460284792
6.503764080042
6.513439623462
6.523193585796
6.533137851453
6.735670392688
6.743462828047
6.752631249316
6.761681184167
6.770641904490
6.779615705853
6.788484675427
6.797135715551
6.806091904671
6.815010099438
6.823972325895
6.832984190221
6.842010771002
6.851037125401
6.860046877483
6.869050711657
6.878020947397
6.886954138503
6.895893849228
6.904819366860
6.913755220002
6.922708481931
6.931626933561
6.940516828962
6.949353859285
6.958218733841
6.967161163145
6.976172120065
6.985306686553
6.994801572786
7.004202371326
7.013580615753
7.022991014443
7.113636525191
7.123354309760
7.132386121593
7.141208020326
7.149892760655
7.158156525985
7.166508378017
7.174954255130
7.183432234093
7.191905075621
7.200348416830
7.208810758852
7.217329652973
7.225855423466
7.234396576597
7.242958489146
7.251519835751
7.260068117826
7.268603152135
7.277121982456
7.285601468882
7.294088472226
7.302543837171
7.310955472442
7.319359466280
7.327758007525
7.336159343898
7.344600196993
7.352996134085
7.361421603277
7.369840406770
7.378284998601
7.386702425689
7.395156519116
7.403587814418
7.412059827948
7.420546620819
7.429044401094
7.437608465895
7.446161534298
7.454738565208
7.463317195209
7.471922335557
7.480559559063
7.489198743024
7.497849953878
7.506495519277
7.515132790266
7.523735044749
7.532351169214
7.541016801353
7.549743444606
7.558529323969
7.567398850467
7.576366309450
7.585442499100
7.594605986598
7.603863845830
7.613228411934
7.622612940481
7.631997195823
7.641626109511
7.932052665408
7.940811620402
7.949421256148
7.958063284903
7.966745218660
7.975452653927
7.984182177185
7.992951271939
8.001757138906
8.010601495189
8.019461526139
8.028325110714
8.037209461781
8.046117643180
8.055057940080
8.063997499769
8.072961282640
8.081940038732
8.090956085271
8.099939052563
8.108942351158
8.117974896841
8.126990426057
8.136014528024
8.145053203179
8.154133587764
8.163222678026
8.172372108673
8.181575823819
8.190897618043
8.200631367799
8.210277626173
8.220100409084
8.229928283528
8.239108704892
8.448259242105
8.456041747833
8.464661586007
8.473301507779
8.482005027405
8.491073206133
8.500582098470
8.509226228446
8.518347196818
8.752265657242
8.760651275953
8.769336011112
8.778136326929
8.787136581040
8.795914552661
8.804850383101
8.814054359180
8.823348056104
8.832639723764
8.841998916590
8.851401759002
8.860814615551
8.870237042905
8.879677136227
8.889138244338
8.898544900702
8.908344196634
8.918323432277
8.928323534650
8.938911206712
8.949925841763
9.028837913812
9.039516056250
9.050036187883
9.060406598198
9.070718284627
9.082447109295
9.093244073506
9.104282572169
9.192926875621
9.202814388176
9.212842093925
9.223071574516
9.233334680076
9.243309548495
9.253205317944
9.263028379457
9.272875197680
9.282696789813
9.292646302424
9.302630663412
9.312684307710
9.322597880501
9.332408795142
9.342125133100
9.351871685359
9.361848339420
9.371764661464
9.381805133457
9.391823460204
9.566125986436
9.574590036562
9.583427623733
9.592351744611
9.601319326733
9.610330710109
9.619407067713
9.628473497562
9.637554195923
9.646642332614
9.655734566156
9.664865936347
9.674012389873
9.683180657613
9.692364272662
9.701590491704
9.710875848150
9.720195626874
9.729553003911
9.738887738918
9.748216726157
9.757497461167
9.766759635815
9.776002211411
9.785264809057
9.794551835876
9.803814025956
9.813046357445
9.822254494114
9.831401555947
9.840503017747
9.849639965485
9.858786333102
9.868034200269
9.877350778019
9.886807227249
9.896421540952
9.906064101008
9.916217552138
9.925937009664
10.015156961515
10.025376725046
10.035771937671
10.046005138934
10.056214516571
10.066351453527
10.076509620000
10.086661462797
10.096734619027
10.106681641287
10.116514023710
10.126286040227
10.135957475631
10.145195178838
10.154875642347
10.164431849591
10.173874003025
10.183272241382
10.192547828708
10.201830441099
10.211110510738
10.220390648772
10.229744650263
10.239302927664
10.248899082278
10.258530455825
10.268461015923
10.278409023764
10.287994362888
10.296028775526
10.304044408905
10.314059363188
10.324155124243
10.335279002724
10.346437602297
10.357366155944
10.368626989496
10.379722112387
10.390622499310
10.401627611715
10.412767982107
10.423918395007
10.435191338924
10.446015281961
10.605865811548
10.614742157304
10.623985411745
10.632968808400
10.642125583040
10.651314498701
10.660511302328
10.669771410234
10.679058288266
10.688428228997
10.697937988804
10.707679462490
10.717759896820
10.727067692474
10.735362391871
10.744799489176
10.754081831909
11.006750233655
11.017076981336
11.028300708736
11.039328968930
11.050468182467
11.061608278741
11.072797500330
11.084087999365
11.095339689995
11.106531360694
11.117729315173
11.241663176054
11.252346445538
11.262909903349
11.273584758657
11.284142305370
11.294700646873
11.305271180337
11.315823232450
11.326321691917
11.336820929427
11.347401754815
11.358095807428
11.368678534876
11.379172066144
11.389795892617
11.616168618731
11.626727918716
11.637238479009
11.647970828230
11.659059003469
11.670298745938
11.681661604183
11.693119445891
11.704768913628
11.716750027639
11.728868488560
11.741190113931
11.753726603407
11.766486265806
11.779411529246
12.503460992211
12.512703065116
12.522155930675
12.531299364112
12.540236519926
12.548968806064
12.557577249622
12.566110099176
12.574591215861
12.582962641391
12.591275791202
12.599560289181
12.607781642730
12.615975985699
12.624164326477
12.632389203534
12.640645187599
12.648897370610
12.657184253762
12.665531997629
12.673971538256
12.682474354712
12.690971394004
12.699491662771
12.708063740431
12.716710616189
12.725831685715
12.734639836938
12.743078618246
12.837437883237
12.845933169069
12.854447959115
12.863150467451
12.871918449038
12.880760370827
12.889661920561
12.898612493965
12.907585356285
12.916623057317
12.925779771144
12.934959636867
12.944193416420
12.953435502187
12.962701055461
12.972058953599
12.981611729934
12.990862053016
13.000173308719
13.009461100007
13.018777338630
13.028034764819
13.036951166172
13.046232885489
13.055372804719
13.064494843087
13.073564569764
13.082597884177
13.091626958886
13.100638864524
13.109655050630
13.118651932893
13.127650347167
13.136655984085
13.145636789893
13.154669106411
13.163681734473
13.172689884277
13.181743271124
13.190856261784
13.200058998090
13.209512954664
13.219098051976
13.229724749873
13.240199769355
13.250575010792
13.261053243932
13.271657123609
13.282313539203
13.293027881116
13.303629504126
13.314202174167
13.324905869375
13.503536587752
13.511809555808
13.519710167768
13.528461511604
13.537320211194
13.546038275349
13.554691717120
13.563498373028
13.572286100245
13.581079099012
13.589879548076
13.598673574567
13.607475947465
13.616251071573
13.625018320754
13.633801355589
13.642594711300
13.651423754580
13.660276898754
13.669193946651
13.678120828707
13.687119328304
13.696180345130
13.705343328708
13.714718787302
13.724602480198
13.735229097990
13.744690161101
13.880991315657
13.889785659564
13.898527608975
13.907561788049
13.916596440264
13.925686708408
13.934855765310
13.944090925770
13.953480824032
13.963157918426
13.973619388128
13.983449892240
13.993281804516
14.002554330033
14.352011238438
14.359887619011
14.367215249441
14.376008619977
14.384864768215
14.393478994491
14.402493428427
14.411545662536
14.420592662879
14.429611521231
14.438616624178
14.447610072753
14.456531995823
14.465449150702
14.474381685683
14.483314084726
14.492247639988
14.501188656889
14.510206777305
14.519219362545
14.528371543295
14.537400250882
14.546357240183
14.644814220181
14.656511205217
14.667112330994
14.677384452665
14.687268998238
14.697656761781
14.707825411414
14.718627201710
14.729787436948
14.799046992261
14.807316225762
14.816156994877
14.824778509896
14.833392322790
14.842083413538
14.851324503694
14.860644268527
14.870688918945
14.880308932091
14.890026946067
14.900053671568
14.909931485473
14.918701596100
15.101611669443
15.110176152440
15.119185855117
15.128246817848
15.137539608892
15.146952263335
15.156411390517
15.165927311198
15.175479871039
15.184929155348
15.194287344627
15.203656593820
15.213184651643
15.222891677756
15.232621647344
15.242447276321
15.252398295233
15.262703285290
15.273104952390
15.283162051212
15.293032765165
15.303128418746
15.433907146564
15.443979261686
15.454126257847
15.464441808658
15.474817903456
15.485296071769
15.495779910559
15.506542676551
15.517348226823
15.528278429871
15.539281406999
15.550325285337
15.561580429561
15.572803925758
15.582781318221
15.751160377476
15.762304996255
15.773567230222
15.785109110577
15.797200993299
15.809640049967
15.821324415414
15.832641778658
16.002210244282
16.011304574261
16.020965293496
16.030724446446
16.040808822560
16.051179462985
16.062040862056
16.073336376269
16.084931439264
16.096876515353
17.060080206119
17.070584660088
17.081582229172
17.092703741770
17.103332674421
17.277816532198
17.285336287223
17.292899508473
17.300654304367
17.308551064906
17.316544181851
17.324683515627
17.332890327972
17.341268455602
17.349765297723
17.358325370160
17.367043153036
17.375646784726
17.384291586564
17.392758028166
17.401294982081
17.518569453954
17.527664638755
17.536567029853
17.546574922243
17.556340190054
17.566251716922
17.576249185573
17.586287746147
17.596332991491
17.606355615402
17.616394670761
17.626442182238
17.636492000905
17.646497608051
17.656422989258
17.666441654916
17.676436882582
17.686422891482
17.833082350854
17.843008324866
17.852947598696
17.863018371482
17.873098257623
17.883150891181
17.893212154743
17.903274266481
17.913357467052
17.923463061551
17.933530031884
17.943649941675
17.954027847163
17.965081346455
18.063240087252
18.074297979292
18.085387838286
18.122000170460
18.134612079208
18.146807527538
18.158635772152
18.170196469821
18.345003192696
18.352669779314
18.361713480893
18.370587577958
18.379451328952
18.388202047714
18.396881650115
18.405485906209
18.414031847686
18.422548447864
18.431000234354
18.439403034310
18.447776301601
18.456137960384
18.464554679100
18.473009777730
18.481520186774
18.490065808930
18.498649516829
18.507284143564
18.515974147396
18.524679987954
18.533483769875
18.542447452700
18.551519758517
18.560643639772
18.569829380934
18.579227401582
18.589010551642
18.599289456146
18.609809872872
18.620080727016
18.630378866296
18.640415862157
18.650104637510
18.659457810452
18.668671930841
18.677757680242
18.687043174170
18.696393305715
18.705966268524
18.715627566440
18.725554015953
18.735534029991
18.745604607493
18.755694560468
18.767592036827
18.778939124826
18.789483665896
18.905017328002
18.914312284720
18.924182339268
18.934044771846
18.943844547365
18.953699667474
18.963560236340
18.973487589528
18.983493123403
18.993548582830
19.003694388533
19.013866606375
19.024096732610
19.034306355471
19.044532315957
19.054753614071
19.064927620806
19.075095248281
19.085234680717
19.095386573383
19.105503483140
19.115678240636
19.125815980209
19.135944459021
19.146030315231
19.156100677232
19.166175569863
19.176262439783
19.186328893813
19.196400818887
19.206532300301
19.216623588985
19.225096525606
19.233222118603
19.850008501376
19.861438092162
19.872699437617
19.883488156818
19.894015102792
19.904597619133
19.914814588467
19.924866046270
19.934858241974
19.944855048505
19.954938673187
19.965053287924
19.975278893586
19.985622326607
19.996096421785

