Time_s
0.612137123412
0.619670782611
0.626852048964
0.634075828237
0.641276424687
0.648331010645
0.655306106206
0.662177211693
0.668890618662
0.675431130172
0.681814800090
0.688002306799
0.693956734082
0.699631226164
0.705368625739
0.710761314781
0.716081580207
0.721379922792
0.726638347105
0.731990472163
0.737326339094
0.742902165281
0.748275895698
0.753987404997
0.928965659870
0.935756286541
0.943248637013
0.951061206747
0.959165532035
0.967424584524
0.975855528776
0.984461717851
0.993305537459
1.002251238897
1.011147169779
1.020214359946
1.029399800080
1.038603187496
1.202618045463
1.210748156815
1.219437346416
1.228276993796
1.237319271990
1.246350643915
1.255433007540
1.264619564090
1.273915671527
1.283244735000
1.292843894927
1.302637412573
1.312251274763
1.321651704533
1.331211521953
1.340767326465
1.350262558140
1.359337562803
1.368520978972
1.377725797041
1.386972528013
1.396265720423
1.405342437228
1.414421635376
1.423456607964
1.432443827646
1.441278842153
1.450052037614
1.458772997819
1.467358260662
1.475980355187
1.484126030369
1.492178591678
1.500663859802
2.099325538185
2.107275319010
2.115330703015
2.123741748287
2.132358759801
2.140906275715
2.149034451420
2.156964419788
2.164453688577
2.171709514551
2.178795336090
2.185669663875
2.192365682287
2.199066456815
2.205594295660
2.212461214461
2.392686864474
2.397709310654
2.402881509074
2.408315234843
2.413834054546
2.419454976708
2.425192001039
2.431042993063
2.436930511869
2.442879255509
2.448859542104
2.454891583843
2.461014652530
2.467489181948
2.472813866912
2.478822346182
2.485712162671
2.493742141656
2.501944307635
2.510336703076
2.518338421302
2.525524337198
2.533301900930
2.541090664591
2.549047173268
2.557272693157
2.565659551051
2.574347451984
2.583711591658
2.592940866488
2.601938061859
2.611243934152
2.620361980661
2.629245262603
2.638135870019
2.713369320155
2.721486416810
2.730365675088
2.739229865057
2.748229359063
2.757290161887
2.766419446551
2.775557027297
2.784664662662
2.793869895671
2.803061225911
2.812274776213
2.821458794073
2.830649250311
2.839838458226
2.848999015612
2.858299360288
2.867555987192
2.876837848400
2.886254200884
2.895768049395
2.905450057079
2.915510968368
2.926329182112
2.936078572632
2.945803864558
2.955346578357
2.964992452000
2.978451280796
2.988538114841
2.997974497004
3.007606339852
3.017155493365
3.026901831644
3.036656837179
3.046372949515
3.056207356491
3.066078556804
3.076084206656
3.086127547535
3.096269164290
3.106343074655
3.306174001052
3.314501272537
3.322589596039
3.330814714982
3.339109838008
3.347278604527
3.355433315041
3.363540674202
3.371566095515
3.379464428989
3.387251214324
3.394994530325
3.402655022643
3.410245657619
3.417684878466
3.425090023828
3.432413231671
3.439603859119
3.446679243582
3.453673221946
3.460562749419
3.467414583589
3.474081060145
3.480818876519
3.487835892296
3.493925469964
3.665681290848
3.674302942892
3.682748103023
3.691085052535
3.699441353496
3.707740497493
3.716037093265
3.724470985693
3.733513810280
3.867642192504
3.876200242559
3.884900407215
3.893692457245
3.902959302674
3.912325197710
3.921932226545
3.931331122155
3.940806931528
3.950442597539
3.960027233010
3.969453722850
3.978897694799
3.988704614719
3.998228187333
4.007584051491
4.017248900849
4.026927991265
4.036798731183
4.046862016220
4.170242644116
4.179930793557
4.189813084921
4.199977753524
4.210152027323
4.220473093902
4.230897125704
4.241371969223
4.251817588137
4.261856260020
4.271802230842
4.281727683462
4.291648241481
4.301723967929
4.312121548165
4.322536334134
4.331680931200
4.340451021352
4.348979690400
4.357378936563
4.365658351309
4.373767376124
4.381851292976
4.390012209651
4.537549368758
4.545777476595
4.553633464300
4.564084188428
4.574741690974
4.584926131123
4.594707088439
4.605454611725
4.616380462986
4.627971903692
4.639837060289
4.651765627040
4.663641345810
4.674990725009
4.685989279191
4.696782625605
4.708679429274
4.721079365001
4.735705289943
5.545425433523
5.551484103472
5.556936141549
5.562405352717
5.568275602039
5.573910483929
5.579238162300
5.584702727147
5.589879351626
5.595205938523
5.600665015920
5.606850370830
5.611313189934
5.616110198375
5.621435692768
5.626884446217
5.632381755403
5.637811670359
5.852186603634
5.858701875484
5.865673496098
5.872702332662
5.879806860901
5.886994264294
5.894198717814
5.901445722917
5.908749678050
5.916240798610
5.923686753298
5.931099087118
5.938511092277
5.945917799232
5.953339717704
5.960766149485
5.968155032243
5.975533750289
5.982897548608
5.990256475830
5.997641854596
6.005034839615
6.012431173021
6.019841131009
6.027210579661
6.034565403094
6.041890316854
6.049077692250
6.056201315900
6.063287509841
6.070470292902
6.077824594529
6.161739426882
6.169906272385
6.178378582666
6.187118576898
6.196516199010
6.353584153733
6.361997168895
6.370593619369
6.379316172048
6.388171486394
6.397120676007
6.406273674223
6.415553124789
6.424746571134
6.433946293402
6.443110280405
6.452423157278
6.461793360307
6.471403091483
6.758484129403
6.766849456655
6.775149960659
6.783455016387
6.791864816561
6.800267775555
6.808712249162
6.817145828163
6.825547769888
6.833849545505
6.842001864608
6.850079015563
6.858126693555
6.866157699703
6.874076908421
6.881912505961
6.889706061813
6.897419740786
6.905106313574
6.912762443221
6.920431410316
6.927984599667
6.935474769607
6.942923122504
6.950289289122
6.957701885698
6.965015629857
6.972399678413
7.108953093829
7.115064837378
7.121690843564
7.128508200453
7.135506429738
7.142574716739
7.149664443855
7.156854588896
7.164108468095
7.171412565252
7.178747753909
7.186011683327
7.193262637650
7.200522257080
7.207816441712
7.215172150920
7.222554609774
7.229938709529
7.237319073326
7.244670501121
7.252015810293
7.259309847120
7.266525571819
7.273651119360
7.280804920768
7.287923340429
7.295078071354
7.302172756929
7.309234854005
7.316354350107
7.323545189113
7.330856301318
8.052046510245
8.059822734387
8.067565101096
8.075436955106
8.083437778854
8.091430711933
8.099410417279
8.107372236633
8.115253195769
8.123110202871
8.130890519896
8.138511661679
8.146027510684
8.153486534114
8.160754724035
8.167955086975
8.175051187040
8.182069885316
8.189035202427
8.195913487141
8.202699027040
8.209426191913
8.216024017815
8.222584651591
8.229054709537
8.235525840934
8.241957482344
8.248479677045
8.255102655911
8.261689816635
8.660171918764
8.667099362033
8.674129722453
8.681213439301
8.688360748089
8.695556442145
8.702830976044
8.710206805138
8.717761476222
8.725550918919
8.733341684223
8.740751579048
9.158674473946
9.167725787740
9.176609821368
9.185581222423
9.194505310924
9.203122931786
9.211863748205
9.220926404994
9.229902518377
9.238953414764
9.248090282230
9.257304253702
9.266503329464
9.275785171236
9.285178687556
9.294552397644
9.304199656491
9.544150830675
9.554778602660
9.564173023003
9.573618252226
9.583556301079
9.594036086148
9.604784687390
9.759842953983
9.767171847374
9.776314854609
9.785509519386
9.794724330255
9.804087028180
9.813022755737
9.821734945348
9.830698824445
9.839655451873
9.848686160437
9.857754116247
9.866951106480
9.876226650428
9.885531143162
9.894944535812
9.904388216148
9.913965650733
9.923720939004
9.933670339689
9.943478221073
9.953879082688
9.963574725394
9.973010574617
9.982646780421
9.991708708041
10.090135659724
10.099079954589
10.107992332610
10.117076468950
10.126182215697
10.135320281990
10.144459179184
10.153524007358
10.162470061402
10.171342638696
10.180235833888
10.189162172749
10.198151269005
10.207087191584
10.215963285682
10.224873762156
10.233786016211
10.242672214206
10.251554860933
10.260384398757
10.269189718078
10.277982013289
10.286802860023
10.295695293560
10.304670652484
10.313532556376
10.322294855930
10.858920192454
10.867596085360
10.875862173009
10.883708216993
10.891392481215
10.898712966785
10.905854134524
10.912853113027
10.920538212873
10.927206451954
10.933808392320
10.940393403261
10.947702998237
10.953827024227
10.959768333450
10.965854467605
10.971539355594
11.013139589390
11.021210726819
11.028889461244
11.035818372275
11.043208651866
11.050381601931
11.057199437327
11.063817493616
11.070949582603
11.078010213235
11.085080640793
11.092166016180
11.099167722425
11.106220126573
11.113258618416
11.120305475727
11.127360728796
11.134371812775
11.141312790761
11.148270888419
11.155221189314
11.162123327659
11.169028265784
11.175934776289
11.182884558422
11.189898036925
11.197242248292
11.204580751195
11.212326885243
11.219682549752
11.226988713478
11.234375726948
11.241651248939
11.248439369483
11.255238792724
11.262031111282
11.268644145875
11.275280211804
11.281987405391
11.288644996741
11.295322573260
11.302027922160
11.308801308141
11.315752034155
11.322843649427
11.328138110852
11.333649877946
11.339004840035
11.344344468423
11.349641231863
11.354796943207
11.359794512100
11.419696466238
11.428260985828
11.437388217003
11.446764542390
11.572672041696
11.580850186204
11.589300176274
11.598005628941
11.606634635593
11.615318350118
11.624039999720
11.633095697467
11.642317155739
11.651672197645
11.660975282568
11.669974034464
11.678814523020
11.687535872367
11.696360375859
11.705542508628
11.714826443121
11.723582830847
11.732401752628
11.741524792193
11.866002667330
11.874294174588
11.883012105836
11.891977089788
11.901170649376
11.910527756482
11.920097660648
11.929795940748
11.939631806088
11.949358207157
11.958917090692
11.968147748864
11.977122456434
11.986031134447
11.995111067631
12.004333312034
12.013775574507
12.023505155391
12.033502808083
12.043577238974
12.053676657468
12.064004869879
12.074892376994
12.170668247088
12.179743730126
12.189554268444
12.199586029395
12.209507715150
12.219598431747
12.229853749899
12.240164868998
12.250474547340
12.260959471286
12.271394852545
12.281682109866
12.292014064605
12.302324910774
12.312771282138
12.323186317128
12.334203527580
12.344482886858
12.355011661233
12.365546203462
12.374510473204
12.383878292493
12.393556397928
12.403211141058
12.412753100605
12.422219386196
12.431847859780
12.441850437571
12.451769299096
12.461251730053
12.470366960422
12.479228671944
12.488093425248
12.497257113257
12.506592981408
12.515964562336
12.525408390217
12.534944260766
12.544701262624
12.554471301949
12.563097450021
12.572028236279
12.580822414731
12.590640518888
12.600772233552
12.610857393112
12.621302711445
12.631838103491
12.642472842737
12.653075720428
12.663744396120
12.674747470481
12.683875586678
13.627924062368
13.635605229673
13.643027831097
13.650284610891
13.657379747869
13.664390121024
13.671323214108
13.678333931123
13.685386625235
13.693501271823
13.695975094013
13.698842817213
13.701845894439
13.704573428992
13.707229445083
13.710012108143
13.712561720533
13.715211475796
13.717751881283
13.720295239284
13.722737765564
13.728414089899
13.730879859680
13.733049415562
13.735411622045
13.737877073650
13.741984612929
13.744278206972
13.746435049666
13.748349083922
13.750295579513
13.752426943809
13.754447866734
13.756430875162
13.758247142329
13.760440059385
13.762856413716
13.780588083307
13.788306842455
13.795843969934
13.803354088417
13.810726706463
13.818035538176
13.825261103092
13.832355242523
13.839270136145
13.845946704420
13.852410070214
13.858650329921
13.864758742801
13.870785064010
13.876744162751
13.882636953553
13.888466422855
13.894273035403
13.900070588503
13.905845414262
13.911719977382
13.917608035846
13.923462288540
13.929381211127
14.005158738316
14.009636497054
14.015050624469
14.020535590768
14.026114474652
14.031741652111
14.037433777538
14.043204715894
14.049101685885
14.055161024962
14.061493723002
14.068126638216
14.074188301804
14.080197458016
14.086287068623
14.092428233163
14.098635128726
14.104910357915
14.111288506091
14.117775945339
14.124397142565
14.131057263482
14.137782535197
14.144611489154
14.151470666241
14.158363712500
14.165469757460
14.172592491458
14.179723430659
14.186884609716
14.194059090882
14.201281176939
14.208514956623
14.215783067201
14.223103003431
14.230438298248
14.237756206928
14.245110138912
14.252450147969
14.259709379761
14.266905019885
14.274139949818
14.409922890999
14.419040571953
14.427208152203
14.436042721756
14.445196220266
14.454588162900
14.578934724752
14.585990732798
14.594127123408
14.602322182406
14.610586158444
14.618980867745
14.627472611564
14.635659414667
14.644047235722
14.652707902434
14.661418550580
14.670099988761
14.678784772393
14.687512819633
14.696169187625
14.704681309158
14.713109719076
14.721391504401
14.729539208412
14.737615385435
14.745687154626
14.753633336913
14.761499436333
14.769373374399
14.777113615609
14.784810010012
14.792462510629
14.800068774156
14.807713724383
14.815339207201
14.822962888292
14.830717999771
14.839007322660
14.847193455229
14.854981549160
14.862709040493
14.926186258525
14.934317827429
14.941938443056
14.950143256925
14.958194143963
14.966620996186
14.975369820267
14.984166039105
14.992998496395
15.001789407798
15.010416151027
15.018979277696
15.027440754228
15.035944181122
15.044536277484
15.053658297618
15.171236500864
15.177804109181
15.185608647505
15.193406154392
15.201058326334
15.208916059225
15.217301004303
15.225914183157
15.235198687531
15.243536368624
15.251934072929
15.422278118806
15.431023753863
15.439362442049
15.447826741379
15.456434303669
15.465202634804
15.474109129683
15.483015226219
15.491933980233
15.500844198058
15.509844196070
15.518883821983
15.527869070528
15.536744976223
15.545615018581
15.554484111407
15.563324846492
15.572183401402
15.581026673824
15.589821989587
15.598638990147
15.607328584125
15.616238116104
15.625386032668
15.634291267860
15.643049714650
15.651964375769
15.661178203188
16.041290389142
16.050210181150
16.059746943036
16.069360874955
16.078606511354
16.087933445044
16.097059036469
16.106230985675
16.115754180288
16.125455537317
16.135113378685
16.144858843394
16.154623978098
16.164667002250
16.174908354886
16.184226148315
16.193669014877
16.203411932145
16.213318493017
16.223927396352
16.234843326892
16.244885573812
16.254708967309
16.331234243840
16.339350727340
16.347234452308
16.354980814850
16.362671439469
16.370186205448
16.377558287195
16.384780242121
16.391905201496
16.398873046268
16.405891802892
16.413148941738
16.603775677938
16.611099521484
16.619363829360
16.627985696995
16.636981213912
16.646034422542
16.655198218636
16.664380341840
16.673613492649
16.682841174961
16.692090548847
16.701351717584
16.710532662648
16.719682385983
16.728744193752
16.737708511261
16.746604177622
16.755533119329
16.764411966617
16.773331008161
16.782299873134
16.791198842655
16.799960909313
16.808796308362
16.817950741561
16.827152697618
16.836365082385
16.844985104204
16.853888508796
16.966799724146
16.975685359481
16.984216890906
16.993000445713
17.001941600501
17.011173186585
17.020335036749
17.029370271225
17.038563440758
17.047772798181
17.057029480944
17.066318834902
17.075571326728
17.084971542182
17.094231270337
17.103413527350
17.274275112199
17.283856806226
17.293629915841
17.303092190952
17.312724183767
17.322255820424
17.332097230807
17.341844087045
17.351574634535
17.361370800701
17.371112081522
17.380971436642
17.391071251274
17.401397318077
17.411319550075
17.420340047432
17.429322779839
17.438311068252
17.447042453631
17.455704776612
17.464570055153
17.473746087261
17.482955672063
17.491596462311
17.500429614408
17.609129420459
17.618542884443
17.628130540495
17.637791928729
17.647838710830
17.658126756690
17.668679263374
17.679144615946
17.688891522432
17.698684836535
18.416406664999
18.422877738322
18.429612787394
18.436404528168
18.443165083612
18.449953450843
18.456865778237
18.463968854699
18.471133355984
18.549112000761
18.554610029161
18.560410426100
18.566311141754
18.572222447220
18.578236167832
18.584374091138
18.590554524026
18.596836734694
18.603662175832
18.609888997151
18.616045586624
18.622187012360
18.628324715679
18.634496058331
18.640694744450
18.646829022332
18.654523054679
18.836211386239
18.840447833735
18.845160004934
18.850476426467
18.855971900246
18.861550767027
18.867103338572
18.872657315028
18.878188533745
18.883746381658
18.889152026867
18.894522293971
18.899865480637
18.905168459467
18.910441875731
18.915696450224
18.920902450623
18.926079008924
18.931275864567
18.936699059172
18.942337912908
18.947974089875
18.953308663627
18.958162284610
18.962734601983
18.967849707961
18.973232387778
18.978570073501
18.983961539159
18.989245204384
18.994604087523
18.999953971414
19.093784052076
19.101796719875
19.109703911550
19.117767923969
19.125949992660
19.134347636489
19.142935861751
19.151681332995
19.160470830126
19.169388807957
19.178401050104
19.187369938415
19.195667898942
19.204836726162
19.214650810666
19.223433696470
19.384930819065
19.392518352439
19.400132634600
19.407689256918
19.415177334667
19.422624214327
19.430001794942
19.437346370247
19.444648666204
19.451889717868
19.459086549902
19.466172171633
19.473180467286
19.480086723218
19.486891625039
19.493545926420
19.500080160242
19.506415666900
19.512598012480
19.518702317740
19.524737579213
19.530728703172
19.536653036439
19.542526260526
19.548364135717
19.554162625136
19.559930316457
19.565709074432
19.571513987083
19.577278862134
19.583219917854
19.589239882436
19.595384161107
19.601343376597
19.738701022650
19.747892588861
19.756493329407
19.764507900628
19.772125950573
19.779878549525
19.787591524956
19.795631174560
19.803740903719
19.812153969555
19.820889171863
19.830087874565
19.838888464667
19.847224496065
19.911059115472
19.919182384431
19.927464675251
19.936104705675
19.945245561824
19.954667401342
19.963974202786
19.972564421971

