Time_s
0.234365448547
0.242865570922
0.251622051114
0.260450960302
0.269147034229
0.277534639517
0.285704407834
0.293657136028
0.301641027334
0.309166972050
0.316588295871
0.323932521579
0.331731874730
0.339006903156
0.346301070251
0.353624236217
0.361180363447
0.368503638771
0.375826810976
0.383269169491
0.390927301549
0.562405619925
0.570429174678
0.578537235759
0.586731479942
0.594953190824
0.603171383360
0.611352490447
0.619511906369
0.627705020249
0.635903703400
0.644105512665
0.652417495193
0.660754863157
0.669097889119
0.677426402870
0.685810218692
0.694354687147
0.703039645958
0.711699383997
0.720424604308
0.729139611523
0.737907934119
0.746591404311
0.755219567128
0.764123007596
0.772917485183
0.781403136785
0.789984463204
0.804261907859
0.807248607094
0.810103902788
0.813452045978
0.817573587171
0.821804674418
0.825179136830
0.828392595994
0.832679644328
0.836555466397
0.840501269742
0.844270737159
0.848575124088
0.852453292274
1.571176021023
1.579628482670
1.587514687264
1.595820608482
1.603937406347
1.611962647345
1.619927372029
1.627892987000
1.635856423269
1.643762928378
1.651679214125
1.659674147387
1.667740766255
1.676127136329
1.684002026482
1.738188013056
1.746401756791
1.754576163510
1.762620693738
1.770748378550
1.779066380089
1.787359308930
1.795590032612
1.803420714671
1.811339637111
1.817820166174
1.833871984405
1.842004881801
1.850390628531
1.859096903438
1.867899857575
1.876787777622
1.885737375234
1.894683948597
1.903802098076
2.098291431653
2.106767268637
2.115622873608
2.124685256424
2.133823246082
2.143051820264
2.152344616177
2.161789869058
2.171229225456
2.180713692363
2.190392664937
2.200302672926
2.210577608637
2.218202745990
2.225650888854
2.232942131916
2.247491407204
2.254929504940
2.532363904229
2.535159430099
2.537873724788
2.540707091434
2.543237165335
2.545789536429
2.548223242129
2.550707653657
2.552711617583
2.554867692181
2.556871566839
2.558913146498
2.561068905594
2.563026017783
2.564957363458
2.566794194049
2.568885325730
2.570779171144
2.574734645825
2.576639920387
2.578737303362
2.580823023612
2.582964488526
2.584850742750
2.587516324260
2.593113422181
2.595576404328
2.597514827714
2.600421735828
2.602483255378
2.604980355289
2.607124422154
2.609537454962
2.612266914870
2.614926202729
2.617674147880
2.620260774245
2.622756561074
2.624967310804
2.627828252569
2.630905360309
2.633469115771
2.636074401415
2.638630258270
2.641048029845
2.645998212214
2.648095347986
2.650865426547
2.653008180906
2.655150068742
2.769154965923
2.771443799681
2.773994924924
2.776573163186
2.783305442639
2.785814218239
2.787677112633
2.790341563269
2.792502128467
2.794261865492
2.796606463205
2.798421753124
2.800876913597
2.802790197742
2.804503411073
2.807110883269
2.809732880744
2.811636598748
2.813307796622
2.817033206410
2.818899624065
2.820732766130
2.822617133036
2.824931065900
2.826895008468
2.829201195159
2.831496632613
2.833862081664
2.835984650580
2.838315573001
2.840482301513
2.842334639481
2.844911074436
2.846740519479
2.850235780468
2.852019488927
2.854145008197
2.856357464278
2.858442878171
2.860132198218
2.862271173213
2.863960380526
2.865837810571
2.867729273887
2.869696514677
2.873272404628
2.875831263147
2.877741053894
2.879650372006
2.881508553720
2.884020316104
2.885880002463
2.887823166204
2.889679590015
2.893295266437
2.895438684558
2.897373269470
2.899226744899
2.901164077015
2.903101141288
2.904861225682
2.906892362116
2.909068206276
2.911337541324
2.913424596622
2.915354670659
2.917378472428
2.919487199464
2.921358037115
2.923047161909
2.925215111013
2.927347631591
2.936816570434
2.950856757423
2.958385356096
2.965899132036
2.973342663728
2.980792648308
2.988226065216
2.995582200969
3.002962007329
3.010355536376
3.017731565207
3.025153984282
3.032592767311
3.040057507774
3.047564608755
3.055119406031
3.062552156912
3.069949396460
3.077390095087
3.084845766116
3.092328746776
3.099788659598
3.107192741178
3.114670140328
3.122135786215
3.129364166321
3.147562093617
3.150137522958
3.152241856055
3.154881861168
3.157555003107
3.160076820266
3.162456517869
3.165142412488
3.167587790984
3.169989059049
3.172406203466
3.174702918435
3.177097982201
3.179414707624
3.181812292686
3.184443694845
3.186935970198
3.189984832384
3.192645243799
3.205264975177
3.212317251949
3.222475662313
3.230794502636
3.239698996424
3.248605820559
3.257639745462
3.266690092604
3.275872915427
3.284745209248
3.294131269066
3.303358648465
3.312430604537
3.321873837966
3.331310900416
3.340772147486
3.350293966361
3.359703450141
3.368925894996
3.378075738629
3.387191427539
3.396312802285
3.405369162155
3.414344637616
3.423227273038
3.432033936152
3.440789770063
3.449489157876
3.458165347197
3.466992694946
3.475783377307
3.484279916067
3.492712354817
3.501169498938
3.509604678333
3.518127086867
3.526479528789
3.534859103466
3.543282826656
3.551616024012
3.560011504447
3.568534948978
3.576519056152
3.584989657704
3.593669560554
3.602298120323
3.610855322907
3.618869926633
3.627286375019
3.636076727245
3.644916873873
3.653697321229
3.662300123858
3.670835931838
3.679224503692
3.687644396511
3.696089738716
3.704582634941
3.712871564880
3.721094023351
3.729204072847
3.737405098343
3.775146344538
3.785362231416
3.794040795725
3.802641067131
3.811097359640
3.819706402886
3.829067616278
3.838450560895
3.847650493867
3.872835958439
3.881831344547
3.890004109297
3.899218644410
3.908502527724
3.917797807287
3.927096477186
3.936307153724
3.945415257905
3.954507334688
3.963586065302
3.972750665369
3.982125315749
3.991574404906
4.001367774814
4.010444636126
4.181993667048
4.190539904072
4.199629430418
4.208751198338
4.217914932521
4.227004227271
4.235962052276
4.244916089496
4.253775725617
4.262653377970
4.271539153541
4.280426311355
4.289305634086
4.298254674117
4.307198835208
4.316266614345
4.325243414453
4.333867261401
4.342962161493
4.352032952740
4.361087338050
4.430615208320
4.439834547347
4.449116505475
4.458600472454
4.468410624261
4.478218582910
4.488142685036
4.498065330453
4.508018964048
4.517947149189
4.527900638941
4.537870609818
4.547753985976
4.558010285692
4.568077029027
4.578410690050
4.588469434496
4.696347670208
4.698380436693
4.700422597432
4.702599129460
4.704776031650
4.706835488191
4.708972503245
4.711054421769
4.713075012668
4.717357166700
4.719409713734
4.721476158458
4.723588032569
4.725708394492
4.736262426047
4.744822084398
4.753918007566
4.763096344521
4.772259864485
4.781441920424
4.790667880011
4.799919590700
4.809161601676
4.818549889284
4.827796697416
4.837038435226
4.846364672267
4.947141436867
4.958446621322
4.967471200676
4.978373118922
4.987441256494
4.996764977535
5.006507275012
5.016201628078
5.025922103126
5.035607265809
5.045325042843
5.054845374782
5.064331803560
5.073840549536
5.083296878928
5.092725312180
5.102162310977
5.111669950903
5.121177566167
5.130723174452
5.140292695662
5.149853233911
5.159594339651
5.169155919181
5.178642190392
5.188135393760
5.708729974654
5.717575017694
5.726998329391
5.736707108828
5.746493302290
5.756553551207
5.766346611451
5.776321203920
5.786312284482
5.796246543187
5.806032958669
5.816093515780
5.826003124536
6.060037942936
6.069358145868
6.078819310868
6.088488394484
6.098336092513
6.108386406075
6.118562928092
6.128941736215
6.139279550370
6.149789430641
6.160255943186
6.170822836511
6.181410992488
6.192253017043
6.202879259178
6.214248483646
6.235892478597
6.246643594286
6.257374485444
6.268151657526
6.279004553929
6.925976300418
6.934031840218
6.942168419072
6.950264200636
6.958325330495
6.966465844613
6.974741537357
6.982862843209
6.991061880337
6.999132398426
7.007287260848
7.015628138183
7.023840447978
7.120445762939
7.128680689312
7.137039002017
7.145377510250
7.153712446738
7.207097829342
7.215358898379
7.223601069381
7.232053606701
7.240013599316
7.248626413870
7.257359071969
7.266059797249
7.274681670786
7.283235987064
7.291732020689
7.300042917433
7.308315711487
7.316614227388
7.324927472759
7.333245698689
7.341577835105
7.349954425600
7.358363168438
7.366864781819
7.375438871415
7.383983112590
7.392765588002
7.401305025773
7.409652810840
7.685282697458
7.694203798027
7.703122209439
7.712141718185
7.721279893027
7.730572546242
7.739901191758
7.749315940237
7.758680089404
7.768028675821
7.777398160936
7.786909735272
7.796284712003
7.806097608452
7.847266491214
7.849229641636
7.851521194285
7.853800887996
7.856125501041
7.858417849620
7.860741692775
7.863043198892
7.865676693594
7.868283260169
7.870237232434
7.872555844729
7.875213335803
7.877217502900
7.879528684428
7.881503762531
7.883484824224
7.886139309774
7.888449694888
7.890382599023
7.892349411734
7.894304063467
8.859603354520
8.868292801155
8.877629596569
8.887153472196
8.896682522930
8.906121410701
8.915716657614
8.925413180460
8.935031892601
8.944572471403
8.954060263206
8.963541956180
8.972822690758
8.982011216067
8.991236032391
9.000535500630
9.009862641985
9.019265857509
9.028676089747
9.038304950832
9.047688366110
9.057188407555
9.064727781640
9.074354384013
9.081826716893
9.089373958863
9.096605024356
9.103593565863
9.117453676848
9.124525572595
9.131675401165
9.164058067398
9.172238158575
9.181007093558
9.189758290445
9.198670022969
9.207606287299
9.216557680476
9.225495885772
9.234406759145
9.243295735207
9.252173474559
9.261053907088
9.269910257269
9.278752186027
9.287620202822
9.296497978060
9.305458585188
9.314528517735
9.323468330949
9.332545619069
9.341431180739
9.350238389215
9.359355374853
9.565153509331
9.574120237010
9.583363719951
9.592679354605
9.602161682568
9.611675575436
9.621168596256
9.630689406213
9.640111040001
9.649523006225
9.659038381864
9.668391932929
9.677842706116
9.687422136728
9.696991270034
9.706583464671
9.715682789031
9.725118488104
9.734523484428
9.744177633629
9.753843417420
9.765160297214
9.774685263006
9.784193382506
9.793617546441
9.861798776042
9.870389925430
9.879461129250
9.888538806613
9.897641492220
9.906804661004
9.915928273054
9.925039623609
9.934870566121
9.944169768138
9.953193490294
9.962336020721
9.971365438311
9.980419932096
9.989500201874
9.998635948141
10.669618172884
10.678773680694
10.688042684062
10.697559630735
10.707109345395
10.716500455384
10.725808175628
10.735256262391
10.744663509586
10.754076453098
10.763490103755
10.772791614208
10.782032025038
10.791250913431
10.800414238891
10.809683929958
10.818943409200
10.828222524296
10.837430137008
10.846664944278
10.855907799452
10.865181658030
10.874500200754
10.883835828812
10.893057181427
10.902244377627
10.911457669295
11.153650377289
11.162799510014
11.172049234042
11.181756506676
11.191664246698
11.201926543177
11.212905846483
11.223715604725
11.231535800710
11.238858700321
11.246090173964
11.253951195963
11.261174186262
11.268459269575
11.275689931383
11.282741329949
11.290063286448
11.297133852210
11.303931821131
11.311224418727
11.336618170517
11.347130025965
11.358415002873
11.368774487112
11.378925113244
11.389055915731
11.399235228448
11.409210537096
11.419133364731
11.429049219497
11.438719116431
11.448145525249
11.457256144142
11.466228701556
11.474971023485
11.483846742201
11.492647982237
11.501653837789
11.510583167151
11.519431055361
11.528311383420
11.537176271927
11.546229526665
11.555095765015
11.563923489551
11.572798774923
11.581640991411
11.590536956790
11.666541154366
11.668837873297
11.671460193735
11.674464483720
11.676702185200
11.679337244826
11.681984451316
11.684591710270
11.686848316125
11.689567444391
11.692591404711
11.705007284385
11.714174857532
11.723297068363
11.732409952733
11.741527223639
11.750658258719
11.759806846571
11.768992568364
11.778185142517
11.787346753818
11.796488033117
11.805658709989
11.814899562922
11.824114714213
11.833423881557
11.842753246918
11.852076609081
11.861327789729
11.870577287089
11.879769462712
11.888921332106
11.898106035904
11.907167588931
12.253465086484
12.263725329548
12.273671536234
12.283894779915
12.294065153049
12.304365220988
12.314767086486
12.325163032574
12.335670036207
12.346137455148
12.356674670061
12.367197267051
12.377735969549
12.388170398993
12.398718227792
12.409151924034
12.419589398113
12.429961889582
12.440343537470
12.450643111952
12.461034828826
12.471344122363
12.481527213578
12.491568044211
12.501417418700
12.511200931909
12.520855008468
12.530657000099
12.540105320460
12.549565672799
12.559043685293
12.568748623629
12.578193052271
12.587613359591
12.597318876694
12.606948818215
12.616693301390
12.626377180508
12.636152800907
12.645905795197
12.655643217836
12.665385797853
12.675260119124
12.685213522504
12.695013259615
12.705073520086
12.714999546351
12.725155700687
12.735251964467
12.745136102739
12.755272057262
12.765314758485
12.775296347112
12.785208461122
12.896241628142
12.905799187048
12.915340218857
12.924714139477
12.934249190521
12.944080328484
12.953957277497
12.963852262063
12.973710573613
12.983525655615
12.993280641722
13.002934058283
13.012478537333
13.022218960973
13.031935286877
13.041467476346
13.051335041023
13.061104004053
13.072800458190
13.082551468777
13.092131448829
13.102015622288
13.111925317463
13.121802600765
13.131723633135
13.200934479133
13.210497905695
13.220242382641
13.230138730413
13.240206075976
13.250367066691
13.260258323217
13.270240316684
13.280346047232
13.290324632730
13.300192579975
13.310488186642
13.323609965175
13.326038455952
13.328480916752
13.331036179049
13.333543098228
13.336025950492
13.338506473898
13.343924726640
13.347021422537
13.349531363856
13.352044899860
13.354472946943
13.356907698850
13.359376374149
13.361811658578
13.364227614356
13.366680420012
13.369151506024
13.371531906105
13.373996089383
13.392295926253
13.401708999435
13.411295797599
13.420891991727
13.430454304566
13.440046659289
13.449656212978
13.459270310849
13.468887922722
13.478484695624
13.488108714512
13.497767344272
13.507536119252
13.517666771201
13.527795280071
13.537780542083
13.547634852185
13.557461594021
13.567346036060
13.577484344726
13.587462107547
13.597377506134
13.607360762515
13.616336506398
13.625709612712
13.635521231296
13.645438783672
13.655308851630
13.665245821756
13.675277880683
13.685343360464
13.695422348708
13.705481986028
13.715441060040
13.725371305649
13.735245439228
13.745153713829
13.754888488044
13.764693432747
13.774533021803
13.784450457043
13.794427123416
13.804417743722
13.814419822275
13.824438837331
13.834518874575
13.844627727801
13.854779776944
13.864889244184
13.874878366942
13.885129733964
13.895511444427
13.905869448780
13.916092885991
13.926496690179
13.936937190457
13.947450840412
13.957713012305
13.980334108540
13.990250611047
14.000133515071
14.010102804307
14.020240846564
14.030533522068
14.033011403521
14.035330827541
14.037885355384
14.039705489907
14.041851014197
14.043930673663
14.046000841811
14.048247805395
14.050544814698
14.052863041772
14.055246577226
14.057604839316
14.063450816505
14.065659352581
14.067677368598
14.069767904363
14.072138377065
14.074725718961
14.076935559551
14.079160148388
14.082121144139
14.084448362674
14.086771488595
14.088986070599
14.091627930061
14.095974596426
14.098388103786
14.102412093780
14.104615650906
14.107091536814
14.109649614196
14.111645114936
14.113559734704
14.115455869254
14.117748606151
14.119862285480
14.122037069421
14.124291492605
14.126663609554
14.128948462590
14.131000979233
14.133405749003
14.475185732206
14.480314533678
14.485838516629
14.491257989232
14.497019506728
14.502777777778
14.508241436488
14.513452461822
14.518912238686
14.524256618375
14.740374037241
14.749847350248
14.759330923149
14.769000503860
14.778668459002
14.788396487269
14.798218362623
14.807994082601
14.817790254889
14.827487126528
14.837110030191
14.846612163189
14.856080914695
14.865462640976
14.874766982542
14.884016344050
14.893273817495
14.902397579296
14.911425938541
14.920395355788
14.929220479695
14.938077455828
14.946761847484
14.955493537475
14.964363397706
14.973397762778
14.982077511924
14.990939498367
14.999628332634
15.008607001191
15.017472259592
15.101165924238
15.109420593919
15.117983692395
15.126824240698
15.136001650271
15.145208946577
15.154421739915
15.163922808211
15.173642309833
15.183029262427
15.192599044594
15.202354591401
15.212131537376
15.222003156079
15.231741574150
15.241352067726
15.250955234011
15.260509980494
15.269988390728
15.279404645880
15.288789886139
15.298117450447
15.307437018367
15.316701650030
15.325948025903
15.335117448885
15.344252943663
15.353295295960
15.362283684591
15.371135940888
15.379993824785
15.388910460677
15.397883417846
15.406861809789
15.415929588356
15.425358260159
15.434585991190
15.444041262674
15.453903309867
15.463740031464
15.628166404919
15.637552591219
15.647473342546
15.657519909660
15.667532331271
15.677331525265
15.687332991659
15.697355327691
15.707163015803
15.716920183088
15.726562610108
15.736105632431
15.745607817145
15.755037068229
15.764415381571
15.773862721587
15.783459743036
15.793219263147
15.802816019025
15.812617984574
15.822135768293
15.831696811256
15.841336295251
15.850938146842
15.860395854477
15.891993207231
15.900546084720
15.909946429945
15.919503302565
15.929443480681
15.939253400452
15.949056978817
15.958826536225
15.968572126379
15.978359973779
15.988212202264
15.997957083454
16.007707324310
16.017428606285
16.027246020415
16.037056589261
16.046957948781
16.056925334926
16.066679539887
16.076506494895
16.418554109483
16.426585941530
16.436145766870
16.445882380075
16.455820110454
16.465323348039
16.475427843178
16.485581438707
16.495617576351
16.505625552103
16.515517409801
16.525278287840
16.534985260261
16.544591817484
16.554093908442
16.563568902855
16.572991118721
16.582299176617
16.591553519186
16.601013133490
16.611027421433
16.620758213478
16.630578217093
16.640422358618
16.663257740167
16.672896847139
16.682416528204
16.691924607759
16.904264362180
16.914423693600
16.924579196659
16.934833289465
16.945117374018
16.955558835637
16.965995418293
16.976420571307
16.986983225127
16.997649998178
17.008240946475
17.018894934912
17.029686383025
17.040529310812
17.051514594001
17.062577967541
17.073705020135
17.084858699341
17.095907091200
17.106935495758
17.117906200414
17.129071340967
17.140156115662
17.151057579188
17.162054429845
17.173026601326
17.184050963993
17.194890847224
17.205701946965
17.214791437270
17.224598400168
17.234353608212
17.244116475938
17.253816030009
17.263580866600
17.273132174898
17.283158355983
17.292882706584
17.302958275893
17.313032049152
17.322766073438
17.332926391061
17.343260828883
17.353676218412
17.490885138284
17.500101682726
17.509826333659
17.519620874428
17.529440265902
17.539288669625
17.549101277656
17.558879439569
17.568586075868
17.578273755277
17.587999710283
17.597753944201
17.607443740291
17.617116788999
17.626764357822
17.636490883433
17.646174097422
17.655827086459
17.665432182151
17.674647291899
17.683958219380
17.693151494399
17.702173852488
17.711182221554
17.720087446136
17.729126472225
17.738184275438
17.747441792566
17.756410323964
17.765678078543
17.774870836033
17.783753066749
17.792504391516
17.801543385298
17.810730267545
18.167952087290
18.175842792444
18.185591167485
18.195265193634
18.205020696178
18.214790440364
18.224575842129
18.234320454765
18.244029863380
18.253686698822
18.263439642885
18.273283972565
18.283149230700
18.292985369644
18.302908038334
18.312649298484
18.322568053975
18.332490573159
18.342309881157
18.351988906012
18.463504096683
18.473722664897
18.483912798580
18.494069960762
18.504248541595
18.514461054506
18.524830418918
18.535408359364
18.545848177706
18.556428924422
18.567152852295
18.577893122302
18.588403322921
18.599140168791
18.609160501589
18.619333216470
18.629659953269
18.639995432645
18.649982429039
18.659939993187
18.669811132770
18.679651862405
18.689441389720
18.699216969914
18.708981818547
18.718909894686
18.754245950229
18.756986796148
18.759555512742
18.763036519392
18.766061301836
18.769075043226
18.771827102007
18.774171814572
18.783436393561
18.786279242184
18.790057935008
18.793742271793
18.796957513782
18.800410701052
18.803850382168
18.807057166416
19.103123975972
19.112976390580
19.122910898028
19.132982831720
19.143154550485
19.150599868926
19.157985774068
19.165581953407
19.173060651900
19.180611447226
19.187941543568
19.195470495194
19.202925437972
19.210217588325
19.220100778837
19.230049268903
19.240076604746
19.249977595546
19.259829023857
19.295162826663
19.305295060840
19.315247409576
19.325314612228
19.335577921113
19.345914990710
19.584945063645
19.594888386842
19.605071969697
19.615369788576
19.625730910725
19.636094353777
19.646589753361
19.656929368617
19.667263341726
19.677595656681
19.687868269113
19.698123911836
19.708551693551
19.719146410030
19.729692163910
19.739954739456
19.841134965412
19.851510716599
19.862157094851
19.872813293698
19.883810432034
19.895135298374
19.907235328257
19.919249209700
19.930614721434
19.941587605571
19.953283631814
19.964890715185
19.976609117539

