Time_s
0.978746297682
0.985358550296
0.992645690302
1.000534501118
1.009027066060
1.017434481928
1.025345541073
1.033162224880
1.040912618232
1.048590702180
1.056256534362
1.063775652036
1.071374634745
1.078860295892
1.086314482323
1.093583912269
1.100782416198
1.107867957076
1.114877951532
1.121751928497
1.128632205967
1.135386075498
1.142264339306
1.148930342121
1.155532956551
1.162097657123
1.168615516535
1.174939419615
1.181116201127
1.186985959124
1.192840908535
1.199143850584
1.205698778681
1.212653851124
1.219482569381
1.422253254076
1.430039810637
1.436753059855
1.444223649558
1.451829139186
1.459610043878
1.467748811736
1.477490965291
1.486565404714
1.495673496395
1.504879227456
1.514100943336
1.523377242222
1.532707337855
1.542074211979
1.551494294806
1.560927026558
1.570357510815
1.579785072403
1.589203205102
1.598650286859
1.608070493160
1.617476893705
1.626838452942
1.636304544551
1.857025655469
1.866414294110
1.875888735086
1.885505456556
1.895409746486
1.905381958287
1.915417100625
1.925554508780
1.935802060437
1.946065429985
1.956442175871
1.966913189713
1.977608887906
1.988498709829
1.999508242786
2.010586153129
2.021525012675
2.032284522662
2.043142200327
2.054309118440
2.065466819524
2.076588909027
2.087701040594
2.099225818944
2.110982648814
2.890402475997
2.899701713302
2.909069179956
2.918418694168
2.927553850459
2.936604158628
2.945570867705
2.954403094834
2.962736645021
2.971198964914
2.979462118701
2.987602217914
2.995583462308
3.003533653518
3.011421542394
3.019332753364
3.027174681809
3.034977223554
3.161022380984
3.166797829202
3.173165029358
3.179701516296
3.186281122573
3.192879748673
3.199516905972
3.206152506485
3.212761466371
3.219291388152
3.225825029637
3.232372720702
3.238934148836
3.245521594906
3.252171626931
3.259408081471
3.266449818675
3.273734163867
3.281067856495
3.288614227133
3.295949975790
3.303522256250
3.311426532025
3.319527058066
3.327342244189
3.336049947510
3.344704939396
3.442712222650
3.452614663430
3.462286717964
3.471887293180
3.481551008647
3.491210124670
3.500802580236
3.510487002564
3.520118705193
3.529765709698
3.539457902952
3.549107016186
3.559246517063
3.569250911254
3.579230059056
3.589198364186
3.599251362300
3.620382740506
3.630892468406
3.640440136249
3.650343688376
3.660380204382
3.670490146384
3.680746217545
3.691292394417
3.701959325601
3.712415994511
3.722863706454
3.733340211135
3.743920493937
3.754561777871
3.765250054610
3.776006361334
3.786770169382
3.797526191021
3.808648287890
4.011972822211
4.022180257699
4.032373765389
4.042761571713
4.053216561165
4.063653221421
4.074122625891
4.084775296648
4.095320561130
4.105962937935
4.116453651938
4.126903913479
4.137362646699
4.147740880174
4.158102745128
4.168368522588
4.178644920330
4.188895992053
4.199111615846
4.209176010774
4.219221536350
4.229600509650
4.240468284330
4.352684460657
4.363537069498
4.374561007135
4.385181558105
4.395786288279
4.406487664030
4.417332748492
4.428391401293
4.439091571429
4.538446989791
4.547170107874
4.556994170012
4.567564449362
4.578321112653
4.589078001656
4.599919473050
4.610772735690
4.621379941327
4.631940739060
4.642540601859
4.652864321524
4.663434911015
4.673933854583
4.684321143128
4.694766728920
4.705367833793
4.887885166236
4.898279884458
4.908023476445
4.918427705431
4.928938595154
4.939381340995
4.949350736190
4.959569009845
4.970030780658
4.980672173948
4.991640495094
5.002501990363
5.013214034941
5.023782039274
5.034372748766
5.044964656995
5.055628969082
5.261224085848
5.270977520744
5.280674545201
5.290595210297
5.300652846582
5.310958177760
5.321523553548
5.332280013162
5.343111110716
5.354055555933
5.365137841885
5.376255733005
5.387548836187
5.399219819111
5.412316813312
6.382580690980
6.391361845655
6.400537762146
6.409608895485
6.418552918880
6.427310742922
6.436055890900
6.444675971440
6.453394400477
6.460454072912
6.713528155632
6.722205713285
6.730558545255
6.738789159397
6.747215872169
6.755712641341
6.764272056035
6.772986879569
6.781789816595
6.790647443708
6.799502572292
6.808289471559
6.817074177384
6.825853034049
6.834446932687
6.843077390678
6.851634904719
6.860130464541
6.868598565456
6.876999723964
6.885248605339
6.893543497712
6.901812303700
6.909942864907
6.917565062137
6.925184101458
6.932828534010
6.940479620202
6.948185412237
6.955929541306
6.963760762980
6.971648473948
6.979673145662
6.987668300374
6.996006213564
7.003679028431
7.011916001947
7.019321124364
7.078328231170
7.088160141003
7.097644190888
7.107702401799
7.117968838134
7.128499645982
7.139225434344
7.150318209575
7.303146605877
7.313241545932
7.323467870741
7.333893655548
7.344360089025
7.354712030188
7.364970157964
7.375200399138
7.384749534510
7.394371928736
7.403918019932
7.575972855743
7.584910576837
7.594067427751
7.603306887430
7.612925938079
7.622352059954
7.632415285714
7.642519855046
7.652834622150
7.663364088535
7.674019255305
7.684846627466
7.695694278867
7.706541376113
7.717495854579
7.728612903233
7.740382946025
7.915847727638
7.926765518575
7.995294372152
8.007005681931
8.018231715502
8.029464038165
8.040634250375
8.051545686986
8.062374329703
8.073146771204
8.083911442480
8.094634476306
8.105453585479
8.205558000183
8.207225784228
8.209087006917
8.210939112772
8.212790782567
8.214643807514
8.216316155241
8.220589754882
8.222478854814
8.224588202631
8.228732599548
8.231197800880
8.233238746088
8.235070232538
8.236912025454
8.238716881755
8.240476765635
8.242324766765
8.243986616339
8.245850182938
8.247522356703
8.249518583866
8.251557691991
8.254039201815
8.255834425034
8.257642091974
8.259406002020
8.261049968944
8.263294487274
8.264955026936
8.266609100299
8.269100905283
8.270939398968
8.272602646483
8.275122876988
8.276801926405
8.278465612626
8.280317848284
8.281963621749
8.283847312188
8.285526803545
8.287185817224
8.290904129073
8.292642059785
8.294379687689
8.298597852332
8.300368093422
8.302118199507
8.308184597574
8.310239729971
8.312131697194
8.315873045391
8.860758034121
8.870416517345
8.879924866726
8.889470902086
8.899160350034
8.908686024024
8.918296625850
8.927631762251
8.937001164045
8.946015475391
8.955062328231
8.964016698994
8.972875063233
8.981509307287
8.990146595596
8.998591820144
9.007117930930
9.015182664477
9.023369006652
9.031572198999
9.039288255816
9.046888980435
9.054667859382
9.062172154003
9.069823767196
9.077592766327
9.085613584670
9.093535996071
9.229982238130
9.238448949349
9.247472483888
9.256829160662
9.266705147549
9.276365983217
9.286223185139
9.509797187873
9.519360602026
9.529176657027
9.538981921693
9.548884757958
9.558661519952
9.568512738471
9.578285119239
9.588409813393
9.598631774943
9.609113879793
9.619611514997
9.630218273787
9.640919693132
9.651590489212
9.662261653114
9.672911539023
9.683504615597
9.694104101542
9.704622856265
9.715099160153
9.725522581930
9.735965685440
9.747090780054
9.757757428667
9.768541364325
9.779502160311
9.791364339345
9.931154993385
9.942034485880
9.953542521772
9.965762423686
9.978247468901
9.991284482467
10.003796272122
10.017171289073
10.108824336265
10.119366010888
10.129858911366
10.140291555533
10.150830620455
10.161299913533
10.171946483298
10.182149741051
10.192288037776
10.202599925334
10.212852833151
10.223167206009
10.233705469955
10.244307444407
10.255052908198
10.265839887754
10.276766685801
10.483425525392
10.493984554016
10.503616665737
10.513580605279
10.523519970450
10.533485976098
10.543502597196
10.553599560124
10.563879290222
10.574317385144
10.585084953811
10.595949665197
10.606991218160
10.618198756827
10.629525558069
10.641175765962
10.652868832316
10.664529474481
10.676441662121
10.688347975448
10.700401721393
10.712352980758
10.724254192548
10.904608216285
10.909140728798
10.910984693086
10.912724500772
10.914726698299
10.918106331813
10.920642939817
10.922429386641
10.924117775951
11.244665200523
11.255458727358
11.266258027257
11.277449814885
11.288597797286
11.300317776478
11.312718295840
11.324535683489
11.335232458790
11.346230447570
11.357353630096
11.368356765608
11.379242767467
11.390021710910
11.400639283742
11.411031887921
11.421104798817
11.431042677222
11.440840932842
11.450452632570
11.459945149203
11.469669537633
11.478952588766
11.488145116040
11.497214773781
11.506241596707
11.515286226841
11.586008652875
11.595479840569
11.604583982340
11.613732985703
11.622900603792
11.632117418353
11.641642229901
11.651255012546
11.660582468410
11.670479488109
11.680277553147
11.690188900857
11.700317542416
11.869295569705
11.878559877959
11.888092156454
11.897896256955
11.907772192343
11.917814334673
11.927478293398
11.938215455278
11.948959021388
11.959912457361
11.971010802941
11.982252285561
11.993580842824
12.004922186613
12.016249622644
12.027522765147
12.038800598535
12.050145496812
12.061562630098
12.072986846914
12.084683264217
12.315332092985
12.325346253675
12.336403332861
12.347331287203
12.358701171108
12.369944138819
12.381455781993
12.395447126916
12.415990905642
12.429471695910
12.438675231995
12.449503113474
12.461020160735
12.472448800644
12.484206320264
12.591029535445
12.601720647307
12.612296005211
12.622863058289
12.633505602271
12.644341806380
12.655270136950
12.666193341735
12.677165427639
12.688020225373
12.699051676694
12.711497415886
12.724640822184
12.735698027074
12.746209229255
12.757215351142
12.768544842070
12.780094620802
12.791592581156
12.803151718692
12.815006251857
12.928012986623
12.938971987646
12.949903737752
12.960757023398
12.971825533066
12.982896592265
12.994046986410
13.005298158580
13.016489498612
13.027839008658
13.039206259853
13.051002522102
13.062679798378
13.074721717505
13.087212670650
13.100282450826
13.113540693879
13.128247591480
13.978707025270
13.988609837340
13.999366494346
14.009997429362
14.020617083225
14.031421885458
14.042306528808
14.053157883341
14.064072802504
14.074617353024
14.085353205986
14.095592723230
14.105991616535
14.116300329538
14.126786695543
14.137411365249
14.147775735071
14.157710956694
14.167458734720
14.177094378532
14.186456109146
14.195768636476
14.204948888126
14.213958850366
14.222519731357
14.231253745798
14.240110374344
14.249066668253
14.256353817973
14.371205634486
14.378390058418
14.385840159627
14.393357923362
14.400960791927
14.408691014686
14.416498600662
14.424350926458
14.432272291603
14.440140300535
14.448394877383
14.456589278552
14.464968319646
14.473413863482
14.482180087987
14.491182134889
14.500336878560
14.509462187706
14.518823267813
14.528354165537
14.537978605692
14.547809174129
14.557671011576
14.567440796404
14.577353066719
14.587275603417
14.597810098236
14.608522694591
14.618795923189
14.629068745006
14.639646435151
14.650440124032
14.661226351833
14.824208283958
14.834628175630
14.845407840660
14.855942516369
14.866990212699
14.877991697659
14.887632130285
14.898747254315
14.909776183755
14.920795863918
14.931664105425
14.942474398213
14.953153698819
14.963779605398
14.974263584324
14.984617347519
14.994647124765
15.004373688373
15.014109328605
15.023715775318
15.033095154288
15.042380429949
15.202989884579
15.211970026989
15.220934439458
15.230229726944
15.239600623981
15.248963038526
15.258307412454
15.267690758697
15.277116533407
15.286486841971
15.295776673068
15.305028054176
15.314230694582
15.323404305329
15.482719377238
15.490382210677
15.498802322153
15.506694215644
15.514926069807
15.523217161459
15.531461403222
15.539677957751
15.748538559243
15.758029023785
15.767597856624
15.777809783054
15.787624437325
15.798237697029
15.809118715964
15.820014120158
15.830978219072
15.841958256107
15.852831992525
15.863845975829
15.874486366382
15.884938739488
15.895363111121
15.905486667006
15.915492273186
15.925461027928
16.464800964463
16.475918572151
16.486792111426
16.499736596172
16.511772506686
16.521339500844
16.532497887654
16.544219852294
16.556362226110
16.568808024755
16.581670966848
16.656204145087
16.666113446143
16.676850712932
16.687428625961
16.697943806601
16.708358249480
16.718628799190
16.729109575452
16.739494927106
16.750667372351
16.952076698482
16.961905739877
16.972215675056
16.982649250918
16.993327665739
17.004060092499
17.014817370051
17.025485604520
17.036007844191
17.046478085317
17.057062325914
17.067970705315
17.228440376326
17.239096578805
17.249293586787
17.259623727838
17.270117634045
17.280843778874
17.291838144128
17.303052548252
17.314381585543
17.325977451959
17.337562557643
17.349203426197
17.360886249055
17.372611270996
17.384514767734
17.396547170065
17.408681066105
17.420715866185
17.432531940390
17.444216436700
17.455855296882
17.650917138670
17.662090438943
17.673375217337
17.739224663866
17.747170794277
17.754395621707
17.760325016976
17.927011897888
17.935276024859
17.944404618546
17.954369874889
17.964770621214
17.975506451820
17.986587529678
17.997821426503
18.009095805337
18.020375535314
18.031630721055
18.043154416489
18.055331443085
18.067927332055
18.080873388434
18.094108905929
18.108947397333
18.268611506558
18.270474443041
18.276212783275
18.278777426539
18.280602538289
18.282645102616
18.284863439855
18.286581558810
18.288339474653
18.293569486529
18.296191681989
18.298049531854
18.299873157081
18.303443922452
18.305472559957
18.307229112300
18.309046947666
18.314157857268
18.315969711700
18.317756220218
18.319490314404
18.321223510703
18.323283586219
18.325050632829
18.328984131788
18.331153704216
18.332889496239
18.334623985400
19.054513670286
19.056499258561
19.058191400529
19.060225329768
19.061910941726
19.064302942674
19.066354697120
19.068396011472
19.070101848647
19.072153305580
19.073862116249
19.075560512998
19.096692595929
19.105542940500
19.114603299881
19.123957375197
19.133335584760
19.143521128956
19.220986872176
19.227281820330
19.234681371748
19.242780826807
19.252262414765
19.263000187802
19.273707438121
19.283411771251
19.293190467014
19.302958407905
19.313050858441
19.323333696454
19.477934382052
19.484401207059
19.491854476885
19.499204249766
19.506583244085
19.513983816615
19.521413258443
19.528878348298
19.536323520985
19.543776334108
19.551352327278
19.558922148562
19.566420672819
19.574082488417
19.582354896001
19.694121313396
19.700313864308
19.707394329563
19.714549095689
19.721642165183
19.728726192601
19.735788697655
19.742908831683
19.750001716318
19.757252656151
19.764480252742
19.771720922464
19.779007510665
19.786317730073
19.793632017333
19.801025230439
19.808519694656
19.816207170190
19.824229691809
19.831732722990
19.839308664008

