Time_s
0.606102973894
0.613833610527
0.621560149025
0.629242015351
0.636925755483
0.644593057145
0.652276684071
0.659753486090
0.667156032511
0.674383044321
0.681473060848
0.688462938869
0.695247795105
0.701971266005
0.708619099687
0.715149087350
0.721622579606
0.728103641049
0.734558720130
0.741059292453
0.747543269413
0.754246098576
0.990007392637
0.997351103712
1.005009880206
1.012766028046
1.020597484102
1.028607751433
1.036691810116
1.044847212172
1.053019523152
1.061235658516
1.069468687516
1.077676867345
1.085926944578
1.094136443420
1.102374183467
1.110567262151
1.118769890979
1.127004147888
1.135245178972
1.143475443842
1.151678029801
1.159804794786
1.168085438242
1.384146132068
1.392302532137
1.400782119014
1.409486207751
1.418302631884
1.427424226159
1.437086113144
2.340114180643
2.348793785549
2.357284801008
2.365690048619
2.374245003547
2.382779957741
2.391268093268
2.400016673377
2.408601925032
2.417223436605
2.425759653512
2.434148196010
2.442393929580
2.450347212679
2.458055536806
2.465602257868
2.473214611008
2.626442676087
2.631918650064
2.638007288537
2.644177979818
2.650464470315
2.656826790669
2.663310701172
2.727707719580
2.734634009032
2.741655373140
2.748799113489
2.756116176428
2.763821635741
2.899539545631
2.907085637008
2.914747022813
2.922499418082
2.930369124600
2.938369900442
2.946499053579
2.954777390631
2.963199774106
2.971564945292
2.979939038136
2.988451242345
2.996964819956
3.005551679185
3.014159167468
3.022849340521
3.031504696954
3.040104764774
3.048782799642
3.057405255584
3.065988176934
3.074578901394
3.083176085015
3.091672421842
3.100282763844
3.108854590956
3.117433532405
3.125913226975
3.134405572623
3.142825838074
3.151408769857
3.159985353607
3.168601426374
3.177346521039
3.185855367057
3.194324192362
3.202939260742
3.211419411444
3.219897773169
3.228322655714
3.236725075318
3.245017393908
3.253317283361
3.261492879792
3.269595126357
3.277698488236
3.285800890135
3.293822892824
3.301857883669
3.309949587556
3.495488839352
3.503601527266
3.511787418892
3.520259704499
3.528750345980
3.537368494222
3.546086173880
3.554836668337
3.563597381896
3.572371458623
3.581201012610
3.590026913983
3.598854312240
3.607665258259
3.616446965618
3.625171289692
3.633887713383
3.642688162862
3.651553238771
3.660425992428
3.669409412579
3.800581368161
3.809071537610
3.817379922838
3.825691194049
3.834030108047
3.842341503708
3.850636105933
3.859027660599
3.987978099132
3.996291868495
4.004315376950
4.012416257666
4.020520496892
4.028645747656
4.036855503849
4.187838632619
4.197164513540
4.206401349606
4.215636668877
4.225085436961
4.234702977737
4.244661152416
4.253440798796
4.262316039223
4.271238264602
4.280181656088
4.289261544574
4.298449046958
4.307815311438
4.317143884400
4.326500488978
4.335989868584
4.345037598499
4.354432500952
4.363882289023
4.373315746984
4.382778473024
4.392228200665
4.567768364113
4.570101783392
4.572436949414
4.574798709981
4.576652595934
4.578979455887
4.581311719798
4.583719845955
4.585830556991
4.588211177184
4.590580621068
4.592881039567
4.595054659287
4.597555438451
4.599858925821
4.602202065943
4.604449406406
4.606954854807
4.609259958849
4.611608982243
4.613932727557
4.616915447952
4.622458234764
4.624670517745
4.627546415747
4.629892942406
4.632573994430
4.635057118128
4.637489581721
4.639924754702
4.642277310345
4.644652948880
4.646751401737
4.649101823915
4.654068474655
4.656541932872
4.658832199546
4.661102810632
4.663098589228
4.665364696100
4.667447649138
4.669645891679
4.671627131508
4.673564364029
4.675932801897
4.678242967662
4.680288766317
4.684429006252
4.686723999778
4.688941918230
4.690884587077
4.692707595896
4.695274047613
4.697653230400
4.699821758721
4.702083584967
4.704300261715
4.706514772119
4.708722296444
4.710984109289
4.712911395701
4.714820520576
4.717236032101
4.719390476285
4.721362782103
4.723261227840
4.725509950190
4.728101122400
4.730195646867
4.732325617604
4.734297912250
4.739621447277
4.741633767975
4.743640364830
4.745636617638
4.749793264822
4.751751081348
4.753760181580
5.534795712498
5.542455161929
5.549917733546
5.557358387390
5.564835987167
5.572368033532
5.873124391668
5.879992272491
5.887144585944
5.894484499860
5.902015381980
5.909700218615
5.917459056176
5.925305153745
5.933110451363
5.940958091431
5.948843355875
5.956790552621
5.964777313238
5.972778367122
5.980794562773
5.988820431218
5.996884772148
6.004945335689
6.013085627769
6.021219908287
6.029337268342
6.037469504405
6.045727310855
6.053761523046
6.061851807476
6.069823272615
6.077680632025
6.085496738853
6.093294904688
6.100908655448
6.108538545728
6.116189646494
6.123851998976
6.131492055665
6.139270111005
6.231511595143
6.240564860554
6.249850936507
6.412174402818
6.421189295956
6.430116802297
6.439076533816
6.447986009692
6.456929576399
6.465789207179
6.474665663949
6.483421603014
6.492233521326
6.501009431160
6.509855027909
6.766588172627
6.774562117736
6.782885501733
6.791235553201
6.799715139065
6.808340788637
6.817004066527
6.825657596372
6.834341857553
6.843034274389
6.851759503823
6.860387286040
6.869121614655
6.877887834472
6.886663276422
8.053346380384
8.061282732262
8.069468272706
8.077764109150
8.086153454827
8.094720288996
8.103370897687
8.112081661791
8.120817135381
8.129563929344
8.138304115746
8.146957378138
8.155666957357
8.164356186228
8.172964767245
8.181517445425
8.190002301115
8.198336871372
8.206517851253
8.214546509644
8.222468942107
8.230243763659
8.237991224034
8.245883859516
8.253798627268
8.261797641661
8.431532630649
8.439169523799
8.446961759447
8.454769711616
8.462422677428
8.470036559637
8.694964056305
8.702467696101
8.710121082576
8.718061321456
8.726182392751
8.734407462525
8.742576758787
8.750958098295
8.759345224816
8.767908773541
8.776503276285
8.785167057586
8.793785117975
8.802534156513
8.811307073506
8.820102564222
8.828880963870
8.837668047500
8.846603186618
8.855476655649
8.864344824947
8.873171202944
8.881966673361
8.890781895849
9.242929555595
9.251730970110
9.260480526668
9.268744861014
9.277052038477
9.285273051432
9.293446799341
9.301598355817
9.309844248108
9.318175035108
9.326517974601
9.334935603970
9.343303845711
9.351779953024
9.360179830310
9.368565179948
9.588764240754
9.597526831173
9.606378045099
9.615370834498
9.624431160098
9.633599542289
9.642825831363
9.652076899832
9.661372879638
9.670855384887
9.680451283356
9.690172510105
10.298250707125
10.306328345439
10.314462097457
10.322514474606
10.330692668180
10.338772517290
10.347011068548
10.355003380600
10.363107129458
10.371118593598
10.379149652310
10.387131794654
10.395108559510
10.402989436639
10.410876445293
10.417972051076
10.425562232691
10.433335043373
10.441179840838
10.448973911572
10.456764039281
10.464484684379
10.472192756206
10.479813681464
10.487474891774
10.495145975743
10.502826602135
10.510512031420
10.518377879622
10.585008067931
10.592082603219
10.599549491500
10.607009081400
10.614601744916
10.622266487579
10.629995310769
10.637755975302
10.645582943291
10.653388890219
10.661256967776
10.669158644397
10.677199472006
10.685286642100
10.693409590365
10.972622849462
10.980129839244
10.987490308212
10.994932907420
11.002460269709
11.010043569493
11.017727309079
11.025504541973
11.033416317479
11.041394464584
11.049496623109
11.057689387554
11.481494826464
11.490463624190
11.499580075793
11.508742525967
11.517961370148
11.634931939979
11.643705521379
11.652611691655
11.661522158973
11.670545031525
11.679655442656
12.960726744093
12.968791807526
12.977059275152
12.985329480921
12.993585999098
13.001980855028
13.010581032437
13.019277381011
13.028075004275
13.036884407326
13.045774165024
13.054702029784
13.063710858320
13.072821606714
13.081946862190
13.091067648460
13.100132350421
13.109187383421
13.118184229677
13.127065091964
13.279514894007
13.287160943979
13.295271682536
13.303595574175
13.312108305120
13.320751476032
13.329424757992
13.338643572219
13.347267878503
13.355937109089
13.364572420117
13.373230032319
13.381872118806
13.390440341473
13.398990517264
13.407512977835
13.415911154495
13.423873160905
13.432078410552
13.440275839033
13.448503447851
13.456699608058
13.464889991329
13.473103063772
13.481336889034
13.489752813405
13.756334732424
13.764242196426
13.772088830041
13.780126190773
13.787776816060
13.795997664575
13.804446116707
13.812909116710
13.821386799654
13.829861243429
13.838291487308
13.846792777891
13.855300699519
13.863706462135
13.872200199714
13.880660349682
13.889162953665
13.897763609397
13.906246217041
13.914577857819
13.922879558037
13.931023642569
14.081788574014
14.088303386620
14.096077292043
14.104209868508
14.112606666140
14.121113167188
14.129859052518
14.138618657268
14.147509666577
14.156396622239
14.165231993872
14.174058327050
14.182798964816
14.191565486303
14.200544790897
14.582845885029
14.590268427217
14.597865152868
14.605675326176
14.613539710904
14.621446946402
14.629180056550
14.637411681283
14.645649881808
14.653997985407
14.662454998735
14.671046822865
14.679763221099
14.688479883208
14.697366931498
14.705865579271
14.715672634018
14.725314696062
14.735170467131
15.055795127232
15.064169885135
15.073287599371
15.081638895468
15.090214356144
15.098876630470
15.107453666074
15.115551737325
15.124149535606
15.132817057598
15.141671578461
15.255294964046
15.263324559239
15.271377590196
15.279332183773
15.287267317850
15.294941616032
15.302401277489
15.309832571974
15.317228177460
15.324603109383
15.331913283042
15.549779181271
15.556538562120
15.563269593351
15.570105663546
15.577036036081
15.583984090240
15.590966800629
15.597963039021
15.605003023982
15.612041981264
15.619153360956
15.626299449066
15.633508367161
15.640725270715
15.647970551738
15.655295474393
15.662726444148
15.670321503965
15.812493711698
15.819512884156
15.827083672286
15.834726892775
15.842621598984
15.850688957409
15.858783748106
15.866931814619
15.875233958126
15.883670223713
15.892277336502
15.901179936072
15.910376966199
15.919578279617
16.433527988411
16.442278480651
16.451188514296
16.460241583609
16.469679731650
17.591033122693
17.599420148993
17.607993641803
17.616629208736
17.625769924223
17.635024277418
17.644052274201
17.652901691491
17.661950519551
17.854666255913
17.861810347095
17.869052395825
17.876326710358
17.883638520050
17.890966930107
17.898338446977
17.905858418555
17.913785166296
18.055476033349
18.062231771354
18.069048983811
18.075925470836
18.082827786775
18.089781198091
18.096762836573
18.103817983904
18.110962576567
18.118131910105
18.276875743971
18.283838436642
18.290937541335
18.298193120976
18.305567282634
18.313046670261
18.320646191145
18.328336707446
18.336023008185
18.343807647111
18.351593634515
18.359383830533
18.367168486431
18.374945997749
18.382746967879
18.390564842596
18.398371619494
18.406256661058
18.414208423461
18.422238700161
18.430511350669
18.531580141154
18.540164856240
18.548277210455
18.556481756256
18.564679507928
18.572867932905
18.581199976748
18.589590486303
18.598208461502
18.606623457337
18.881557239658
18.887983166105
18.895695315401
18.903323004596
18.910998216764
18.918735454508
18.926540505677
18.934384196592
18.942396818021
18.950428505546
18.958503966686
18.966599952387
18.974725315461
18.982864947030
18.991068910379
18.999370087769
19.007726289839
19.016115523578
19.024550147987
19.032949619085
19.041211334095
19.049377569209
19.057431378972
19.065457540923
19.073414217094
19.081315452039
19.089156868608
19.096971173401
19.104777786061
19.112654904594
19.120510296508
19.128344264660
19.136290387227
19.144249746488
19.152312762508
19.160387624048
19.168561905651
19.176692334497
19.184813904448
19.192876887131
19.372383668312
19.381249986366
19.390270306078
19.399625649632
19.409091535308
19.418763521595
19.428572690191
19.438193025914
19.447813946789

