Time_s
0.904616342673
0.908798783321
0.912976668165
0.917163804956
0.921377442756
0.925318417245
0.929441586355
0.933350734704
0.937205242079
0.941004276274
0.944776220526
0.948508339318
0.952211618497
0.955897209009
0.959561524461
0.963184763377
0.966772489053
0.970333806122
0.973864098140
0.977346565876
0.980780171690
0.984160822333
0.987533475498
0.990872948061
0.994184268854
0.997463801904
1.000722403290
1.003948811623
1.007153470476
1.010342283436
1.013496528910
1.016644890580
1.019742686886
1.022814235754
1.025816639571
1.028863917123
1.031919421203
1.034950615144
1.037698400584
1.040399055756
1.043071276813
1.047852901775
1.050072162322
1.052634855538
1.056953260103
1.059671278512
1.061440417043
1.063145872996
1.064828707489
1.066935816435
1.070920036657
1.072676927128
1.076227628197
1.078734161516
1.080443466741
1.082133128168
1.083841713319
1.085530191088
1.089767220807
1.091603139467
1.093747605524
1.095442540790
1.099090590142
1.101562122810
1.103273944949
1.104991332880
1.135981310267
1.137684203769
1.139517668599
1.141228885470
1.145749678853
1.147481488528
1.149170986285
1.151439452230
1.153808749928
1.155518574791
1.159718805415
1.162336650323
1.164048443617
1.416426960605
1.421723332982
1.426126887140
1.430644614403
1.435204852555
1.439810303859
1.444441835498
1.449076550839
1.453712078442
1.458345377813
1.462967696982
1.467572446938
1.472158033621
1.476739888870
1.481311796376
1.485872982517
1.490386969659
1.494905783080
1.499422361982
1.503928665889
1.508405992259
1.512856124889
1.517283616659
1.521688474630
1.526065574901
1.530413805575
1.534746424627
1.539072043071
1.543380005125
1.547681203002
1.551961736503
1.556234868510
1.560499142276
1.564745490386
1.568975505183
1.573186151651
1.577394098601
1.581591703654
1.585775791539
1.589952510574
1.594125995636
1.598248624393
1.602286412150
1.606257813118
1.610171568191
1.614068519289
1.617959087398
1.621836670938
1.625671789341
1.629471616279
1.633256356911
1.637025747854
1.640801206343
1.644554979016
1.648314030556
1.652020748671
1.655735312322
1.659486533069
1.663250933031
1.666999491160
1.670744573525
1.674474320293
1.678292006347
1.682073470293
1.685786985261
1.924812730153
1.926582032672
1.928341774760
1.930833113277
1.932583250760
1.946215490604
1.948079849036
1.949826166343
1.954974884568
1.956854891902
1.958995123041
1.961714081654
1.965476235715
1.967249330918
1.969118990126
1.973639097871
1.975495987120
1.977215238197
1.979418716293
1.981612830656
1.983497976615
1.985631809195
1.987420309183
1.989664166673
1.991405900511
1.995982580297
1.998128833683
2.000470123476
2.002256523020
2.004012012620
2.005774202652
2.008107823542
2.010286683689
2.012250637590
2.015779071820
2.018159378627
2.019947977296
2.021770023199
2.023459307095
2.136128139577
2.138789252140
2.145497582303
2.148591137616
2.151560305785
2.154970096263
2.158305420326
2.161726023918
2.165113678417
2.168475958324
2.171835652980
2.175196950341
2.178551876923
2.181917752200
2.185273103585
2.188651911716
2.192025168870
2.195416824743
2.198824134421
2.202263679168
2.205714095173
2.209188519064
2.212694360861
2.216230663140
2.219788820726
2.223374037495
2.226977244874
2.230623529745
2.234337564307
2.238127544825
2.241976713648
2.245867850874
2.249834998083
2.253882842146
2.258103603494
2.262431882868
2.266815777003
2.271327515070
2.276106306448
2.281434906416
2.286288501999
2.291279199241
2.296385626356
2.301853208188
2.307352141806
2.313149090988
2.318992826148
2.885718654691
2.887956787729
2.892674393073
2.895004124863
2.897042500879
2.899191099794
2.901199632401
2.924211119043
2.928499210911
2.932458292277
2.936345349780
2.940241105327
2.944048569340
2.947811967675
2.951556502282
2.955192299579
2.959051939823
2.962499839361
2.965895963000
2.969457031760
2.972952481875
2.976461625471
2.980174271916
2.983627790641
2.986986983629
2.989794019018
2.992649405897
2.995494687440
2.998331073444
3.000571293589
3.002728473358
3.004827169731
3.006448342449
3.008196918485
3.009942818809
3.011563625830
3.015350412162
3.017039674754
3.018728872231
3.020440762997
3.024113463263
3.026064130023
3.134914077778
3.137065882175
3.139278286441
3.143784255482
3.145811034342
3.148741496599
3.150671937969
3.154592898552
3.157451712670
3.159386321967
3.161256410898
3.165423209987
3.243557662473
3.246740604962
3.255121614925
3.258919934242
3.263091030194
3.267267586731
3.271479379970
3.275715576676
3.279961434390
3.284206099360
3.288460098010
3.292726738147
3.296987308800
3.301237421012
3.305472942177
3.309700842308
3.313925409120
3.318147787301
3.322349492039
3.326539063050
3.330712095237
3.334862900626
3.338992773247
3.343117521318
3.347208671532
3.351287940002
3.355343949580
3.359390310295
3.363414724077
3.367424856560
3.371436507492
3.375427613505
3.379435996894
3.383423360245
3.387415699995
3.391389680327
3.395340658652
3.399285220054
3.403200350168
3.407118413693
3.411035736080
3.414953385966
3.418852619011
3.422734831071
3.426627841772
3.430537589390
3.434459631939
3.438417114413
3.442390847707
3.446606178704
3.450880864857
3.454866303708
3.458798967248
3.585990598516
3.589978780063
3.594683128753
3.599796759397
3.605071485260
3.610377300467
3.615752670103
3.621183803122
3.626694867553
3.632297732648
3.638018448722
3.643937500773
3.649999262319
3.656249783556
3.662537196125
3.763618252234
3.769053215423
3.774271667820
3.779265562736
3.784270423994
3.789172486578
3.794081030690
3.798937464018
3.803735638243
3.808489009659
3.813214481277
3.817897220541
3.822554783248
3.827172300799
3.831764375729
3.836305744558
3.840756044345
3.845113100362
3.849406620538
3.853672515186
3.857899154513
3.862087535106
3.866219891807
3.870312360910
3.874369053256
3.878384184712
3.882367910443
3.886314902163
3.890211137560
3.894121474979
3.898037050349
3.901906600417
3.905709887151
3.909472867947
3.913257774161
3.917053539434
3.920830075533
3.924505470842
3.928152842031
3.931822430072
3.935557638001
3.939224457812
3.942774631346
3.946407108194
3.950041550563
3.953727767737
3.957384178080
3.961070263036
3.964786422574
3.968403480523
3.974431071043
3.977367573612
4.378702955258
4.384396272088
4.390019782394
4.395584901788
4.401076369154
4.406581657433
4.412118861999
4.417762891538
4.423552831738
4.774445127550
4.776347542835
4.781073871655
4.782863352079
4.784643366853
4.786423356411
4.884316184599
4.891467373731
4.894478296760
4.898579256867
4.902461341970
4.906765790675
4.910879834798
4.915076272722
4.919280138380
4.923438181908
4.927641194868
4.931865416942
4.936054777091
4.940246928250
4.944420267100
4.948586793818
4.952731375829
4.956872884914
4.961009151519
4.965121313177
4.969237808843
4.973344296801
4.977461212193
4.981519582925
4.985566751231
4.989612952708
4.993683486036
4.997732472484
5.001742507554
5.005719144234
5.009699861931
5.013734709921
5.017723773911
5.021677761235
5.025572033259
5.029483449827
5.033441914111
5.037395554590
5.041256552176
5.045071592119
5.048881774346
5.052798475892
5.056697943176
5.060511609465
5.064282157684
5.068022028434
5.071895878230
5.075770092747
5.079572362058
5.083351880269
5.087088177536
5.090935181467
5.094890557747
5.098821727018
5.102624754758
5.106377988582
5.113358756790
5.116853641070
5.407299697814
5.412815526243
5.418275097262
5.423716884558
5.429171148498
5.434537610615
5.439905478533
5.445286638268
5.450648283829
5.456028114672
5.461480887424
5.467010578831
5.472700362257
5.497593635244
5.499820673298
5.502371731037
5.504668521564
5.506746476551
5.510917420643
5.513322448836
5.515130745731
5.549174695663
5.551863256319
5.553791275880
5.558485769556
5.560336250045
5.562510017007
5.564267350798
5.566092068430
5.570058726834
5.572134659599
5.574787942760
5.658396293792
5.662441632423
5.667128380234
5.671769675925
5.676452823604
5.681144481743
5.685868279574
5.690567996503
5.695259389383
5.699931826542
5.704601256041
5.709264659736
5.713907203247
5.718528918963
5.723133822014
5.727720828906
5.732300946682
5.736870792056
5.741422775533
5.745953023802
5.750484787152
5.755015293967
5.759521746091
5.764013685766
5.768490123536
5.772972749140
5.777432097565
5.781858009972
5.786268214295
5.790680661847
5.795095424450
5.799462497537
5.803808808644
5.808173790760
5.812515811435
5.816834666466
5.821107696215
5.825348348386
5.829586157303
5.833789279344
5.837960487289
5.842144431346
5.846284267939
5.850479968407
5.854649234296
5.858823424142
5.863006976779
5.867073304211
5.871391070170
5.875720020194
5.883182599462
6.185802762554
6.190140736740
6.194201352213
6.198657378819
6.203161256115
6.207673580835
6.212158580420
6.216619131388
6.221082950232
6.225534694713
6.229987567432
6.234426174134
6.238877290702
6.243316001644
6.247731401979
6.252118358466
6.256495037058
6.260877738394
6.265270106463
6.269663568105
6.274067155274
6.278445205761
6.282824226975
6.287191373108
6.291561054759
6.295937285910
6.300274812881
6.304592794410
6.308903739207
6.313234457088
6.317542492376
6.321805597462
6.326031130477
6.330287342700
6.334584078050
6.338845242051
6.343072068746
6.347280583677
6.351560082126
6.355835081570
6.359990411801
6.364085968976
6.368280651794
6.372558305732
6.376739719723
6.380861631457
6.384934633051
6.389097684689
6.393358584161
6.397498192259
6.401441086923
6.405502637917
6.410107226533
6.414286505246
6.423584389618
6.430507050929
6.434215004884
6.438125646374
6.442033284131
6.445887662137
6.449770017207
6.453602392643
6.457502533599
6.461409227485
6.465330523667
6.469224531388
6.473145259755
6.477087868277
6.481136047373
6.485088051789
6.489023524262
6.492900931028
6.498677076997
6.500524906890
6.502898102529
6.504609712602
6.508961947849
6.510659332373
6.512434092066
6.514154778591
6.518256652629
6.519945577636
6.522302272837
6.524078117046
6.528279192821
6.530029961736
6.532727151500
6.534461306036
6.667069157132
6.669534075648
6.675369312279
6.678361246811
6.681593788642
6.684822320947
6.688080462580
6.691414186817
6.694816984859
6.698260357364
6.701732904180
6.705221466044
6.708763773243
6.712386364031
6.716019357870
6.719685039667
6.723445109183
6.727301731179
6.731247902965
6.735313162023
6.739487443331
6.743821960216
6.748368617474
6.753027481997
6.757887950849
6.762885033756
6.768080454353
6.773501105209
6.779185345484
6.785142800366
6.791362841166
6.797827795710
6.804536988750
6.811438522671
6.818487046728
7.386790106078
7.388925232228
7.390931895259
7.392938424732
7.396917308783
7.455789321790
7.457643771841
7.459510502884
7.461400140590
7.466584080597
7.468723871076
7.478452527481
7.481989494691
7.486043940632
7.490122969791
7.494140064198
7.498085680736
7.501986283517
7.505869164055
7.509727525620
7.513566903200
7.517382568501
7.521170062017
7.524927159847
7.528663569497
7.532377637767
7.536054977511
7.539698522715
7.543324107447
7.546939795121
7.550538140605
7.554133222154
7.557725077457
7.561306326554
7.564869421492
7.568692287663
7.572797193016
7.578171169859
7.580796536790
7.583324262303
7.665283111728
7.667150907890
7.668991591160
7.670860163655
7.672680137917
7.676393041018
7.685293863922
7.687643537946
7.690012378692
7.695329203710
7.697089090190
7.699018031970
7.704013822594
7.705688966630
7.707352352248
7.709592843469
7.711438636460
7.713232554994
7.716606641023
7.718696945043
7.720376332127
7.722049624057
7.723671130055
7.974829291845
7.976669244316
7.978461740562
7.983719288711
7.985521522012
7.987400517858
7.989246267766
7.991229209520
7.994836214057
7.996784080614
7.999026779089
8.003965225871
8.005686245247
8.007931103760
8.010201931928
8.011973573335
8.016358370922
8.018080124030
8.020006227105
8.021682051998
8.025138007128
8.026933508732
8.029218596037
8.030984318553
8.032845538921
8.036475468985
8.038852375805
8.040645006896
8.044198115932
8.046820322595
8.192383825277
8.196516541433
8.200742687712
8.204980998584
8.209182705413
8.213345868392
8.217493860604
8.221622170690
8.225736407307
8.229849610148
8.233929633241
8.238041864141
8.242124232164
8.246195925741
8.250248004810
8.254263408507
8.258247174244
8.262218343856
8.266190016610
8.270166368514
8.274104594940
8.277976559429
8.281858450609
8.285739300691
8.289631641186
8.293476542587
8.297293721369
8.301088067466
8.304892790251
8.308688546884
8.312488717385
8.316247703050
8.319977633417
8.323716878357
8.327480508774
8.331221118551
8.334927618999
8.338613247400
8.342277018952
8.345917783417
8.349692824016
8.353434577679
8.357095589292
8.360713902325
8.364559324254
8.368370060293
8.372007621782
8.375845910782
8.379627938706
8.383151267818
8.762611692662
8.767757102526
8.773488148081
8.779141583497
8.784639447933
8.790061057625
8.795653076093
8.801234132531
8.806744299149
8.812747477969
8.818555222667
9.043234784687
9.047823876314
9.052416561216
9.057017272654
9.061589773268
9.066151101419
9.070810351212
9.075489587247
9.080910358277
9.085745336468
9.090598717198
9.095366921166
9.100015147638
9.104561087953
9.109038638484
9.113496962381
9.117936119574
9.122362943317
9.126771849062
9.131139184493
9.135485406693
9.139811034049
9.144084366874
9.148323739543
9.152532543303
9.156693216224
9.160804414122
9.164777654306
9.168715668372
9.172606735171
9.176461164256
9.180328011110
9.184169081391
9.188017762236
9.191807659912
9.195647364026
9.199556396961
9.207015654353
9.210098215768
9.215835026106
9.218609811333
9.220909313510
9.225742555562
9.227951044902
9.230209075773
9.232351406384
9.236368149733
9.238306674524
9.240247201451
9.244714185417
9.246783318641
9.248585896101
9.250910798166
9.254448101699
9.257146406897
9.258996922554
9.260855380493
9.264966670629
9.266909007234
9.269526045167
9.271278838395
9.274802229176
9.276532100677
9.278276198772
9.280243790925
9.284242552604
9.285977113695
9.287723783966
9.289920825740
9.295218878293
9.303430328360
9.305204122212
9.307274864320
9.309086688537
9.312844530131
9.314588088782
9.316327819429
9.318232246851
9.320001946323
9.324089738847
9.325947577864
9.494779530845
9.496513620263
9.501886008720
9.503653274483
9.505633397430
9.507783995873
9.509525358909
9.512881220598
9.514570463613
9.517025217771
9.524133156308
9.526360503413
9.531253965260
9.533287286796
9.535302923255
9.537324326367
9.539260180947
9.543196117165
9.544998624327
9.547263438212
9.572765675798
9.577449462720
9.582577667866
9.587894791940
9.593165082069
9.598423709139
9.603697855855
9.609029531986
9.614326932450
9.619602843428
9.624944577665
9.630315203678
9.635659079834
9.640995399099
9.646366735258
9.651729239277
9.657037752364
9.662336528146
9.667655995812
9.672959107615
9.678236641904
9.683494187644
9.688784803850
9.694047776282
9.699275423893
9.704532101095
9.709669690069
9.714766619806
9.719974919028
9.725179097178
9.730363189816
9.735536663059
9.740718833425
9.745874557840
9.750999332579
9.756108648069
9.761185926432
9.766256998607
9.771265502695
9.776276446243
9.781256111014
9.786209563270
9.791135729477
9.796038524755
9.800940342302
9.805807611005
9.810660322918
9.815456496244
9.820232474348
9.824987849013
9.829718272890
9.834426870710
9.839100826126
9.843755803674
9.848331131320
9.852887429669
9.857382086309
9.861845061499
9.866253731390
9.870648721280
9.875013200107
9.879362684232
9.883727158471
9.888094629714
9.892470725171
9.896854361091
9.901234628302
9.905618501771
9.909984600320
9.914334686986
9.918642740496
9.922965988299
9.927297853643
9.931604399695
9.935825447284
9.940016728522
9.944336884094
9.948653244704
9.952884784547
9.957078492571
9.961265889888
9.965495821858
9.969692719712
9.973846045344
9.977981382773
9.982122739568
9.986339449196
9.990465582718
9.994621732002
9.998794465248
10.007448064200
10.014867564880
10.162219418233
10.165594230798
10.169237303019
10.173231729683
10.177088707782
10.180973121074
10.184850188101
10.188743974614
10.192632522474
10.196528674214
10.200433617032
10.204342064124
10.208286996807
10.212236223661
10.216223719822
10.220250420452
10.224321806040
10.228430316244
10.232587011581
10.236799907800
10.241068184059
10.245373003874
10.249758093882
10.254261779987
10.258861672252
10.263585872011
10.268430390822
10.273422934848
10.278554506029
10.283834062849
10.289255952154
10.294813600073
10.300084321070
10.305889702294
10.311706831512
10.317538056867
10.323396822533
10.329254859202
10.335147100858
10.340962947767
10.346781954186
10.352507173673
10.358154520223
10.363711976045
10.369159391339
10.374472204648
10.379418525828
10.384429425233
10.389482470446
10.394437784626
10.399189149077
10.404012830586
10.409090662664
10.417960930637
10.444958100363
10.449425021593
10.451955372396
10.453711683701
10.455435265212
10.459896966142
10.461605654342
10.463307124964
10.465016113859
10.466750697445
10.469032432351
10.472396974587
10.474902650245
10.476638495591
10.478398999822
10.481808974600
10.483566309917
10.485514198183
10.487384608949
10.489344749474
10.493450320012
10.495554978857
10.504028959465
10.505748773493
10.510945648110
10.512667961234
10.514639142816
10.516629050682
10.518462498191
10.520151587331
10.523555935394
10.526045978411
11.013794384704
11.023147548124
11.027181315277
11.031412776619
11.035772066227
11.040129535044
11.044506022871
11.048922251526
11.053353411126
11.057756104579
11.062160788913
11.066548275722
11.070912317015
11.075241629676
11.079591143468
11.083893006735
11.088184764582
11.092428338457
11.096681324945
11.100889151117
11.105091425611
11.109266926590
11.113407675810
11.117529018782
11.121643475961
11.125737462113
11.129820720848
11.133893871295
11.137968933502
11.142038499991
11.146113180766
11.150189953367
11.154249573890
11.158276525864
11.162284856823
11.166267221475
11.170234280940
11.174193561638
11.178127637683
11.182045926569
11.185916893082
11.189755504471
11.193562043333
11.197376092778
11.201165034226
11.204959414192
11.208737103449
11.212547336903
11.216353580477
11.220153926268
11.223926401632
11.227722353207
11.231504424633
11.235298294613
11.239118358497
11.242928278371
11.246750908435
11.250523970025
11.254401258315
11.258265754823
11.261999604057
11.265570948400
11.268415622650
11.274131254329
11.277340926156
11.509239727085
11.511213896306
11.513830286160
11.515887976741
11.532616180015
11.541416011759
11.545243124937
11.549108118710
11.553353289568
11.557739642606
11.562170434490
11.566646067689
11.571191814938
11.575720670814
11.580271208762
11.584851612231
11.589446564268
11.594009016867
11.598569613799
11.603140721267
11.607708989189
11.612262705174
11.616795805571
11.621349719219
11.625865939909
11.630357736119
11.634803438208
11.639206533591
11.643595398906
11.647949631294
11.652279148515
11.656575656828
11.660875883467
11.665196642914
11.669526952081
11.673762562050
11.677966575739
11.685832052710
12.073168415261
12.075417964727
12.079729774775
12.081506223165
12.083775716829
12.085523560987
12.089137257361
12.090962901567
12.092952040959
12.094756793231
12.096654649834
12.098424596287
12.101971091381
12.103714342164
12.105717499317
12.114240501978
12.116390919457
12.120362498621
12.122168173417
12.124458683477
12.126752123735
12.128825846511
12.132703106353
12.134758335658
12.136733894024
12.138509800446
12.140262796364
12.142280984579
12.144117794969
12.145858910053
12.174756754058
12.179236303674
12.184782678168
12.190252696335
12.195703478234
12.201027464597
12.206421083123
12.211817578378
12.217194355967
12.222600419802
12.228017541609
12.233451942445
12.238837079487
12.244184794346
12.249547591702
12.254941776207
12.260365237617
12.265806701356
12.271244291975
12.276675886791
12.282084618305
12.287453783047
12.292687300976
12.297902868937
12.303064835110
12.308272753996
12.313458319687
12.318613446005
12.323737676286
12.328853405434
12.333939271428
12.339037008945
12.344124546731
12.349193436251
12.354236835055
12.359235604244
12.364204301284
12.369155488264
12.374088310060
12.378988192635
12.383874324411
12.388733126540
12.393547835891
12.398332958623
12.403079072088
12.407803558321
12.412464206882
12.417106388172
12.421713106139
12.426228280369
12.430746531344
12.435204189502
12.439692569794
12.444237549637
12.452687169546
12.456805636138
12.564006792829
12.569698185037
12.571641426269
12.573918270896
12.576484619436
12.578299016037
12.580031295856
12.584334136063
12.962381323664
12.967851777662
12.973652222014
12.979371848103
12.984999017921
12.990596530258
12.996270365965
13.002082145440
13.007979466889
13.013930676968
13.019936777849
13.025869830097
13.031948988642
13.038350799081
13.044265474907
13.049570267848
13.261078840855
13.266991802441
13.272800273616
13.278620719308
13.284800213335
13.290458913340
13.295980034768
13.301479762815
13.306990645231
13.312371210019
13.317703507655
13.323050358241
13.328387199133
13.333640175258
13.338866264899
13.344097059435
13.349319149887
13.354459348469
13.359543444469
13.364580344599
13.369606941156
13.374468565214
13.379260440109
13.384049819036
13.388780287247
13.393439336017
13.398077070725
13.402719975995
13.407351642808
13.411911555436
13.416390784898
13.420857425418
13.425318472625
13.429758625862
13.434148160484
13.438496403040
13.442849024025
13.447193660060
13.451485090073
13.455721699412
13.459892530905
13.464164971321
13.468410154521
13.472617271201
13.476761778056
13.480966012524
13.485223689502
13.489358445214
13.493429059842
13.497533613175
13.501715871346
13.505875247154
13.509999595265
13.514085637674
13.518085078619
13.522307406908
13.526808129531
13.530726824774
13.534709626663
13.713809813154
13.718795275381
13.720766287734
13.723453539921
13.725435001621
13.727656440747
13.731011336144
13.733059729881
13.734869614018
13.736551502630
13.740133634808
13.741932849564
13.743783822175
13.746295861008
13.750192065807
13.752045624641
13.753861045335
13.756065759637
13.758023006690
13.759840099103
13.764258761666
13.766150442103
13.769647297016
13.772137574471
13.774076551994
13.776252999915
13.781924588040
13.784138894819
13.786311681043
13.788089044441
13.791577610724
13.793646921126
13.796130219632
13.806748008940
13.811574747878
13.816992727074
13.822380029231
13.827849677456
13.833395570926
13.838974974961
13.844582635876
13.850233664510
13.855868688529
13.861501220738
13.867070875212
13.872650604707
13.878168540475
13.883584372474
13.888982756721
13.894272302730
13.899496893494
13.904636054534
13.909704535897
13.914674227111
13.919566232568
13.924417149329
13.929188678357
13.933872831434
13.938512221075
13.943137118525
13.947682715274
13.952062352119
13.956396897172
13.960711767159
13.965103188738
13.969351571828
13.973513853407
13.977620893181
13.981782022315
13.986039634929
13.989997253337
13.993883662648
13.997523457947
14.004103737731
14.007936217746
14.013502050356
14.019209615444
14.021562790688
14.024499418445
14.029822520496
14.032151510052
14.034320511198
14.039620700303
14.041630100956
14.044170828005
14.049792384166
14.051739269670
14.053703395402
14.059175848032
14.061167800454
14.063015412801
14.065165921233
14.067036384622
14.070730963810
14.073626595823
14.075614703565
14.077484763578
14.082205551242
14.084166142228
14.087190472892
14.094295433927
14.096324561810
14.098367356586
14.102398728730
14.105100700928
14.482747619302
14.487475889732
14.491950217032
14.496415637454
14.500890982996
14.505361219505
14.509813031272
14.514244429341
14.518656257456
14.523033775649
14.527401485458
14.531719678156
14.536075810468
14.540517863557
14.545107851370
14.549324591557
14.553642218209
14.558001575084
14.562312807932
14.566592832940
14.570819361951
14.575029393358
14.579295905921
14.583476490692
14.587629290061
14.591786167253
14.595912504811
14.600036374422
14.604110779342
14.608165038365
14.612174411206
14.616232154059
14.620256164967
14.624216837149
14.628134716303
14.632055589425
14.635979895134
14.639878650006
14.643729408541
14.647515538504
14.651227845653
14.654719188089
14.657996748240
14.661516385862
14.665046573362
14.668532533611
14.672006091004
14.675470875524
14.678917538924
14.682350739820
14.685772200874
14.689155482109
14.692532422664
14.695919177123
14.699290283650
14.702649183787
14.705990676790
14.709329742712
14.712662165487
14.715974781437
14.719286366498
14.722599174102
14.725900827603
14.729187620834
14.732465025399
14.735740019775
14.739017723974
14.742290439559
14.745566146105
14.748839028955
14.752114465159
14.755404362800
14.758713785874
14.762016219730
14.765323259186
14.768616964165
14.771937740740
14.775279450139
14.778629110630
14.781977301775
14.785335668220
14.788708803663
14.792093404704
14.795504359589
14.798913620780
14.802335926441
14.805771645573
14.809224666987
14.812711460856
14.816245066106
14.819774232396
14.823311708853
14.826991524646
14.830857830245
14.834717973154
14.838288945287
14.844531541846
14.847611708459
14.882453284751
14.890435173103
14.893586506449
14.896777940953
14.899914970139
14.903317726699
14.906802327091
14.910332408640
14.913846723345
14.917386773354
14.920923243716
14.924485690082
14.928044097553
14.931604201633
14.935186195943
14.938761599944
14.942367513002
14.945972250265
14.949600214927
14.953232448597
14.956884249734
14.960555444105
14.964238680519
14.967941133274
14.971659156359
14.975397117828
14.979163205522
14.982937879774
14.986760165204
14.990586932595
14.994466521017
14.998380887616
15.002338765420
15.006344742386
15.010426981560
15.014546440150
15.018707227867
15.022906772929
15.027133281997
15.031390579896
15.035745790556
15.040170841724
15.044672343858
15.049246021839
15.053914145515
15.058642616132
15.063452593665
15.068329392047
15.073283853202
15.078322835988
15.083421715461
15.088583500217
15.093806341644
15.099103332704
15.104467035722
15.109879582423
15.115301500643
15.120681699827
15.126465217394
15.132039196851
15.137559989855
15.143365553298
15.194516874219
15.199981486642
15.201862388037
15.204594844979
15.206343222440
15.210772820409
15.212531095723
15.214280161706
15.216030863317
15.217804407944
15.219600614784
15.221365526682
15.223148914442
15.225228809200
15.230394407410
15.232336098899
15.234862835019
15.240178211367
15.241944090582
15.243714382766
15.245515373165
15.247304630359
15.248999979750
15.253125663695
15.254883995479
15.256702464877
15.260503254543
15.262192282567
15.264565111505
15.266545591214
15.268341670199
15.271959538833
15.273750578511
15.275575264644
15.277398189177
15.279200355357
15.282874277515
15.284809112338
15.286720172804
15.294340832492
15.296302211477
15.359826008274
15.364142469906
15.369017154305
15.373975135032
15.378801558552
15.383794751467
15.388785343352
15.393630079329
15.398469982782
15.403332557492
15.408182879077
15.412957668225
15.417679908262
15.422421085106
15.427176250821
15.431880375628
15.436546996039
15.441223554076
15.445804100395
15.450490580474
15.455109749028
15.459730103741
15.464346383509
15.468939301733
15.473506433164
15.478044272961
15.482546986997
15.487032479745
15.491510460919
15.495939338476
15.500353796870
15.504714345656
15.509062066825
15.513366080719
15.517648318465
15.521890073465
15.526127015939
15.530344298939
15.534515861222
15.538631105116
15.542740266538
15.546769255299
15.550803762350
15.554773321910
15.558710502454
15.562581237443
15.566450931516
15.570291214829
15.574092221304
15.577863519972
15.581627343426
15.585350190946
15.589076996698
15.592775515117
15.596489448727
15.600197821939
15.603947200949
15.607680412807
15.611423933058
15.615108717774
15.618210928894
15.624818529732
15.627754861288
15.703824500882
15.706468287494
15.709243936895
15.711520981874
15.713430484658
15.715401534138
15.717385298551
15.722720479494
15.724596531849
15.726858573747
16.103226560797
16.114647124709
16.119581698692
16.124642664194
16.129769894415
16.134816960244
16.139884671379
16.144951561639
16.150083053399
16.155146841815
16.160210912042
16.165290007873
16.170361459511
16.175393044942
16.180471852146
16.185529785249
16.190592431929
16.195645940996
16.200707842355
16.205781617205
16.210847451277
16.215908365852
16.220969085853
16.226030914433
16.231111425319
16.236194204507
16.241283758026
16.246386556205
16.251505105594
16.256621074333
16.261748798722
16.266882752165
16.272015341349
16.277151118897
16.282308826692
16.287477833729
16.292632595664
16.297810969199
16.303048012682
16.308304952074
16.313584478298
16.318868430392
16.324226305584
16.329576182881
16.334922042091
16.340289929466
16.493718319210
16.498249933812
16.503780053430
16.509337043365
16.515007227898
16.520713612987
16.526503138030
16.532305701082
16.538121091559
16.543977608757
16.549830822095
16.555678526157
16.561562454167
16.567492392222
16.573423419319
16.579363959444
16.585473598173
16.591681267391
16.597920497029
16.604367356830
16.727375680301
16.733256293231
16.739015383868
16.744640765560
16.750217436766
16.755708925387
16.761154083335
16.766541046475
16.771902566946
16.777253712438
16.782550629179
16.787755788111
16.792875062343
16.797915781370
16.802904249597
16.807869122858
16.812772983576
16.817634087701
16.822468838279
16.827263270859
16.831998734343
16.836706013051
16.841365369273
16.846021614209
16.850631879035
16.855165770254
16.859677278682
16.864162498138
16.868611503103
16.872992089193
16.877345450487
16.881680163887
16.885979706626
16.890256598221
16.894489670781
16.898714901411
16.902925909673
16.907095771332
16.911250950857
16.915404306738
16.919537401982
16.923664295358
16.927779419118
16.931871626378
16.935971671783
16.940046195905
16.944112501767
16.948169402380
16.952217622792
16.956353894908
16.960486457940
16.964921555372
16.969292319579
16.973542175405
16.977660082994
16.986457224423
16.990439857904
16.994292596417
16.998159778303
17.002045357480
17.005974281774
17.009879557285
17.013756330983
17.017623134502
17.021492342125
17.025378982735
17.029271573464
17.033181733198
17.037093391792
17.040996147099
17.044900471852
17.048801485905
17.052699398972
17.056589171077
17.060474123441
17.064372736226
17.068256737850
17.072149373662
17.076021477158
17.079907381112
17.083794532452
17.087671986349
17.091566582773
17.095436080402
17.099322443943
17.103214692373
17.107099180245
17.111003215061
17.114869720188
17.118743146818
17.122590153032
17.126451567137
17.130300958502
17.134153783219
17.137969096800
17.141809991651
17.145623233219
17.149473870364
17.153279227284
17.157103832299
17.160914681781
17.164795240732
17.168676109677
17.172502707724
17.176368943535
17.180206344086
17.184029446584
17.187852853692
17.191395998881
17.485273160159
17.489516957559
17.494500332097
17.499451061846
17.504563508528
17.509654611403
17.514770837960
17.519941030090
17.525155762568
17.530452628205
17.535917579162
17.584265205646
17.586519886723
17.588618034574
17.592756285165
17.594944976390
17.597168495499
17.599169476282
17.601750092625
17.603959340606
17.606111111111
17.608268412962
17.614890196233
17.616670225686
17.618896338273
17.623544919931
17.625754814552
18.307025714615
18.311876186582
18.316799512873
18.321896401722
18.327006133193
18.331989192250
18.336762057277
18.341443439231
18.346049677466
18.350554395396
18.354902403814
18.359187745911
18.363476917034
18.367754609042
18.371938844821
18.376015160276
18.380035845381
18.384061656669
18.388041924858
18.391967770539
18.395836929162
18.399675457817
18.403475442849
18.407233701773
18.410961126237
18.414674273510
18.418350589157
18.422006445313
18.425638951203
18.429255406532
18.432842529035
18.436399001811
18.439940773192
18.443462796865
18.446975141506
18.450474066018
18.453972780810
18.457442823937
18.460897959133
18.464364929238
18.467839805430
18.471293870827
18.474737198325
18.478189994430
18.481621442311
18.485064659308
18.488519045192
18.491970009891
18.495416089183
18.498865042917
18.502323568527
18.505796007189
18.509270675393
18.512746226248
18.516222161999
18.519706492719
18.523219316650
18.526727676137
18.530267869116
18.533790170004
18.537337448836
18.540897120820
18.544475430196
18.548042582322
18.551643592130
18.555230164447
18.558824985722
18.562431468995
18.566028513346
18.569639404170
18.573270641329
18.576908137860
18.580578551346
18.584254652372
18.587934286024
18.591616931044
18.595297980178
18.598979453461
18.602638891722
18.606301662137
18.609957666283
18.613597262383
18.617222408587
18.620852463732
18.624455716687
18.628049204052
18.631624700839
18.635186115883
18.638741230137
18.642287070506
18.645799399451
18.649301328510
18.652788384060
18.656251907329
18.659701696924
18.663144810259
18.666583434275
18.670011193294
18.673446935115
18.676872838453
18.680296911428
18.683733527413
18.687159194639
18.690590236563
18.694017025688
18.697457501017
18.700893038586
18.704355300620
18.707851964648
18.711358415726
18.714863541590
18.718343200310
18.721824452560
18.725386837347
18.728959585902
18.732503896243
18.736011209478
18.739503880031
18.743144750141
18.746933548579
18.750261413528
18.753145348854
18.755469493641
18.757986464747
18.760063960709
18.761856577107
18.765823984914
18.767535912460
18.769669736454
18.771514723294
18.777970361760
18.779693518278
18.783183307366
18.784924640679
18.786699367590
18.788831905583
18.790572052217
18.792261333614
18.795926402967
18.865104950534
18.867117308048
18.869149925095
18.875420496023
18.881394925417
18.884340572548
18.887712322495
18.890856095980
18.894212675996
18.897522438934
18.900885077750
18.904270815389
18.907670259623
18.911083192122
18.914485072468
18.917897162354
18.921326046256
18.924782630066
18.928242395046
18.931730705655
18.935215231206
18.938714760995
18.942212767419
18.945727574014
18.949257514369
18.952837710599
18.956420553647
18.960015705317
18.963639754242
18.967336780429
18.971036115782
18.974756133067
18.978495925934
18.982310808043
18.986176627425
18.990087915473
18.994053387817
18.998093022192
19.002230763753
19.006442208434
19.010679713297
19.015068061388
19.019515206779
19.023944545713
19.028526500056
19.033177562298
19.037757884670
19.042366153431
19.047031767743
19.051740926728
19.056415020725
19.061075721429
19.065785231976
19.070554587433
19.075274533662
19.079907033314
19.084592476165
19.089273259372
19.093809994971
19.098370717215
19.102897225718
19.107431398224
19.111907369209
19.116343023054
19.120738277357
19.125124419895
19.129478004290
19.133780812263
19.138029146634
19.142241199178
19.146425785512
19.150588958198
19.154694147485
19.158750915898
19.162790543429
19.166822045252
19.170804329834
19.174724334013
19.178596457077
19.182418242734
19.186248431969
19.190065756585
19.193842013881
19.197589477242
19.201012860449
19.204720463115
19.208446421540
19.212148122137
19.215793918327
19.219399484429
19.223000742428
19.226638513109
19.230251555929
19.233830567346
19.237406610411
19.240996703883
19.244640164005
19.248309312724
19.252015083897
19.255575441783
19.259270142148
19.265730002437
19.269757651932
19.276197522084
19.280085340249
19.682560239096
19.687982992891
19.693402474928
19.698835301070
19.704315289000
19.710026854071
19.887560360907
19.897388292074
19.902051667299
19.906653737884
19.911727989553
19.916702515243
19.921530184620
19.926466886447
19.931487705480
19.936397057208
19.941225891996
19.946105561862
19.950972858811
19.955785406123
19.960513037241
19.965294228308
19.970027224621
19.974281487221
19.979095534228
19.983703951469
19.988261310043
19.992793307180
19.997288837963

