Time_s
0.779639362594
0.785408592015
0.792350484979
0.799451495915
0.806864476385
0.814344329637
0.821529616819
0.828599646515
0.835587853953
0.842451877522
0.849170978334
0.855742261379
0.862434533451
0.868658891638
0.874715223865
0.880643315419
0.886401822441
0.892389394817
0.899156248717
0.909334735302
0.914723936231
0.920038375938
0.925124811485
0.930548723528
0.936411662130
0.942121791798
1.149327575183
1.157307226561
1.165110531833
1.173009389382
1.180436663045
1.189563963023
1.196507281309
1.205589466819
1.213045878603
1.221889802025
1.229725684407
1.237792194207
1.245820237287
1.253717044997
1.261578379800
1.269439328666
1.277381583333
1.285191689859
1.293184532938
1.301235475736
2.649670136528
2.660561446419
2.671225133883
2.682206853139
2.693210018738
2.704029186434
2.714940346561
2.725816047989
2.734681349626
2.745619719283
2.756667968841
2.832378815057
2.839263464349
2.846066885476
2.941225776874
2.947179243652
2.954639247121
2.962107190859
2.969528192379
2.977075898235
2.984649615929
2.992243399164
2.999925113046
3.007582032702
3.015240997664
3.022919978747
3.030602101973
3.038292034625
3.045960561496
3.053591021208
3.061146542619
3.068718553077
3.076231547461
3.083625645223
3.090973565916
3.098276264575
3.105561674188
3.112846859042
3.120184746146
3.127403580458
3.134835812592
3.142374051627
3.150014729788
3.157712300054
3.165281357705
3.173023471542
3.180196141446
3.187946572204
3.194407284770
3.201139931042
3.208725150761
3.215883389834
3.223177261674
3.230499016944
3.237825096543
3.245145860629
3.252454322312
3.259778595743
3.267107324449
3.274476823873
3.281907024386
3.289367472566
3.296914887689
3.304557238534
3.311985463186
3.752905193821
3.766420694943
3.779473730308
3.793043060715
3.807189244345
3.816816983898
3.823685242504
3.831329844171
3.838758420978
3.846184502268
3.853679110073
3.861248669210
3.868979906529
3.876530706884
3.884094751018
3.891674483603
3.899320034792
3.906914636740
3.914418184228
3.921981060435
3.929417759453
3.936838986685
3.944146787590
3.951393025606
3.958553992666
3.965661672183
3.972758490290
3.979871281503
3.986777225242
3.993884187695
4.001459296200
4.009239163266
4.016519515729
4.023800774145
4.125663817930
4.132199049573
4.139182805160
4.146462370612
4.153804542626
4.161236083854
4.168842850038
4.177015844836
4.184914677841
4.192396896265
4.199748869719
4.207549289854
4.215707913821
4.222987855388
4.230465283862
4.237664954454
4.244840565160
4.437408793734
4.446107707019
4.454422571371
4.462529803541
4.470891964902
4.483894626697
4.488462539140
4.492852222516
4.496958616524
4.501300019456
4.505035318610
4.508714440261
4.512777128747
4.516597325927
4.520295308810
4.523966289385
4.604688229627
4.617360391012
4.630497445659
4.668734891769
4.677462981748
4.685623167791
4.694207561283
4.702377943723
4.710839814514
4.718957447011
4.761247505990
4.770204273139
4.779507591725
4.789112686952
4.798234226634
4.997402355667
4.999673174047
5.001896855704
5.004001123699
5.006531184395
5.008782060509
5.010826453959
5.012858786432
5.015098642832
5.017233956467
5.019393311917
5.024255434520
5.026334260152
5.031754575168
5.033895269752
5.036025402788
5.038148368530
5.040253821747
5.042802220912
5.044857096734
5.046810117220
5.049102682943
5.051156412317
5.053313009226
5.055634280528
5.057729451753
5.061775685518
5.063851435025
5.065546088659
5.067718220986
5.069742907261
5.071714579355
5.073689120489
5.076043844927
5.082519706040
5.084232124069
5.085849449811
5.088024005150
5.089978930208
5.092062649356
5.094027988198
5.096007029141
5.098424784667
5.100632097656
5.103868067486
5.107723847084
5.109695159435
5.111797952324
5.114249263966
5.116386623116
5.118440732303
5.120516365511
5.122542005292
5.124414989628
5.126747594387
5.128644223282
5.130752450315
5.133131259689
5.135115787798
5.137380054586
5.139396237927
5.141377001836
5.143790365592
5.845373640303
5.853006840190
5.856290663830
5.859860540311
5.863458970066
5.866542028793
5.869681030478
5.873277046303
5.877368615210
6.113893995718
6.120711804747
6.127116545859
6.134551765307
6.141279096361
6.148472759056
6.155401785107
6.162739338393
6.169671065507
6.176822931886
6.183608547277
6.190648881008
6.197428550242
6.204375083810
6.211093216794
6.217938564201
6.224566472616
6.231294454304
6.237968105782
6.244607514269
6.251240720807
6.257785769425
6.264299868540
6.270892110458
6.277674343996
6.284808129573
6.291634964697
6.298152931205
6.304796409583
6.599758966460
6.607745305131
6.615602647376
6.623543107487
6.631354770729
6.639192433094
6.646823822642
6.654744443191
6.662439947935
6.670205984429
6.678001557463
7.079570351244
7.091183634629
7.102483837834
7.247824878100
7.253410210414
7.260106441169
7.267634093189
7.275425512701
7.283361356480
7.291040285712
7.299266439784
7.307059190319
7.315473229177
7.323335246591
7.331636050805
7.339285065010
7.347467563162
7.354843223494
7.363202345929
7.369360212169
7.376489240176
7.383568341391
7.391247746517
7.397080655356
7.403930037307
7.410331809870
7.416425608948
7.422505253925
7.428737551651
7.434771369791
7.440887100561
7.446986763217
7.452890966955
7.459028007998
7.465277114720
7.471651901581
7.477615327625
7.483839248894
7.489894554192
8.327719725276
8.340243768461
8.353154652327
8.365228085728
8.555407823654
8.562056473964
8.568336004067
8.575239547446
8.581823734345
8.589418778173
8.933450261425
8.942601819867
8.951975664784
8.960435522978
9.280261553927
9.287623486497
9.295740920352
9.303693703680
9.555905029840
9.563690251948
9.572397276730
9.581114707500
9.590206920600
9.599348185970
9.608333214308
9.617409797046
9.626690631750
9.635527129176
9.644675142118
9.653108369401
9.661920551637
9.670392491899
9.678941055732
9.687325301990
9.695583635659
9.703686949065
9.712664732952
9.721334519527
9.879741588828
9.888093660432
9.896557887153
9.905098186977
9.913678642904
9.922326778087
9.930949706955
9.939579953929
9.948245595972
9.956929610819
9.965556869034
9.974098228782
9.982519754269
9.990769323744
9.999013941003
10.006820906668
10.014442128116
10.021744054124
10.028679983110
10.035828466253
10.042977013521
10.049609418657
10.056469766248
10.063412878744
10.070323534051
10.077211854226
10.084145923170
10.091052187529
10.097635382145
10.104655075323
10.111585177350
10.118425807791
10.687503867069
10.696569934612
10.704504415295
10.713703739498
10.722231891178
10.731477767393
10.740410750383
10.749225482704
10.758038553345
10.766166949225
10.775129318179
10.784014236316
10.792891888243
10.801691515966
10.810400385105
10.818966785406
10.827461336948
10.835864021072
10.844169088562
10.852354624774
10.860439281575
10.868502567673
10.876529584910
10.884874514363
10.893240522341
10.901331044990
10.909713131075
10.917386424267
10.925558246358
10.933248885538
10.942200900329
10.950246955159
10.958064548982
10.966030833343
10.974121829331
10.982276619269
10.990462763309
10.998624275078
11.006496869669
11.014449944158
11.022464973183
11.030822458615
11.039164431204
11.047524181177
11.056030762317
11.064683558424
11.073378305786
11.082193883915
11.217485113091
11.225066868514
11.233148101226
11.241006016675
11.249182791544
11.257489345721
11.265867556899
11.274332579764
11.282800008872
11.290846769366
11.299656360617
11.342201863599
11.350490809605
11.358219360363
11.366065759637
11.373910873799
11.382254358195
11.390530790688
11.553152177685
11.560755212543
11.568631088839
11.577090289505
11.584700375402
11.593602762387
11.602246618909
11.610862568993
11.619266311208
11.627614374440
11.636120960137
11.644676969780
11.653890833456
11.662484252386
11.670764243012
11.678965524898
11.687163329406
11.695071258074
11.703240719045
11.711498091160
11.719825094468
11.728300624776
11.736981141116
11.745716475367
11.754276280175
11.919805632981
11.932735077064
11.945542160095
11.974609629589
11.985428372460
11.994749807127
12.005919802415
12.196138346734
12.206034473613
12.215633637909
12.225756742864
12.236554076656
12.247867548202
12.276512584467
12.290815990664
12.303531395434
12.318009202740
12.583626465808
12.586470363606
12.589218813148
12.592029614977
12.594855561008
12.598405042749
12.601231278915
12.604078710907
12.606846675806
12.609606987426
12.612366883131
12.615699729565
12.618493568463
12.621294069514
12.624024182054
12.626690397423
13.308816375954
13.314376186468
13.320728810670
13.326517382460
13.344055142188
13.352897799070
13.360900638608
13.369568319103
13.377929549053
13.386563864782
13.395099409113
13.403661919385
13.411953400496
13.420310436196
13.429143544278
13.437959884096
13.446655861369
13.455613511384
13.464730960425
13.473892107102
13.483048283161
13.492049877742
13.500964656423
13.509590846128
13.517917461923
13.526182397751
13.533991995862
13.541584502733
13.549076291740
13.556418858014
13.563746935196
13.571307164462
13.578930845626
13.586469768761
13.593816686589
13.696228796342
13.702016696261
13.707184669784
13.712377552047
13.718826232750
13.725334151932
13.731979349730
13.738725929598
13.745442174263
13.752279108356
13.759077675666
13.765828866911
13.772670478196
13.779577341794
13.786490463676
13.793484601880
13.800576840346
13.807945046412
13.814856641081
13.821979843587
13.829280878303
13.836572851592
13.843831629062
13.851229148994
13.858706939502
13.866355863494
13.874082992761
13.881918150865
13.889714558780
13.897336791115
13.905183998063
13.913054782938
13.920938343222
13.928779904089
13.936629805374
13.944415646119
13.952156485530
13.959828306920
13.967241072039
13.975176542275
14.223932480685
14.228796516564
14.232567726837
14.236088337778
14.240127014784
14.244653148787
14.248416838293
14.252036320068
14.256277924772
14.260687944952
14.264611856198
14.268533014618
14.272826411377
14.277309748200
14.280786674722
14.284712704795
14.288693530327
14.293088082367
14.380961018728
14.394100358910
14.407308825413
14.574758863478
14.581973379434
14.589126099024
14.596043684709
14.637773981100
14.645897447589
14.653502513647
14.660728266530
14.804733558116
14.810835409827
14.817341064766
14.823292246494
14.830549900612
14.837917480698
14.845496783715
14.853607143134
14.993592394583
14.999164558526
15.005275223887
15.012004578856
15.018839369657
15.025766194651
15.032710107093
15.040107055918
15.046768238056
15.052945443374
15.058961525956
15.065123651096
15.071542137480
15.078314790048
15.265563507768
15.268196367905
15.270955059341
15.273294358140
15.275627493605
15.277866687559
15.279916418151
15.281842548645
15.283846088769
15.285870124456
15.307340872471
15.310908368820
15.314765020855
15.318605505682
15.322055848389
15.355806227413
15.361958400460
15.368351418179
15.375482140268
15.383085317708
15.390854777610
15.398866316252
15.406892988346
15.415080913274
15.423252652457
15.431504076438
15.440058866199
15.448706973066
15.457288246397
15.466019280905
15.474310320299
15.483569135779
15.493229988918
15.502826446381
15.533374008694
15.543554292244
15.552149197161
15.562200311841
15.570902599926
15.580707592093
15.589895144736
15.599113404323
15.608133690438
15.617484814395
15.626657528604
15.754473814517
15.761763203737
15.769015592973
15.776391449173
15.784024223847
15.790470534963
15.796880959993
15.802911455741
15.809343544826
15.816030890959
15.822359080919
15.828323310524
15.834849892360
15.841370020101
16.148443768441
16.156654958999
16.164869191802
16.172950409671
16.181167166377
16.189217698341
16.197358312511
16.205323720139
16.213307258920
16.221134831727
16.228779160547
16.236282933519
16.243808327257
16.251235827664
16.258751904670
16.266403003000
16.273645040066
16.280917715196
16.288288999554
16.295631237047
16.303094367130
16.310855190517
16.318456396115
16.326134956811
16.333377939575
16.340620308790
16.348177903599
16.355523035260
16.362934039127
16.370175873480
16.572804345548
16.581323476202
16.589835205932
16.598444286195
16.607152809190
16.615863471306
16.624635734477
16.633389414272
16.642232321498
16.651003727251
16.659730308564
16.668399370094
16.677024619790
16.685588368012
16.694086228332
16.702558736189
16.711169166727
16.719833928385
16.727328091294
16.735824869456
16.743417542320
16.751901746847
16.760458890414
16.768935997285
16.777450386264
16.784782966389
16.793499691563
17.259359922912
17.268287573196
17.277320643442
18.394252214612
18.403019364547
18.412473338793
18.421783529565
18.620020317596
18.626252194911
18.632192597069
18.638012649422
18.644039162900
18.650012636076
18.655950867944
18.661853801260
18.667815365428
18.673746557115
18.679785997674
18.686113473987
18.691961451247
18.698079183201
18.704301617388
18.710403085405
18.716409300801
18.722582909914
18.728248572953
18.734148646206
18.739953825501
18.745912074441
18.751711834630
18.757710065023
18.763520219567
18.769153825335
18.775240894511
18.807726491067
18.812354328557
18.817401811816
18.822671882539
18.828600703783
18.833973001004
18.839582844099
18.846144161919
18.852961563541
18.859202411350
18.871263000545
18.883423202073
18.895912271067
18.908315852544
18.920542879224
18.933113509634
18.945605534898
19.189763525340
19.200167738913
19.210604491774
19.220838857598
19.227360437003
19.234343746986
19.240749146132
19.247490201558
19.253815792869
19.260322439837
19.266536473356
19.272794747429
19.279087018847
19.285409270128
19.291725681824
19.298071866502
19.304411638698
19.310718892942
19.316960840654
19.322909197966
19.329306961985
19.335675086693
19.342266147657
19.348719806807
19.447353345642
19.450099757256
19.453543016122
19.456583440919
19.459804358566
19.463195759644
19.466982744063
19.471283774855
19.476307823203
19.482584915085
19.488856483196
19.495473159190
19.501994763654
19.508799039206
19.516147974723
19.523306107780
19.530232262588
19.537336199739
19.544976266690
19.552545292224
19.560392807406
19.568184958251
19.576634551405
19.583540538722
19.590574307632
19.598087658526
19.605816627092
19.613130559316
19.666849143772
19.679723741171
19.692946816686
19.701090609270
19.708879568487
19.716886135613
19.891969260177
19.898731759252
19.906536383269
19.913603429512
19.921221459722
19.928198445010
19.935579126897
19.942078843489
19.949094183736
19.955697164014
19.962780451480
19.969258135513
19.982188914317
19.995156073915

