Time_s
0.479808237423
0.486119728263
0.492325444895
0.498687732321
0.504653104562
0.510730268382
0.516411400674
0.522337180307
0.528443529277
0.534458100688
0.540410006372
0.546260889309
0.552251146695
0.558142702644
0.563558026571
0.568937485569
0.574248937492
0.579519640836
0.584736073256
0.590196422530
0.595312631566
0.600375476139
0.605418425600
0.610801054645
0.615797706894
0.620778888681
0.625741268780
0.630728122124
0.636128450339
0.641580424351
0.741717904715
0.751762080620
0.761579052629
0.773900491025
0.828988519165
0.835754695706
0.843144264537
0.850655033936
0.858398694788
0.866367194827
0.874476482248
0.882729377926
0.891209445504
0.899655391759
0.908232542533
0.916896683942
0.925595147094
0.934301858360
0.943054477367
0.951764424631
0.960496647130
0.969242750980
0.978009143201
0.986745559343
0.995497219605
1.004243556032
1.012957649818
1.021678644823
1.030428466200
1.039189066191
1.047888525365
1.276445783567
1.285495252033
1.294857859981
1.304322152048
1.314316735846
1.324647293124
1.352985523162
1.363521725740
1.374105544579
1.384843500187
1.395758237408
1.406950266491
1.416606161262
1.426464395509
1.437912810008
1.447603472862
1.459292942407
1.471246536071
1.482767380949
1.494168735550
1.504214499491
1.515674869123
1.526950259069
1.539472352093
1.552123141485
1.563070465195
1.575716992554
1.589478687284
1.601961116744
1.613382803028
2.315055393372
2.323741585538
2.332315161280
2.340793511813
2.349244167336
2.357587638863
2.365861678005
2.374095458426
2.382156845592
2.390061188520
2.396480540739
2.403954400001
2.412885015815
2.420067832067
2.594766565574
2.601034030164
2.607711072192
2.614367401335
2.621278064152
2.628378603909
2.635507714475
2.642772796084
2.650190629545
2.657687805090
2.665214543501
2.672747395561
2.680315981522
2.687893685394
2.695442618976
2.703011494858
2.710559115826
2.718084788159
2.725578530007
2.733055244407
2.740540600852
2.748080040704
2.755724130668
2.763391546399
2.771005976921
2.778607859021
2.786195613686
2.793712184144
2.801216614086
2.808767035306
2.816093202768
2.823695628381
2.831283142109
2.838607913529
2.846387360570
2.854247320777
2.862245728151
2.870287948576
2.878275646513
2.916368103235
2.918663408053
2.921581430366
2.924430885460
2.926783832502
2.929486969996
2.932221916256
2.935169022663
2.942199596987
2.950252322032
2.958242792033
2.967133979137
2.975359352815
2.984126850465
2.993478899575
3.002788878818
3.012196586387
3.021542100204
3.030807004930
3.040000661765
3.049215755330
3.058413541789
3.067611479623
3.076756364893
3.085903870633
3.095095337175
3.104373834375
3.113690515288
3.123064703799
3.132338419688
3.141684593261
3.150908298333
3.160203986895
3.169450896603
3.178753725045
3.188062597173
3.197422828845
3.206883531995
3.216538281509
3.226351409002
3.236396330167
3.246292599663
3.280614196295
3.289911223290
3.299119178467
3.308299142952
3.317459825716
3.326584640007
3.335705447529
3.344817644954
3.353908770677
3.362981217437
3.372070248102
3.381141125456
3.390205057123
3.399294157697
3.408373791654
3.417539507146
3.426743975757
3.435899664869
3.444965579578
3.454155935126
3.632724298066
3.641670671073
3.651009601702
3.660640241376
3.670567803629
3.680820506124
3.691248148483
3.701747140567
3.712190217426
3.722654271489
3.733059296198
3.743504202237
3.753907707841
3.764335408375
3.774793914168
3.785285428087
3.795675570861
3.806030662978
3.816410852294
3.826704307046
3.837041968024
3.847413877738
3.857731690960
3.868033583599
3.878468831952
3.888890134180
3.899206408397
4.220546686859
4.231046936917
4.241456342916
4.251802260566
4.261918940390
4.272023681728
4.282243775435
4.292716542305
4.303215796241
4.313879037538
4.324538079548
4.335185571991
4.346293756905
4.357013368598
4.367744878373
4.378389954275
4.389211397529
4.400118827465
4.411086719850
4.422071857528
4.433017768282
4.444146108836
4.526268176479
4.535422280268
4.544678196924
4.554080254790
4.563567234421
4.573140812133
4.582831161189
4.592562025269
4.602316414001
4.612127850085
4.621996505226
4.631934391144
4.641939644483
4.651367164572
4.661835594495
4.672516058398
4.683262496812
4.694128232758
4.705229540318
4.716439491197
4.727705391765
4.738723569928
4.749740007060
4.760786514111
4.771580646966
4.782363666622
4.793321100659
4.804320782906
4.815523364320
4.826262402593
4.837194993529
4.848238054104
4.975897556500
4.988308319390
5.001050512907
5.013598172455
5.025228393032
5.037357732865
5.048859866112
5.060653889544
5.072244871279
5.084072994640
5.095509959723
5.106664415864
5.118480280981
5.130489131773
5.142807487812
5.154591573726
5.166938300358
5.178762416690
5.190813747691
5.203199004992
5.356088567435
5.367036698425
5.378154328842
5.389604158898
5.401125345585
5.413051220236
5.424890267351
5.437310886096
5.449554192086
5.461820141183
5.474213729614
5.486696090801
5.497920528221
5.511879305531
5.524861486063
5.585078356783
5.596479263993
6.277330848919
6.283910277990
6.290509465438
6.297190976775
6.304029397905
6.310713859081
6.317383451197
6.323928732886
6.331003846808
6.338106609183
6.345384074294
6.351936183962
6.358830455927
6.365897400673
6.570160679631
6.578488173968
6.586489596693
6.594581719815
6.602691318225
6.610810426800
6.619050967153
6.627391969449
6.635745287545
6.644080371156
6.652416304066
6.660741866997
6.669028371879
6.677314058228
6.685539524880
6.693770090590
6.701972084429
6.710051249839
6.718196228081
6.726279867675
6.734346070870
6.742382873432
6.750366625065
6.758407093030
6.766344618340
6.774172927963
6.781954141279
6.789681462195
6.797412439643
6.805149989294
6.812833090022
6.820659242540
6.828496248087
6.836358164585
6.844139745589
6.851989484694
6.860087240110
6.867550154089
6.875187498718
6.882896396549
6.890557752826
6.898504976399
6.983257617763
6.993238855305
7.003278819336
7.013509753876
7.023918983867
7.034387898926
7.045014020751
7.055495419779
7.068076676127
7.250149551258
7.259924141534
7.269526960117
7.279093821173
7.288653673030
7.298267662066
7.307887971240
7.317618307337
7.327394066664
7.337204735870
7.347027334477
7.356799897779
7.366559797411
7.376329427011
7.386168767154
7.395926493959
7.405733466669
7.625066185485
7.634685996743
7.645250583739
7.655747185277
7.666283010986
7.676408049579
7.687032859303
7.697735024099
7.708492202771
7.719384542326
7.730283223598
7.741236612622
7.752100415081
7.763006735762
7.774068489119
7.785292816707
7.796507457650
7.807930391945
7.819587889213
7.830632808274
7.841906070552
7.853191240346
7.864397344281
7.957353615778
7.966295831666
7.976236023954
7.986509813907
7.997100131260
8.007984548143
8.018716510360
8.029814209272
8.041225685488
8.052209899881
8.063200334760
8.074097463571
8.084955541003
8.095707284155
8.106443659568
8.117205130191
8.128083358986
8.138865344329
8.149495343541
8.160040679253
8.170527408753
8.180839916580
8.191344765433
8.201697304017
8.211688388039
8.221051020239
8.230548495865
8.240014311370
8.249589731989
9.139275328484
9.147429297429
9.155402711563
9.163390985995
9.171411853391
9.179584839587
9.187836692035
9.196115064069
9.204443601352
9.212801878531
9.221148561681
9.229438153748
9.237722180439
9.246012575301
9.254262510329
9.262488877828
9.270712993438
9.278925376461
9.287096343798
9.295246024205
9.303375285612
9.311462986822
9.319526023166
9.327613609203
9.335722331166
9.343872652995
9.352077508559
9.360218659717
9.368363925861
9.376279241642
9.384395788453
9.392580208641
9.400721736930
9.408820294952
9.519369174213
9.526488777236
9.534553486560
9.542498757178
9.550556885376
9.558648225071
9.566815089432
9.574975174103
9.583172857273
9.591312019949
9.599351306157
9.607468902227
9.615405904622
9.623779109350
9.631947476245
9.640064837281
9.648163149592
9.656700638893
9.664841301180
9.673022811143
9.842475259763
9.851852224107
9.861493618130
9.871346943236
9.881319561511
9.890950127972
9.900833845154
9.910806119458
9.920821547804
9.930844023372
9.940882968663
9.950970153589
9.961048579044
9.971138627080
9.981225210021
9.991248109367
10.001300624888
10.011451649293
10.021634742623
10.031768834343
10.041897296140
10.052083205452
10.062334545030
10.072594266902
10.082787111214
10.092946227128
10.103101741108
10.113273686028
10.123430573253
10.133696891102
10.143942448643
10.154234094881
10.164223152574
10.174493060624
10.184898833852
10.195551803441
10.206357646347
10.217452520756
10.228925657095
10.240419290145
10.251958226015
10.262823312281
10.274295341096
10.285326471150
10.296630131354
10.325689032761
10.335365921979
10.345781170376
10.356309052748
10.366844662395
10.377307821671
10.387779453085
10.397641672389
10.407776852907
10.417965062568
10.428139488303
10.438146056407
10.448147083140
10.458099479525
10.467860657507
10.477586442952
10.487446908424
10.497251904517
10.507054653722
10.517087104860
10.669563342417
10.681367883846
10.692910273369
10.704626574847
10.716227068102
10.727802121471
10.739387283058
10.751007061351
10.762805251082
10.774587486907
10.786268158659
10.797819091758
10.808827580704
10.819705336209
10.830907058781
10.842121728532
10.853206813991
10.863914563749
10.874739428663
10.885771471637
10.896516141250
10.907425757925
11.436755574367
11.446191144779
11.455669028039
11.465283151734
11.476298457913
11.486200764575
11.495860549632
11.505603724509
11.515219952594
11.524993906279
11.534756065113
11.544559289993
11.554345769834
11.564137789597
11.573910674740
11.583633422026
11.593281206718
11.602767513961
11.611931077001
11.620752854070
11.628922422308
11.637546202599
11.645837555716
11.653862745597
11.661661154233
11.669674785741
11.677407568303
11.684710739726
11.691835171986
11.699249391948
11.706194603017
11.713059184503
11.719856012916
11.726585254295
11.733280441338
11.740313553050
11.746979744124
11.754019722789
11.761159595698
11.768315701870
11.775421065507
11.782431008368
11.789171959014
11.795790571411
11.802874205100
11.809978886697
11.816945876422
11.823888480220
11.830996867577
11.838178519105
11.845450168997
11.852767063600
11.860167875869
11.867585500029
11.875023475594
11.882458882216
11.889889707704
11.897304253654
11.904715037631
11.912091377358
11.919512078417
11.927060603666
11.934614295338
11.942518160150
11.950061095145
11.957825882614
11.965700577558
11.973186055985
11.980618878092
11.988102668425
11.995301416246
12.002641089785
12.010326432327
12.021338661924
12.032606876362
12.043752082201
12.054330150921
12.064936570673
12.075497821858
12.086062182258
12.096767276892
12.289093624375
12.299028225466
12.308768345507
12.318422188595
12.328169867837
12.337840556612
12.347437990040
12.357076114536
12.366725990120
12.376449146943
12.386155704348
12.395874722569
12.405597205962
12.415340078697
12.425121748136
12.434938901692
12.444827232632
12.454666149623
12.464418152273
12.474199216637
12.484005293844
12.493790360817
12.503581801764
12.513372484439
12.523202348118
12.532991805799
12.542778929876
12.552466457802
12.706657336573
12.716516880998
12.727933305376
12.739538298831
12.751127764562
12.762621124228
12.773986925682
12.785398938295
12.796831693368
12.808321536460
12.819760167892
12.831256881840
12.842723057054
12.854096555588
12.865486116144
12.876880837391
12.888338322153
12.899926146687
12.911635970832
12.923449100991
12.935209826919
12.946955949140
12.958585110752
12.970255914451
12.981975361601
12.993761943464
13.005454015805
13.017360505520
13.029045531299
13.041106459333
13.052222155586
13.063699534912
13.074556186032
13.085326427712
13.096061523853
13.106767427888
13.117489909178
13.127957466638
13.138534971087
13.149269308781
13.160239287282
13.171164705685
13.182124454681
13.193108394184
13.205652896724
13.216436080907
13.227600048802
13.238602362697
13.249466359025
13.260329580213
13.271250836593
13.282263367922
13.293262641412
13.304268176389
13.315096977443
13.326137103146
13.378601252120
13.390181082809
13.402167623104
13.413717619357
13.425199650137
13.436619961195
13.448187902115
13.459833349384
13.471383192291
13.482901160540
13.494324338180
13.505549392490
13.516816753720
13.528151925709
13.539564621029
13.551050521159
13.562500214938
13.573910480244
13.585300343734
13.596859438190
13.608517420861
13.620164809929
13.631705129493
13.643194678723
13.654534356617
13.665870251945
13.677248841129
13.688665347637
13.700208091292
13.711798462219
13.723147237173
13.732702558408
13.744094473346
13.755312279085
13.768850969573
13.780328874231
13.992027306721
14.003199800532
14.015127964876
14.026319749546
14.038133492518
14.060248816345
14.070881914741
14.081878521273
14.091477019326
14.102811167560
14.116226957388
14.126956149832
14.137269076501
14.149523296629
14.158951312402
14.165642184509
14.168566357715
14.171621931294
14.174950425704
14.178177885295
14.181225307830
14.184247916581
14.187366586013
14.190643496472
14.193526435120
14.196273751987
14.199959766679
14.202869638048
14.205857437249
14.208898543727
14.211967565058
14.214992356641
14.218037635284
14.221061800838
14.227269152180
14.230809868520
14.234141352863
14.237258763092
14.240275917643
14.243332721416
14.246329632756
14.249269825207
14.252360757858
14.255423779932
15.095605347410
15.104594868397
15.113091699697
15.121398839878
15.129427095190
15.137328852467
15.145109771262
15.152786784842
15.160252575667
15.167605874162
15.174815745959
15.182005802028
15.189109047650
15.196203516614
15.203295368106
15.210244067280
15.217189760060
15.224129373226
15.230984400581
15.237725663635
15.244364035869
15.251002025153
15.257506111500
15.263776437036
15.270180676477
15.276682415178
15.283097336775
15.289566369119
15.296178672974
15.302826293714
15.390790910174
15.397155168801
15.403494656319
15.409904447443
15.416459932212
15.423018210083
15.429764251713
15.436415498211
15.442996914440
15.449316343477
15.455990151643
15.462645415607
15.469736274149
15.477140378526
15.485116965877
15.492779321421
15.500349030315
15.508310882736
15.516264127850
15.524247202914
15.532368735153
15.540337905594
15.548515570489
15.556707003940
15.564976518049
15.572924595643
15.581032579746
15.589189770265
15.597282509909
15.605317384852
15.613339691991
15.621372897034
15.629406075991
15.637429739728
15.645447244040
15.653448300794
15.661447829206
15.669471281313
15.677450998405
15.685422226265
15.693399701484
15.701311407033
15.709199498192
15.717062344220
15.724954478431
15.732828375060
15.740721797322
15.748675470485
15.756557666965
15.764502174223
15.772444838112
15.780306290065
15.788235150768
15.796159210165
15.804421051846
15.812700794068
15.822011620597
15.831445957871
15.841059218692
15.850653208871
15.860224464158
15.869809875972
15.879480838436
15.889307741419
16.102517485005
16.110732411096
16.119829727423
16.128967286214
16.138189514099
16.147493454443
16.156824300173
16.166219071284
16.175622971188
16.185041592050
16.194423649972
16.203783103111
16.213102212968
16.222447462180
16.231773669028
16.241155738214
16.250522406233
16.259915133436
16.269323654708
16.278799461253
16.288316759216
16.297883338764
16.307435933172
16.317004321363
16.326580836615
16.336261842668
16.345900303753
16.355503193377
16.365066489186
16.374590030434
16.384158337743
16.393745613991
16.403370931291
16.475153128315
16.484358410418
16.493754186770
16.503501618779
16.513300448733
16.525972689418
16.536532336899
16.547033044276
16.557359287340
16.567682367675
16.577992057780
16.588372166169
16.598698569078
16.609209681989
16.619648793107
16.630043924017
16.759281467840
16.770053449478
16.780976903081
16.791891581140
16.802853751258
16.813259100737
16.824236334444
16.835566544236
17.021253658888
17.029686412000
17.038827840438
17.048014458506
17.057024304242
17.065788874650
17.075078238646
17.084224143937
17.093304453604
17.102329959311
17.111316831125
17.120261641744
17.129157003441
17.137957540972
17.146721061893
17.155366887594
17.163968574431
17.172471267516
17.180909024003
17.189601271190
17.197918129778
17.206242861308
17.214563327270
17.223022813016
17.231735708237
17.240290780949
17.249114910411
17.257527848998
17.265996762623
17.274477936755
17.283048229402
17.495270143818
17.504763322462
17.514331292708
17.524103230334
17.535255269060
17.545230569296
17.555419221476
17.565407005605
17.575733061891
17.585845626637
17.595356449791
17.606293167835
17.617124358303
17.627974022579
17.638826604723
17.649298109845
17.660692760557
17.671500943913
17.682378889271
17.693278601249
17.704201185941
17.715283896963
17.792764679859
17.801810799592
17.811646497633
17.821199948836
17.830533726035
17.839877050631
17.849086553909
17.858314472128
17.867453766138
17.876582448201
17.885715454894
17.894769261837
17.903808642275
17.912859321263
17.921901091202
17.930908043172
17.939846892588
17.948770550848
17.957658586599
17.966517279802
17.975372057197
17.984228181275
17.993085267792
18.001947047852
18.010916843041
18.020182713199
18.029448910179
18.038289128900
18.271337231629
18.281041957484
18.290850055227
18.300807718329
18.310874130436
18.321068670853
18.331329210518
18.341603456463
18.351862475005
18.362163651601
18.372481131031
18.382955188996
18.393650235437
18.404377115445
18.426791715919
18.437374104069
18.447814331609
18.458419779619
18.468897186877
18.631781164198
18.642336877995
18.653161438161
18.664117793426
18.675267187356
18.686474056124
18.697672161331
18.709004395524
18.720407934139
18.731811209431
18.743213687854
18.754479404122
18.765802268799
18.777091362746
18.788208073104
18.799324383115
18.810592372639
18.822033050761
18.833357432111
18.844688152551
18.855967949743
19.039290609196
19.051575810533
19.064879063811
19.077746487157
19.090362640628
19.102027487375
19.114361362389
19.126322337965
19.138014447822
19.150539437944
19.162673592512
19.272996967109
19.281557625059
19.290633549553
19.299781322365
19.309104535598
19.318927039945
19.329186082320
19.339916027806
19.350816711139
19.363560482407
19.374388225952
19.385388957685
19.396311955272
19.407417858997
19.418707572000
19.430206019455
19.442066819207
19.453767343594
19.465119015396
19.476435455769
19.488427597827
19.500530518510
19.512416105945
19.523965107492

