Time_s
0.719618351961
0.728317926724
0.736741459485
0.745309093770
0.753926607375
0.762457154020
0.770920572129
0.779328001656
0.787658790532
0.795904557832
0.804051684176
0.812140805506
0.820204924894
0.828315654709
0.836516832075
0.844952676738
0.853086541863
0.903480337471
0.905919667029
0.909128374795
0.911572531073
0.914735823156
0.916835701465
0.919529878732
0.921513917391
0.923520474614
0.926010311778
0.928655929930
0.931307391087
0.933903817086
0.936001153246
0.984703311632
0.993446567803
1.002522174385
1.011766500215
1.020923316721
1.029990433949
1.039110192783
1.048311666723
1.057561302529
1.066786002034
1.076030265092
1.085244609674
1.094468961816
1.103880771203
1.113948159729
1.268185071628
1.278979978489
1.290360693200
1.301926097948
1.313540922716
1.325282293822
1.337395338383
1.350100758710
1.362954301913
1.374831251820
1.386112346378
1.397347836204
1.408295494998
1.419170695234
1.430178478672
1.440980219350
1.452279518758
1.464574604313
1.757356452299
1.763988000647
1.771883117650
1.780074680809
1.789534554432
1.798803316773
1.808027758204
1.817042764924
1.826063527721
1.835070520859
1.844073916535
1.853075991702
1.862103069191
1.974089861895
1.979316429555
1.981398980936
1.983163692723
1.984935965435
1.986962596055
1.989287680735
1.991538521599
1.993722183271
1.995421858970
2.062967126442
2.065263426032
2.067167931960
2.069537266585
2.071673595427
2.073994370511
2.076156462585
2.078631816545
2.080796713497
2.084446017648
2.095343890883
2.104521014618
2.113653255129
2.122762515414
2.131850848140
2.140920050843
2.149934266545
2.158911963176
2.167841721502
2.176758860824
2.185660724549
2.194633632900
2.203873220649
2.213228184768
2.222333809463
2.231331396036
2.240334514255
2.249391560061
2.337492360435
2.346733172595
2.356312457811
2.366043585679
2.375871665530
2.385730385398
2.395740564136
2.405556497737
2.415560530605
2.425554057156
2.435632835314
2.445784500751
2.455476569762
2.464732122088
2.473908813138
2.483279758957
2.492707557359
2.502196034548
2.511546766748
2.520855675654
2.530131526864
2.539348625828
2.548456935490
2.557503738589
2.566508724257
2.575564447716
2.584608842949
2.593731340919
2.602923084705
2.612275630185
2.621997956912
2.631431536441
2.640914252572
2.650758056965
2.660734044315
2.669960259049
2.679098038709
2.688451126330
2.697809662260
2.707316488264
2.716901041905
2.726456518712
2.736233363485
2.746800724777
2.923352023519
2.932229799277
2.941612670836
2.951121571170
2.960636520911
2.970066369530
2.979379011191
2.988615059602
2.997815557347
3.006941549461
3.016011470691
3.025087716959
3.034190330187
3.043211931838
3.052090525764
3.060944442372
3.069666053665
3.078326371041
3.087074027069
3.185473919838
3.187576467158
3.189861431669
3.192147221049
3.194314657674
3.196694992911
3.199165010969
3.204787653318
3.206771445996
3.209146667581
3.211970111840
3.214457239413
3.216998004158
3.219503886374
3.221540836979
3.224017930646
3.226197681571
3.246751421439
3.255740360883
3.265018749345
3.274526887830
3.284023476296
3.293613969044
3.303568143723
3.313592649261
3.324138162866
3.333888615401
3.342925973004
3.352243559737
3.361868078758
3.371553638736
3.381283673700
3.390959107254
3.400535263761
3.410084148558
3.419570744568
3.428980319856
3.438337621012
3.447547263614
3.456644104348
3.465637983123
3.474608269660
3.483564424716
3.492811510144
3.502457321424
3.647891308641
3.656256632570
3.665865359490
3.675629356955
3.685478287249
3.695460366455
3.705569109135
3.716128045765
3.726086787621
3.735994424121
3.745854819610
3.755577211642
3.765308781692
3.775060341609
3.785087556159
3.795139960326
3.805164710953
3.814425963479
3.824426300035
3.834313594677
3.844305797319
4.031031575979
4.041295309053
4.052129282123
4.063246565120
4.074592503722
4.085714119074
4.096863378923
4.108011715913
4.119127512365
4.130579271313
4.142408576670
4.154189020486
4.165804108722
4.177070200550
4.810758499413
4.817776961444
4.826248976364
4.834874520184
4.843534284021
4.852176760229
4.860750954962
4.869360849408
4.878338488771
5.140071946220
5.148751296378
5.157596917089
5.166589938516
5.175755789733
5.185061461908
5.194335942870
5.203619321868
5.212859485419
5.222072342722
5.231200228248
5.240183828250
5.249119352345
5.257981723163
5.266784315980
5.275553676360
5.284279879303
5.292942999695
5.301584639471
5.310218257293
5.318861526547
5.327558298847
5.336327428827
5.345199802646
5.354302117905
5.471923192797
5.479910089599
5.489149860513
5.498784655858
5.508595827293
5.518395893491
5.528350563019
5.657641252811
5.665152231432
5.672566108988
5.681441349110
5.690534124501
5.699719108216
5.708967805675
5.718326298584
5.727715777042
5.737226532773
5.746730139240
5.756208529066
5.765668441939
5.775258512387
5.784873857131
5.794502767061
5.894131815842
5.895864709426
5.899135699196
5.901122643191
5.902904125589
5.904590653064
5.906985342066
5.909097114314
5.910799051445
5.914211282596
5.915832233779
5.922382336989
5.924103954606
5.925806931030
5.997041371494
6.006260868170
6.015742033768
6.025391837105
6.035032328503
6.044730350339
6.054437915082
6.064101838870
6.073690939831
6.082882367959
6.092266639298
6.101809710874
6.111416615921
6.121102045734
6.130768282938
6.140477974577
6.150094597034
6.159663178944
6.169219023675
6.178746885165
6.188231710871
6.197760622975
6.207371533996
6.217078264221
6.226911369878
6.236792305518
6.384957913698
6.395150391627
6.405515256880
6.415965667977
6.426379832173
6.436745376980
6.447313396459
6.457649122033
6.467994652809
6.478270716537
6.488585472573
6.498847938654
6.509100172612
6.519355558291
6.529608667156
6.539835679263
6.550020325115
6.560155628358
6.570163520754
6.580114783194
6.590099302873
6.600076603416
6.609971523451
7.113462161768
7.120881218963
7.130073756154
7.139444405101
7.148886693781
7.158390985455
7.167928565613
7.177450242967
7.186901909580
7.196258698779
7.205568022113
7.214843590088
7.224112404872
7.233328124060
7.242564510614
7.251979131107
7.261718779732
7.376394781921
7.385279683775
7.394948689778
7.404687584719
7.414555710301
7.424838363093
7.435876919515
7.446518059937
7.456198415711
7.466201901182
7.476180189000
7.601818282940
7.610789513259
7.620340586676
7.630049923650
7.639813216791
7.649449391699
7.659086249346
7.668992260034
7.678858405342
7.688682847783
7.698531445500
7.708375276063
7.718167303109
7.727948214028
7.737727319491
7.747554962804
7.757535993181
7.930499409629
7.939120112971
7.949534653330
7.984455782313
7.995414894408
8.006641958745
8.087591659305
8.096065296168
8.106314044041
8.116431034944
8.126498078451
8.136116713830
8.145648147950
8.155222419042
8.164708842456
8.174255010676
8.183907462556
8.193733812672
8.203661645818
8.213724422606
8.224047325925
8.235276638793
8.246027267963
8.424472300905
8.434543882285
8.444873710982
8.455206501041
8.465560657597
8.475897270865
8.486158933429
8.496362775442
8.506520422920
8.516548572327
8.526485390871
8.536413617511
8.546300168722
8.556115751391
8.565993317320
8.575903595658
8.585959287514
8.596095695529
8.606434241052
8.616859622169
8.627450754927
8.861031099759
8.871103981619
8.881108407509
8.891605082214
8.901589475645
8.911873155790
8.922194528071
8.932500479695
8.942795445538
8.953056130585
8.963165920948
8.973239509514
8.983248243128
8.993190883372
9.003095371248
9.012951033139
9.022745873142
9.032479806878
9.041681885842
9.051303829278
9.061023455527
9.070659311656
9.080237721106
9.089766017729
9.099262461285
9.108708434863
9.118126649577
9.127421349986
9.136623844410
9.145755377294
9.154871140582
9.164838548486
9.174146497155
9.183346117034
9.192553409847
9.201640125290
9.210521327718
9.219092017174
9.226931579068
9.235587451381
9.244382088064
9.253319772439
9.262316578461
9.271337060529
9.280474262614
9.289697246373
9.298976193014
9.308394798991
9.317910328488
9.327649945935
9.337580833907
9.347721375682
9.496809718508
9.506158908624
9.515826513756
9.525913385396
9.536199508578
9.546445558447
9.556618155119
9.566704834927
9.576760859885
9.586811946705
9.596688757776
9.606399045514
9.615996445622
9.625440081421
9.634700955754
9.644172948396
9.653484888929
9.788930887349
9.797578875912
9.806462553168
9.816151933474
9.825916273772
9.835776590144
9.845784990629
9.855760779027
9.865769131021
9.875837912119
9.885911374325
9.896030034972
9.906128597191
9.916247786248
9.926499119892
9.937043828677
9.948135814206
9.958825580175
9.969385171216
9.979651046966
9.989668591538
9.999715098629
10.010052486396
10.020561184390
10.029775176216
10.039013331568
10.048452287411
10.058218993316
10.067977379286
10.077880535646
10.087738210020
10.097582292757
10.107587949590
10.117472234231
10.127399284711
10.137578793213
10.147623263272
10.157159154784
10.166547887516
10.176139989161
10.185905077028
10.195785609016
10.205737010059
10.215979216668
10.227368892068
10.238027445141
10.248640647675
10.259257036915
10.270021659427
10.280885243007
10.291777398406
10.302375195560
10.313160301309
10.323596609765
10.333823952322
10.349403711034
10.360043293455
10.370378353339
10.380702068616
10.391357148058
10.402249107497
10.413165510237
10.424114215835
10.435729847403
11.103758819415
11.113816926555
11.123075455437
11.132463316457
11.142012698120
11.151550295604
11.161145622923
11.170797913597
11.180455968847
11.190143368257
11.199867136713
11.209496825680
11.219129337300
11.228644374374
11.238041790115
11.247450747009
11.256703536462
11.265864700545
11.274927889094
11.283817507450
11.292600505045
11.301336566172
11.310017263171
11.318590273195
11.327116646759
11.335651884853
11.344144628002
11.352564244253
11.361306218299
11.370147233341
11.501462091612
11.509592292841
11.518319071173
11.527289653097
11.536453011566
11.545720967225
11.555089497784
11.564742148376
11.574388146420
11.584103170874
11.593906293311
11.603681294616
11.613378572188
11.623100310247
11.632815429196
11.642543771154
11.652289572997
11.661748506701
11.671495703832
11.681193787709
11.690816815122
11.700353839255
11.709865767181
11.719281859830
11.728594065916
11.737790678022
11.746922381570
11.755948646851
11.764866343370
11.773697251132
11.782520626904
11.791384633108
11.801267241391
11.810634940250
11.819940045588
11.829516326857
11.838489701651
11.846210312268
11.855376525894
11.864941639594
11.874661868200
11.884473929313
11.894371996075
11.904303601091
11.914228360745
11.924400529285
11.934500865296
12.075249762830
12.084690987771
12.094319930774
12.103838352646
12.113690180465
12.123515198312
12.133421841060
12.143365476306
12.153257301780
12.163157669385
12.173085738652
12.183076726273
12.193143932646
12.203361508738
12.331902683567
12.342017989756
12.352240098511
12.362415434564
12.371872777049
12.382218925689
12.392528310744
12.402850162626
12.413218952152
12.423767213405
12.434511763310
12.444964914184
12.582385436753
12.594474129952
12.605545290068
12.822425086665
12.832293741949
12.842635065691
12.852663469201
12.863137035541
12.873835575975
12.884449372430
12.895042782982
12.905584398716
12.916136855994
12.926636505608
12.937011332456
12.947286637351
12.957491591831
12.967668349104
12.977718229504
12.987700465623
12.997613711477
13.007401449825
13.017133745515
13.026750270380
13.036217469990
13.045572229461
13.054779193820
13.063912116341
13.073000032819
13.082378310233
13.315915790861
13.326350560437
13.336148325574
13.345878034574
13.355590306155
13.365233331278
13.374900923821
13.384594540319
13.394512188445
13.404475299702
13.414157756263
13.424023299980
13.433935340299
13.443951941215
13.454034957554
13.464341966092
13.474993622761
13.484311185634
13.494026194283
13.504062483365
13.514218878315
13.524586976946
13.535249197658
13.546759446330
13.557142085015
13.567427937147
13.577337204402
13.587025640733
13.596985435332
13.605592260813
13.614723068206
13.624100912266
13.633537338913
13.643039506307
13.652514147422
13.661955993435
13.671680775205
13.682410266593
13.883047704516
13.892930818919
13.902805283314
13.912651057116
13.922497811859
13.932307807624
13.941982462165
13.951522198004
13.961025365952
13.970463510676
13.979978775115
13.989544394107
13.999164827056
14.008791982646
14.018422423042
14.028231465366
14.038016673087
14.189004463111
14.199089852391
14.209181920175
14.219301527117
14.229397146556
14.239497084646
14.249532732776
14.259505789886
14.269456978792
14.279334722606
14.289090896582
14.298688181704
14.308202976448
14.317628962166
14.326949521871
14.336210443894
14.345544589810
14.355145502818
14.364609005097
14.485004575852
14.494792719366
14.504833683979
14.514950325405
14.525827286717
14.536587888079
14.547032754230
14.557423313635
14.568215045194
14.579171928297
14.606145413531
14.616051077021
14.626729765846
14.770381465160
14.780423335051
14.791542130816
14.802627852377
14.813781870155
14.824847088595
14.835902392409
14.847017348761
14.858245639272
14.869723166875
14.881240657038
14.892807222238
14.904139389327
14.915551864126
14.926756647893
15.567974570029
15.569767599851
15.571582764039
15.573439585680
15.576002776319
15.578491479364
15.580320084595
15.582042022878
15.584481569714
15.586279151490
15.589896292843
15.591710253083
15.593547870172
15.637915555857
15.647229884872
15.656668316210
15.666225140839
15.675948100642
15.686215880748
15.776854114611
15.783715833594
15.792192996056
15.801179213367
15.810358026611
15.819607041149
15.828831554722
15.838079605260
15.847417074219
15.856846076558
15.866384531589
15.876076948003
16.066488055109
16.075042263229
16.083802247820
16.092709779033
16.101676779958
16.110840778533
16.120571352171
16.130116249086
16.139775541164
16.149474008635
16.159039387076
16.168243058406
16.177399651708
16.186880739838
16.196588737294
16.206816172017
16.215982699671
16.225143423093
16.234361441852
16.243742855597
16.253169189328
16.262728961500
16.272381477261
16.282043850164
16.291834927285
16.301819460619
16.311920936021
16.321828298582
16.527245686315
16.534533778116
16.542923090389
16.552317875480
16.561695431631
16.571122803715
16.580549071718
16.589948267935
16.599324452690
16.608678220679
16.617969927733
16.627218096474
16.636364358344
16.645471609053
16.654490050910
16.663551419782
16.672604031735
16.681472175537
16.690258147698
16.698975532379
16.707683572196
16.716439856871
16.725451088407
16.734252242328
16.743484114965
16.897332315437
16.909098435197
16.920303453005
16.931254576751
16.941378998751
16.951181762904
16.960683864861
16.970337291647
16.980043817000
16.989871163262
16.999684114360
17.009651831269
17.019910363057
17.367075988818
17.375452784724
17.384228918606
17.393036072966
17.401860546290
17.410738574567
17.419580973844
17.428439900206
17.437259178212
17.446074391222
17.454873141889
17.463633187609
17.472293103135
17.480915363102
17.489524043072
17.498168803395
17.506808321236
17.515437515720
17.524129476931
17.532897438823
17.541786956420
17.550755009095
17.559730741542
17.568741716962
17.577648740573
17.586552746903
17.595491951760
17.604592575987
17.613894328315
17.623301599471
17.632870564916
17.642506765637
17.652186821983
17.661959150457
17.671727019516
17.681777815472
17.692996777810
17.702603607978
17.712726037680
17.722862121865
17.733519529837
17.744068546403
17.754197223248
17.764338520003
17.774362124675
17.824375189972
17.834356853663
17.844879324531
17.855069515419
17.865886867305
17.876888195101
17.888112770279
17.899343184927
17.910737345939
17.922320895321
17.934364997715
17.946299655654
17.958051025972
17.969592651070
17.981178604744
17.993152314779
18.005196611520
18.016911763119
18.029029395547
18.457942090213
18.466695650451
18.476243829269
18.485778493162
18.495276136514
18.505013207410
18.514903310033
18.524890410970
18.534844905061
18.544856798355
18.554956644142
18.564920510931
18.574818703701
18.584711564576
18.594582471193
18.604366933776
18.614106348112
18.623986969005
18.633936845543
18.643922560929
18.653922607170
18.664000117196
18.674105960598
18.684235654683
18.694312527826
18.704395858204
18.714421748798
18.724205717322
18.733984924374
18.743791447523
18.753471009741
18.763108694150
18.772743153797
18.782342786220
18.791896911265
18.801569224372
18.811481124190
18.821175410245
18.831173503978
18.841336990819
18.851740259658
18.861444933485
18.872286384617
18.887373198360
18.898024235950
18.909450037143
18.939536350709
18.948647366888
18.958286674529
18.967915215124
18.977658076671
18.987493568111
18.997346653952
19.007182425575
19.017057127772
19.027073712149
19.037114176827
19.047562769069
19.057466933604
19.067503428019
19.077691229617
19.087835314034
19.097914881586
19.107976098917
19.117987883380
19.127516557404
19.137507983960
19.147548743453
19.157433121726
19.167292568403
19.177122324690
19.187074962376
19.197134141660
19.207212287196
19.217278946506
19.227275191249
19.237165734483
19.247349837549
19.256472944943
19.266149214430
19.365682860694
19.375010684752
19.384827030595
19.394665876582
19.404640386879
19.414685895310
19.424848185831
19.434989941008
19.445106079121
19.455272035453
19.465436752032
19.475656259145
19.485836009305
19.495998435666
19.506176743223
19.516327476573
19.526476173452
19.536661473313
19.546788007362
19.556829984754
19.566882440166
19.576998978363
19.586977371535
19.596879213373
19.606882083848
19.616823487801
19.626824226929
19.636835765224
19.646758127330
19.656529756491
19.666235084970
19.675786832867
19.685230395410
19.694560371766
19.703882127746
19.713471226560
19.722753066878
19.881356927927
19.890386297342
19.899345647809
19.908331255720
19.917353744279
19.926350142122
19.935316377010
19.944204104056
19.953038744091
19.961736123725
19.970347956064
19.979276880716

