Time_s
0.607106248188
0.615749129408
0.624582856165
0.633305910550
0.641959550997
0.650477440983
0.658946270717
0.667172475963
0.675199007256
0.683083311124
0.690855539399
0.698593421484
0.706305575381
0.713892045827
0.721305747601
0.728622845193
0.735760859759
0.742486435744
0.749263784087
0.756002571905
0.762673544256
0.769320711686
0.775912899901
0.782461166150
0.788940400031
0.795345814886
0.801657374355
0.807879288527
0.814015294080
0.820039310268
0.825988593961
0.831961706410
0.837778563300
0.843598632007
0.849429139777
0.855221867408
0.860876029610
0.866622264832
0.872225241143
0.877747377898
0.883370903478
0.888852642128
0.894222736296
0.899565031832
0.904907377611
0.910182398488
0.915584716311
0.920922934064
0.926337403034
0.931787565800
0.937319026773
0.943044054605
0.948954528648
1.120948416637
1.128034358652
1.135474350547
1.142923702204
1.150452343877
1.158200179127
1.166137135894
1.174266132967
1.182296128021
1.190206716992
1.198126868751
1.205996435004
1.213750424228
1.221593065249
1.229320634606
1.237005380719
1.244518888647
1.251950455274
1.259279654118
1.266524313306
1.273809089606
1.281001321002
1.288235945969
1.295461859375
1.302681863699
1.309849642891
1.316934404179
1.323900680159
1.330706696398
1.337636322485
1.344559617681
1.351576383780
1.358604848861
1.365653152164
1.372777006139
1.380249570170
1.551847514732
1.554216605007
1.556615029714
1.558782831104
1.560621910477
1.562403705357
1.564597988789
1.566768024417
1.568592186543
1.570349419475
1.572518944788
1.586674334877
1.595860997445
1.605005630539
1.614335962418
1.624131933570
1.634247343775
1.644482327759
1.655192249268
1.666164493796
1.677717612499
1.689263061717
1.701388623869
1.713988800115
1.726794806036
1.739811332264
1.752863817060
1.766353364740
1.780575177694
1.793850454079
1.805873636440
1.818232418697
2.563871479806
2.570806025180
2.578048002484
2.585014456516
2.591730718721
2.598448244089
2.605020419870
2.611485982631
2.617876993863
2.624166130122
2.630293928539
2.636313131451
2.642151550492
2.647937540453
2.653518568743
2.659071261982
2.664511966403
2.669994974747
2.675330060330
2.680644938742
2.686073197380
2.691648101854
2.697355303803
2.897931345685
2.905736659776
2.913897256945
2.922133344824
2.930392226422
2.939138474729
2.948002079192
2.957000811488
2.966112633467
2.975359414898
2.984682991910
2.994120234136
3.003656552575
3.013275113698
3.022974239014
3.032814966499
3.042771691641
3.052835143379
3.062888111899
3.073102742156
3.083353438366
3.093564075836
3.103782544857
3.114017617785
3.124282786169
3.134624139086
3.145639372254
3.155887841013
3.166067206920
3.175241256242
3.185119990883
3.195205200240
3.205564407832
3.216075008792
3.226466324493
3.236581919365
3.246800740789
3.256964827487
3.267480785670
3.278178771650
3.289789025821
3.307178344984
3.316165128921
3.324903314230
3.333498676916
3.341938070766
3.350060279599
3.358049809943
3.365783735021
3.373323656837
3.380696304105
3.387933989804
3.395033188815
3.402021541931
3.408913493507
3.415736760840
3.422506612451
3.429244487896
3.435889375334
3.442462371148
3.448938878322
3.455372668373
3.461959382518
3.468371470684
3.474672947528
3.480806575671
3.487056924912
3.493205142106
3.499374878369
3.505567619618
3.511701592987
3.517870308236
3.523981532859
3.530120525158
3.536192374662
3.542378234491
3.548508556064
3.554624927591
3.560830985958
3.567113133147
3.573237081357
3.579533224497
3.586197563897
3.592778449733
3.599388491113
3.606081912793
3.612936847355
3.619894122282
3.626909998366
3.634054035406
3.641291232346
3.648662643737
3.656395268443
3.664529223159
3.864675446729
3.872921720362
3.880920319595
3.888876939593
3.896820553059
3.904758837302
3.912727196670
3.920809372337
3.928970019047
3.937210475702
3.945570109243
3.954039014324
3.962696585213
3.971432565163
3.980262017186
3.989181093339
3.998081334421
4.006987292534
4.015853376144
4.024859549924
4.034279854749
4.085759928598
4.095166005064
4.104493434571
4.113795487217
4.122965394247
4.132066742296
4.141053963483
4.149927333728
4.158766987009
4.167578079577
4.176376288305
4.185494328682
4.196202368734
4.205295873445
4.213656069378
4.222490873195
4.231958496132
4.241586411491
4.251328350903
4.261221056286
4.271339835403
4.281626771558
4.292190775523
4.302686385618
4.313256487576
4.323908829843
4.334554919879
4.345447423613
4.356416496025
4.367924115741
4.379347023338
4.390680728928
4.401771813782
4.412577324791
4.423103453424
4.433179850317
4.442911259658
4.452347044481
4.557896726152
4.564168657376
4.570851242893
4.578346424126
4.585887467457
4.593576792915
4.601410127247
4.609276755280
4.617209375747
4.625111432658
4.632939721184
4.640701464653
4.648688826230
4.656123585757
4.663505570342
4.670808866884
4.678132137118
4.685450900157
4.692816720649
4.700148104346
4.707369930600
4.714624642402
4.721813814259
4.728986442652
4.736142575875
4.743176014197
4.750683419792
4.758375515312
4.765838704800
4.773290430323
4.780741855940
4.788204770724
4.795632220134
4.803164548738
4.810875202307
5.015154621872
5.023051373748
5.030374229797
5.037692776855
5.045082786614
5.052558343158
5.060181154606
5.067947018879
5.075801559359
5.083753723746
5.091787311875
5.100067965046
5.108453628331
5.117126978613
5.126133292557
5.135386106293
5.145061657143
5.154983259962
5.165161179631
5.175568711576
5.186152623041
5.196913011025
5.207787522737
5.218914319366
5.229930445285
5.241306744681
5.252609861467
5.264045381761
5.275763218440
5.288346110983
5.299550558183
5.312195282904
6.129774267168
6.136709976216
6.143094745236
6.149760403486
6.156290972834
6.162632779410
6.168908454681
6.175085962064
6.181264690981
6.187472001815
6.193859320899
6.200961454048
6.409721077886
6.416432248359
6.422937990782
6.429586832630
6.436218526050
6.442794631958
6.449434583175
6.456133023719
6.462857301455
6.469530912802
6.476226942899
6.482792265265
6.489333534859
6.495837641705
6.502287807504
6.508653720155
6.514898263097
6.520988411160
6.526998279197
6.532929892802
6.538759166799
6.544493228423
6.550157619127
6.555847744927
6.561449102887
6.567071341526
6.572712598069
6.578319482628
6.583963012889
6.589544405505
6.595158119870
6.600779071766
6.606401717634
6.612026125767
6.617665224392
6.623369019623
6.629031255533
6.634752384389
6.640438593213
6.646154663142
6.651836720246
6.657509411407
6.663219653062
6.668911956503
6.674608550892
6.680339698931
6.686069419183
6.691842569918
6.697626917192
6.703448359051
6.709318331216
6.715238678485
6.721375596061
6.769051216599
6.775812003808
6.782889529042
6.789961629325
6.797046374717
6.804089597460
6.811152400958
6.818164632877
6.825033981332
6.832001628308
6.839143604186
6.846624348668
6.854410239452
6.862335332298
6.870504510267
7.034072460020
7.041017223359
7.048637105115
7.055735662834
7.062849669707
7.069885091118
7.076996166764
7.084065147347
7.091304049723
7.098564630762
7.105979260880
7.113324427169
7.120600114160
7.127864877687
7.135177982530
7.142410349747
7.149644015091
7.156881219392
7.164199185551
7.171564260434
7.178855111576
7.186213086521
7.193649288914
7.201166908689
7.208581531671
7.216039231369
7.223457781969
7.230838494031
7.238242864794
7.245770950829
7.253288982636
7.260700899622
7.268122031879
7.276242207100
7.284133710710
7.394020703240
7.402638608825
7.411019379026
7.419379172805
7.427748535335
7.435845969278
7.443922590725
7.452453108386
7.460852058459
7.469236500550
7.477624358827
7.486045551740
7.494552380967
7.503150681050
7.511745508900
7.520371305151
7.529031897101
7.537728605686
7.546430061881
7.555260140900
7.564180527168
7.573164384339
7.582171616013
7.591243249594
7.600476171137
7.609664148065
7.619142057382
7.628892741196
7.639441841830
7.773402220621
7.781230058149
7.789078361947
7.797168843225
7.805273230949
7.813368238738
7.821369856684
7.829183599220
7.836727320587
7.844059595625
7.851245270726
7.858297177981
7.865192916248
7.871932854481
7.878559941175
7.885112596088
7.891519758842
7.897833404116
7.904020797758
7.910184617152
7.916290084371
7.922301047214
7.928287231865
7.934203489776
7.940052872630
7.945872635169
7.951659095418
7.957412168747
7.963114095300
7.968847192539
7.974508121100
7.980266744532
7.986154003478
7.992044391819
7.998009894664
8.004034488073
8.009939442978
8.015766124805
8.869529763420
8.875226928329
8.880778928443
8.886201666989
8.891606638545
8.896995819797
8.902336791023
8.907574955868
8.912795280963
8.917877361803
8.922897236872
8.927881002220
8.932796043430
8.937675888362
8.942469134069
8.947211776025
8.951877879829
8.956499231321
8.961059749280
8.965589496457
8.970096083935
8.974543706747
8.979037811913
8.983487390937
8.987986570957
8.992405944543
8.996843951546
9.001183194501
9.005543898870
9.009904991513
9.014243483814
9.018562149384
9.022842284637
9.027060734253
9.031369952814
9.035607830156
9.039940570294
9.044213696777
9.048650474423
9.053722637782
9.209217177088
9.215541684265
9.221974021846
9.228150559125
9.234359535415
9.240649186883
9.247143934903
9.253855069678
9.260883351266
9.268212061355
9.275875981878
9.284026246887
9.293203177570
9.303229458953
9.312659121528
9.322324140814
9.331203790793
9.500682417195
9.509251336070
9.517235140336
9.525351075815
9.533382403812
9.541311577622
9.549127721556
9.556947208198
9.564670622368
9.572327422560
9.579963525072
9.587605254031
9.595285915381
9.603042765491
9.610845207214
9.618683246430
9.626433994169
9.634171274779
9.641904386620
9.649596985446
9.657235927318
9.664897936857
9.672532358221
9.680114191900
9.687774063045
9.695472401925
9.703184746391
9.710897095821
9.718636625132
9.726419822696
9.734194639851
9.741991674562
9.749876138599
9.767146905982
9.775464320036
9.784473916998
9.793052471168
9.801723847670
9.811044699521
9.820340299424
9.829705534149
9.938556037660
9.947264504513
9.956175425503
9.964917821456
9.973695331005
9.982585121432
9.991649723598
10.000928602957
10.010453174394
10.020182392214
10.030205328015
10.040532484127
10.050859000383
10.061246314198
10.071883285448
10.082866680867
10.173326534977
10.184032787428
10.194905741176
10.206670455681
10.216289923947
10.227845146522
10.237017598142
10.246403137486
10.255499856213
10.264633989290
10.273913242058
10.283190408085
10.292540415434
10.301930786061
10.311462010496
10.321280494262
10.331277831759
10.341622977985
10.352072282234
10.543646471011
10.551895448485
10.560961954370
10.570239860345
10.579671353340
10.589107037623
10.598580901107
10.608062746788
10.617334285153
10.626435192025
10.635366363390
10.644118738084
10.652640072322
10.660943925387
10.669245580272
10.677427110105
10.685559908736
10.693804357953
11.267540300130
11.277191874600
11.286973808372
11.296008755534
11.304807226366
11.313378843990
11.321841330350
11.330204624928
11.338477238397
11.346604425757
11.354645751138
11.362534750627
11.370257882307
11.377844520481
11.385336629668
11.392816218938
11.400189828832
11.407365079673
11.414427549620
11.421226006750
11.427628352606
11.434143639827
11.440596401513
11.447045137932
11.453457541810
11.459970061806
11.466496742067
11.473058930551
11.479816704654
11.486697747498
11.493759654033
11.500889946823
11.508205861925
11.515852783273
11.523671155688
11.531805354738
11.540387642995
11.549196850657
11.558397324833
11.567864594063
11.577550438717
11.587533691166
11.597588589562
11.607922771861
11.618529814240
11.630323211390
11.640790636065
11.651569211462
11.662347666771
11.673414911837
11.684972949517
11.717198775017
11.727427143984
11.737794114036
11.748267578117
11.758532934325
11.768473786288
11.778332011836
11.787949308311
11.797273759800
11.806454954804
11.815489000575
11.824337936615
11.832999927598
11.841395555625
11.849533056666
11.857375267052
11.865096574772
11.872538667339
11.879950738641
11.887482178424
11.895076450312
11.902854525531
11.910801763745
11.918971644686
11.927428067992
11.936140739210
11.945116348453
11.954389679070
12.062355106219
12.071484065587
12.080759126139
12.089754386818
12.098875550036
12.108022235809
12.117326111426
12.126614990135
12.135136172084
12.144518705595
12.154147907906
12.164142674487
12.174612285087
12.185363705459
12.196506363412
12.207809489657
12.219306648400
12.231372927246
12.243499926037
12.255663531492
12.267855715279
12.279885468866
12.291574740764
12.303107766473
12.314210820012
12.495257382062
12.504105144876
12.512204515948
12.520736854438
12.529207392598
12.537647383444
12.546103284267
12.554506035565
12.562865909788
12.571127768543
12.579390460321
12.587535211417
12.595520396738
12.603315029188
12.610931095784
12.618472082350
12.625988134550
12.633478587633
12.640906753565
12.648239408229
12.655552544941
12.663046533096
12.670695278582
12.679021711593
12.687589780425
12.695895351950
12.704194947400
12.712879261446
12.721783449395
12.771245808741
12.778214112387
12.785977942017
12.793506149022
12.801072602138
12.808657385953
12.816219771144
12.823739812234
12.831072972399
12.838381572708
12.845712582857
12.852908796048
12.859994288284
12.866982696020
12.873910069710
12.880747517356
12.887521041325
12.894444561165
12.901871630421
12.908910607226
12.915870235050
12.922536555959
12.929112528999
12.935575676606
12.941931014650
12.948207450879
12.954520638332
12.960964483899
12.967545336189
12.974951383590
12.982118141353
12.989221224618
12.996493767021
13.003509574463
14.012301455239
14.024255632751
14.032891016650
14.042482496448
14.052284931444
14.062513166504
14.067408717361
14.069998050645
14.073114183568
14.076071793971
14.078673541145
14.081241199956
14.083750473844
14.086171290162
14.088691095160
14.091257470658
14.093611391413
14.095871634504
14.098162119981
14.100353630022
14.102434668508
14.104714554895
14.164265529101
14.171911563490
14.179407819608
14.186875568214
14.194326711228
14.201873567946
14.209569820433
14.217281438067
14.224807413102
14.232351730535
14.239822781239
14.247235912552
14.254460815642
14.261594858628
14.268528737945
14.275341356701
14.281923989223
14.288433910163
14.294762078952
14.300906347955
14.306872614530
14.312768021433
14.318673629333
14.324594364525
14.330452490417
14.336325056449
14.342253341392
14.348400938448
14.354236049596
14.498754894210
14.505511006543
14.512112698856
14.519095823234
14.526505295204
14.533925422917
14.541681989534
14.549428325950
14.557297748272
14.565196248031
14.573069070234
14.580833626325
14.588545208428
14.596236073261
14.603884360035
14.611487570797
14.619083547150
14.627005290071
14.634458415143
14.641908432061
14.649369477221
14.656869550169
14.664413342950
14.671919402116
14.679479836528
14.687073265665
14.694674842203
14.702331608566
14.709949006184
14.717665217782
14.725354050733
14.732983128836
14.740546365432
14.748165971063
14.755710070471
14.763206162028
14.770677956841
14.777732648983
14.785081393674
14.792309624329
14.799587714523
14.806895909399
14.814321413230
14.821843575155
14.829464090444
14.837249921454
14.845170705744
14.853333438581
14.861742585187
14.870316239009
14.879187672801
14.888455437547
14.897974201415
14.907725368317
14.917703164740
14.928034517590
14.938311539597
14.948918901407
14.959672404471
14.970539147048
14.981403166953
14.992380870510
15.003324668147
15.014440594976
15.025443076579
15.036543141150
15.047590469563
15.058575677834
15.070053193424
15.081438036319
15.092725084880
15.104748920674
15.115406846778
15.125629428387
15.135991090680
15.146645492196
15.157256059319
15.248223507723
15.258096920716
15.267485483847
15.276708621445
15.286062395411
15.295461837326
15.305045300407
15.314598301904
15.324237645495
15.332859221700
15.342320018747
15.351674066946
15.361020418597
15.370307774990
15.379594834482
15.388810186302
15.398019950446
15.407114104544
15.416042934710
15.424865103649
15.433548959421
15.442115903587
15.450535080231
15.458837513872
15.466997519251
15.475002718810
15.482815037786
15.490566906863
15.498228583946
15.505799472410
15.513349093464
15.520874466625
15.528335148259
15.535766711140
15.543156301752
15.550508963874
15.557810422664
15.565054231116
15.572260087588
15.579442538315
15.586628754280
15.593834218199
15.601133230410
15.709844716525
15.717796437550
15.725636107931
15.733474695058
15.741249385020
15.749108646058
15.756989649499
15.764996484248
15.773074051281
15.781094430152
15.789065959752
15.797012371487
15.804960925028
15.812867815452
15.820847639369
15.828886764526
15.836879672240
15.845047046511
15.853579505078
15.981908631928
15.990767265944
15.999231003531
16.007836364698
16.016739790198
16.026625723274
16.189373988550
16.199431516606
16.208729958564
16.217769127588
16.226818172875
16.235333698777
16.244069594258
16.252886726223
16.261713420553
16.270638664842
16.279619175098
16.288562232725
16.297393156216
16.306148685017
16.314790090071
16.323400028611
16.331737765292
16.339813084931
16.347690143859
16.355497622816
16.363182963499
16.370682725366
16.378100997225
16.385365343811
16.392569451908
16.399690909511
16.406627243794
16.413553737750
16.420343136279
16.427085073786
16.433772777161
16.440398622690
16.446993924728
16.453620173157
16.460198766723
16.466888302653
16.473687824765
16.480752459964
16.487659300244
16.494408220683
16.500854877008
16.507538059469
16.601017125374
16.606973780695
16.613460721085
16.620163842412
16.626936010530
16.633858598865
16.641074748122
16.649263004061
16.656981195882
16.665081037750
16.673186650713
16.681112784778
16.689616726590
16.698104847096
16.706772621195
16.715655093015
16.724771170309
16.735089300837
16.744506791210
16.754151158190
16.763542367825
16.772644420273
16.781468596701
16.790165549965
16.798780150787
16.807403957667
16.816017962729
16.824339086343
16.831432488861
16.839807107010
16.847963399430
16.856137662133
16.864391678529
16.872799270629
16.881169355590
16.889314104685
16.897120817024
16.904611131531
16.911779435573
16.918701454689
16.925576010429
16.932481370952
16.939355376017
16.946643929246
17.109030563016
17.115302982956
17.123135779192
17.131033293658
17.139140637160
17.147313791130
17.155598482272
17.163981340531
17.172486809527
17.181035482209
17.189715899452
17.198476903234
17.207173004762
17.215607161934
17.223925775753
17.232169503398
17.240437663927
17.248611534935
17.256541047463
17.264330821965
17.272156355217
17.279962714659
17.287881812597
17.449916247967
17.458008250614
17.465912802644
17.473718005030
17.481596583865
17.489522444588
17.497563897370
17.505644569193
17.513634403869
17.521600152192
17.529584766459
17.537632889558
17.545770312312
17.553986627584
17.562066188591
17.570225058659
17.578202861943
17.586114528751
17.593784586551
17.601206349710
17.608333047728
17.615366391928
17.622389252982
17.629442942574
17.636529331733
17.643798506829
17.651310611463
17.741372669523
17.748376555544
17.755438244546
17.762620941570
17.769768834844
17.776933059862
17.784026164816
17.790973335905
17.797836089171
17.805989776162
17.813916886150
17.821019290321
17.828142423403
17.835233363587
17.842410545213
17.849937070145
17.858009783422
17.877853876228
17.885158404724
17.891813716163
17.898470558226
17.905251939068
17.912117025771
17.918998761721
17.943040057364
17.945908561323
17.950421923060
17.956055978377
17.957926545635
17.960392806474
17.963082108175
17.965109724108
18.091549984014
18.096244023743
18.102053743326
18.107813969720
18.113472635000
18.119200819468
18.125029275563
18.130958953690
18.137037099737
18.143309991534
18.149799975541
18.156463104340
18.163457312050
18.170870222637
18.178800071449
18.187505786107
18.196736111651
18.206207030064
18.215933285724
19.164608513731
19.174383421607
19.184309762676
19.194222649595
19.204108528547
19.292838864287
19.301516933163
19.310357129106
19.319366472841
19.328436421397
19.337538752304
19.346523416414
19.355537329070
19.364532547330
19.373498962899
19.382564775778
19.391529718216
19.400612840278
19.409704411595
19.648324257645
19.655615811164
19.662933547476
19.670346640857
19.677770051457
19.685164011051
19.692524388529
19.699897593602
19.707286916087
19.714664248817
19.722060113237
19.729470744033
19.736877215666
19.744304833067
19.751749701106
19.759180625653
19.766621179029
19.774081780755
19.781539580647
19.789095221780
19.796664005379
19.804367767374
19.812290824694
19.820424226496
19.829966428087
19.838376797162
19.847676614288
19.856119032030
19.864864595247
19.874126032750
19.882943898739
19.892357418345
19.901520662612
19.911189750493
19.921082780916
19.931078795753
19.939663773562
19.948176322757
19.956648984602
19.965237891205
19.973821045460
19.982454886181
19.991255115133

