Time_s
1.475619798941
1.481518293152
1.488657183833
1.496268294447
1.503890407112
1.511545838550
1.519385384360
1.527247525166
1.535048058855
1.542824817138
1.550126867375
1.557577312600
1.564967931228
1.572322163490
1.579670375381
1.587000718430
1.594212830708
1.601504988570
1.608683819092
1.615821513646
1.622820295377
1.629737276295
1.636632964414
1.643509614502
1.650452646635
1.657476099945
1.664399683678
1.671837380828
1.862112235149
1.869070037262
1.876489929068
1.884238160079
1.892014812042
1.899827307664
1.907665122108
1.915482538427
1.923315299053
1.931119340815
1.938878818031
1.946616128122
1.954296956525
1.961965308038
1.969654399365
1.977358982348
1.985046225171
1.992708509860
2.000375361865
2.007995446274
2.015613770977
2.023202468033
2.030823859861
2.038516610740
2.046304741146
2.054289639164
2.062834388302
2.070327528437
2.248866801917
2.255532077142
2.262715909003
2.270226948466
2.277852594328
2.285473769735
2.293111299395
2.300794863266
2.308507926775
2.316279144656
2.324088565363
2.331897558934
2.339706526377
2.347456484120
2.355143283386
2.362825731922
2.370663187710
2.378292015072
2.385947887121
2.393573513142
2.401155191742
2.408685230782
2.416175933953
2.423631971396
2.431082406458
2.438466206641
2.445854392246
2.453140243323
2.460336666240
2.467370526983
2.474374645265
2.481351261706
2.488243394901
2.495101765963
2.501969927338
2.508689772053
2.515409777621
2.522056990858
2.528666899657
2.535219807906
2.541748414959
2.548270735084
2.554780633186
2.561213385348
2.567535764916
2.573714634833
2.579877113688
2.586444561093
2.592930968057
2.598908297363
3.263120135524
3.271394023004
3.279717234704
3.287998147578
3.296118118380
3.304077309512
3.311888904150
3.319627395577
3.327204982753
3.334693133447
3.342192054615
3.349790191490
3.357450767339
3.364796722186
3.500695137188
3.506781223341
3.513632622839
3.520573545628
3.527462635074
3.534378074081
3.541288386156
3.548210716596
3.555071152133
3.561881279168
3.568701155111
3.575478272772
3.582277416978
3.589105698887
3.595922377416
3.602880300306
3.610127232881
3.617493786055
3.624796787213
3.632071674671
3.639345101354
3.646524364910
3.766487344023
3.774558590983
3.782663761106
3.790936643024
3.799442690777
3.808143334688
3.817097556965
3.826383649303
3.835736437345
3.845142729621
3.854545578768
3.864014770041
3.873529443891
3.883119964464
3.892936406511
3.916036519156
3.924254549122
3.932386907402
3.940610523148
3.948728611974
3.956915196359
3.965001516488
3.973191833585
3.981357118171
3.989523341148
3.997634392926
4.005700879657
4.013770870454
4.021734145536
4.029662723523
4.037581221334
4.045443493443
4.053185416330
4.060807181484
4.068234119016
4.075685422868
4.083093594398
4.090432628573
4.097742170208
4.105180331398
4.112672491930
4.120176987998
4.127771564349
4.135772969234
4.143120474546
4.251339489812
4.258638146804
4.266686096944
4.275104486596
4.283700195957
4.292649687048
4.301442486339
4.310263307720
4.319288353744
4.328280992236
4.337197843557
4.345908894544
4.353645757927
4.362140331087
4.370509217965
4.378696297534
4.386723888403
4.394576262291
4.402402549483
4.410186612466
4.417849556207
4.425563167641
4.433209379742
4.440737805292
4.448203056198
4.455759433446
4.463432160916
4.471254849117
4.478975804139
4.696446536687
4.704001969935
4.711547021331
4.719205958385
4.726912326095
4.734686137276
4.742449707164
4.750167595582
4.757864634806
4.765571356076
4.773251286704
4.780967103699
4.788682517956
4.796468751121
4.804147711698
4.811955092286
4.819650259125
4.827446993232
4.835292991893
4.843200427127
4.851191375519
4.859456742375
4.867840308227
4.876315283825
4.884759855546
4.893170129214
4.901515498144
4.909844433978
4.918170494445
4.926525782691
4.935044920861
4.944065778241
4.953189125112
4.962694454262
5.071126819833
5.080576001722
5.089792490076
5.098164313317
5.106213417017
5.114515495578
5.122527577906
5.130828473894
5.139148693348
5.147455114205
5.155739753018
5.164018033220
5.172280695013
5.180525136726
5.188835327275
5.196996763374
5.205223644577
5.213399437593
5.221346033712
5.229287199519
5.237162137359
5.244981093013
5.252676769076
5.260342579830
5.268129385975
5.276398928126
5.285579104646
5.294789711042
5.458441618689
5.467076833174
5.475457518665
5.483851396887
5.492307451495
5.500844588176
5.509490400983
5.518141555502
5.527106455125
5.535851413376
5.544607069989
5.553647100047
5.562717297644
5.571795292531
5.581150867936
5.590617696546
5.600441325033
5.610422322970
5.620139234583
5.629171534397
5.638529222692
5.647929945668
5.657372289121
5.667100568818
5.889382169731
5.897384643552
5.905418974343
5.913439356545
5.921562246953
5.929794559801
5.938102617442
5.946513457119
5.955085049517
5.963746550088
5.972601206935
5.981635778486
5.990515847565
5.999827636496
6.009132825577
6.018756629892
6.028648689128
6.038534615689
6.048923708983
6.959939730404
6.967330525092
6.974748211076
6.982057052352
6.989286355115
6.996492846735
7.003542069565
7.010493790668
7.017447283897
7.024401539553
7.031332307905
7.038547939377
7.045519663940
7.169345457898
7.176472229093
7.183995590242
7.191813685636
7.444848872354
7.451472231047
7.459075336483
7.466562244462
7.474037015130
7.481605364629
7.489070420636
7.496491884369
7.503707604164
7.510926849478
7.517895318627
7.524787443830
7.531610007001
7.538482627630
7.545164397758
7.678018373162
7.685684372102
7.694005956022
7.940038552607
7.947385031056
7.954885246946
7.962334906361
7.969699729385
7.976954169304
7.984120172323
7.991244756400
7.998344723374
8.005412437329
8.012460142156
8.019449106260
8.026429297529
8.033407869138
8.040388855646
8.047373587632
8.054297977790
8.061128111891
8.067915967509
8.074592821980
8.081280751032
8.087896228802
8.094504408960
8.101088856478
8.107668098543
8.114283629051
8.120878874643
8.127406055743
8.134022224114
8.140598905253
8.147299812655
8.153575765276
8.158855865441
8.164039437945
8.169009964935
8.173959874830
8.179115485988
8.260346508799
8.267516260531
8.274863528891
8.282886425896
8.290974639225
8.299322963010
8.307773211917
8.316272215933
8.324746244117
8.333230828490
8.341693774846
8.349973800164
8.547183844865
8.554207008413
8.560805826200
8.566864799047
8.572781386660
8.578030926441
8.583946752537
9.062959753088
9.071007612187
9.079047192913
9.086987653444
9.094890899495
9.102749921384
9.110594768945
9.118401542545
9.126216885351
9.134020606371
9.141814739863
9.149592219592
9.157317983362
9.164953720630
9.172556281401
9.180118672323
9.187874716730
9.195741248703
9.203975358945
9.339876970102
9.347580555219
9.355700121154
9.363989025961
9.372233251152
9.380455390582
9.388587620744
9.396829665301
9.404913678929
9.412956902308
9.421003722009
9.429113673741
9.437128715820
9.445222872142
9.453331795325
9.461387242024
9.469340634734
9.477052971894
9.485010348815
9.493006192393
9.500989340406
9.508996434955
9.517011341022
9.525033494816
9.533009950735
9.540922854565
9.548794293697
9.556583130583
9.564274037810
9.571860260450
9.579373443119
9.586789296653
9.594158870265
9.601572152191
9.609161778238
9.616936374335
9.624437120324
9.632084291435
9.639360444163
9.646971798991
9.654685495103
9.758542979206
9.764811891524
9.771473255788
9.778155541368
9.784817192811
9.791498317773
9.798135277829
9.804756784869
9.811339787297
9.817866330754
9.824390828485
9.830806735039
9.837312032573
9.843747233116
9.850093101250
9.856478768033
9.862876294002
9.869296336546
9.875707168610
9.882330620153
9.888941078570
9.895708463541
9.902037166964
10.828202681764
10.836326494863
10.844375199701
10.852302736646
10.860302833874
10.868330189154
10.876398708740
10.884366894327
10.892271315700
10.900196503826
10.908158770345
10.916093503319
10.924053756880
10.932175974848
10.940157802556
10.948110859582
10.956046770633
10.963893792230
10.971726770231
10.979452945121
10.987137042584
10.994829875308
11.002451537002
11.010068417690
11.017890308728
11.025561219246
11.033312097033
11.041211510596
11.049082681147
11.056700073544
11.064392043934
11.071453421080
11.078151159741
11.471037902680
11.478315807297
11.485717984715
11.493056109386
11.500355478381
11.507653071645
11.514937885153
11.522166557225
11.529383453079
11.536573098488
11.543759817075
11.550941505662
11.558098101852
11.565330065562
11.572743810936
11.580160768701
11.587530973415
11.594671524114
11.601687443837
11.608507866741
11.615449364807
11.622388929583
11.901455933082
11.909651528073
11.917866517915
11.926228855893
11.934660669454
11.943290342088
11.951886606501
11.960626708690
11.969314366865
11.978014737833
11.986646549784
11.995282363001
12.003863572704
12.012433714387
12.020990629786
12.029462510414
12.037829109810
12.046177691126
12.054467552460
12.062709420827
12.070703366569
12.078643416623
12.086702005730
12.094732739890
12.102771453527
12.110817317651
12.118793283278
12.126746419667
12.134601396511
12.142424051063
12.150151475693
12.157797940607
12.165410931363
12.172988727571
12.180535273903
12.188056541147
12.195553935007
12.202951809847
12.210397124272
12.217821620060
12.225269681416
12.232807652083
12.240377400543
12.248039797090
12.255767884600
12.263552148876
12.271400796618
12.279301810122
12.287255088850
12.295282455952
12.303368596314
12.311540285787
12.319818263424
12.328167873291
12.336713810849
12.345470613839
12.637160015759
12.646046634838
12.654387574436
12.662933551496
12.671518279577
12.680168487313
12.688939466208
12.697747999055
12.706572290096
12.715505779075
12.723952725735
12.732166599518
12.740743852921
12.749107037510
12.757402685130
12.765689719459
12.773813890884
12.781801858822
12.789735299158
12.797544307476
12.805247178968
12.812915889545
12.820525698139
12.828226747458
12.836030543958
12.843035713520
12.935731816011
12.937821325061
12.939651756624
12.941461121584
12.943277799120
12.945080925769
12.946869138561
12.949295027419
12.951102818114
12.952919882952
12.955038036892
13.017304492750
13.024157563994
13.030802245874
13.037417429616
13.044075360602
13.050736638337
13.057406010770
13.064079369379
13.070758744947
13.077384958330
13.083990075403
13.090564990885
13.097088093542
13.103601443173
13.110042090480
13.116452015090
13.122908530389
13.129403877706
13.135888980661
13.142363465802
13.148706259856
13.155500330331
13.269303723885
13.274716261470
13.280494319537
13.285514801161
13.290553755483
13.575860701699
13.584137791998
13.592374511725
13.600654714923
13.609047992858
13.617342561409
13.625625331563
13.633875718379
13.642154424032
13.650447618851
13.658711499839
13.666987399534
13.675392547334
13.683956422907
13.692458601753
13.701058312368
13.709698294522
13.718321545387
13.727098586449
13.735822721204
13.744428998907
13.753045919485
13.761628725857
13.770187477491
13.778750440821
13.787302905502
13.795854995364
13.804144197506
13.812564916289
13.820985622901
13.829447638892
13.837665648559
13.845889713466
13.853955297638
13.862075118349
13.870191885640
13.878156649271
13.886044551654
13.893874192857
13.901587114600
13.909193657279
13.916783908531
13.924377703491
13.932214087099
13.940207665176
13.948263759612
13.956172073531
13.964139019803
13.972173924314
13.979748343903
13.987377139607
13.995090136800
14.002776398931
14.010465067524
14.017689528896
14.025044959434
14.032294087647
14.039564721378
14.046821958087
14.054078091830
14.061336322194
14.068553154415
14.075800723459
14.083040107051
14.090382003876
14.097581858579
14.104925420825
14.112188092621
14.119459672724
14.126658148101
14.133829414531
14.141010260895
14.148337618758
14.155695501895
14.163040738308
14.170447655401
14.177986174133
14.185568347641
14.193235660851
14.200985255427
14.208757497035
14.216610271642
14.224450161358
14.232306991988
14.240229910258
14.248166653491
14.255989892292
14.263816783792
14.271655426573
14.279503085370
14.287604685326
14.295731476061
14.304091165423
14.312468658752
14.320862648136
14.329214392630
14.337527303395
14.346048600672
14.354483017775
14.363308595687
14.372250023719
14.381232924443
14.390489022941
14.512128417330
14.520389066902
14.528620674128
14.536733381353
14.544841074300
14.553140579883
14.561481533369
14.569884704733
14.578300159004
14.586762377600
14.594922066987
14.603099488716
14.611465813085
14.619801514086
14.627960301001
14.636240318139
14.644402399955
14.652519959329
14.660598192617
14.668634159597
14.676636021961
14.684651578495
14.692577228072
14.700271609664
14.855884530462
14.864174095542
14.872558581792
14.881032241297
14.889618421217
14.898253987219
14.907000581130
14.916528482286
14.926136125311
14.935170486217
14.944375794569
14.953392920891
14.962588148413
14.972109048180
14.981615400285
14.990857023800
15.000293471957
15.009900598401
15.503381984106
15.512316584551
15.521265391149
15.530213386255
15.539224292810
15.548317694095
15.557440235981
15.566556503023
15.575689114843
15.584826135746
15.594001652428
15.603257250399
15.612674816365
15.622475172481
15.632317699918
15.642102393132
15.651978456477
15.661837209574
15.671568163525
15.681314699209
15.691405430152
15.724763299653
15.732720973801
15.741333257269
15.749640057573
15.757978310675
15.766326419154
15.774655457973
15.782884425554
15.791049676426
15.799177117859
15.807210549792
15.815193867102
15.823099775525
15.830998156729
15.838852487887
15.846752615976
15.854674327892
15.862697952767
15.871101625278
15.879548744883
15.888051439525
15.896660997953
15.905268481316
15.913948498255
15.922866090766
15.931979898643
15.941198718831
15.950394505844
15.959762645227
15.969283284871
15.978996309780
15.988763566649
15.998695830052
16.008184865221
16.017926165287
16.177607897014
16.185984242155
16.194251560589
16.202552147900
16.210818226026
16.219049790834
16.227280381119
16.235518407619
16.243703556468
16.251868519867
16.260047544737
16.268351958450
16.276806224503
16.285354362323
16.293995872780
16.302809440209
17.138170104412
17.145448417609
17.152821962329
17.160585224331
17.168273115197
17.175994488665
17.183664685679
17.191428171619
17.199126343504
17.206813651752
17.214543831977
17.222283351748
17.230045264629
17.237827786864
17.245661737656
17.253514613160
17.261352134059
17.269244783272
17.277097656935
17.284952760788
17.292804876342
17.300681238255
17.308456657779
17.316183752240
17.323826049434
17.331394284236
17.338886009719
17.346318269882
17.353696498537
17.361006946853
17.368288882246
17.375714507198
17.383179424956
17.390695323914
17.398588699547
17.406754058214
17.414268049383
17.515096652555
17.522013339610
17.528478831215
17.535895750841
17.543102791294
17.550391164704
17.557726941763
17.565128910719
17.572557219748
17.579953749459
17.587454772444
17.595053530182
17.602693108006
17.610362885198
17.618075598236
17.625766122013
17.633486150519
17.641186111705
17.648907413320
17.656590361310
17.664304539714
17.671893031315
17.679579094186
17.687124857199
17.694706693623
17.702230796642
17.709751299576
17.717193932486
17.724548340425
17.731870031701
17.739127644927
17.746384868443
17.753646056920
17.761066994988
17.768607198414
17.776352470508
17.783920767461
17.791459594164
17.799365310419
17.806716010562
17.814240080291
17.821730107819
17.860476473494
17.868111473013
17.875867885006
17.883530651687
17.891534980018
17.899716354225
17.907887699523
17.916059890950
17.924433881052
17.932809350646
17.941205499505
18.112708099568
18.121025275370
18.129185361801
18.137510272458
18.145755362826
18.154196911000
18.162633621301
18.170934049672
18.179215776132
18.187503009341
18.195752671832
18.203972456514
18.212150654487
18.220273190877
18.228386414869
18.236460257340
18.244699878549
18.253004380046
18.261367196097
18.269814068404
18.278530373642
18.287780858569
18.296790105002
18.459952044125
18.468337428819
18.476743780413
18.485231053303
18.493725520118
18.502139161624
18.510816472931
18.519439960736
18.742499422509
18.750118606641
18.757419754412
18.764737623280
18.772149593947
18.779779150228
18.887317512774
18.893913622202
18.900588300195
18.907275076675
18.914042609776
18.920873014407
18.927863799741
18.934826401072
18.941983858300
18.948980810839
18.956096993210
18.963212480964
18.970311909469
18.977439362786
18.984539795379
18.991644663397
18.998418240618
19.005490874410
19.012478926811
19.019417414128
19.026325972363
19.033219355733
19.040086745367
19.046955657010
19.053807303701
19.060565353486
19.067316314793
19.074115393358
19.080889066770
19.087685839062
19.094447216200
19.101284290877
19.108075619647
19.114872577085
19.121736475911
19.128341569807
19.134949342737
19.141637408908
19.148414660082
19.155630723500

