Time_s
0.564272893384
0.572091322963
0.579738707365
0.587283849575
0.594734380159
0.602123172468
0.609419186983
0.616598654696
0.623685152500
0.630696407641
0.637667663242
0.644433153760
0.651238102276
0.658017916685
0.664684123692
0.671409454221
0.679703382575
0.686572073780
0.693067600738
0.700015469771
0.706974253991
0.896866705543
0.903555399949
0.911165934326
0.918736760189
0.926370894747
0.933971249917
0.941599277373
0.949221533148
0.956830411206
0.964452114777
0.972075415961
0.979723827182
0.987432554717
0.994979794867
1.002727601271
1.010407177639
1.017996466932
1.025601513282
1.033224906234
1.040754618969
1.244181683663
1.252889710145
1.261397182789
1.270367845973
1.279493379898
1.288769067685
1.298003579110
1.333214967612
1.342499773800
1.352065472641
1.361641344143
1.370674300039
2.226793643116
2.232016517022
2.237323517138
2.243066911765
2.248930487161
2.254873311407
2.260866441023
2.267061230138
2.273925132128
2.279536993624
2.285105814609
2.291012164300
2.297309868647
2.384007909156
2.390942636740
2.398321058362
2.405112871481
2.412300565188
2.419347725442
2.426998166709
2.434689352372
2.442071885079
2.448927103216
2.456248064231
2.463642275012
2.489604680868
2.495432311787
2.502406577005
2.509774121612
2.517139939315
2.524635128825
2.532238287655
2.539817096474
2.547557504023
2.555249315038
2.562875881605
2.570437997278
2.578178138839
2.585980890975
2.593641512425
2.601655892272
2.609530951493
2.617448656502
2.625541691742
2.633476030108
2.640914063272
2.648561600201
2.656369369685
2.663849304150
2.671588501131
2.679237586894
2.687042382452
2.700451332857
2.707709099161
2.714970802199
2.722174712571
2.729423446110
2.736619940465
2.744279924687
2.751362686890
2.758371518503
2.765649426761
2.772750150527
2.929937086744
2.937349083677
2.944598538348
2.951636338916
2.958872776373
2.966219361608
2.973859011813
2.981744593708
2.989602653410
2.997137914577
3.004798202225
3.012567570431
3.020170267748
3.027953591127
3.035855355897
3.044050129614
3.051870028810
3.059380254111
3.066912811667
3.074455200093
3.082383472747
3.090169631659
3.097973483981
3.106052333155
3.113948287267
3.122033873905
3.130213482258
3.138578745658
3.147069659027
3.155948112689
3.164249694746
3.172603982966
3.181374860446
3.189771370667
3.198056291034
3.206380830694
3.298703062752
3.304757845695
3.311997566652
3.319619359434
3.327196536269
3.334784683796
3.342543773050
3.350346702142
3.358266749651
3.365909938663
3.373503434949
3.379722555810
3.387473415199
3.395189707929
3.401592734782
3.410280866834
3.417584347163
3.423907455479
3.431596094971
3.439282918925
3.489880740284
3.497077936570
3.504818480315
3.512237491658
3.520062153622
3.527771223612
3.535503809843
3.543330119809
3.551267926866
3.559176041256
3.567303550496
3.575307400814
3.583685718601
3.591939927633
3.600492313095
4.520062653440
4.525993921383
4.532189008382
4.538544620924
4.544723091052
4.551200530555
4.557706615421
4.563848215269
4.569980520354
4.576413953472
4.582808943455
4.779437716299
4.785869787738
4.792259190030
4.799011819949
4.805795460478
4.812767605024
4.819941245031
4.826998634853
4.834090931836
4.841369419832
4.848666836643
4.855610476669
4.862766165682
4.869746146934
4.876726603504
4.883607696865
4.890902565740
4.898344523995
4.905954526428
4.913687521500
4.921613092039
4.929554132974
4.936805573720
4.944334328112
4.951920846680
4.959541923734
4.967053893666
4.974666029623
4.982269509394
5.108326774275
5.115546181706
5.122848379153
5.130158756048
5.137531618857
5.144868725546
5.152037878127
5.159245337275
5.166602472031
5.173899688807
5.186638760169
5.188845303315
5.191572263658
5.193482165964
5.196157556407
5.198074044469
5.200810639706
5.202718596572
5.204631772555
5.207125225101
5.209307506371
5.211471282593
5.214189059277
5.216131404441
5.326535151531
5.332313970410
5.339581152702
5.347001879882
5.354183626911
5.361444953094
5.368827904601
5.376521078246
5.384475277890
5.392328456135
5.400317580980
5.408494771277
5.416700145882
5.424611340281
5.432158582280
5.448102357293
5.455994771587
5.593992359289
5.601395347497
5.609139878903
5.617021829035
5.624924137632
5.632961304630
5.641030051640
5.649113145742
5.657293921184
5.665289918074
5.673441609272
5.681445449872
5.689650062418
6.255087865683
6.262048999486
6.268946733105
6.275845500268
6.282856415870
6.290050541017
6.297201148721
6.304115646259
6.311118903242
6.318053620760
6.325011736329
6.332397842319
6.339631249040
6.346778098962
6.353826619116
6.676887492727
6.684941124497
6.692773431381
6.700797658615
6.708721123545
6.716673639230
6.724559827176
6.732526611082
6.740448809402
6.748405031085
6.756367279699
6.764309254117
6.772213261877
6.780094125129
6.788073731580
6.796010753256
6.803970505328
6.811791520362
6.994045003165
7.001488743840
7.008181379967
7.014814509158
7.022633627919
7.029291047409
7.036835181734
7.044560543083
7.052064925594
7.058871210883
7.066330049114
7.073459407547
7.080840015320
7.087902546272
7.094880041704
7.101948315793
7.109003192639
7.115966846187
7.123032070271
7.130194374839
7.137259471399
7.144323894650
7.151469318578
7.158568850287
7.165706062191
7.172727786919
7.179757538705
7.186897428231
7.194088836226
7.204681816798
7.353600254527
7.361590726068
7.369646244570
7.377804301487
7.386011853064
7.394148194199
7.402365207264
7.410489413702
7.418616898753
7.426703885245
7.434730026212
7.442758841279
7.450752314389
7.458753190654
7.466559900167
7.474343871734
7.481918639758
7.899024657637
7.908288580731
7.915990854600
7.923901280167
7.932241786498
7.940639151296
7.949004029162
7.957397112214
7.965776108257
7.974299454557
7.983016708230
7.991666645368
8.000379575662
8.009014326014
8.017568221708
8.025935973882
8.034265397442
8.042489076408
8.050715964684
8.058971656557
8.067092930381
8.075250487926
8.083289847635
8.091557444668
8.099877723414
8.239598365369
8.246792439918
8.253917138799
8.261551167299
8.269269111256
8.277137121736
8.285274427438
8.293588729809
8.302034279710
8.310722676191
8.319582572683
8.328545422624
8.337314577069
8.346092333227
8.355103890799
8.363719966969
8.372484529751
8.381569732114
8.390350853747
8.399167891365
8.608857158556
8.615161503652
8.622963181349
8.630711046006
8.638587550933
8.646822555368
8.655445642734
8.664679255102
8.733524359656
8.740402570543
8.748494636526
8.756554101935
8.764777311856
8.773169799756
8.781813308681
8.790537755419
8.799170861314
8.808043911233
8.816865586520
8.825829476377
8.834691782537
8.843594528457
8.852489884434
8.861511775576
8.870456670544
8.879414644504
8.888255382936
8.897060520987
8.905983511445
8.914791827401
8.923655226257
8.932659543027
8.941499255514
8.950208557419
8.958923367984
8.997233230997
8.999507537120
9.001465657499
9.003514510680
9.008303580045
9.010073335758
9.012186937248
9.014312730761
9.016312963413
9.018286407906
9.020350723720
9.022418323528
9.024418592074
9.026654779031
9.028722436542
9.030804754878
9.032775895155
9.035324264129
9.037435876810
9.039459196068
9.041301993265
9.043647264453
9.045735107581
9.047803750151
9.049874757268
9.053907289493
9.055821474774
9.061342241156
9.063438695105
9.065573510160
9.067443627946
9.069414310029
9.073536533446
9.832407014283
9.840997449526
9.849033340011
9.857227996162
9.865307142810
9.873230796550
9.881115215238
9.888976627392
9.896755702931
9.904415889101
9.911928458844
9.919338054821
9.926626463768
9.933909533612
9.941033509906
9.948491545958
9.955948840467
9.963455328685
9.970781989865
9.978046458286
9.985550354134
10.049264189298
10.053704692636
10.058869219198
10.064198917593
10.070051189757
10.075999502553
10.081931148435
10.088022668312
10.094200438151
10.100448240485
10.106679813796
10.112979583193
10.119300786837
10.125651930745
10.132083189593
10.138481637919
10.144922513808
10.151353278259
10.157808079605
10.164367790060
10.171021307676
10.177833792025
10.184639359799
10.191522745667
10.198369922940
10.205088676818
10.212052700100
10.219121582020
10.226134649953
10.233352049033
10.240624407771
10.248077922177
10.255701253365
10.263349395757
10.271355639256
10.278650679618
10.285863556309
10.369392113128
10.375562261920
10.382574063977
10.389834410065
10.397191137530
10.404560507259
10.411886264666
10.419189209267
10.426603542185
10.433956866179
10.441436485968
10.448777981774
10.456162405733
10.463483674038
10.470753766575
10.478070646012
10.485380643308
10.492613348297
10.499919681575
10.507288175907
10.514604901144
10.521916568111
10.529325513616
10.536585775523
10.543850404365
10.677142629829
10.684243214266
10.691662919996
10.699144551047
10.706682088768
10.714201334401
10.721730895483
10.729248279413
10.736707657340
10.744328481941
10.751753700201
11.065808824291
11.073255974998
11.080901988781
11.088649339111
11.096388411101
11.104401805768
11.112483342427
11.120627282396
11.128786840713
11.137004445786
11.145205151184
11.153467874583
11.161667243805
11.169890367779
11.178142472422
11.186771180835
11.275032686494
11.283380691179
11.291650260581
11.299809170932
11.308215966987
11.316354797630
11.324865137851
11.333371140989
11.341832037517
11.350310924665
11.358802581283
11.367445665889
11.375821806975
11.384533085140
11.393138653522
11.401787499805
11.410685537491
11.419226970217
11.427722594094
11.436127427598
11.444012713301
11.450286874366
11.457446290035
11.464945343747
11.472360994572
11.479589217165
11.486703251385
11.493714725110
11.500436901647
11.514651468331
11.521639586858
11.528786491222
11.536197685524
11.543327310295
11.691836198788
11.697662346761
11.704580388414
11.711829040078
11.719315291574
11.726791430550
11.734278320503
11.741889078315
11.749568849327
11.757210926552
11.764974301633
11.772607425797
11.780020789252
11.787657406296
11.795286603091
11.803023612234
11.810748177085
11.818365928802
11.825879283312
11.833519315520
11.841038881251
11.848683271223
11.856462519436
11.864120284550
11.871617808571
11.880984168337
11.945730586837
11.953329533429
11.961163083505
11.969005525716
11.976967778812
11.984976364906
11.993065623690
12.001131725509
12.009234003544
12.017388907939
12.025146315919
12.033302796025
12.041426880440
12.049407592601
12.057057166312
12.170958770323
12.179396745454
12.186609957395
12.193618706747
12.201465326786
12.209294354211
12.217363752975
12.225542960346
12.233615711097
12.241750346252
12.249876162638
12.257852049226
12.265886290268
12.273662925214
12.280005889308
12.287587287699
12.295744073163
12.303664083418
12.434456367926
12.442088725933
12.449484353585
12.456980093688
12.464634886033
12.472621155880
12.480980512153
12.489552300858
12.498544517303
12.508361293390
12.516465017335
12.524661984423
12.533861685097
13.385086023484
13.393424469690
13.401285242007
13.409230384847
13.417205301803
13.425220477021
13.433261915639
13.441287414315
13.449184715975
13.456949459633
13.587509019993
13.593536231872
13.599563046788
13.605674534220
13.611900285320
13.618103497328
13.624312597003
13.630366070689
13.636579691660
13.642679796241
13.648722024186
13.655095994214
13.661127208762
13.667664010985
13.674094943347
13.680217153584
13.686508551718
13.692940079001
13.699274048303
13.705593761628
13.711856201319
13.718190667631
13.724456684364
13.730716280586
13.737016624497
13.743483983392
13.749894870010
13.756178718411
13.762466020252
13.934477390494
13.941714000644
13.948831911581
13.956143611085
13.963397266760
13.970969223889
13.978663782828
13.986136414996
13.993709752642
14.001281043647
14.009001572427
14.016985896048
14.025326534972
14.032626763129
14.040185920205
14.048252133592
14.055670344305
14.063384464723
14.070872987038
14.078347196006
14.086048782470
14.094381611474
14.100818934930
14.108515439184
14.116119975363
14.123703271955
14.131326457287
14.139277443478
14.147349930384
14.155290419057
14.163479372106
14.171295841551
14.178397232875
14.186172741092
14.194235505507
14.201439804630
14.223458311221
14.231574823738
14.239660537894
14.247360389988
14.254947646436
14.262441300985
14.270008128569
14.278322975942
14.285452058909
14.401098105080
14.408249764002
14.415092178064
14.421885563315
14.428668645918
14.435452642130
14.442215528877
14.448938242841
14.455631578038
14.462296450872
14.468924884798
14.475555041077
14.482255768537
14.488912319604
14.495537249611
14.502085556100
14.508588897348
14.515160147200
14.521576153252
14.528073054524
14.534573713029
14.541158272765
14.547878221909
14.554768151885
14.562305409735
14.568600619039
14.575810289447
14.582589697962
14.589667955157
14.596654408169
14.603671209952
14.610752493257
14.617769879800
14.624933990763
14.632115206690
14.639312576601
14.646646046391
14.654016123811
14.661426175296
14.668843206305
14.676336474942
14.683804896479
14.691356671617
14.699231619673
14.706897172043
14.714397810236
14.721915247703
14.729308278420
14.736722543668
14.744382924507
14.751806840770
14.758996623952
14.766601132013
14.773958505015
14.781330146615
14.789063259203
14.796750930836
14.804329090300
14.828584039366
14.836945197952
14.845370736079
14.853545499318
14.862219707438
14.871622898511
14.881510425852
14.891813767395
14.902393639370
14.914046660860
14.928520011606
14.938303401304
14.951520405858
15.558637935959
15.566083171116
15.573934928555
15.581890246267
15.590220274235
15.598615478582
15.607020692918
15.615329558039
15.623692731184
15.632089237959
15.640453613529
15.648808499421
15.657206924860
15.665568914708
15.673959649852
15.682554663441
15.691099323435
15.700006370028
15.708641119264
15.717233205437
15.725842118523
15.734472729901
15.763244783294
15.769278551655
15.776750663405
15.784035547057
15.791354317609
15.798594787840
15.805738290682
15.812739991461
15.819481065905
15.826207877023
15.832910775350
15.839514172287
15.846101764427
15.852812838509
15.859542719339
15.866081570437
15.872452271796
15.878854027543
15.885022994959
15.891208451084
15.897605793638
15.904255480366
15.910669821502
15.917197549136
15.923717646510
15.930405212169
15.937234140640
15.944269460038
15.951385421264
15.958157628555
15.964881511580
16.099366676932
16.106672021613
16.113967531016
16.121161894327
16.128776771624
16.136446144431
16.144655564967
16.152735138726
16.161107478169
16.169564401285
16.178151202649
16.186753649970
16.195293451683
16.203759620505
16.212141045668
16.220590230910
16.228992126354
16.237283136930
16.245566604802
16.253776263586
16.261953813596
16.270077152802
16.278157209341
16.286252475275
16.294370242751
16.302554369727
16.310690515472
16.318711752567
16.326879479644
16.335087897422
16.429940188379
16.437969162718
16.446294044390
16.454703360071
16.465508734050
16.474001318658
16.482423367074
16.490736781802
16.499220619132
16.507729422013
16.515919497657
16.524647732758
16.714570815158
16.722705863471
16.730795721466
16.738757028496
16.747214483765
16.755652045838
16.764126302708
16.772636964291
16.781312881629
16.789937499902
16.798477386637
16.807033391414
16.815440284337
16.824039532724
16.832290821544
16.982480666207
16.984539735105
16.986552995197
16.988596720220
16.992679078160
16.994620075917
16.998718315494
17.000824892867
17.002838254438
17.004932267854
17.006965076270
17.137384608371
17.139158940002
17.141361599806
17.143540586537
17.145709296400
17.148331331111
17.150100085405
17.151881343956
17.153683118943
17.155875694436
17.158071546335
17.159914803532
17.162366371556
17.164177094942
17.166360599206
17.168095248630
17.212306917633
17.219864011626
17.226205528719
17.233438150798
17.239862269070
17.366380988769
17.378738748709
17.390335902854

