Time_s
0.682752893698
0.689602112933
0.696943536236
0.704360822275
0.711877150370
0.719495769678
0.727195127137
0.735019777643
0.743054054774
0.751274547875
0.758625950911
0.766079290196
0.773497885569
0.780902417970
0.788381482812
0.795759593043
0.803084824568
0.810384302341
0.817773539110
0.825035093632
0.832252320133
0.839458957415
0.846600155688
0.853649992303
0.860718800570
0.867817599853
0.874918454364
0.881939551376
0.888967756799
0.895909827733
0.902801826618
0.909602232999
0.916416916683
0.923103516724
0.929742951084
0.936343900141
0.942876935843
0.949439316139
0.955916253281
0.962331359696
0.968712300501
0.975072111302
0.981361022613
0.987735505127
0.994051968972
1.000317445033
1.006611277132
1.012910975769
1.019308442125
1.025633549444
1.031889368750
1.038182996244
1.044185510790
1.050229862553
1.471852003673
1.479561367696
1.487273177632
1.494928387695
1.502715399135
1.510486872942
1.518372415476
1.526247714347
1.534114287116
1.542013897117
1.549905061432
1.557785986993
1.565654303613
1.573537605569
1.581534296726
1.589457211482
1.597455298491
1.605405946316
1.613209920136
1.621076835026
1.628972618423
1.636840030873
1.644756895834
1.652591625393
1.660389274720
1.668219306912
1.676048117476
1.683971833061
1.692026665897
1.700180031489
1.903609782132
1.909794559249
1.917093910543
1.924340247064
1.931759224377
1.939337588222
1.947061383249
1.954806773028
1.962531055195
1.970273469938
1.978085695062
1.985875385795
1.993635159550
2.001438676350
2.009351251058
2.017255762671
2.025110292925
2.033017745269
2.040949355011
2.048902720022
2.056858711068
2.064948655656
2.073138065372
2.081403063170
2.089742241617
2.098200171440
2.106626855112
2.114958902515
2.123352332869
2.131828786178
2.140202237097
2.148551451765
2.156827813678
2.165205732481
2.173572372076
2.181892294359
2.190244867125
2.198645010049
2.207007322784
2.215329637613
2.223923211879
2.232335885840
2.240243264635
2.247815927690
2.666680041414
2.673960339367
2.681272625097
2.688609280570
2.695936768058
2.703284388383
2.710630654430
2.717985730597
2.725334924830
2.732671879093
2.739927750014
2.747129745609
2.754319928649
2.761472151404
2.768620520789
2.775766233264
2.782911950353
2.789972008438
2.797038163221
2.804086259731
2.811092649217
2.818016309994
2.824877599845
2.831726278961
2.838504274252
2.845263339750
2.851931293286
2.858399195987
3.161254571630
3.167649293470
3.174288241452
3.181159561244
3.188104889223
3.195263164224
3.202851739777
3.210415096474
3.218053302988
3.225759692497
3.233496684267
3.241340590188
3.249216047211
3.257175249025
3.265158940800
3.273200212465
3.281321428847
3.289506528380
3.297712799877
3.306097034374
3.314538969929
3.323076002540
3.331743105744
3.340488079634
3.349713076293
3.495716028757
3.503306542650
3.510809015818
3.519323388451
3.526879471967
3.534397627388
3.541929647911
3.549416837961
3.557010617659
3.564659236755
3.572383884002
3.580191977805
3.588071458614
3.596167173949
3.604272480860
3.662642574002
3.669958029480
3.677037110880
3.684330755181
3.691577374880
3.698815078745
3.706034768890
3.713297584647
3.720588276607
3.727894775772
3.735161920594
3.742410992535
3.749658611537
3.756872851146
3.763982930863
3.770960695271
3.777840863735
3.784654175897
3.791448961905
3.798056303721
3.804641848515
3.811135417066
3.817637035020
3.824089420674
3.830479610529
3.836836323655
3.843212864398
3.849640595472
3.855932284495
3.862258750130
3.868600266117
3.874813065348
3.880971011834
3.887146358373
3.893331454373
3.899626722767
3.905722764055
4.084647841605
4.091818235171
4.098820800181
4.105843605473
4.112967566262
4.120189058519
4.127440807106
4.134692248303
4.141974112387
4.149284709994
4.156637633214
4.163943575096
4.171295511843
4.178691836660
4.186019243382
4.193381742269
4.200725117839
4.207986279065
4.215269826070
4.222362452274
4.229458982358
4.236542484625
4.243581051489
4.250665126925
4.257778438308
4.264910832755
4.271953998577
4.279057294800
4.286108858328
4.293063248550
4.299831820149
4.306782328534
4.313570003729
4.543781834233
4.549222147920
4.555865253569
4.562749321115
4.569838418713
4.577154037888
4.584600656658
4.592166782697
4.599844998792
4.607552445226
4.615267860232
4.623002882702
4.630768782175
4.638436011205
4.646174518577
4.653770621531
4.661491439856
4.669134551438
4.676788963366
4.684530403282
4.692192181173
4.699962833126
4.707628970501
4.715338438296
4.722959096772
4.730601897354
4.738178111863
4.745731016214
4.753273500453
4.760762286369
4.768279924737
4.775804636958
4.783242409996
4.790523601585
4.797562506101
4.804278143003
4.810889412644
4.817667836702
5.411433443790
5.418693572231
5.426138525643
5.433480034743
5.440904030212
5.448368384007
5.455839441927
5.463389093476
5.471060307715
5.478863891754
5.486816099497
5.494845060091
5.502904805416
5.511113758192
5.520847507968
5.715260317762
5.722065629732
5.729271070841
5.736532781607
5.744203881576
5.752100736043
5.760020262587
5.768105874291
5.776195352093
5.784270932256
5.792391406333
5.800489785760
5.808759039743
5.817003600790
5.825254214127
5.833506447636
5.841800839807
5.850093169559
5.858380143364
5.866708391492
5.874877523617
5.883147027011
6.145403098703
6.153410337459
6.161219457508
6.169056322710
6.176851508997
6.184651974148
6.192419349372
6.200133763459
6.207789846052
6.215439065956
6.222887580829
6.230416267590
6.237820742436
6.245213179899
6.252534119702
6.259840658419
6.267128160495
6.274422056041
6.281685444241
6.288960935437
6.296210068137
6.303386039034
6.310563020071
6.317774875598
6.324991142009
6.332203368926
6.339450551819
6.346603361228
6.353805874702
6.360946956448
6.368005783128
6.375038168914
6.382088939423
6.389121262546
6.396284387151
6.403304366035
6.410258602024
6.417142431630
6.424004231479
6.430766421800
6.437534227066
6.444266034436
6.450612617157
6.456816460448
6.462878372243
6.468819283826
6.474724157802
6.480563961864
6.486387268822
6.492207943141
6.498026435825
6.503892404357
6.509853544660
6.515900973603
6.522200460955
6.528755914169
6.570712286342
6.578198657519
6.586323259441
6.594202702921
6.601971113951
6.837684491277
6.845170945431
6.852790678211
6.860242176185
6.867583771559
6.875302808379
6.927455750770
6.935700233070
6.943721958352
6.951868567543
6.960007584364
6.968224972837
6.976458742356
6.984732000980
6.993100365974
7.501065025350
7.506381620093
7.511971417309
7.518377446618
7.524908822015
7.531769944628
7.538654539566
7.545533427267
7.552431722168
7.559402766498
7.566405866626
7.573379929422
7.580402293381
7.587420239828
7.594486289224
7.601612407925
7.608693390783
7.615697601619
7.622644321765
7.629559529947
7.636620630141
7.643680862296
7.650239534908
7.884159400693
7.890688809762
7.897460619239
7.904437986085
7.911401870213
7.918374279042
7.925496376137
7.932605202530
7.939784223292
7.946983395254
7.954131481937
7.961367431677
7.968600976247
7.975817880476
7.983033194554
7.990217957949
7.997340796176
8.004434358579
8.011480618053
8.018582860355
8.025574269142
8.032598574446
8.039609001338
8.046583729831
8.053565138493
8.060584692586
8.067900802971
8.074929764039
8.081946841940
8.088984073319
8.096037055853
8.103121214455
8.110219877816
8.117348597585
8.124466806712
8.131675515540
8.138953517057
8.146322791122
8.154043359047
8.162979148799
8.200826547993
8.208830486605
8.216746087330
8.225670090327
8.233490289007
8.241478813196
8.249430912219
8.257391781141
8.265345124121
8.273294204009
8.281316707772
8.289291334033
8.297156771338
8.305090945992
8.312960562187
8.320869568696
8.328829195216
8.517926392749
8.525886704509
8.533503015180
8.541224578067
8.548922537346
8.556694437641
8.564424968626
8.572114563488
8.579847923360
8.587530124510
8.595232984925
8.602912376699
8.610629764232
8.618374624498
8.626129081544
8.633934193524
8.641764932599
8.649624055464
8.657557469865
8.665549376693
8.673525122050
8.681564840458
8.689434234238
8.697309493342
8.705139504263
8.712895407536
8.720248501901
8.727835585815
8.735066966849
8.742369484530
8.749684869522
8.756648871762
8.763498411252
8.770068585071
8.776569831765
8.783083275710
8.789601113276
8.796069756285
8.802805163910
9.432805506498
9.439758159537
9.447475645270
9.455185478746
9.463005256234
9.470504895877
9.478254988459
9.486130359260
9.493888104666
9.501936754383
9.509842459004
9.517732235129
9.525759723753
9.533718940870
9.541689557107
9.549662144362
9.557606844031
9.565572560328
9.573504084150
9.581391653153
9.589226342352
9.597061710289
9.604852681959
9.612740273745
9.620629505196
9.628564735965
9.636540052553
9.644626684285
9.653019734757
9.661724565949
9.670057877277
9.893143221003
9.900163693196
9.907906669511
9.915712186982
9.923838002604
9.931934223342
9.939989575111
9.948135858678
9.956413168167
9.964704159296
9.973078553798
9.981478673228
9.989871043396
9.998387570869
10.006753257125
10.015389687460
10.023934546445
10.032811176162
10.041749765815
10.050570486280
10.059674034314
10.068655261834
10.078073930214
10.683994447887
10.691027335816
10.698072663185
10.705180148492
10.712317515071
10.719441002774
10.726670666499
10.733908511417
10.741086016301
10.748386151125
10.755691144499
10.762904174359
10.770171511316
10.777421407705
10.784669946427
10.791882656164
10.799044898303
10.806228108729
10.813365658983
10.820417036492
10.827492568149
10.834552942660
10.841580994578
10.848616576173
10.855567719354
10.862471940027
10.869298137709
10.876075935052
10.882804514433
10.889513121316
10.896169946399
10.902786866776
10.909326663721
10.915843895283
10.922274487841
10.928718370094
10.935008184982
10.941375124106
11.200315420243
11.205888239437
11.212516744150
11.219333985433
11.226415708872
11.233649411279
11.240810401381
11.248267948897
11.256013869890
11.263856003904
11.271674150090
11.279533950149
11.287250491136
11.295030902173
11.302744719578
11.310362458720
11.318039397665
11.325685386916
11.333271312493
11.340891221854
11.348507358741
11.356122240532
11.363893080648
11.371773479908
11.380013216185
11.389309040474
11.919706512586
11.927925066437
11.936139171936
11.944352699996
11.952578610092
11.960791123235
11.968956198306
11.977073472886
11.985258354949
11.993037285437
12.000855359584
12.008800610573
12.016771929343
12.024878148719
12.032942083630
12.040963443426
12.048959956266
12.056939637495
12.064833479766
12.072721801732
12.080412898578
12.088069364262
12.095703576439
12.103296470152
12.111018374230
12.118753259593
12.126451894135
12.134224742285
12.141850918873
12.149649796695
12.157406477295
12.165027533712
12.172700766627
12.180416418231
12.188124433926
12.195702677959
12.203202522047
12.210574733937
12.217685538441
12.224782341347
12.231692043093
12.238526357891
12.245171704225
12.251677674712
12.258191636642
12.264679449655
12.270951057502
12.277185845726
12.453077548631
12.460623085140
12.468266318128
12.475990876221
12.483808729521
12.491705953895
12.499678957396
12.507626404843
12.515587459829
12.523688084971
12.531645264622
12.539617581262
12.547863242784
12.555900577118
12.653686375439
12.661700209027
12.669763736786
12.677810075780
12.685829057958
12.693896682451
12.701973434058
12.710122299970
12.718316927956
12.726576759688
12.734777642563
12.742916127302
12.750217157450
12.757782404138
12.765070351523
12.773607225806
12.781568379065
12.789755263210
12.797880370925
12.805913726451
12.813892270834
12.821630290631
12.829032109087
12.835932732584
12.843260058056
12.850516816613
12.857766371460
12.864968314046
12.872217574967
12.879478170976
12.886731106696
12.893877190036
12.900957748453
12.907972400212
12.914977783557
12.921967935038
12.928943988050
12.935947550715
12.943016916797
12.950137093981
12.957394377188
12.964103560707
13.172439026748
13.179382396847
13.186800535680
13.194434959883
13.202126999493
13.209869727868
13.217744614506
13.225636352606
13.233596811339
13.241586015643
13.249510062940
13.257385541015
13.265179128217
13.273013313813
13.280851339977
13.288605087509
13.296404529974
13.304245737659
13.312082155479
13.319843466845
13.327723497809
13.335511318705
13.343438782934
13.351343070665
13.359283051709
13.367088168394
13.374814243671
13.382575737311
13.390259292483
13.397822890741
13.405361754463
13.412594812123
13.419602082169
13.426618756171
13.433631195261
13.440598321716
13.447552609658
13.454481046550
13.461461576834
13.468389554483
13.475233312140
13.481993603096
13.488837390022
14.245156592618
14.252219790995
14.259413129854
14.266917428446
14.274298005793
14.281728112334
14.289284690976
14.297001273163
14.304797776480
14.312824703898
14.320886091081
14.329054385704
14.337246508781
14.345420390100
14.353707366111
14.361791577880
14.369887427718
14.377887083386
14.385806774302
14.393680672719
14.401496988889
14.409298816848
14.417024839967
14.424674014217
14.432312501659
14.439931051632
14.447481731860
14.455030361384
14.462508066094
14.469945997607
14.477400128972
14.484771961454
14.492110821530
14.499478057120
14.506808833724
14.514083060822
14.521193709911
14.528387886029
14.535528263566
14.542658120693
14.549817617394
14.556867841497
14.563830673479
14.570844548016
14.577818296915
14.584702780912
14.591557359964
14.598405188401
14.605188494880
14.611951665380
14.618674462287
14.625356052469
14.631986493129
14.638595410948
14.645113786052
14.651604655185
14.658030954255
14.664432235759
14.670794331856
14.677124915756
14.683467461144
14.689735551433
14.695962461554
14.702181714055
14.708370764343
14.714561123664
14.720746417852
14.727001665740
14.733413484610
14.740076323649
14.746566716713
14.752915456234
14.759181089766
14.765363580081
14.771559976541
14.777742673206
14.783912880455
14.790090040297
14.796256437392
14.802464092266
14.808707881755
14.815017417366
14.821337189575
14.827707311511
14.833716586842
14.839769281775
14.845938781705
14.852150143473
14.858379853938
14.864692497036
14.870997471072
14.877326086902
14.883650408880
14.889996000065
14.896336222386
14.902743568062
14.909173268152
14.915644271788
14.922264334558
14.928977833778
14.935752829852
14.942583225379
14.949571836909
14.956688544989
14.963907284952
14.971308261889
14.978769254316
14.986357940508
14.993913112616
15.001546523764
15.009224357417
15.017009252060
15.024940736115
15.032658699153
15.161540207548
15.168671889991
15.176225757468
15.183601831905
15.191081888611
15.198576317552
15.206104596245
15.213632024236
15.221260222794
15.228838055283
15.236632861657
15.244416595252
15.252393604285
15.260228340329
15.268110070522
15.276051582271
15.283892617491
15.291737690615
15.299579961329
15.307403646703
15.315260924835
15.322969632574
15.330753728995
15.338394196124
15.346057163045
15.353565944854
15.361076969356
15.368468398047
15.375820814895
15.383064586678
15.390445995374
15.397668799917
15.405051758700
15.688400737166
15.696442011876
15.704327490228
15.712424728148
15.720645657471
15.729054123962
15.737564214586
15.745970203016
15.754264999610
15.762433342789
15.770612520609
15.778775554915
15.787048853295
15.795402812040
15.803299575088
15.811397362997
15.819378055716
15.828043242074
15.835680555935
15.843681776754
15.851849679907
15.859355985201
15.866822008956
15.874102024268
15.881493542978
15.888904023372
15.896431039320
15.903901855505
15.911399192514
15.918924254998
15.926774182558
15.934959861654
15.943203867690
15.951481473408
15.959877842015
15.968328433622
15.976935363952
15.985806841036
15.994419163122
16.003023871181
16.011686129490
16.020282382342
16.082321865886
16.090526833145
16.098519112696
16.106544091419
16.114486552706
16.122301484345
16.130087297276
16.137852529616
16.145612549786
16.153384055264
16.161218276225
16.169041714584
16.176861846231
16.184683374512
16.192481786845
16.200423523788
16.208489304975
16.216335787717
16.224141219147
16.232008105613
16.239984036334
16.247894928338
16.255759770320
16.263444323441
16.271093762916
16.278639908864
16.286187866613
16.293641206994
16.301206641586
16.308907326793
16.316842831582
16.324854036769
16.332951888395
16.341172673724
16.349601043352
16.358995341642
16.367394068780
16.375598121208
16.383929688514
16.392339411793
16.400816338871
16.409297867252
16.417839791676
16.426142294101
16.434498900850
16.442518786609
16.485307770446
16.493055797092
16.501057543069
16.509144916981
16.517240690938
16.525409519079
16.533651671596
16.541938075154
16.550279731554
16.558685968019
16.567190268227
16.575765174449
16.584372900931
16.593127250621
16.601959352838
16.610845568310
16.619721962585
16.628557826977
16.674888164560
16.681473208063
16.688046976340
16.693825805728
16.700281938005
16.706330180883
17.126779447073
17.132708268816
17.138829730212
17.145885039125
17.153142480401
17.160393875396
17.167660233977
17.174898919445
17.182117704393
17.189275069321
17.196357965930
17.203377528303
17.210388433721
17.217367880029
17.224235727832
17.231131258136
17.238022068711
17.244913665130
17.251857160936
17.258787739519
17.265703699023
17.272672713903
17.279576402174
17.286477338575
17.293337387958
17.300159601749
17.306937137940
17.313752403730
17.320580948798
17.327371940869
17.334160210976
17.340911587930
17.347686323201
17.354457473783
17.361220762341
17.367930461794
17.374649314162
17.381335461855
17.388002291760
17.394685497766
17.401413027943
17.408139958781
17.414839339112
17.421535957152
17.428261042631
17.434968239482
17.441756175564
17.448558027231
17.455312166480
17.462268288923
17.469265309763
17.476322231868
17.589589059997
17.594886010971
17.601106728771
17.607371697397
17.613732805948
17.620109725892
17.626544004673
17.633003014085
17.639545262948
17.646160242853
17.652802883609
17.659476722105
17.666293152534
17.673128312838
17.679941397626
17.686717572977
17.693570185746
17.700422320855
17.707313458237
17.714347330865
17.721373262405
17.728427198937
17.735548600119
17.742702449646
17.749839162730
17.757020635991
17.764240178331
17.771445417835
17.778764476699
17.786057382079
17.793027764262
17.800268520862
17.807549809490
17.814810755249
17.822084618493
17.829350694411
17.836649230749
17.843934507329
17.851206032455
17.858481661991
17.865792704357
17.873031100117
17.880304560371
17.887561646774
17.894822691400
17.902061545645
17.909281382727
17.916486028409
17.923704856180
17.930997500277
17.938306838659
17.945812487494
17.954168254268
17.961533054645
18.470004286777
18.476258449553
18.482920041419
18.489987386353
18.497315783882
18.504678687009
18.512188646925
18.519738320004
18.527317114157
18.534939330187
18.542567341640
18.550233474781
18.557817002826
18.565467561923
18.573087482738
18.580838077304
18.588565569186
18.596281430764
18.604005595007
18.611748612059
18.619454870928
18.627210665389
18.634934486541
18.642615152998
18.650288661562
18.657944619850
18.665576813666
18.673172493147
18.680727046877
18.688368249444
18.696150941626
18.704428063443
18.713637540085
19.010968423341
19.017102951267
19.024615947843
19.032369242702
19.040124228760
19.047820215515
19.055389048500
19.063060379261
19.070818306029
19.078709358282
19.086677962447
19.094695587320
19.102722513903
19.110730332470
19.118723459486
19.126689413032
19.134683518497
19.142651833084
19.150623197285
19.158592679225
19.166377091400
19.174102075399
19.182057186470
19.189777812826
19.396760587768
19.404615036519
19.412328218520
19.420427620060
19.428399812891
19.436525240757
19.444435282039
19.452263351686
19.460152445480
19.815782189962
19.821562619921
19.828078817324
19.835040794269
19.842213763807
19.849410546994
19.856587962772
19.863843773823
19.870858736939
19.878055408685
19.885222450800
19.892427836799
19.899572572379
19.906722637268
19.913836425228
19.920904037487
19.927932162334
19.934863597958
19.941778873530
19.948629991527
19.955471487633
19.962286235054
19.969075749518
19.975757147807
19.982416081631
19.989120251388
19.995782276078

