Time_s
0.715158602698
0.717161446872
0.719962214821
0.722659874459
0.726515863926
0.728469904813
0.730410257330
0.732377072169
0.734331626193
0.740499587878
0.742396344398
0.744267124628
0.794350953455
0.800673784891
0.806942955589
0.813112731090
0.819115596836
0.825017307264
0.830823183747
0.836570769078
0.842294310341
0.848027819402
0.853710600175
0.859388104114
0.865067014722
0.870778508745
0.876508131552
0.882236995440
0.887979670972
0.893746462552
0.899531053720
0.905366659848
0.911247571483
0.917166292426
0.923188157454
0.929263952644
0.935390970994
0.941641721091
0.947963016400
0.954390107623
0.960916305335
0.967593618992
0.974378877573
0.981359548000
0.988490504289
0.995791279054
1.003012435965
1.010770719621
1.249641896019
1.257043875215
1.264619360672
1.272265400235
1.279865118054
1.287558566074
1.295257444045
1.302993124313
1.310906561356
1.318898885578
1.327104228984
1.335509496100
1.344134539087
1.352938149216
1.361974810046
1.371151922806
1.380375274486
1.389723939903
1.399245204344
1.408899570771
1.418748528604
1.428783408007
1.439083446052
1.449587191933
1.460253765806
1.471175187060
1.482226976193
1.493592672850
1.504567528641
1.514777793069
1.524318790395
1.533886274965
1.543269427863
1.744122100614
1.751649156766
1.759237630523
1.766976909922
1.774931253887
1.783076423295
1.791453505312
1.800023047531
1.808805501466
1.817952602317
1.827532878811
1.837421350479
1.847531969815
1.858010971355
1.869034536466
1.880741593283
1.892839309954
1.905252795780
1.916931347501
2.303606268767
2.313647193573
2.322683729926
2.331277201256
2.339505695615
2.347596822180
2.355701002264
2.363761240188
2.371881994971
2.380113930547
2.388447089505
2.396852565558
2.405385013690
2.414064661992
2.423075804048
2.595858760553
2.603849856788
2.612143723349
2.620631258331
2.629271355322
2.638205489916
2.647388277636
2.656772189725
2.666423999874
2.676394439515
2.686403353551
2.696529183283
2.706757630311
2.717042150132
2.727152228141
2.737245936449
2.747355141101
2.843403156699
2.852123570046
2.860968169482
2.869997354431
2.879444595817
2.889452279924
2.900036353379
2.910813887121
2.921917079809
2.932972228598
2.987777798632
2.996036121320
3.004325953827
3.012611123655
3.020978484361
3.029438586222
3.037919980056
3.046509308604
3.055187511064
3.063963926644
3.072897818105
3.081923143054
3.090984287364
3.100093018600
3.109311282727
3.118638506714
3.128022565995
3.137514709746
3.147060750700
3.156648579428
3.166272560851
3.176014664054
3.185968728780
3.196574543904
3.207817740810
3.217617304731
3.227542010279
3.237480907241
3.247418010301
3.257482215406
3.267589108222
3.277769002543
3.288173366245
3.456021254745
3.464715831395
3.473477979881
3.482330686817
3.491348843279
3.500561900428
3.509825310885
3.519206408663
3.528687886791
3.538303448781
3.548108545280
3.558031090128
3.568134518730
3.578385500880
3.588813552616
3.599583204183
3.610710990326
3.622252325164
3.633923313867
3.644554742593
3.654760560070
3.665612805869
3.675773501003
3.686051562582
3.696363979293
3.706885736189
3.717450508908
3.728298040089
3.739361277976
3.750489121271
3.761502239249
3.772744031524
3.784411552981
3.795524596123
3.805580944170
3.816334174986
3.826615958447
3.836533483381
3.846358113873
3.856149828011
3.865711019503
3.875230190188
3.884818594104
3.894455210667
3.904311752704
3.914561379718
3.925132945077
3.936032915423
3.946914988939
3.957926685469
3.969153389135
3.980724471218
3.992810473207
4.004711043605
4.016470588273
4.028391533441
4.039077355628
4.049800367406
4.060829508218
4.070712611816
4.081443482118
4.091091928856
4.100874819468
4.110769063764
4.121141483560
4.131951525922
4.142903872167
4.154073327993
4.165367578089
4.176087129933
4.186790084789
4.197412096063
4.207932097075
4.218520723860
4.228949417107
4.239001158153
4.249369769042
4.259610555404
4.269618035752
4.279609677103
4.289741603667
4.299930721573
4.451799814892
4.458943619753
4.467640474327
4.476754703362
4.486511802443
4.497029868539
4.508319323103
4.520237405611
4.532705302290
4.545923847545
5.234482454524
5.239623245887
5.245994538187
5.252309704602
5.258569557413
5.264859689998
5.271267118257
5.277739643392
5.284333525526
5.291041516340
5.297848717153
5.304787297521
5.311950399920
5.319405484110
5.327339353557
5.335349919797
5.343981968904
5.598372537555
5.604813708144
5.611354525269
5.617704924196
5.624156730037
5.630641398203
5.637162090476
5.643732726216
5.650429225930
5.657297817260
5.664383137617
5.671713412483
5.679284923132
5.687194051531
5.695343366432
5.703767321618
5.712404917788
5.721209764184
5.730106185188
5.739204343547
5.748444891099
5.757883943389
5.767448812411
5.777273659014
5.787190116494
5.797072613754
5.806832483610
5.816676724160
5.826404355281
5.924877152826
5.926681460481
5.928508264650
5.931031746032
5.933131100439
5.934774803072
5.953922229364
5.964051477754
5.974281762237
5.984997142823
5.995794359507
6.006672915110
6.017609444283
6.029003781033
6.040705028815
6.052152856503
6.062984311213
6.356126913566
6.364344880458
6.372690282734
6.381163200154
6.389777291564
6.398589252532
6.407528966181
6.416593837518
6.425761967305
6.435058183334
6.444504127015
6.454090134607
6.463772693694
6.473527701359
6.483411287139
6.493405570311
6.503457724809
6.513867376700
6.524796311793
6.707119142524
6.716881428230
6.726878894126
6.737078452454
6.747564339541
6.758268584102
6.769108580888
6.780310335110
6.791935268481
6.803929121952
6.816016187083
6.828242993944
6.840619456099
6.853322299884
6.865922746487
6.878039627073
6.890647753254
6.903615645521
7.018552049314
7.027937434168
7.036356945283
7.045425822961
7.054491329495
7.063682373584
7.072934480211
7.082310008230
7.091689844034
7.101096719875
7.110535671635
7.119937581039
7.129164016254
7.138294594374
7.147241142365
7.156051258565
7.164668509378
7.173037160876
7.181291874943
7.189370151368
7.197249925162
7.205056176944
7.212725710083
7.220332218640
7.227820929781
7.235261821670
7.242202691123
7.249163922877
7.255919911822
7.262485673960
7.268901956220
7.275163617284
7.281170413894
7.287229075526
7.293093125081
7.299233819336
7.305281146072
7.311390892553
7.779388193774
7.786429569190
7.793200741318
7.800259665712
7.807469729669
7.814925313912
7.822583301029
7.830352406537
7.838132919204
7.846002055795
7.853904802089
7.861894792779
7.869982787472
7.878252844294
7.886828951055
7.895405493734
7.904057569640
7.912760661778
7.921606931703
7.944546144940
7.950867942242
7.953183054209
7.956377801423
8.056108252909
8.064863392900
8.074411640155
8.084659863946
8.095309088383
8.106647157137
8.119925888160
8.131868380132
8.342572690087
8.351560209206
8.360472784581
8.369455677150
8.378632368302
8.387841022072
8.397061208499
8.406404120596
8.415950114494
8.425688960347
8.435577602587
8.445668764579
8.456054512328
8.466508995473
8.477150411300
8.488018075435
8.498787710483
8.509883357588
8.522677104359
8.658042085733
8.667842266019
8.677908050445
8.688318896032
8.699047660938
8.710007491958
8.721378608957
8.732927279407
8.744178076231
8.755753096973
8.766070650018
8.776681710880
8.787363690334
8.798531237064
8.809318563416
8.820233714236
8.830346341769
8.840269790730
8.850058078013
8.859806507126
8.869633982709
8.879709552629
8.890003041292
8.900390818014
8.910654749755
8.920928770678
8.931401898071
8.942071927055
8.952997873552
8.964313246480
8.975939196911
8.988077166785
9.000327831642
9.012606084834
9.025489686549
9.176276234101
9.185795813270
9.195732867842
9.205656423055
9.215606198419
9.225653205868
9.235701305875
9.245747275672
9.255676206106
9.265481897469
9.274884181624
9.284027712554
9.292997657349
9.301603721317
9.310075570846
9.318266982596
9.326195348784
9.333997632268
9.341203597932
9.349055359053
9.367819242105
9.380268046216
9.392073248630
9.403821571189
9.415437443787
9.782222266807
9.793156689567
9.802712483225
9.812179644737
9.820951929311
9.829411879445
9.837775222782
9.846080250920
9.854434737222
9.862613867123
9.870750886803
9.878877292825
9.886997913980
9.895172707697
9.903391549489
9.911182573822
9.919550044947
9.927984218678
9.936381163223
9.944675732002
9.952841432505
9.960905211892
9.968803752246
9.976573916178
9.984308145803
9.991950355498
9.999587630646
10.007167497131
10.014982061610
10.022968927030
10.030706317014
10.038306183483
10.045026689282
10.052430005837
10.058953629939
10.066169699954
10.071657768609
10.078200633120
10.084732518089
10.091307836975
10.097883332468
10.104503153427
10.111202100271
10.117938919464
10.124808006033
10.131816024952
10.138893212395
10.146087553504
10.153451713795
10.160880437921
10.168327914673
10.175807760941
10.183295406987
10.190759776812
10.198283729449
10.205891627619
10.213522686021
10.363850822914
10.371622485761
10.379091740497
10.386785043364
10.394440504406
10.402156166221
10.409933001729
10.417878455709
10.425700539350
10.433643667641
10.441616952581
10.449614117940
10.457734668919
10.465931943464
10.474230739238
10.482524075487
10.491062594815
10.500026713258
10.510143950673
10.653286271943
10.661695590330
10.671676449535
10.681997106964
10.692708722287
10.703747145919
10.714672705633
10.725610171930
10.736608889603
10.747473773518
10.758229432241
10.768583549158
10.778776465222
10.789068293179
10.799343544481
10.809684692488
10.820405310425
10.831452389612
10.843050434736
10.855439115770
10.867619077188
10.880164200209
10.891937289180
10.904086065626
10.914644584977
10.923687774088
10.933381727718
10.943358201000
10.953528201091
10.963906481685
10.974486569152
10.985272706623
10.996526593517
11.007887905988
11.019208460887
11.030374511468
11.041957800319
11.053652870613
11.065152025947
11.077110875064
11.087789538208
11.098344541439
11.109113886115
11.119899380107
11.130796574842
11.141740303274
11.152821825589
11.163745765198
11.175896298258
11.187954418006
11.200723345537
11.213023470021
11.225331330799
11.237495978394
11.249466160860
11.260980023709
11.270559786126
11.280800932597
11.291338030770
11.302084710577
11.313074494763
11.324373942986
11.335918497220
11.347796282951
11.359963768404
11.372633175671
11.385560541149
11.399056699758
11.413504278351
11.425611559381
11.955467129850
11.968008618327
11.977693499594
11.987337897142
11.996411923148
12.005254942970
12.013734957602
12.021995033375
12.030089290577
12.038055517774
12.045850398653
12.053507857676
12.061028932202
12.068454210287
12.075773871653
12.082974067163
12.090075510806
12.097065689608
12.103992065422
12.110889471409
12.117742027329
12.124569438129
12.131311058154
12.138051665633
12.144719307292
12.151418919300
12.158024711856
12.164493331572
12.170920618094
12.177553488103
12.184311816730
12.191145129952
12.329232756446
12.337426174942
12.345604765516
12.354034347049
12.362747819414
12.371665531422
12.380730909147
12.389927989926
12.399224851484
12.408688389715
12.417889217973
12.427020808620
12.436025753999
12.445069814312
12.453917807089
12.462747260801
12.471572573007
12.480278162054
12.489027954182
12.497753865322
12.506571789045
12.515380782980
12.524266639631
12.533246943208
12.542331295218
12.551572948849
12.560924404090
12.570438942968
12.580366112367
12.590862145542
12.601882288107
12.612542490137
12.622760781473
12.632920075775
12.643120079359
12.653692937172
12.664197458089
12.674713739239
12.813673937955
12.815646718091
12.817533902828
12.820168352445
12.824956179363
12.827330720218
12.829786976428
12.831653981563
12.833553446890
12.835637395533
12.860852878816
12.868561027451
12.875975883024
12.883233001709
12.890424125819
12.897637901091
12.904950225747
12.911633330718
12.919116434238
12.926709142020
12.934378160354
12.942165470269
12.950153238624
12.958281082798
12.966503834404
12.974916017436
12.983470237510
12.992268819498
13.001204990908
13.010484381368
13.020030778348
13.029910794544
13.040372123937
13.051482664742
13.063423809166
13.076740076715
13.102995024295
13.115347111735
13.127527640992
13.236430116154
13.240425837429
13.242855339996
13.245814534428
13.247890136706
13.249845546672
13.254322746890
13.256857833526
13.266777662237
13.274439311191
13.283194649886
13.292118800631
13.301276374815
13.310928262876
13.321035506349
13.331312810008
13.341871751714
13.352403903147
13.362954045710
13.373433491368
13.384441555915
13.395471470855
13.544742981587
13.555561097161
13.566494461670
13.577531353599
13.757871407154
13.766316487168
13.774876863671
13.783289565281
13.791732616299
13.800270228333
13.809147152860
13.818244203675
13.827641724462
13.837229667904
13.847193060491
13.857936301539
13.868570495632
13.879414984230
13.890365103718
13.900161152016
13.910439546680
13.919623133693
13.929278058668
13.937890409887
13.946428547288
13.954800115209
13.962576449826
13.969805202874
14.141474706429
14.151740103394
14.161176987637
14.170602958184
14.179979540556
14.189358843854
14.199023869632
14.209101288818
14.219375650144
14.229758269356
14.240068813949
14.250398790324
14.261058090018
14.271695747320
14.282446901024
14.293275894885
14.303848546216
14.314611567416
14.325085059238
14.335572420801
14.362815339674
14.370812612988
14.378919143620
14.386845088437
14.394556429792
14.402197094794
14.409730397573
14.417151520033
14.424531149120
14.431848506421
14.439247456925
14.446626294627
14.454674234750
14.462573849571
14.526166672495
14.528420572201
14.530456476093
14.532620328020
14.535106110968
14.536855070715
14.539429067108
14.541080426029
14.542746484124
14.547173693922
14.549994874778
14.553010918499
14.639166923004
14.648041343131
14.657074554927
14.666402519220
14.676381920800
14.687687788971
14.699707167284
14.711403060429
14.721527788411
14.733941384198
14.743538030555
14.753758509672
14.763527216081
14.773831906970
14.919006892297
14.927683254011
14.936476490779
14.945701653211
14.955453075311
14.965760931849
14.976874763827
14.989805649581
15.124358566592
15.126664169796
15.128948930987
15.131689067344
15.133695105727
15.233381031652
15.243993660769
15.255675609737
15.266271206048
15.278570734008
15.289062087030
15.300896355718
15.310461633558
15.320708204536
15.329901909147
15.339227670453
15.348374655184
15.357802993350
15.485185163181
15.487642180449
15.489524273157
15.491301625418
15.493385284972
15.495417220368
15.497491743025
15.499595767468
15.502070088382
15.504042492399
15.505706185299
15.508110260516
15.510534016009
15.512836766506
15.514684850972
15.516712456533
15.528100609474
15.536467450361
15.545574516323
15.555205661108
15.566106950589
15.577671167924
15.587364349166
16.493615520404
16.500133195356
16.507290518505
16.514404470766
16.521469940141
16.528424319087
16.535518007094
16.542619945599
16.549915499422
16.557357891661
16.565089597028
16.573018044369
16.581152286833
16.589409903913
16.597638970785
16.605721160433
16.613663577421
16.621557870791
16.629515201814
16.799351599471
16.804060339005
16.809410699619
16.814913554427
16.820427332907
16.825997726991
16.831649771748
16.837434886004
16.843376573436
16.849463806648
16.855975016670
16.862265918740
16.869066747979
16.874117771718
16.880034268510
16.885604914736
16.892235938189
16.897807676017
16.903481577267
16.909465014859
16.915889795399
16.921825888220
16.974069881374
16.983237535906
16.993365839734
17.003588517213
17.014046518876
17.024658914650
17.035155658774
17.045828315130
17.056696633566
17.067634342686
17.203801755665
17.212898663269
17.222218505343
17.231587281251
17.241016677806
17.250667295744
17.260396597276
17.270120708025
17.279900023300
17.289902414896
17.299995879854
17.310133327260
17.320461404252
17.331795145464
17.491926771686
17.504854400558
17.515043156528
17.525588410709
17.536139643962
17.547052370482
17.613523039175
17.623110068010
17.634991425246
17.647542858041
17.803895135750
17.813158896154
17.822366962016
17.831653916985
17.841254552296
17.850933633640
17.860633888058
17.870304486292
17.879849472598
17.889296414877
17.898593169522
17.907813904906
17.917044223798
17.926317555855
17.935721677221
17.945220938312
17.954997454373
17.964960076231
17.975050294202
17.985078189646
17.994997240508
18.004785236140
18.014800030239
18.025269659187
18.036070713690
18.047556347435
18.058034302092
18.067342032139
18.076035051381
18.085544579171
18.094945902500
18.104334045901
18.113786134741
18.123432465566
18.133618446739
18.144143007580
18.154991117236
18.166244496949
18.177072454148
18.185249240613
18.194470770931
18.204047993050
18.213876208512
18.223915397928
18.234356371265
18.245126932603
18.256321858404
18.267834647776
18.279424667408
18.291805727763
18.304168705301
18.316608531037
18.328042574816
18.340060133672
18.351313186513
18.362908623246
18.373953982520
18.385021775141
18.395884681809
18.920556092045
18.930600864216
18.939818470416
18.948372844060
18.956815248115
18.965116760894
18.973341143235
18.981530407705
18.989816535717
18.998093700695
19.006398834888
19.014710016410
19.022918445863
19.031016939490
19.039047401738
19.047062070595
19.054990405728
19.062920949464
19.070801059174
19.078718030318
19.086683017593
19.094628808937
19.102572629005
19.110442544513
19.118230170793
19.125934385549
19.133598782057
19.141353506981
19.149345579418
19.157329097089
19.164584492254
19.171946937538
19.179044614823
19.186226090408
19.193552339030
19.200924628559
19.208655127619
19.235321860713
19.241045803099
19.247544511670
19.253901275170
19.260065119855
19.266222385761
19.272350909139
19.278561516479
19.284805725219
19.291095139605
19.297443160357
19.303778697258
19.310199765345
19.316760764184
19.323408923735
19.330186626767
19.337029191013
19.343992635577
19.351084969346
19.358350428613
19.365772302777
19.373339558667
19.381133604654
19.389200986900
19.397479057815
19.406072962878
19.414948554969
19.424135095491
19.433516405489
19.443276427959
19.453355199035
19.463476713903
19.473277094586
19.482167678121
19.490552093911
19.498736907391
19.506717105390
19.514429823481
19.521881948561
19.529176530070
19.536294403460
19.543344642314
19.549839072071
19.556655127703
19.563388541645
19.570001897063
19.576595446054
19.583167770487
19.589687603047
19.596191286333
19.602683123310
19.609189165337
19.615755164276
19.622416220046
19.629223486091
19.636085869904
19.643120033802
19.650350600398
19.729823555720
19.737411367599
19.745018459050
19.753242162666
19.761509153985
19.769832081325
19.778434126450
19.787433128662
19.796996926014
19.807081934217
19.817467746957
19.828121079726
19.839005684770
19.849878347411
19.860565927038
19.871160515554
19.881513213698
19.891663220370
19.901609785251
19.911168368145
19.920451112591
19.929560616622
19.938533245867
19.947279899381
19.955792347531
19.964265444168
19.972703984579
19.981213060821
19.989741521586
19.998345488787

