Time_s
0.772683092265
0.780326401342
0.788816670971
0.797696765563
0.806548398621
0.814886669802
0.823639765634
0.832320806610
0.841092251465
0.850159068690
0.859540414454
0.869174108970
0.879190640135
0.889671201814
0.900188884521
0.911372112065
0.922881833307
0.934798330476
0.947203362369
0.959840242095
0.972823656926
0.985779168007
0.998453608542
1.011650067823
1.025324412936
1.375745767433
1.382651262928
1.389413040280
1.395968348485
1.402529361448
1.409217624015
1.416050801124
1.423010514750
1.430135320717
1.437227966512
1.444272113332
1.451253326319
1.458131427060
1.465000420744
1.471814619706
1.478544133997
1.485203946422
1.491817734663
1.498417508046
1.505029343322
1.511627189119
1.518204078443
1.524778532716
1.531326828043
1.537872253408
1.544409025481
1.550958129730
1.557644640276
1.564408109738
1.571211464887
1.578156741947
1.585379248148
1.592801639478
1.600854429255
1.822553099786
1.831603151530
1.841862121767
1.852514448339
1.863461139970
1.874855739626
1.886712401639
1.898709145223
1.910987829806
1.923775945743
1.936685446485
1.949936553331
1.963341804986
1.976893420514
1.990401099826
2.003949747497
2.017708388143
2.031316370251
2.043864999671
2.057225320854
2.386956323210
2.394875836477
2.402693232320
2.411014549458
2.418972785158
2.426762256299
2.434538439449
2.442155899949
2.449729915743
2.457221432361
2.464585291791
2.471785393075
2.479018623673
2.486482763662
2.494249645425
2.666626746742
2.672823920364
2.679325228088
2.685887031502
2.692475457419
2.699199823283
2.705978008061
2.712862657505
2.719768789054
2.726711912998
2.733822275944
2.740961583677
2.748338328906
2.756901106667
2.765726998869
2.773521360768
2.781320058792
2.789314965319
2.796891563723
2.804930245683
2.906926461926
2.916665805190
2.927250817832
2.938374216385
2.949996760939
2.962059472253
2.974665180309
2.987692344987
3.001116726239
3.050493311055
3.064473824450
3.077088739918
3.094751154567
3.105013540216
3.115613194839
3.125495347654
3.135001928549
3.144227735550
3.153405678455
3.162345886053
3.171234754057
3.180034780892
3.188844248960
3.197611312002
3.206411022555
3.215195688614
3.223926517580
3.232775651441
3.241645468661
3.250469902881
3.259394294740
3.268406971156
3.277345807086
3.286044894457
3.294668479244
3.303258100028
3.311856491081
3.320392877456
3.328802083482
3.337217260061
3.345574119018
3.353937883575
3.362410811177
3.370740591301
3.379367474505
3.388362360465
3.397568984208
3.407074428359
3.416788782650
3.426705660064
3.436894263253
3.447254622189
3.457967496160
3.469352116916
3.481786576343
3.494979534013
3.505554690309
3.515738091063
3.526254451620
3.537008631233
3.547947426439
3.559136186913
3.570572085437
3.582068117227
3.593524085353
3.604966319805
3.616149724766
3.627215950364
3.638066837404
3.648860181740
3.659824807900
3.671205778643
3.683109612528
3.931026754098
3.938524632591
3.946921106167
3.955565528221
3.964483258314
3.973499242720
3.982671103238
3.992188845946
4.002106683217
4.012506528231
4.023427129629
4.034898240350
4.046924728496
4.059353590284
4.072139128477
4.085081885612
4.097958020778
4.110692210993
4.123633203963
4.136628113261
4.149945832041
4.273590803835
4.279859050418
4.282057613452
4.284486257600
4.288916290701
4.291077097506
4.293089063799
4.295087129162
4.296956976204
4.301509450473
4.303972394088
4.306386803804
4.320623438665
4.330108138834
4.341103933441
4.352042481750
4.363002771791
4.374091765348
4.385331428589
4.396872904837
4.408884614108
4.421757420713
4.493553967413
4.496100194510
4.500604325370
4.502349355069
4.504351771704
4.506350008804
4.594289185177
4.603708338570
4.613683749882
4.623651371889
4.633707685111
4.644160390033
4.654975837293
4.666257757392
4.678063029185
4.690256408204
4.702510564113
4.714745156399
4.726712836102
4.738722617242
4.750723414050
4.763280007166
4.889572436766
4.900723152049
4.912032315811
4.924020484630
4.936453485204
4.949386597300
4.962010901375
4.974503945171
4.987073210981
4.999344000797
5.011600784141
5.024319870684
5.037581590727
5.050531789598
5.063133068973
5.075862844284
5.087934577813
5.276546419964
5.285612551858
5.294650745221
5.304242054958
5.314336250504
5.324768732695
5.335578728679
5.346987169746
5.359034750352
5.371368341325
5.383606540180
5.396156293978
5.408780232858
5.421418318688
5.434093982591
5.447068815337
5.460396727874
5.473172005335
5.485635272395
5.497865410498
5.509876804166
6.056181663029
6.062599187915
6.068559271692
6.074496683443
6.080510681546
6.086694354383
6.093789088932
6.452141133745
6.461317469586
6.470811600352
6.480636921872
6.490702868859
6.501066734058
6.511756338473
6.522658545693
6.533784469358
6.545064466757
6.556455891376
6.568118744328
6.579994416263
6.591709617273
6.603136441533
6.614424217528
6.741725891134
6.752292311081
6.762299604328
6.772785358212
6.784093567308
6.969222991265
6.977148109975
6.985216416166
6.993285110801
7.001325636685
7.009426238397
7.017703510162
7.026345544915
7.035274165487
7.044474376498
7.053963689711
7.063759530777
7.073666677703
7.084032686202
7.094727773828
7.106052629010
7.325589269160
7.334297560964
7.343910266757
7.353613818097
7.363240675902
7.373296950271
7.383344951854
7.394161111022
7.405357782433
7.416976357247
7.428694515911
7.440642415163
7.452822064974
7.465112893982
7.477421185798
7.489821977969
7.502310853185
7.514957069714
7.527774061873
7.541110286823
7.713453460321
7.724977882472
7.737033812342
7.748636889817
7.759754198682
7.770416056668
7.780801698798
7.790996708641
7.801044851476
7.811148642020
7.821405271603
8.408585604872
8.415696170689
8.422633606266
8.430176977156
8.438074419787
8.445924105553
8.453598599839
8.460790352960
8.469426794777
8.486738144048
8.494968265583
8.502764797914
8.511401972711
8.519503122408
8.527787892035
8.535000847232
8.542527613609
8.549594286429
8.557102556413
8.564715037848
8.572595063982
8.580143334942
8.587409356220
8.594113495344
8.793564074752
8.800450397750
8.807521583461
8.814901052847
8.822660169527
8.830709993564
8.839232409158
8.849558390183
9.156005575349
9.162400137318
9.170318162318
9.176230080758
9.183957674514
9.190852356031
9.197869825526
9.204559882423
9.211184036448
9.218100714904
9.225007103125
9.231961621038
9.239108802894
9.246339779541
9.253799860083
9.261659685671
9.269978666652
9.278978588781
9.288489328997
9.298430993669
9.308998333632
9.320185357407
9.331860185305
9.344412839767
9.357286185821
9.370268891928
9.383876282128
9.589308191477
9.600836277800
9.611786283851
9.622253159143
9.633285187802
9.644917253514
9.656887305515
9.668985746106
9.681497124056
9.693992001426
9.706374172186
9.718893628685
9.731642000779
9.744759915473
9.757648821167
9.770125581765
9.799338832365
9.808199046468
9.816929917493
9.825617017067
9.834317978027
9.843059852111
9.851246615438
9.859495603979
9.867762301881
9.876182963965
9.884867373251
9.893751588720
9.902858752566
9.912322264898
9.922225384373
9.932671224453
9.943411188105
10.153311786573
10.164924467523
10.176705694375
10.188270537377
10.199728293841
10.210982064809
10.221792523221
10.232318221942
10.242433695268
10.252240089905
10.261980867545
10.272052249511
10.282878993497
10.850814861745
10.861396085630
10.870466177652
10.879533498602
10.888531032142
10.897672165704
10.907217517217
10.916296269227
10.925608333676
10.935151336783
10.945403585993
10.955867653030
11.042023910272
11.049473072730
11.056607179498
11.064057567318
11.070945188138
11.077931805916
11.085185178299
11.092447129971
11.099773983603
11.107211482762
11.114667930902
11.122137342254
11.129524341997
11.136817460227
11.143989010548
11.151057920977
11.158233344632
11.165835401530
11.173352267991
11.180990602861
11.188839618182
11.197022880982
11.205608241303
11.215051700690
11.225086110785
11.234886621315
11.252975779773
11.261875577612
11.271201590318
11.280336870043
11.289902911845
11.299672260845
11.309747741619
11.319821545473
11.330041919671
11.340242023469
11.350279427934
11.360363090764
11.370403242729
11.380667773390
11.390547786190
11.400351384612
11.410535558138
11.639850722537
11.647336675011
11.654139139691
11.661022297235
11.667770993196
11.674562689851
11.681333752576
11.688135515767
11.694964658060
11.701902803035
11.708984552920
11.716172519139
11.723599377009
11.731170239644
11.739045832212
11.747199274981
11.755727687131
11.764452621190
11.773680526327
11.783461805917
11.794123331051
11.805615593041
11.817449759375
11.829821889018
11.966559203710
11.980159427659
11.992249006981
12.004609028350
12.018371004666
12.126075728452
12.136020395854
12.146863960470
12.157802012831
12.168907750280
12.180188263827
12.192053206839
12.204533599517
12.217210975772
12.229825584390
12.242651208266
12.255153982210
12.267821397627
12.279703886550
12.290214383472
12.298512773915
12.307545096643
12.316583071519
12.325485899295
12.334294000524
12.343059865706
12.351707636679
12.360494231598
12.369308158126
12.378095382862
12.386963888923
12.395909045900
12.404834919748
12.413681251373
12.422357707976
12.430884460531
12.439320071584
12.448104732248
12.457034249338
12.466141313111
12.475763177821
12.485305676297
12.494865088360
12.504281083676
12.513451210691
12.522260081351
12.530899844040
12.539654705881
12.548363312717
12.557127093245
12.566040687591
12.575044742629
12.584071955513
12.593255862107
12.602457978179
12.611706440796
12.620960749242
12.630275066733
12.639670788711
12.649231199902
12.658981222939
12.668920881231
12.679974293542
12.691102431877
12.702376719613
12.712871583566
12.723024591086
12.733005729352
12.743029519432
12.753311418009
12.764228129238
12.775977586300
12.788141767015
12.833003110598
12.844251507044
12.855362271705
12.867123885334
12.879375227584
12.891985079705
12.904797550097
13.665993155158
13.674141028526
13.683790197170
13.692910358087
13.701749905408
13.710422338902
13.719944362550
13.769343479175
13.780944499826
13.790739134558
13.799012418694
13.806374606764
13.813475494294
13.820564748728
13.827497176506
13.834339877038
13.841035539186
13.847708637867
13.854314918077
13.860950533032
13.867502826148
13.874017288643
13.880505169538
13.886999088191
13.893448183816
13.899904133222
13.906358179598
13.913005223834
13.919678210157
13.926391789795
13.933419991903
14.058310222565
14.063889693353
14.069902619883
14.076004007174
14.082209926693
14.088319786192
14.094491679354
14.100688596047
14.106892371047
14.113104151022
14.119300466458
14.125518277376
14.131773518338
14.138019874969
14.144320702309
14.150612715727
14.156950418581
14.163345607400
14.169853447684
14.176458130662
14.183014720765
14.189637537495
14.196278800218
14.202941668803
14.209600950887
14.216264221792
14.222999085687
14.229776707373
14.236581499705
14.243416958782
14.250312768284
14.257204507589
14.264126086100
14.271034242742
14.277898573675
14.284794632510
14.291786871396
14.298834556778
14.306288533748
14.314028633516
14.322378830742
14.330529651267
14.337425099096
14.393592720731
14.395937004366
14.398402677404
14.400739514004
14.405528354015
14.407516313797
14.409441379924
14.411799772672
14.414499055603
14.416392067058
14.453663324273
14.462092168402
14.470522296801
14.478841755227
14.487093905342
14.495345745766
14.503789849413
14.512865607957
14.666326184058
14.673340123066
14.680718051796
14.687753101599
14.694688164263
14.701496764899
14.708335046223
14.715199415926
14.721670275176
14.728196264059
14.734970795393
14.741715744974
14.748436359674
14.755089317769
14.761746411136
14.768447439011
14.775212049560
14.781961147176
14.788757377972
14.795597497601
14.802544189496
14.809602691551
14.816852792241
14.824606155382
14.832578647708
14.841074920710
14.851020967443
14.975731407153
14.982717036085
14.989463201103
14.996075114943
15.002639353579
15.009229473065
15.015886755953
15.022556870230
15.029292943445
15.035962093399
15.042683641367
15.049452274334
15.056228131134
15.063026683144
15.069844729129
15.076657412131
15.083634679351
15.090843845819
15.098414819656
15.106411085110
15.113896811523
15.248369584792
15.260550351955
15.273376526124
15.288729484609
15.484812525525
15.495522397395
15.505976024887
15.516296847803
15.526598907848
15.536915924514
15.547300962461
15.557614400114
15.567654713910
15.577678192580
15.587682490968
15.597569287523
15.607300734813
15.617024956195
15.626575170558
15.636240583147
15.646106113679
15.656671236033
16.033297442479
16.044879258192
16.054865532514
16.064828957564
16.074591859291
16.084669358585
16.094339587517
16.103908010448
16.113219608974
16.122581428476
16.131801911930
16.140910017731
16.150009521233
16.159136867565
16.168242332434
16.177138188648
16.185907607057
16.194691645265
16.204672714479
16.214440790018
16.224568056711
16.234605231539
16.244554707539
16.254505569573
16.264391988967
16.274125436210
16.283779265750
16.293283900727
16.302680045443
16.312072427385
16.321566608543
16.331311011484
16.347474481188
16.355217520496
16.362812481043
16.370322684936
16.377846963070
16.385305911914
16.392757867190
16.400240226804
16.407792717823
16.415396157541
16.423109128093
16.430735188429
16.438797546232
16.666059857906
16.671699909827
16.678684010755
16.685724978811
16.692967372116
16.700379063743
16.707758812992
16.715190556375
16.722800233459
16.730623331123
16.738668000836
16.746836593372
16.755158438799
16.763474119368
16.771758853290
16.779955308206
16.788112866505
16.796121010839
16.804283283473
16.812378151970
16.821077786383
16.830402021698
16.998655335756
17.005618317806
17.012304567235
17.019013728074
17.025717368129
17.032532099919
17.039494034776
17.046567210763
17.053841418921
17.061289602235
17.069087466271
17.077146251914
17.085532245942
17.094229182532
17.103399864284
17.113177351734
17.123319330944
17.134070556401
17.145641591729
17.159269167992
17.314623569074
17.325795703459
17.337104645618
17.348582209639
17.360685167351
17.373800223082
17.387476044491
17.436197569134
17.446674441472
17.457869258886
17.469205779099
17.480219388844
17.612277104917
17.620492274867
17.630302792032
17.640647839222
17.651266583056
17.662141176238
17.673384356683
17.684953854285
17.696910679615
17.711329906914
18.544238002815
18.552761081590
18.561087383496
18.569726520804
18.578930538100
18.680313563942
18.689885684862
18.700344683634
18.711689730511
18.723777935333
18.736445014794
18.749376481464
18.763149584731
19.007032917393
19.016362686802
19.025680556383
19.035180280082
19.044362918752
19.053053447242
19.061543342071
19.069798807104
19.077912134039
19.085822983699
19.093706758735
19.101480943579
19.109426790991
19.117902955108
19.125845517937
19.133732491324
19.141713113304
19.149607788318
19.157492807518
19.165342165033
19.173324791682
19.181475794073
19.189371389758
19.198540190447
19.205626690125
19.255474969297
19.265259628475
19.271845986227
19.279783538297
19.287540419284
19.295321867659
19.303236867079
19.311208445458
19.319236861981
19.327335606939
19.335542293359
19.343818455428
19.352095648204
19.360359889646
19.368557012213
19.376737844456
19.385040588722
19.393503060647
19.402549253861
19.638518430977
19.645999570216
19.653619231495
19.661639311362
19.670011317306
19.678793690707
19.688083097577
19.698019860575
19.708539619818
19.719676463406
19.731344951756
19.743298782653
19.755455035321
19.767498898085
19.779498734857
19.791222518254
19.802695868280
19.813854584525
19.824684878043
19.835370354305
19.845672748539
19.856427451570
19.867599754355

