Time_s
0.787421040250
0.793466933189
0.799699781312
0.806205204002
0.812782498621
0.818996317041
0.825129739299
0.831297993302
0.837394145531
0.843497254693
0.849564966697
0.855583364674
0.861537789417
0.867447704975
0.873079011053
0.878738423269
0.884803848113
0.890884945975
0.897345504163
0.903455422056
0.909797483913
0.915847739795
0.921901842029
0.928064839412
0.939812580384
0.946077268045
0.952680516847
0.958743055561
0.964815926094
0.970929652391
0.977110881615
1.041953766303
1.048426559355
1.054870543562
1.061338129016
1.067819347274
1.074344712045
1.080881837570
1.087400248261
1.093859634517
1.100259234385
1.106684688830
1.113110157858
1.119679499059
1.126320210603
1.132819531697
1.139683180479
1.222585768261
1.235595758455
1.373060795886
1.383620679205
1.395110289375
1.406649480590
1.417986575080
1.429371184758
1.440995705267
1.452128452102
1.463218429203
1.474135801808
1.829913512554
1.842895277471
1.856211696106
1.883616780045
1.896357514200
1.908324514396
2.027120434996
2.035142892761
2.043171902995
2.051030892774
2.058839219036
2.066566269375
2.074143111563
2.081548571755
2.088972291839
2.317601720574
2.325333644772
2.333035395949
2.340909968915
2.348904992072
2.356886005375
2.364789850294
2.372663983639
2.380385745205
2.388005574539
2.395691246928
2.403258425243
2.410714940496
2.418051050454
2.425670565672
2.437288857623
2.450869261290
2.464633452850
2.472383931069
2.480042424349
2.489796970948
2.521378388457
2.529351122224
2.537701960341
2.546083301104
2.554894154465
2.564092440264
2.573508796972
2.583388941750
2.607191054148
2.616226556165
2.625348383322
2.634466650862
2.643675694367
2.652815253581
2.661787688407
2.670602231495
2.679388760758
2.688148944745
2.696763891391
2.705505837703
2.714211802170
2.722966287680
2.808187342552
2.817214254068
2.825598662650
2.834290113271
2.842803166179
2.851271911300
2.859741148014
2.868190312121
2.876638302555
2.885072123346
2.893440686995
2.901723200614
2.909896977286
2.917776997323
2.925456139663
2.933113325884
2.940656325492
2.948201686039
3.025705557121
3.032499297326
3.040689358241
3.049718254834
3.057819827870
3.065768128280
3.075194273474
3.107853434775
3.116243096134
3.124778529192
3.133561966616
3.142657120081
3.151775908240
3.160975137141
3.170219418557
3.179795864941
3.189415627120
3.199057911356
3.208745462863
3.218277768604
3.227494913560
3.236901420504
3.245021774785
3.254130867697
3.263325566435
3.272416306940
3.281361205508
3.290316538354
3.299189926463
3.308097840575
3.441116957051
3.453539451228
3.465334548947
3.486142963053
3.499294088821
3.512021902267
3.522483876631
3.534549432970
3.812208442272
3.822719655887
3.835309630310
3.878877318970
3.887571503036
3.896303363867
3.905377047215
3.915273774448
4.027907157678
4.035777817645
4.043857990431
4.052008003699
4.060218461175
4.068495950441
4.076806471309
4.085232128442
4.093711189550
4.102105663359
4.110212168594
4.118128571712
4.125956788917
4.133692007583
4.141448549577
4.149717827935
4.158445062527
4.166923200441
4.175157474092
4.182947326641
4.190797701104
4.198706578460
4.206173701103
4.214010147783
4.221793119493
4.262677292159
4.270147622880
4.278149513361
4.286225212841
4.294466504511
4.302813268378
4.311225211927
4.319875058903
4.328637517290
4.337680927170
4.346743956152
4.355866797972
4.365074220710
4.374106772122
4.383246584386
4.392515362387
4.401862196928
4.411248458287
4.421221677655
4.431252356231
4.442009293208
4.451400045789
4.460580232766
4.544882079101
4.557260168075
4.567383093327
4.580480005133
4.591579592446
4.636495711603
4.645573662239
4.655574431116
4.666057952099
4.676798772852
4.687496882766
4.698313914348
4.709469674119
4.720764965111
4.731922953342
4.743570902453
4.754787062342
4.766363361770
5.520465900154
5.527641702951
5.535228611465
5.542774709095
5.550283067951
5.557768609697
5.565590877945
5.573450766599
5.823489715258
5.831957150623
5.840371865234
5.849630753679
5.859295264700
5.869373040276
5.879644842750
5.889772344362
5.900059125908
5.910582950957
5.921145243465
5.931665882768
5.942070670494
5.952586641137
5.963008574478
5.973282941081
5.983398407461
5.993196597192
6.003015871483
6.012850434366
6.022400449856
6.031871245921
6.041380354379
6.050857243021
6.060129110682
6.069859311554
6.082067698153
6.094546764412
6.220838060739
6.232227277885
6.242897792936
6.253178627127
6.264543486038
6.404177508456
6.412501040350
6.421418913892
6.430318194264
6.439171406473
6.448023024401
6.456860580350
6.465744665132
6.474696075104
6.483698511078
6.492590828434
7.004716020037
7.013531710471
7.022547940233
7.031728724268
7.040344925890
7.049579613152
7.058899341631
7.068196198522
7.077493600575
7.086773471997
7.095970693716
7.105220398633
7.114421382791
7.123667555708
7.132948661985
7.142434519474
7.151987816140
7.161590603016
7.171422692025
7.201519258304
7.215323409116
7.227294911938
7.239276261144
7.250919786642
7.321346726686
7.330740329400
7.340343991116
7.350141199374
7.359934174618
7.370130454196
7.380622644073
7.391029321590
7.401652783431
7.411908786976
7.422440771519
7.432832097756
7.443468468004
7.454229778757
7.464920680410
7.475300792444
7.485850707233
7.495761717610
7.505608496989
7.515422095979
7.921563943473
7.935170528821
7.979744484043
7.988189676935
7.996617974464
8.005219999575
8.014170568109
8.023135507116
8.032181568736
8.041325801517
8.050436639924
8.059305020887
8.068068456056
8.076726228278
8.085315170837
8.095737104559
8.104142680579
8.112464176692
8.120572049659
8.313783718739
8.321101727278
8.328559758748
8.336093016738
8.343703826758
8.351273781712
8.358851264385
8.366493811789
8.374432371537
8.382372362494
8.932243107017
8.940936682136
8.949516642361
8.958189310638
8.966299818683
8.975308313350
8.984308564509
8.993501090672
9.002664434273
9.011840246275
9.020974303151
9.030035108538
9.039106499427
9.048267549453
9.057376294490
9.066382407476
9.075125484274
9.083766261226
9.092471332662
9.101144626454
9.109906937379
9.118971945500
9.127353850175
9.135639642439
9.143579129312
9.165203430909
9.174375277728
9.185217142549
9.194373619806
9.203332875138
9.255383334865
9.266449724083
9.274760592165
9.284934128484
9.294458527167
9.304451014420
9.468414622275
9.476986000191
9.486192167523
9.494884646585
9.504038282927
9.513017449142
9.522027867957
9.531012143653
9.539780115482
9.548252769721
9.556847297166
9.565512276703
9.574248623932
9.582836101141
9.591416413998
9.599768170119
9.608140829522
9.616237874931
9.624212584255
9.633797756130
9.642730310289
9.651364405863
9.794062492951
9.804498732712
9.815360602488
9.826269941236
9.837280381038
9.848238886550
9.859205296765
9.870170558467
9.881222476190
9.892269386360
9.903203561513
9.914072598228
9.924865513784
10.011909176729
10.023108763482
10.079786673623
10.089146666315
10.099612342886
10.110202869038
10.507953483018
10.517106845736
10.527864460254
10.540293776184
10.550342453720
10.560041750621
10.570437697010
10.645070667038
10.656113460925
10.666834710922
10.865194961679
10.876025252902
10.887035708446
10.897534776528
10.973835419169
10.981111826135
10.988374444046
10.996168220155
11.004155581687
11.012377383812
11.020483881859
11.028583328196
11.036763752258
11.044990054721
11.053259447383
11.061513889549
11.069770804120
11.077988375496
11.086221026619
11.094390354936
11.102434644515
11.110365399094
11.118243264832
11.126023088738
11.133759884425
11.141465135917
11.149137691993
11.156687087461
11.164160626941
11.171627764649
11.179137875734
11.186753291473
11.194408835670
11.202153734211
11.210379664908
11.218928582981
11.227813391563
11.236441198173
11.244624618031
11.252578031986
11.260618079705
11.268654438655
11.276181236783
11.284136100374
11.292093840852
11.300161828996
11.308273922515
11.316490662730
11.324973275078
11.333580585262
11.342355304331
11.351257565753
11.360378624838
11.369751762138
11.377381932405
11.385297303350
11.393668217377
11.402373828420
11.411507112762
11.527651695909
11.534135226332
11.541419266403
11.548936273380
11.556528268106
11.564217879236
11.571968888654
11.579708205220
11.587436740455
11.595150144053
11.602910416535
11.610842352058
11.619013881804
11.627817398152
11.636570011379
11.644368821963
11.652421130760
11.660131128169
11.668072380862
11.675825313837
11.683585413124
11.691395268067
11.698771183672
11.706926298944
11.715072442629
11.723620084678
11.732384563167
11.741436714058
11.750588272562
12.125714283353
12.131717355035
12.138979696219
12.146500670829
12.154039231704
12.161582131806
12.169194901880
12.176931200247
12.184822809745
12.192835608253
12.201007608092
12.209353820480
12.217776443117
12.226304563788
12.234901219084
12.243492520778
12.252195391740
12.260797965649
12.268059342195
12.423920380435
12.431398724560
12.438959984041
12.446573759567
12.454214057407
12.461901565338
12.469640190910
12.477432997271
12.485269925578
12.493144077059
12.501136914842
12.509155282006
12.517200564413
12.525311199684
12.533491527722
12.541909704154
12.550202222508
12.558444200434
12.566904863815
12.575443668169
12.583999465282
12.592728627464
12.601434474104
12.610301108154
12.619295083933
12.628792360566
12.638710331090
12.650985661034
12.825521354762
12.833286192050
12.840933946923
12.848842509897
12.856796643851
12.864896062113
12.873104204612
12.881466971780
12.889753793271
12.897688458488
12.905625052329
12.913712070796
12.921731267487
12.929649080605
12.937524232685
12.945370522365
12.953180886768
12.961016127642
12.968926626880
12.977062288263
12.985234673430
12.993429698503
13.001680973899
13.009842471137
13.018101160419
13.026404059284
13.034942957334
13.090020673155
13.098773665008
13.107745068876
13.116925372125
13.126261073610
13.135709180865
13.145168291917
13.154862326067
13.164705528299
13.174270919402
13.192943379644
13.202028046351
13.211397227811
13.221020764833
13.229347212191
13.237907498497
13.247544158412
13.256273317102
13.265386109860
13.275370084511
13.285273735575
13.295733825703
13.306494501290
13.317451469501
13.328613723448
13.339936257208
13.866568852090
13.878558090008
13.888506696240
13.900001559456
13.913112769559
13.923584459541
13.932364518565
13.945340850256
13.953021309186
13.960971780793
13.969082116939
13.977290861617
13.985607800716
13.993965722254
14.002411086502
14.010890128592
14.019483266637
14.028070746897
14.036342819250
14.044709506494
14.052990838358
14.061195742386
14.069311776115
14.077267935429
14.085108765810
14.092720356905
14.100435738463
14.220332283857
14.225997196674
14.232021053681
14.238682219534
14.245731007082
14.252875327516
14.260148788009
14.267547741551
14.275698111158
14.283171265614
14.290905522704
14.298526349427
14.306278990047
14.313967738408
14.321949321380
14.329709325321
14.337595787157
14.345549869094
14.353616060946
14.361708432822
14.369895060228
14.378124235065
14.386477794630
14.394915342385
14.403513420222
14.415060932100
14.427398314277
14.439150127195
14.451081010048
14.459647955357
14.468430570740
14.477594670869
14.487275755450
14.496616519962
14.606415608919
14.613089529946
14.619595514574
14.627278719499
14.634955609112
14.642897391423
14.650993061667
14.658892407933
14.667141187170
14.675360091265
14.683679369081
14.691990414995
14.700279818769
14.708518217138
14.716840364529
14.725437698349
14.733988717333
14.742500915783
14.751157974889
14.759871885036
14.776688628860
14.785382977050
14.793611932879
14.868196420119
14.876461322362
14.884147306051
14.892370698203
14.900571218246
14.908780489448
14.917077367770
14.925456981883
14.934121186575
14.942484146760
14.992200510694
15.003810203048
15.015429152429
15.026886844570
15.037542203396
15.050309683567
15.059615150258
15.273510619243
15.281428170923
15.289403689165
15.297647741315
15.305714344976
15.314095655401
15.322868327545
15.331827603947
15.340948354992
15.350101319023
15.359376955481
15.368593386508
15.377831322298
15.387054620668
15.396326165900
15.405648337253
15.414858707414
15.424002943111
15.566103776368
15.575574285528
15.586138392684
16.029407048352
16.036869636101
16.044705108768
16.052847580688
16.061195243121
16.069687043845
16.078315379031
16.087119384547
16.096104415052
16.105160149578
16.114428165468
16.123690669283
16.133526448463
16.157923177487
16.167585023457
16.177219375334
16.186883692149
16.196642729091
16.206541180188
16.216147836487
16.226015396646
16.235692306517
16.245197993266
16.254856207145
16.264474632115
16.274419298265
16.282912011610
16.291162394567
16.300049076551
16.308927979272
16.317641347086
16.326161211657
16.334555837269
16.342927548233
16.351347369777
16.359876197252
16.368522406332
16.377432278900
16.385625019419
16.394420139804
16.402938652354
16.535038709678
16.543338821420
16.551178494430
16.559517417581
16.568356005347
16.577339918606
16.586375070363
16.595641575644
16.604922630360
16.614313404556
16.623747503016
16.633199363064
16.642647296454
16.652118555128
16.661837361213
16.671497876953
16.681317924982
16.691109653598
16.701009557147
16.711163151859
16.722834333692
16.732315538847
16.741848463519
16.751626976206
16.761199047586
16.843584496953
16.852617300086
16.861545260681
16.870752510779
16.880019869173
16.889459911025
16.898996271672
16.908712116049
16.918465551903
16.928304205341
16.938196630809
16.948075784238
16.957906479677
16.967824551417
16.977767170596
16.987754375568
16.997731588732
17.007754144463
17.017713643932
17.027704537523
17.037686770181
17.047545596971
17.057511447631
17.067407320486
17.251305265646
17.261534882708
17.273381765705
17.283405502312
17.291528092504
17.300169161067
17.309115255107
17.318255457616
17.327504846164
17.337070425900
17.346903962636
17.359130427953
17.617867274905
17.626678729307
17.656041105814
17.665201022250
17.674347218906
17.684177590983
17.694043201993
17.704077742683
17.714715417946
17.724213313430
17.733456374635
17.792361580615
17.804341970248
17.813933694315
17.825443132492
17.848226086480
17.858447650728
17.868855818240
17.879242951084
17.889406958764
17.900138832611
17.911273414776
17.922486580583
18.548812260429
18.557498466224
18.566780331338
18.578527809880
18.589251838487
18.599346983929
18.959590235104
18.967408333105
18.975382571551
18.983603176421
18.992088599022
19.000726566764
19.009517081891
19.018497838346
19.027521997127
19.036629256460
19.045902841477
19.215523737293
19.220856702385
19.227094228637
19.233460369926
19.239966505092
19.246587321247
19.253304581691
19.260140748096
19.267436625836
19.274389634005
19.281777672804
19.290265736098
19.296976656854
19.310054963410
19.316962619573
19.323544940853
19.416013578622
19.422789453318
19.429677074904
19.436719421167
19.443818617746
19.451052494685
19.458334494170
19.465687730727
19.473032421463
19.480524003923
19.488142014913
19.495790183143
19.503476322981
19.511247534366
19.518960621475
19.526618414423
19.534341507989
19.542164893713
19.550366637187
19.557993875226
19.565195235436
19.572507245681
19.581598017718
19.589332054031
19.597116939503
19.604346654532
19.611820907273
19.619659065816
19.627191326499
19.634368840125
19.641927405965
19.790354822116
19.798922053666
19.807714302436
19.816577120557
19.825491455072
19.834591923919
19.843635488645
19.853068651569
19.862343149548
19.871640616972
19.881065128832
19.890376247839
19.899688009694
19.909144580344
19.918478701100
19.927792693019
19.937060852717
19.946249177991
19.955269803732
19.964303800981
19.973319724315
19.982294098108
19.991600603924

