Time_s
0.753438146716
0.763025916529
0.772294514631
0.781609193904
0.790940676128
0.800238118858
0.809103059731
0.817254903373
0.825855243504
0.834183407771
0.842409638461
0.850604638225
0.858734120699
0.866748783568
0.874672310420
0.882455812048
0.890079583483
0.897537106943
0.904693023358
0.911658819818
0.918443763671
0.925166272043
0.931786673107
0.938262176235
0.944671525635
0.950968279983
0.957232286697
0.963422968010
0.969549470828
0.975651580608
0.981957374455
0.988461993695
0.993573683390
1.005142879657
1.007051915723
1.008823591001
1.011190950194
1.014645214840
1.016475974080
1.018314414950
1.020658959583
1.026362961626
1.028055878598
1.030523489935
1.032840550097
1.035113106823
1.039014744211
1.040726714509
1.042468547344
1.044220878348
1.046395659156
1.048182289377
1.050329753012
1.052942376976
1.055093998855
1.057023724749
1.059656424449
1.061575948681
1.063690384393
1.181214782718
1.190809163102
1.200069200308
1.209463664748
1.219055222629
1.228816798989
1.238513126145
1.248054970544
1.257451633082
1.266763199083
1.276055084664
1.285409993891
1.294771004968
1.304152182751
1.313491481633
1.322721047923
1.331913379663
1.341139867688
1.350447236870
1.359806069384
1.369118454991
1.378303087955
1.387701897443
1.397157792758
1.455091414201
1.456884849906
1.458656788524
1.460428906540
1.464942049126
1.467524778700
1.469421245519
1.471804879497
1.476339243016
1.478236473343
1.480624861574
1.485538712256
1.487361127346
1.489156239520
1.491144105820
1.493524282073
1.495278709799
1.497886831613
1.500269856970
1.502072810442
1.503899934910
1.505751120944
1.508138426965
1.509854293819
1.511989058920
1.513726053483
1.517218359420
1.519214924435
1.521681590285
1.523385857713
1.527350224039
1.528999788876
1.531362185798
1.533237092556
1.534892260980
1.622382750634
1.630989337810
1.639882181034
1.648967822429
1.658192041418
1.667309764059
1.676501945972
1.685695965355
1.694921282943
1.704202405208
1.713565654796
1.723031380068
1.732601604829
1.742298137410
1.752193050284
1.762312273198
1.772657994748
1.783244293014
1.793984827623
1.804888233836
1.815952884629
1.827239182811
2.352400237737
2.362448160982
2.371423154530
2.380249620568
2.388978157000
2.397537690549
2.405929586060
2.413817822232
2.422027582032
2.429899048837
2.437564520611
2.445057562980
2.452380331352
2.459477921177
2.466339441483
2.473436648321
2.515203240488
2.517132298194
2.519878518166
2.522112178737
2.525940810310
2.527730502022
2.530506233564
2.532570486239
2.534376488403
2.539800866852
2.542422030915
2.544283884028
2.546737233973
2.549337292808
2.551038023385
2.552731316617
2.554412935587
2.718630386630
2.725833489553
2.734388143766
2.743177784055
2.752715960187
2.762442663659
2.772578223712
2.782968143260
2.793644123461
2.804505071083
2.815592368827
2.826921435468
2.838442367234
2.850197769899
2.862275814012
2.874670525460
2.887051783477
2.899621020209
2.912525838000
3.080657879892
3.091111653275
3.101596217256
3.205857673386
3.216045014967
3.226180526064
3.236040054389
3.245710665392
3.255386005916
3.264884453457
3.274137587006
3.283252636662
3.292111123549
3.300628337563
3.309043575817
3.317322326522
3.325517406408
3.333611382747
3.341586226541
3.349337458698
3.356966914006
3.364626069319
3.372136134465
3.379567742964
3.386948618213
3.394244933174
3.401478160150
3.408647647873
3.415801033246
3.422919695272
3.429984581504
3.436939385627
3.443636974832
3.450104103237
3.456529436190
3.462904811263
3.469279332553
3.475676827518
3.482134900735
3.488671861106
3.495296553844
3.502003323240
3.508838319443
3.515821082639
3.522981223172
3.530407141388
3.538262854880
3.546401466560
3.554945152858
3.563892203839
3.573276754574
3.583019421507
3.593294017898
3.603833335029
3.675904493337
3.684947959654
3.694039041603
3.703031531432
3.711896815319
3.720771684457
3.729559664751
3.738571581811
3.747487921339
3.756144562458
3.764835402215
3.773458949519
3.781984781077
3.790339801843
3.798517418187
3.806528516776
3.814489338801
3.822488016686
3.830523862825
3.925711510544
3.928189731431
3.929882604481
3.932230240154
3.934289134266
3.936337381373
3.938403006416
3.940209086972
3.942006024326
3.944055245706
3.946616532159
3.948515145169
3.951033294303
3.952765249956
3.956849065407
3.958952877313
3.960683165732
3.962372330195
3.995513195256
3.997324218887
3.999688646776
4.001595807439
4.003980466589
4.007961865882
4.009924917891
4.012125539577
4.025572411355
4.027986980929
4.030211769370
4.035275836047
4.037758002607
4.040810669454
4.043039363431
4.064694999653
4.073386469215
4.082043683544
4.090744208813
4.099386027721
4.108294251164
4.117111947336
4.125818792581
4.134466168938
4.142895040393
4.151156396685
4.159367891182
4.167554800083
4.175720103048
4.183894741189
4.192012174085
4.200088257432
4.208150181298
4.216228143303
4.224330697814
4.232448217384
4.240555114601
4.248553905036
4.256491057447
4.264342404018
4.272368739636
4.425368683279
4.436036535401
4.447043675215
4.458011270161
4.468918225849
4.479296169298
4.489594752425
4.499628817038
4.509476960972
4.519101650873
4.737553520194
4.746746957101
4.755676127303
4.764724218398
4.773751764249
4.782690704318
4.791474228550
4.800115462464
4.808606184952
4.817077141131
4.825514332306
4.833958138393
4.842296956744
4.850609795286
4.858915406727
4.867107575213
4.875241654060
4.883417743308
5.000476831729
5.008984864557
5.018753248558
5.028634335065
5.038748121598
5.049091157449
5.059762144257
5.070824450852
5.081911981872
5.092715811837
5.102759811499
5.112807146022
5.122949201859
5.132987972474
5.143341271067
5.154035986364
5.164914558915
5.175664211956
5.185827030862
5.195993141781
5.206359565706
5.216688846073
5.227137277124
5.448773880462
5.456675658055
5.464741138568
5.473175951575
5.481781172449
5.490539082690
5.499377831979
5.508269713971
5.517285122302
5.526411403751
5.535685205015
5.545098344075
5.554808762242
5.564835372458
5.575356904959
5.586314439667
5.597657479179
5.609249057192
5.621320139940
5.634017000623
5.647222952701
6.366570952103
6.368840040723
6.371083442933
6.373354647314
6.375876447697
6.378162461570
6.380935431831
6.383168948297
6.401014158871
6.408086563569
6.415091886148
6.422037707361
6.428926657892
6.435807447133
6.442661908667
6.449523557522
6.456349440417
6.462995106422
6.469391673891
6.476189644895
6.483509176598
6.787391739196
6.796431181307
6.805234166336
6.813791662552
6.822238464693
6.830581244330
6.838892952042
6.847116770331
6.855239493799
6.863361623750
6.871442558929
6.879414699860
6.887212131506
6.894873350757
6.902446250354
6.909953569362
6.917429420611
6.924965190138
6.932531007513
6.940043578693
6.947506140302
6.955002403926
6.962490287100
6.970079680635
6.977717561255
6.985483686700
6.993419383503
7.001642841492
7.010036575180
7.018684574682
7.027414687499
7.036118105101
7.044641719123
7.053038897673
7.061529651917
7.070228235171
7.079196214484
7.088564340804
7.098160474604
7.107970736210
7.118044846060
7.155142750693
7.157043389841
7.158962329812
7.161123561487
7.165692192332
7.167394744716
7.169994021708
7.175032476872
7.177316592919
7.179216777281
7.181904108475
7.186542150014
7.188881147709
7.191614767392
7.195873809155
7.197809044112
7.200606316102
7.205306950116
7.207234524915
7.209513154062
7.211579522651
7.215718524447
7.217640818403
7.219550314287
7.221499237233
7.223473502991
7.227290684270
7.229741346728
7.231922668902
7.233883067236
7.235664604734
7.237632854294
7.239865882002
7.241773300312
7.243552977855
7.247623711777
7.249829341310
7.251659513129
7.253517254011
7.257392004843
7.259262686548
7.261967507067
7.268693275468
7.271255852418
7.273561213006
7.299644726229
7.308686513669
7.317826732930
7.327107781784
7.336310614784
7.345398806837
7.354169125192
7.362882107408
7.371609494710
7.380338083024
7.389046176579
7.397722989883
7.406315619566
7.414805625772
7.423207389478
7.431532087120
7.439765521985
7.447989409930
7.456268608332
7.464555150644
7.472823893623
7.480977109279
7.489055433393
7.497197407210
7.505253933457
7.512875969551
7.674812158875
7.676798110036
7.679138514783
7.681489327811
7.683893144482
7.685658607324
7.687401617837
7.689937923794
7.691773736288
7.693549448910
7.709793905453
7.719341537689
7.728917455660
7.738254060419
7.747714158389
7.757381152151
7.766665993810
7.776313548360
7.785927204970
7.795539204894
7.805157937150
7.814806074912
7.824426020626
7.834054913405
7.843591878931
7.853128202677
7.862690087623
7.872315136041
7.882012816916
7.891826254665
7.901741738285
7.911829169282
7.922013255043
7.932190978803
7.942508825168
8.079667195206
8.088918466946
8.098721366655
8.108796051967
8.119076600626
8.129526364741
8.140030168757
8.150626968863
8.161235024885
8.171864054720
8.182480288696
8.193138320824
8.203829291314
8.214481157408
8.225052498410
8.235404876328
8.245484123879
8.255315478644
8.264953637067
8.274599767974
8.284192868537
8.293725384078
8.303329969181
8.312949837972
8.546265212095
8.548152113731
8.550202407734
8.552583284276
8.556678854624
8.558730827787
8.560662505144
8.562989262090
8.565109398027
8.567465625490
8.569793265354
8.572100618075
8.573993357084
8.578387967171
8.580771747393
8.583148915080
8.822709789620
8.831196372212
8.839518524725
8.847819444885
8.856215173375
8.864583170233
8.872976756029
8.881394202157
8.889831222124
8.898159581132
8.906469380212
8.914763744865
8.922945142282
8.931083769655
8.939174404831
8.947183719028
8.955135682144
8.962973699166
8.970938175429
8.978928419532
9.026374108863
9.028373149672
9.031360257632
9.033476913977
9.035857807983
9.038101336191
9.040546059872
9.042968847951
9.044958007718
9.115132241918
9.123538705568
9.131735224329
9.139871223035
9.148445544951
9.157402669213
9.402405035343
9.411286448040
9.420447841122
9.429473505012
9.438516504524
9.447956948434
9.457386140396
9.466732485866
9.476073995026
9.485351988259
9.494528440978
9.503611479028
9.512655403515
9.521617706620
9.530651942307
9.539736426996
9.548945992113
9.677276915070
9.686170961163
9.695065998917
9.704257999051
9.713801395666
9.723866222287
9.734229935673
9.744961357160
9.755958818929
9.767057970744
9.875589895580
9.886612566623
9.896846238426
9.906988366022
9.917292127397
9.927702258574
9.937067757786
9.946702712049
9.956287897264
9.965858283383
9.975390746019
9.984825303356
9.994399312243
10.003979781100
10.013667621560
10.023488473508
10.033443706867
10.043747809503
10.240169482838
10.250471612000
10.260445095519
10.270578570046
10.280787070511
10.291047834420
10.301345257062
10.311671377304
10.321974420377
10.332165160196
10.342236897632
10.352154612619
10.361896082797
10.371434625236
10.380812740153
10.390051159163
10.399155889554
10.408161259727
10.417018155246
10.426027847573
10.434999471697
10.443979495475
10.452735322994
10.461586899101
10.470344600990
10.478974507438
10.487605229276
10.496154104152
10.504946074869
10.513586702390
10.522519629583
10.665400423082
10.667167016638
10.668862815624
10.670570130831
10.672277021154
10.673990771491
10.913256801620
10.923045970630
10.932258907504
10.941298073040
10.950459833683
10.959485720124
10.968723289744
10.977875980563
10.986862327077
10.995759321105
11.004582666013
11.013379941827
11.022002307227
11.030404590099
11.038669031885
11.046716661356
11.054593801890
11.062286854451
11.069844669759
11.077469625500
11.085061840396
11.092550708497
11.099930453075
11.107068976727
11.113936868347
11.120753757905
11.127532429943
11.134371461380
11.141240143700
11.148169145262
11.155202578372
11.162425800497
11.169615733327
11.177301337100
11.185738519910
11.193921032250
11.201995636895
11.211054500506
11.219678316976
11.228793731865
11.289154326115
11.298699095967
11.308445935713
11.316700463409
11.325566298339
11.334712281538
11.343591628465
11.352447344808
11.361273825543
11.369981592169
11.378604173306
11.387186216167
11.395695259783
11.404240338556
11.412787955565
11.421345382940
11.429900732076
11.438485507016
11.447111090515
11.456401501628
11.465255962433
11.473810530345
11.482729672085
11.491707548904
11.509520317006
11.519124575384
11.528829422123
11.538663246684
11.548635268340
11.558727810920
11.568919452131
11.579089522369
11.589259463358
11.599414898230
11.609763634166
11.696324191671
11.698435119240
11.700697566894
11.705502455165
11.708186282253
11.711028337712
11.713526628605
11.715685997127
11.717827739578
11.720551384528
11.722579239836
11.724579012475
11.727576468174
11.729936922623
11.732047559304
11.734139438405
11.768396214925
11.777528811027
11.786628476131
11.795769361367
11.804607855452
11.813288427981
11.822777007382
11.832126804712
11.841388697339
11.850537962158
11.859631322266
11.868650809525
11.877594314498
11.886470532950
11.895285635964
11.903972162263
11.912523382599
11.920933647926
11.929181465142
11.937303998539
11.945286739505
11.952995542937
11.960586660911
12.128997358464
12.139704178443
12.150529844986
12.161658293894
12.172961968727
12.184144694010
12.195256822744
12.206372878397
12.217377162207
12.295034858841
12.296882887757
12.298980102929
12.300886139233
12.305112985426
12.307035627651
12.309317259874
12.314081173433
12.315879476864
12.318357945574
12.320772642536
12.322984451000
12.324715129733
12.327093287783
12.328804014551
12.330613573747
12.332844301319
12.373231866291
12.381506165278
12.390093808772
12.398917944866
12.408128562213
12.417456660907
12.426787087578
12.436183926503
12.445460139007
12.454773470090
12.464024669369
12.473202006816
12.482476173127
12.491857161903
12.501408923424
12.614866585444
12.625431931671
12.635922440552
12.646475454891
12.657002388990
12.667503030615
12.677822300488
12.688058583596
12.698528200425
12.709047901439
12.719389595188
12.729481653702
12.739405139908
12.749129829431
12.758697687372
12.768041670008
12.777201201348
12.786207953541
12.795160415407
12.804134317203
12.813137722984
12.891734656142
12.901523366045
12.911425305789
12.921448852010
12.931615831912
12.941962569189
12.952320646363
12.962795909796
12.973331636929
12.983998680146
13.099938621489
13.110011490896
13.120009089525
13.130028296806
13.140212334503
13.150558829214
13.161200771391
13.172119406589
13.183782303993
13.196098168117
13.198218516717
13.200533466433
13.202709241933
13.204696710197
13.206835191842
13.209636407294
13.211909349456
13.214179436284
13.216215712243
13.220771820836
13.223686653062
13.226043856219
13.228357721264
13.230341554847
13.232904271102
13.235224997432
13.237842771336
13.240386203422
13.243014656917
13.245638480992
13.247865170549
13.252940429000
13.255379012927
13.261050759730
13.263385488598
13.760984735536
13.771284279528
13.780976901816
13.790373076103
13.799598761459
13.808752056464
13.817794314121
13.827125008492
13.833664386872
13.835859847722
13.838617233077
13.841149397055
13.843677030130
13.846139633872
13.848634413906
13.851122294154
13.853603627340
13.856052373875
13.858488253975
13.860669584408
13.862936670333
13.865074653541
13.867280498351
13.869358678108
13.871521234215
13.873607560170
13.875577421179
13.877536705954
13.879535654286
13.881669812143
13.883647397945
13.885589133919
13.974577001008
13.983341090863
13.992109564299
14.000671608860
14.008983330871
14.017136216228
14.025257195705
14.033250766254
14.041099773243
14.048840877839
14.056502869536
14.064111807005
14.071641515781
14.079119626214
14.086573869066
14.094073145590
14.101746886176
14.109585463529
14.240445264391
14.249643703485
14.259086296026
14.268875516988
14.278817266545
14.289059751291
14.299553766141
14.309419112011
14.319352079031
14.329176122544
14.338861637573
14.347845312982
14.357168661840
14.366549095375
14.375550150149
14.384439774710
14.393187189395
14.401899933365
14.410612857606
14.419436239468
14.466658477977
14.475355583610
14.484110142727
14.493284118095
14.502487199103
14.511850394606
14.521427698460
14.531352321402
14.665220001426
14.673286347640
14.681643658840
14.690190055014
14.698884033108
14.707843496453
14.716056862446
14.724052543348
14.733151757485
14.741999815203
14.750821020947
14.759580241843
14.768295042081
14.777007505618
14.785700376652
14.794397565993
14.803040654751
14.811686078451
14.820420836518
14.829149758243
14.837805187167
14.846417545545
14.854971355968
14.863495846345
14.872084423205
14.880724169940
14.997054433672
15.006740711231
15.016194229752
15.025934374437
15.035755478424
15.045605488575
15.055517725716
15.065365682071
15.075064198817
15.084629342127
15.094237873188
15.295297849187
15.297400760072
15.299288302985
15.301753728131
15.305900677834
15.307780999552
15.309454885011
15.311340927067
15.313001902579
15.400985744231
15.410293954111
15.419708091960
15.429577538810
15.439744546526
15.450280078930
15.461110845073
15.472000998860
15.482807372178
15.493520448232
15.504158485173
15.514567987639
15.524741224976
15.534788332635
15.544877891255
15.554967188146
15.564956287377
15.575251985405
15.584770142258
15.594448393644
15.603954551495
15.909923705979
15.920251218137
15.930418158493
15.940356646176
15.950361894919
15.960641646660
15.970900709603
15.981219173968
15.991689796049
16.002629823243
16.012720300263
16.022990655558
16.033255829436
16.042971736409
16.053127821727
16.063601832727
16.074158907361
16.172739409274
16.182000334746
16.191229318575
16.200263322865
16.209079945205
16.217842457875
16.226472192258
16.235014836981
16.243511517151
16.252022521901
16.316267584129
16.318067660975
16.320573373153
16.322179534043
16.324164270242
16.326671434920
16.329170224850
16.331276447731
16.333048185437
16.334701088882
16.338209983218
16.340311091917
16.341954934625
16.522471611648
16.531348776048
16.540528773579
16.550142621405
16.559943452417
16.569847324083
16.579748779793
16.589558169426
16.599207784098
16.608758634234
16.618280487506
16.627797443029
16.637290672486
16.646754020804
16.656173183228
16.665577248763
16.675008029172
16.684301559558
16.693547282169
16.702784874412
16.853388673382
16.863580740540
16.874111611696
16.884780503657
16.895524419292
16.906160728716
16.916540208379
16.926806644993
16.936984759975
16.947114818681
16.957142412073
16.967056965425
16.976900554381
16.986704697605
16.996496228108
17.006216063945
17.015917072381
17.025581336899
17.035273027043
17.045036120589
17.054874964509
17.064810451887
17.074920071401
17.085086422371
17.095177605131
17.105189889004
17.115095070833
17.124713154900
17.205367382689
17.207778491218
17.210238422706
17.212641233577
17.215007088637
17.217394210455
17.219637100310
17.221842170298
17.225899267443
17.348706145973
17.359795595954
17.370923712873
17.382234402945
17.393565456929
17.404885116643
17.416146449669
17.427316920711
17.438353001751
17.449325372760
17.460199504058
17.471031143040
17.481946704226
17.493155302639
17.504931585220
17.517562585883
17.521354082604
17.524015913126
17.526716342462
17.535028637639
17.537592806032
17.540196313425
17.542723816343
17.545276393049
17.548019258149
17.550729068642
17.553028777612
17.690062016305
17.701246235005
17.712425896836
17.826221830037
17.828159789052
17.830318723338
17.834050969175
17.835962138447
17.837875070562
17.839805476043
17.842241115937
17.844940066710
17.847321406169
17.849346416875
17.851862191337
17.856450400627
17.858366462808
17.860282021215
17.862365185730
17.864273359966
17.866694859259
17.869360715350
17.871958355233
17.873899783749
17.892740846353
17.901675895711
17.911146045888
17.920740522863
17.930565835006
17.940803074460
17.951359021384
17.962304411241
17.973292821368
17.984581052373
17.996507751349
18.145238583781
18.147260370683
18.149077683300
18.151607068760
18.154146553384
18.155975893917
18.158218147570
18.160713742713
18.164170993517
18.165910952299
18.168454772540
18.170671047127
18.173088465041
18.174992211921
18.176855804729
18.178660744105
18.180858679466
18.182653829307
18.187058669493
18.189416905306
18.191150424905
18.193045959399
18.194877391770
18.197334285310
18.199000679044
18.200726431189
18.202504249336
18.642765517972
18.650524415820
18.657669570524
18.665001219729
18.672270042337
18.680024699372
18.761094307218
18.767442353258
18.775357796785
18.783731663910
18.792414780020
18.801352738239
18.810517553953
18.819989999854
18.828971947804
18.837991222136
18.847018581118
18.856138194902
18.865492583146
19.067949394936
19.075624259538
19.083245289390
19.090782838874
19.098250364530
19.105663165481
19.113034057577
19.120355684945
19.127588518935
19.134788693369
19.141936414368
19.149035368077
19.156083398462
19.163074958409
19.170039262695
19.176995323640
19.183932814842
19.190806758397
19.197662154693
19.204488253495
19.211317757752
19.218150380928
19.225166848657
19.232373281013
19.239415110346
19.246477170329
19.253781878011
19.262100598360
19.269736312016
19.277589015087
19.285825901689
19.293978310518
19.302867031828
19.365029419660
19.374164868732
19.383520057700
19.392861397983
19.402129900410
19.411261833670
19.420274323621
19.429359583124
19.438614671380
19.448111759509
19.457970021800
19.468098403938
19.646708141089
19.656457052738
19.665600409750
19.674639855765
19.683447602095
19.692035107017
19.700354512348
19.708519539176
19.716970386256
19.725116433847
19.733072202812
19.740871122918
19.748555977063
19.756106043706
19.763618987011
19.771092270565
19.778554731385
19.786028898174
19.793550498704
19.801103087455
19.808760476948
19.816442337022
19.824408097000
19.832027742278
19.840012594527
19.978753813408
19.988968025937

