Time_s
0.906516980822
0.913693278215
0.920970800399
0.928146467316
0.935399426541
0.942630675549
0.949765228685
0.956893754922
0.963911811761
0.970651488193
0.976992260095
0.983272799621
0.989371247528
0.995131423905
1.000792788872
1.006304017577
1.011872267463
1.017115168197
1.022240505557
1.027270013975
1.032082081218
1.037086756236
1.041938775510
1.046231946087
1.059620362908
1.067747603866
1.074825305545
1.082178113400
1.089231648683
1.092744670603
1.096223596398
1.099710038323
1.103102151828
1.106505817238
1.109771885137
1.113145395256
1.116395162928
1.119525589999
1.122688438584
1.126182585200
1.129021586312
1.132163558290
1.135303048456
1.138482903735
1.141660414583
1.144811491539
1.148017954900
1.151215175097
1.154361515280
1.157503067176
1.160734216949
1.163966247334
1.167189961258
1.170402199123
1.173727388914
1.177048105967
1.180265411413
1.183772287023
1.410900275159
1.421837538465
1.432957451854
1.444250339261
1.455613479254
1.466642805726
1.477303003182
1.487682978628
1.498281955884
1.508844086767
1.519378982687
1.529967192883
1.540535416301
1.551190736137
1.561896679496
1.567258853904
1.572608488309
1.578018153353
1.583327184805
1.588720984424
1.594063731745
1.599592288617
1.604965813558
1.610461869822
1.615914221796
1.621446733845
1.626998410193
1.632559163930
1.638109943129
1.643663497557
1.649283093297
1.654443053235
1.660166718979
1.665848903636
1.671575015091
1.677298423879
1.683132417424
1.688941619757
1.694801487757
1.700637446506
1.706528305855
1.712495030865
1.718543029421
1.724993071286
1.731347464409
1.737414510981
1.743538809234
1.969474016565
1.979666082240
1.988047407754
1.996108597378
2.005972703202
2.102317577955
2.110199490762
2.118075745560
2.125967440733
2.133387099224
2.267402346233
2.271300454587
2.275251752882
2.279174907103
2.283112351530
2.286993940751
2.291155383653
2.296049177357
3.386029123724
3.392318946929
3.398678651375
3.404802751414
3.410655205634
3.416384057218
3.422027855481
3.427485859246
3.432715425652
3.437902427452
3.442920332137
3.447785808380
3.452690110335
3.457340527558
3.462070360675
3.466654526304
3.471021033193
3.475409558069
3.479615059021
3.483769495649
3.487767054906
3.491725348889
3.495635792196
3.499484457807
3.503176290094
3.507036859234
3.520167473107
3.527266853916
3.534036660362
3.540882625015
3.547714424819
3.554522992210
3.561256290755
3.568108712531
4.002565153313
4.006711475795
4.010686928779
4.014315469375
4.018365799070
4.022282068353
4.026128135457
4.029987154888
4.033697176603
4.478948113824
4.484135307383
4.489949874239
4.495765309667
4.501528079958
4.507318227059
4.513092518439
4.518887742725
4.524887638602
4.530936784634
4.537134469899
4.543464586508
4.549891544620
4.556420470147
4.563068555614
4.569842514449
4.576636229766
4.583488994966
4.590389525017
4.597272803019
4.604129289173
4.611016132994
4.617880571227
4.624670646727
4.631534396145
4.638411365441
4.645269902176
4.652154213567
4.659099110659
4.666125741292
4.672973938463
4.679912385023
4.686904531457
4.693740268166
4.700733433975
4.707683024296
4.714633628229
4.721583322026
4.728446712018
4.735289772703
4.742060027859
4.748782008114
4.755382900134
4.761828308633
4.768054580530
4.774232882564
4.780388162271
4.786316397428
4.792201907710
4.797895550811
4.803475827335
4.809053375647
4.814745673599
4.820449019033
4.826126891372
4.831828084995
4.837578406976
4.843347346710
4.849000159023
4.853900028777
4.859082101451
4.864118632096
4.868840170007
4.873815168587
4.879115694088
4.883909315693
4.888632833961
4.893354442562
4.897805567891
4.902480839005
4.906943804216
4.911590936176
4.916224979233
4.921071452824
4.925816605709
4.930843853221
4.935781550297
4.940655766951
4.945641910807
4.950590473902
4.955601231475
4.960538413308
4.965399470446
4.970201964247
6.788504321834
6.794150478029
6.800147610999
6.806168276082
6.812130099403
6.818200938903
6.824512586653
6.830828374679
6.837091145874
6.843082990362
6.849160212758
6.855494534582
6.862286287226
6.869134972715
6.876269432811
6.883457774806
6.890704065165
6.897980426324
6.905483307756
6.912516377800
6.920251451948
6.927200427680
6.934853484900
6.941822255528
6.949180230889
6.955901300272
6.961938912670
6.968702355879
6.975408856087
6.982223248110
6.989341094142
6.996467103785
7.003762800592
7.010970999071
7.017874761046
7.024655071997
7.031243766920
7.037725436116
7.044182431112
7.050515408855
7.056778971657
7.063019060258
7.069221809216
7.075346517662
7.081359656525
7.087403756021
7.093386126031
7.099333508542
7.105206635632
7.110994738993
7.116762083946
7.122424871103
7.128071981926
7.133669377274
7.139213553191
7.144731774051
7.150208755716
7.155621422564
7.161007506831
7.166369669234
7.171663222349
7.176931949056
7.182177446155
7.187365122848
7.192542180102
7.197687907880
7.202784887692
7.207866477744
7.212924983322
7.217956323090
7.222968976618
7.227955366222
7.232896532285
7.237835766334
7.242752107531
7.247643934184
7.252532640016
7.257383486049
7.262163168832
7.266961357816
7.271678239573
7.276384340964
7.281077831490
7.285760859495
7.290409669346
7.295060436184
7.299699835290
7.304312845173
7.308896715752
7.313537656567
7.318143056771
7.322764664320
7.327386414070
7.332038694198
7.336727524967
7.341667535672
7.346548758295
7.351574938225
7.356773428578
7.362854304202
7.368445979260
7.374334647975
7.390805292644
7.398038003191
7.404817975979
7.411743367210
7.418811147329
7.426156963409
7.433897524213
7.441796634533
7.450207667855
7.458554611218
7.466937426364
7.475212315314
7.483027528524
7.490620158631
7.497856411109
7.504921636906
7.511878554489
7.518767740712
7.525602165443
7.532462736616
7.539246884360
7.545978715948
7.552662342240
7.559251322214
7.565742727640
7.572064222640
7.578384438873
7.584542626623
7.590717686820
7.596610065535
7.602415436391
7.608107091815
7.613846171870
7.619076976452
7.624697632477
7.629915094460
7.635280325515
7.640148710315
7.645198721445
7.650312664049
7.655376584395
7.660269692724
7.665381912472
7.670359952941
7.675459593912
7.680675475285
7.685815711189
7.691046752077
7.695998655412
7.701391891820
7.989102632827
7.994734715197
8.000486078494
8.006241460726
8.018551118782
8.031421995932
8.044728972755
8.052123192411
8.058921408024
8.066151716191
8.072882026565
8.080754659100
8.087859052572
8.095408373413
8.102845776541
8.110348932175
8.117875037332
8.125424600071
8.132872129039
8.140270594368
8.147540115939
8.154632063542
8.161537000324
8.168695446062
8.181304411075
8.193277068346
8.204624328337
8.215632932035
8.226573141980
8.237411624569
8.248226707185
8.581242103720
8.587711312543
8.594726807328
8.601537706386
8.608683888420
8.615937659940
8.623420079084
8.631058120131
8.638589696547
8.646329630467
8.654170759069
8.662044990935
8.669703046048
8.677267822842
8.684727493267
8.692088375887
8.699356674959
8.706553309861
8.713675619453
8.720764251213
8.727793363935
8.734855893908
8.741900599650
8.748941708877
8.755928778776
8.762767301053
8.769664987850
8.776431964713
8.783244779068
8.790033951234
8.797018790231
8.804053634299
8.810748871828
8.817703710055
8.824766415362
8.832010285686
8.839035750484
8.915741361038
8.917951412634
8.919980611148
8.922101770702
8.924195683054
8.926294201918
8.928937771671
8.931081442676
8.933421406710
8.935986510472
8.938076030378
8.940098970727
8.942149125649
8.944283918841
8.946404634191
8.949028702912
8.951086097174
8.953164249835
8.955279852678
8.957373089373
8.959496258479
8.961180947663
8.963618404436
8.967811342736
8.969932606274
8.972050197724
8.974195508973
8.976450083841
8.978161704323
8.980784630694
8.985800610271
8.987898871123
8.989988372395
8.992089641811
8.994196094099
9.001391463096
9.003530308026
9.006156253847
9.031409977644
9.037751628038
9.044647815292
9.051575791435
9.058493246931
9.065209118384
9.072388683184
9.078907442088
9.198330221147
9.211649678153
9.224274177577
9.236137331504
9.247718486063
9.258923530844
9.270020070695
9.281131943320
9.292134740089
9.303448170258
9.314920400579
9.467450524456
9.474557920799
9.480561195949
9.487346314377
9.494707997547
9.501606038843
9.508444639362
9.515774037335
9.571547961236
9.578434697663
9.585375832114
9.593214179858
9.600078172995
9.606497682715
9.614243256976
9.620740993173
9.635719732074
9.648642409338
9.661482685712
9.673978724329
9.686165737951
9.698282432677
9.710238983948
9.722137888901
9.734061705301
9.745919682466
9.757676946222
9.769437539407
9.781242070735
9.793080167172
9.805064394745
9.817288902695
9.829812167571
9.842736346074
9.855566515039
9.868149315177
9.881513613051
9.895430005778
9.902473527293
9.909680789508
9.916697666254
9.923869194385
9.930852460531
9.937541281062
9.943966240738
9.950797379831
9.963907183137
9.976806577548
9.989503450508
10.001959709963
10.014272398029
10.026960071937
10.039694350151
10.052671298587
10.065338051358
10.072612872310
10.080038747506
10.461332686879
10.469134420370
10.476926163637
10.484719551436
10.492246087297
10.499586292840
11.207374999578
11.211713620730
11.216200659267
11.220945981462
11.225463890830
11.230245269027
11.234634219914
11.239179855366
11.243492200687
11.247824955466
11.252134430348
11.256417959099
11.260627849645
11.264806572865
11.268990857052
11.273283238462
11.277590441241
11.281894967476
11.286151716530
11.290069964569
11.294383789715
11.298675648701
11.302988279958
11.307161892192
11.311551122599
11.316008477827
11.320325149237
11.324526727947
11.328793958061
11.333091778740
11.337824661300
11.342202669188
11.346701939023
11.675289451653
11.681450821283
11.687985674634
11.694315700991
11.700970785419
11.707653565991
11.714722104741
11.721790805870
11.728908077064
11.735906216421
11.743075656450
11.750211558755
11.757424294848
11.764520011409
11.771756966652
11.778923138976
11.786105806500
11.793208421461
11.800386362538
11.807467259575
11.814627005483
11.821682133833
11.828597310021
11.835601551615
11.842261742341
11.849370646562
11.855552370976
11.863284046574
11.869591935482
11.877364115242
11.884273297340
11.891112556681
11.898348178367
11.905622016394
11.912661689793
12.035232502203
12.040327177657
12.045368879048
12.050130213754
12.054809680701
12.069370561949
12.081195210879
12.087101961643
12.093207688832
12.099391324566
12.105674279192
12.112021325498
12.118437751495
12.125152150435
12.132122135209
12.139283343912
12.146574040101
12.154006293497
12.161437204673
12.169843470995
12.177199589291
12.184425657523
12.650774073859
12.657455377915
12.665129455599
12.671629595137
12.679265225774
12.685556626939
12.692699112653
12.699382113971
12.706479536532
12.713173698808
12.720155966240
12.727040413970
12.733860823850
12.740698505133
12.747515510449
12.754282305978
12.760967767330
12.767663459785
12.774290201385
12.780852982139
12.787359844555
12.793825128932
12.800192420169
12.806382239442
12.812599844908
12.818678363217
12.824841359726
12.830878088592
12.836905725109
12.842964431670
12.848621557254
12.860908174591
12.873349163300
12.885452903353
12.897336806867
13.153696618693
13.160413738659
13.167233636905
13.173560004758
13.180919711470
13.188184316518
13.195050809615
13.202794615104
13.209798928168
13.217215067739
13.224717921852
13.231918459554
13.239025903522
13.247050986463
13.254503654425
13.262046704026
13.269075133774
13.325419455312
13.338426523281
13.351597161890
13.364215000374
13.376889821943
13.389449070684
13.402076826389
13.414733151677
13.427153212261
13.439708282590
13.452429455721
13.465001770587
13.752091112046
13.759324663965
13.767110084700
13.774547008134
13.781634094281
13.788552999753
13.795117472715
13.801702584035
14.762589428860
14.769229284462
14.776097006842
14.782839312110
14.789521560688
14.796008209168
14.802715832059
14.808877823461
14.815090962421
14.821246834466
14.883033464953
14.891561186538
14.900098666620
14.908263236557
14.915973389989
14.923683188024
14.931082361809
14.938702576269
14.946358779947
14.953553230113
14.961023076673
14.968428497972
14.975866682807
14.983525570679
14.992140824027
14.996396119403
15.000391975731
15.004678168039
15.009098604803
15.013361428027
15.017806562069
15.022204071725
15.216865407779
15.221310008422
15.226093687157
15.231312367575
15.236239688966
15.241473818138
15.246406524073
15.251062157691
15.256510408856
15.261550704811
15.266928654348
15.272275080758
15.696749131878
15.702729876672
15.708743585444
15.714766138144
15.720545363427
15.726221564668
15.732009331514
15.737663601090
15.743190149023
15.748647801635
15.754142747003
15.759638867813
15.764902267987
15.770094317568
15.775286593491
15.780669459946
15.785850811242
15.791103670812
15.795938714348
15.801128414779
15.806617950815
16.075138558591
16.079621586235
16.084213974211
16.088644848170
16.093224415287
16.097721088435
16.102277572043
16.106836998135
16.112606978036
16.118713816265
16.125164528779
16.159434416802
16.163817988944
16.168406039060
16.173046035818
16.589126426135
16.601387682284
16.614080277375
16.626912427890
16.639680952786
16.653010044137
16.674605222517
16.681316163074
16.688039483585
16.694684101695
16.701318264629
16.707913310465
16.714408849510
16.720830280383
16.726940256521
16.733438313813
16.739443053798
16.745535357121
16.751406405518
16.757121621773
16.763089085003
16.768686743446
16.774389098606
16.781457973467
16.793388648307
16.798841398795
16.804325566887
16.809616494079
16.813929808283
16.819049753369
16.824201757980
16.829301893918
16.834345506969
16.839118448198
16.844283544903
16.849453215507
16.855204539847
16.859970011237
16.865152214621
16.870371774518
16.875629347985
16.881014028897
16.885949000201
16.891274244179
16.895744206807
16.900799887176
16.905863572867
16.910458938057
16.915869412641
16.920391244314
16.925869419032
16.931609119069
17.060903042115
17.066658056345
17.072590066863
17.078497366639
17.084439802701
17.090455806248
17.096503037497
17.102656701754
17.108923515663
17.115159470803
17.121513979743
17.129194457477
17.136367233520
17.144033165467
17.151300710591
17.159068123299
17.166423638712
17.174072575347
17.181107495487
17.188914151493
17.196504761825
17.203816072895
17.211884448903
17.218975607802
17.225920400973
17.232600859765
17.239495619206
17.246395168113
17.254842468716
17.263167580476
17.300482046733
17.308384897747
17.315814732056
17.323294852303
17.331028466579
17.338176553021
17.345872380534
17.352775263226
17.360531028335
17.367389869870
17.375213512494
17.381912665019
17.389682771997
17.411724128938
17.424009377501
17.435778790462
17.444312956558
17.449976748322
17.455437905040
17.461046287994
17.466538325725
17.472001681742
17.477383877587
17.483018629949
17.488258047928
17.493802139177
17.499003141531
17.504494557667
17.510605242594
17.718930445413
17.727506949800
17.736189392352
17.744395025213
17.753272464263
17.762240005454
17.771693090634
17.781048871490
17.930762738805
17.937960997915
17.944774923385
17.951358649146
18.065491454246
18.071195921689
18.076755673358
18.082472124962
18.088205121847
18.093795056526
18.099505349284
18.105151091455
18.111036044528
18.116762954097
18.122394882570
18.127853580766
18.133552977065
18.139146517947
18.144695082845
18.150385494564
18.838852227796
18.845633366098
18.852174583619
18.858776077223
18.865431687716
18.872227059293
18.878880851031
18.885459761245
18.892005906176
18.898278856964
18.904431989605
18.910480412671
18.916326401419
18.921957083532
18.927451551022
18.932901427568
18.938302420305
18.943683595413
18.948868484166
18.953856700845
18.958922042579
18.963844615507
18.968597079907
18.973351611575
18.977851828553
18.982273796411
18.986652001696
18.990947872803
18.995293941935
18.999589440787
19.003859367661
19.008037796032
19.012135764385
19.016266175139
19.020258301523
19.024146253958
19.028022841368
19.031914395483
19.035709525787
19.039100541220
19.042248650778
19.045731287210
19.049048552498
19.052818314323
19.056094618276
19.059381113905
19.062588000970
19.065778039264
19.068964907337
19.072116503986
19.075294855928
19.078414059605
19.081508186960
19.084581212962
19.087606347199
19.090630619582
19.093631220596
19.096581502260
19.099531776138
19.102484396237
19.105410523288
19.108305222395
19.111182031804
19.114019314884
19.116843989508
19.119685073145
19.122509615324
19.125311740665
19.128135031497
19.130979193883
19.133783739712
19.136618443068
19.139449381981
19.142283629311
19.145137066475
19.148060558409
19.150890154802
19.153751971580
19.156718486802
19.159666084659
19.162547721699
19.165548731280
19.168537881945
19.171542331560
19.174573868676
19.177904541091
19.181338323907
19.184490827412
19.187611121551
19.190752453213
19.193864445301
19.196942631334
19.199965447745
19.202558024264
19.205366693185
19.208490995823
19.211609356059
19.214366648623
19.217282681045
19.220368857581
19.224060285974
19.227922409622
19.232042838881
19.235822181690
19.239659609597
19.244299726320
19.248705649481
19.253249344079
19.258259138000
19.263520968275
19.269950851922
19.275885511560
19.287208013590
19.293490189880
19.299546442276
19.305933823869
19.312670097454
19.319694508269
19.327048317627
19.334497140590
19.341897438570
19.349618390412
19.357496470011
19.365516188892
19.373581914228
19.381649586686
19.389665055703
19.397604241123
19.405503214550
19.412983463839
19.420448342383
19.427927109534
19.435394609191
19.443391327502
19.451610075732
19.458196508080
19.466152396823
19.474034838361
19.489998530368
19.502493209383
19.515138696615
19.523815979883
19.530269701639
19.536723091249
19.543345972314
19.550085950521
19.556877390602
19.563768810605
19.570830220121
19.577764216576
19.584616436203
19.591513325579
19.598426301049
19.605319351814
19.612220399065
19.619078411132
19.625902050852
19.632713969386
19.639577853933
19.647027533062
19.653464630211
19.660775999526
19.667789797015
19.674639330032
19.869259021694
19.874065587926
19.878868695901
19.883729470972
19.888953027384
19.894337795666
19.899715794339
19.904857759448
19.910015525561
19.915035658795
19.919927226420
19.929775544943
19.939412000621
19.948960545029
19.958478597917
19.967811565238
19.976947279179
19.985911800679
19.994734712514

