Time_s
0.845343684400
0.853839475458
0.862466702002
0.870947209154
0.879245858868
0.887252470778
0.895112145185
0.902898876748
0.910446464818
0.917945697037
0.925289684964
0.932515700017
0.939710564331
0.946847836752
0.953827397036
0.960722970074
0.967605952016
0.974563732603
0.981507595019
0.988495185561
0.995644188068
1.002973495096
1.010499284569
1.018395212560
1.130818480350
1.137979935597
1.145114149619
1.152085896566
1.221505963062
1.228826567783
1.236378452853
1.243985199749
1.251723021850
1.259537791930
1.267344897930
1.275156649789
1.282994693385
1.290787839583
1.298612421215
1.306471752611
1.314314359549
1.322189832884
1.330074728227
1.338038759209
1.346170190772
1.354401514397
1.416565283860
1.424451097883
1.432284349550
1.440078799084
1.447880047117
1.455790996669
1.463666072323
1.471572684803
1.479481634051
1.487308389494
1.571414595074
1.579660454712
1.588452680016
1.597406790757
1.606540481574
1.615780874785
1.625171339061
1.634656737736
1.644237642107
1.653954602588
1.663748270847
1.673695343768
1.683749424696
1.693860751310
1.704202496143
1.714714163006
1.725642175025
1.736113301373
1.746796002284
1.757474454373
1.768265706199
1.779417877814
1.790789705166
1.823792584553
1.835497435337
1.847152655058
1.857722505184
2.154896073275
2.164434230884
2.173502798954
2.182668651903
2.191732756238
2.200629263811
2.209421428702
2.218097384744
2.226670813750
2.235138590469
2.243465373150
2.251769051653
2.260063853641
2.268488059910
2.515637156573
2.523376869023
2.531068773359
2.538814357870
2.546595229293
2.554402968834
2.562284626485
2.570259638585
2.578312724593
2.586488146021
2.594714224233
2.603025850255
2.611403257710
2.619833543867
2.628299850533
2.636786501742
2.645281931281
2.653816539787
2.662412577288
2.671032685219
2.679792244924
2.688808772818
2.728105207613
2.736626563211
2.745095119511
2.753550110284
2.762107258167
2.835253835516
2.844253267897
2.853664977156
2.863433114428
2.873632911283
2.884145454397
2.894211310232
2.904431857382
2.915026127964
2.925636823193
2.935659268903
2.978784353960
2.987558732215
2.996903136043
3.006216326408
3.015472729479
3.024602987439
3.033543895410
3.042415911161
3.051168914362
3.059920425724
3.068698760672
3.077495888446
3.086273403183
3.095077605951
3.103925873880
3.112821392991
3.121742888412
3.130740599436
3.139757220549
3.148733709013
3.157658908595
3.166606415030
3.175598027799
3.184675218063
3.193916613847
3.203384013892
3.213131003030
3.222838113268
3.232825776442
3.243688801578
3.254307918683
3.264631768112
3.275272269740
3.319509327652
3.329274601303
3.339090688385
3.348901560686
3.358752059308
3.368598163240
3.378450913677
3.388349873383
3.398302056118
3.408446741966
3.418857955814
3.711527003040
3.720187182737
3.729323848161
3.738527165001
3.747612510638
3.756596264096
3.765529630179
3.774378866730
3.783108013145
3.791773283877
3.800430141819
3.809033804229
3.817567881577
3.825992643607
3.834414810205
3.842780767959
3.851017852534
3.859182535053
3.867331576244
3.875572828751
3.884025892483
3.892882130012
4.088904960125
4.109028005512
4.119121482961
4.128988533500
4.138899900052
4.148701256284
4.158379439637
4.168063723670
4.177827403685
4.187680846477
4.197610677405
4.207667576289
4.217889218630
4.228523700630
4.237221226111
4.247053130925
4.256834650203
4.266993252445
4.276851825973
4.286794515179
4.456841189959
4.465622764660
4.474545660217
4.483525168541
4.492422671535
4.501249639087
4.510084423380
4.518891269768
4.527699111260
4.536500991544
4.545264237799
4.553966981317
4.562574779436
4.571125364408
4.579506865363
4.587810857483
4.595950336573
4.604056331601
4.612089004964
4.620047407044
4.627991193848
4.635934111949
4.643874430993
4.652077940337
4.660035549894
4.826452439148
4.830897650159
4.835334038492
4.839690649701
4.843857894803
4.848097236474
4.852623585787
4.857008978759
4.861395909283
5.046890932598
5.056111715999
5.065836329272
5.075548376116
5.085356985474
5.095269518656
5.105338286452
5.115508952424
5.125848651741
5.136152879949
5.146611065515
5.157182697183
5.167649131132
5.178160494218
5.188785339032
5.377169628480
5.385624284829
5.395431964612
5.404347463967
5.413204365390
5.422878329575
5.432745120540
5.442656508397
5.487720153231
5.497061421727
5.505843186064
5.515258127289
5.524741644309
5.534411630072
5.544104520116
5.553893078684
5.564101265245
5.801214222609
5.811489842915
5.822086232994
5.832469395085
5.842083473206
5.863114458360
5.874593410571
5.886357788163
5.898064259071
5.909974964180
5.922039673041
7.012689701850
7.021048331382
7.029715824562
7.038433595649
7.047128678229
7.055631535793
7.063996445533
7.072139478130
7.080261176649
7.088388621474
7.096664332421
7.104999113493
7.113427286406
7.122010236364
7.130909207997
7.140336192572
7.291799316777
7.301033574650
7.310829088904
7.321082977357
7.514272376247
7.522674303653
7.531826268896
7.541074012424
7.550394271909
7.559780788537
7.569201884710
7.578674762354
7.588170309443
7.597756325059
7.607472734508
7.617377279064
7.628124614642
7.637876738590
7.647317891727
7.855306166777
7.864002644231
7.873175189558
7.882567524389
7.892135208951
7.901665569426
7.911296111494
7.921034566436
7.930845981370
7.940658136265
7.950594969352
7.960537622890
7.970526546261
7.980611668362
7.990868506487
8.001321214096
8.012255313409
8.023599163976
8.044601884722
8.054550257621
8.064537094247
8.211661939412
8.221167133477
8.231311573737
8.241474479011
8.251600009394
8.261714327625
8.271816492752
8.281886699926
8.291821997116
8.301512657083
8.310986811588
8.320224940243
8.329162653595
8.337344735192
8.345605905514
8.353641927907
8.361386997750
8.369072125054
8.376534886382
8.383809772078
8.390750809379
8.397826173581
8.404765388747
8.955143518362
8.964453904910
8.974255738837
8.984337412556
8.994670867413
9.005093849407
9.015563090679
9.025919201045
9.036273480182
9.046665485284
9.057097553584
9.067478634104
9.077859335126
9.088294794087
9.098733465605
9.109257963889
9.119768832283
9.130429985520
9.141056735156
9.151530238967
9.161951620195
9.172477827377
9.182978311911
9.193540441630
9.204057156097
9.214526999836
9.225176726980
9.235526370562
9.412021732336
9.421599456161
9.431806707574
9.442738828094
9.729406060434
9.738567361122
9.748530377949
9.758577304786
9.768716918247
9.778821924798
9.788918892688
9.798903498090
9.808754704979
9.818388365019
9.827870167263
9.837189395352
9.846285621999
9.855121016004
9.863662436563
9.871936311521
9.879947365065
9.887934687338
9.895768745752
9.903473837239
9.911574899828
9.919633910973
9.928037759207
9.935963820706
9.943766357886
9.952080737621
10.146366529386
10.155707856881
10.166199279677
10.176852524937
10.187683520932
10.198759577084
10.210053047782
10.221271410135
10.232559048132
10.243931330058
10.255185067644
10.266354128386
10.277465098735
10.288816619713
10.300549260040
10.372958122390
10.384081997085
10.395438951563
10.410022612625
10.419725883360
10.429288033549
10.438797120009
10.448352513267
10.457821035885
10.467156562789
10.476438155641
10.485434964938
10.494303935584
10.503026988704
10.511674034450
10.520220455687
10.528692563593
10.538269115869
10.547025402323
10.555584138034
10.564481552505
10.573286819074
10.582229361061
10.591340296607
10.716211363486
10.723145578446
10.730194530269
10.737415569572
10.744711858213
10.752031381799
10.759414949467
10.766834664469
10.774206425510
10.781574264884
10.788932130657
10.796260146684
10.803591812917
10.810887479354
10.818320047426
10.825649655486
10.833111519566
10.840689743143
10.848269416853
10.855831927614
10.863388613421
10.870832649920
10.878084235458
10.885455586384
10.892928045826
11.198363570352
11.207886701654
11.217537492242
11.227279650909
11.237057143375
11.247096197041
11.257330800788
11.267248119914
11.277272263328
11.287388027555
11.297419551697
11.307471909706
11.317544224314
11.327598044981
11.337648805836
11.347669231578
11.357711474056
11.367688465975
11.377601177524
11.387583548662
11.397475179593
11.406880406457
11.416341809076
11.425716456197
11.434935548916
11.444009778736
11.452982762050
11.461872205175
11.470674712522
11.479440961446
11.488142463105
11.496818344353
11.505468322374
11.514081764274
11.522669110572
11.531181128843
11.539622969314
11.548047800325
11.556471327336
11.564953545271
11.573566129573
11.582473240997
11.591672536480
11.600466969620
11.609352731602
11.618405842149
11.628451726687
11.637711496866
11.646752557918
11.675246842083
11.684202864966
11.693223589574
11.702344394698
11.711596442881
11.720913937848
11.730321775502
11.739725682504
11.749159437371
11.758677462943
11.768175447775
11.777592687128
11.787206487473
11.797211690788
11.807356253664
11.817763631041
11.827943607864
11.838256635229
11.848709858341
12.065660235055
12.074389172978
12.083448733464
12.092498535326
12.101613856098
12.110846737647
12.120065339502
12.129297809618
12.138540063646
12.147684995285
12.156767144977
12.165754924746
12.174691601937
12.183552140235
12.192362008142
12.201112198976
12.209915741615
12.218916213950
12.227342065234
12.236532020992
12.245403083394
12.254286513020
12.263240845716
12.272230461323
12.281175634444
12.290040851726
12.298876782483
12.479643399259
12.490110458728
12.500487473432
12.510744240128
12.521726855076
12.532408012026
12.543285933699
12.554708298386
12.702205247085
12.712118651170
12.722557184793
12.732435531709
12.743420126388
12.753353152480
12.764971153888
12.776612594191
12.788432365293
12.800129376137
12.880554543274
12.890707811321
12.901231063188
12.911506383047
12.921717944900
12.932040371168
12.942507041340
12.953117489075
12.963727516961
12.974088712591
12.984291056957
12.994218203022
13.004012169682
13.013658550277
13.023333340390
13.034037862200
13.044016079289
13.054219482359
13.065042400725
13.075279623531
13.085340705706
13.095155742226
13.105240055369
13.115410035294
13.125664037441
13.135963007059
13.146418606257
13.157460099579
13.169090177085
13.183038345988
13.193091089400
13.203412755875
13.213951350397
13.260388185114
13.269964071062
13.280085397212
13.290357974402
13.300680718835
13.310992270309
13.320942216303
13.342134142304
13.353615735437
13.364780363184
13.376415158881
13.388349225547
14.188122472495
14.198457026250
14.208792056641
14.218361959789
14.228222167491
14.237985645422
14.247753430351
14.257504086262
14.267181964066
14.276854787608
14.286387785650
14.295917908711
14.305514320270
14.315131389785
14.324747229245
14.334426670809
14.344042461422
14.353474467200
14.362660905788
14.371586867717
14.380345301906
14.389026568750
14.397599078168
14.406032976503
14.414483051404
14.422988673431
14.431829560574
14.591160521955
14.597854652914
14.605954577876
14.614286031050
14.622826042867
14.631632935322
14.640252957261
14.648855334857
14.657434180629
14.666023088165
14.674687740676
14.683376091403
14.692091412205
14.700698267023
14.709467826706
14.718255179681
14.727046865437
14.735804741403
14.744549391003
14.753266412704
14.761979023367
14.770657486625
14.779287630418
14.787970062640
14.796906503488
14.806283539684
14.816103503012
14.825290705616
14.834524406938
14.843881370684
14.853072359761
14.880669432136
14.890047953755
14.899537536269
14.909150481008
14.918914318910
14.928767732098
15.125727451126
15.134146471231
15.142787237976
15.151437865041
15.160354446356
15.169338487590
15.178446309217
15.187600331168
15.196810988776
15.206066774264
15.215345631549
15.224601956524
15.233868370390
15.243192288812
15.252526275420
15.261927002802
15.271388890025
15.280887931399
15.290501048849
15.300296936498
15.310425378313
15.321141519870
15.333289634945
15.342764586556
15.352340266619
15.361877979598
15.371332347116
15.673755487009
15.684192937091
15.694311568301
15.704530723012
15.714848012486
15.725243165174
15.735670776572
15.746012583900
15.756345489126
15.766653876597
15.777046283091
15.787573216669
15.797808801979
15.808158934789
15.818629456617
15.829038758634
15.839361377863
15.976562013944
15.986341355152
15.996803881164
16.254503599519
16.264251275399
16.273896490336
16.283561201279
16.293257075865
16.302904041080
16.312488180746
16.322024091305
16.331504833614
16.340996368057
16.350434090785
16.359731996163
16.368831230267
16.377651699739
16.386272668795
16.394694131863
16.402913748364
16.410979037783
16.419028124785
16.427086208400
16.435182422507
16.443638454674
16.452606404288
16.815752071001
16.825347233025
16.835263960052
16.845336162389
16.855396720107
16.865460788379
16.875557381994
16.885693964371
16.895808732939
16.905923512025
16.916075193206
16.926549777501
16.936602413809
16.946735514888
16.956967661880
16.967279011693
16.977812475857
16.988840485360
17.000383931828
17.034184129267
17.043591840519
17.053488109082
17.063409521775
17.073330564806
17.083338231207
17.093414297934
17.103588951246
17.113839313930
17.124576861668
17.135867063874
17.147991660987
17.270185052937
17.279608802080
17.289136716328
17.298740200760
17.308352345868
17.317972875458
17.327556910397
17.337169473919
17.346787314650
17.356488307091
17.366339236660
17.376404632062
17.386397434852
17.396153593869
17.405757087691
17.415492149436
17.425164068417
17.434787847244
17.444502686517
17.454473255260
17.464129806554
17.473772135456
17.841354715082
17.850829520137
17.860918589035
17.871044948141
17.881196060990
17.891291551659
17.901567046669
17.911972831432
17.922522100683
17.933139384877
17.943841560382
17.954773041495
17.965863163027
17.977633034856
17.988828084077
17.999305715138
18.009910228362
18.020467723781
18.134646027354
18.145288486113
18.156007719270
18.166803180336
18.177585662207
18.188385706978
18.199163661380
18.209970475069
18.220772010871
18.231395083157
18.241695300274
18.251611277533
18.261166572443
18.270465807640
18.279527063245
18.288434701626
18.297150976439
18.305784269066
18.314589946999
18.323705020296
18.558043908160
18.566255501481
18.575821064974
18.585522264879
18.595514129752
18.605514594215
18.615535803678
18.625489769214
18.635406256493
18.645384528963
18.655369793052
18.665330166869
18.675920558979
18.686848595699
18.697363867154
18.707907361120
18.718406102317
18.728355222747
18.738222345493
18.748198086026
18.758118920391
18.768097800528
18.778471326606
18.945702313932
18.956120581867
18.966871821546
18.977098352935
19.001937389499
19.014294845169
19.025848219004
19.910330601241
19.919662402281
19.929272827415
19.939440758522
19.981810087996
19.991820485200

