Time_s
0.856242568194
0.863276937227
0.870211522433
0.877164530342
0.884107207492
0.891028079342
0.897914229393
0.904683062398
0.911165123928
0.917571063707
0.923974291551
0.930316867474
0.936633675914
0.942941137626
0.949183538088
0.955448931586
0.961655657387
0.967818666887
0.973986934890
0.980124793384
0.986304524288
0.992500518374
0.998738165609
1.005052363996
1.011355910009
1.017764980855
1.024379295801
1.208706671883
1.215264360970
1.222704760986
1.230271366294
1.237795605430
1.245411149108
1.253077672578
1.260797058265
1.268607404842
1.276401224432
1.284294167848
1.292179415997
1.300093305609
1.308062956100
1.316061654700
1.324112837749
1.332199454981
1.340330846022
1.348517342737
1.356739320400
1.364994018846
1.373329483897
1.381628120072
1.389947262222
1.398340644931
1.406799834869
1.415235503857
1.423639092461
1.432130339070
1.440720746958
1.449381654768
1.609571953424
1.618316504516
1.627035390547
1.635842375840
1.644621610484
1.653417558235
1.662308647743
1.671240742363
1.680230416830
1.689297285303
1.698425487337
1.707677586240
1.717223714868
1.727156417693
1.737104741996
1.747063523231
1.757182787591
1.767220687690
1.777424327994
1.787477550090
1.797752284638
1.808069962270
1.817812214580
1.827831248845
1.837493465779
1.847700914194
1.858314729810
1.868719043141
2.271023364605
2.279286905991
2.287413364385
2.295396499584
2.303096553147
2.310946789805
2.318615954005
2.326270813846
2.333690235912
2.341001366690
2.348300991389
2.355089335155
2.362005193173
2.536933429017
2.544315983197
2.551707379338
2.559137558458
2.566640402792
2.574164457519
2.581772957133
2.589406119715
2.597055190965
2.604824729375
2.612418749578
2.620072031516
2.627806404869
2.635085271721
2.642718433032
2.650295122197
2.752762524679
2.762022971760
2.771027416304
2.780144352120
2.834892431534
2.843552795156
2.852151684633
2.860972190171
2.869773196965
2.878580089038
2.887418785024
2.896344819181
2.905280655377
2.914159331044
2.923091652546
2.932151138438
2.941059391349
2.949935599848
2.958793489471
2.967630730216
2.976464434944
2.985348023699
2.994182850505
3.002993924372
3.011797702788
3.020305865220
3.029094069336
3.037888102865
3.046628317755
3.055398566833
3.064103462677
3.072771853137
3.081608806742
3.090581446029
3.099480872995
3.251367789345
3.259848175374
3.268676300382
3.277494730655
3.286412093394
3.295599135214
3.304712863336
3.313920966186
3.323086554356
3.332240741780
3.341328353363
3.350391476960
3.359459871646
3.368506646311
3.377602208479
3.386617669371
3.395614907156
3.404781062327
3.413830994385
3.423077259874
3.432479952575
3.441920579382
3.566880718767
3.575005712444
3.583832021086
3.592604342223
3.601927206974
3.612014218225
3.776821157008
3.785633457857
3.794807555832
3.803971259840
3.813196377535
3.822484601072
3.831876996902
3.841175627281
3.850341020215
3.859568016939
3.868696768635
4.032232050493
4.040678526933
4.050153302489
4.059657073829
4.069562956507
4.079316073072
4.088793733988
4.098328269572
4.107922618084
4.117501807754
4.127083487641
4.136741900937
4.146304613014
4.155744632508
4.165204792917
4.174372595015
4.183317953469
4.192507669316
4.201802366610
4.211218817058
4.378294412477
4.386749645943
4.395410487978
4.404566351680
4.413951838037
4.423418002213
4.432853727922
4.442538709788
4.452270180233
4.462114189009
4.472097950213
4.482213919888
4.492459780330
4.503092810688
4.513268861183
4.523356855794
4.533498188151
4.544062599495
4.554018417303
4.564080132912
4.575070185591
4.585133980362
5.034464622250
5.039022513819
5.043286755559
5.047728177488
5.051857694080
5.055908409382
5.059885467331
5.063710704724
5.067761500631
5.072004839209
5.076317331968
5.081394893101
5.085541045243
5.089843293675
5.094027920443
5.098010020437
5.102076414619
5.106156025433
5.394580451640
5.402178890418
5.409939314372
5.417669163903
5.425368206824
5.433076550687
5.440888386249
5.448719888515
5.456640748373
5.464766715583
5.473105471882
5.481119430841
5.488916548430
5.496919262839
5.504844870182
5.512822670466
5.520706900522
5.528645372494
5.536617208949
5.544627947406
5.552759554854
5.561181407780
5.569961848773
5.725812975923
5.736344647950
5.744548546357
5.752412392648
5.761064874046
5.769758616311
5.778535373739
5.787783119108
5.968005139591
5.976638854640
5.985195852442
5.993837901239
6.002519315190
6.011279611319
6.020040533109
6.028792897876
6.037540322609
6.046243972412
6.054989915972
6.063739479201
6.072630236532
6.081608076011
6.253365203126
6.261602591548
6.269822533038
6.278107706940
6.286244422034
6.294953441088
6.303795982196
6.312685845527
6.321575959784
6.330402540193
6.339263488894
6.348152280864
6.357122194665
6.366195672593
6.375330596739
6.384836020417
6.394018396318
6.526794209538
6.535103560259
6.543864403170
6.552601646487
6.561450836943
6.570338691603
6.579280829802
6.588264007486
6.597309790627
6.606388533978
6.615450794108
6.624648910835
6.633861953610
6.642942868203
6.651989679109
6.661188293587
6.670396673307
6.679468326741
6.688591898768
6.697769700445
6.707061407948
7.233304789655
7.241462137130
7.249316450539
7.257396948603
7.265397806627
7.273497626913
7.281558640255
7.289600845081
7.297674960888
7.305625291796
7.313644339874
7.321617779704
7.329559447757
7.337535988530
7.345482207249
7.353380921478
7.361289991078
7.369183081485
7.377079437491
7.384932117426
7.392889979543
7.400782201115
7.408734666792
7.561767927553
7.568537879522
7.576700913298
7.584907556864
7.593314050242
7.602538045769
7.844961933171
7.853321478040
7.861843625310
7.870620555564
7.879382277523
7.888213131828
7.897161011976
7.906141017284
7.915167406471
7.924187592908
7.933426376586
7.942576358260
7.951704515292
7.960788423926
7.969826086645
7.978809590254
7.987920679853
8.120869486875
8.130559554622
8.140428699723
8.150445707435
8.242097855415
8.251531114767
8.259870754042
8.268524714412
8.277223841661
8.286095280042
8.295080109070
8.304261031664
8.313158654470
8.322021941945
8.330881637479
8.339662697502
8.348387594513
8.357120494879
8.365899033573
8.374849205134
8.384023660721
8.393567657859
8.402525465224
8.551218941364
8.559198939836
8.568210337174
8.576849626844
8.585701309197
8.594668168413
8.603623053269
8.612713566192
8.621906228376
8.630983929339
8.639899996006
8.649028040475
8.658200958325
8.667363106384
8.676422154990
8.685605393762
8.694799665084
8.703906116811
8.713096530599
8.722381646004
8.731564818125
9.086887399918
9.096009134188
9.105227457898
9.114557686246
9.123767132164
9.133099035178
9.142384851118
9.151753392685
9.161078614777
9.170325618455
9.179581666646
9.188781271566
9.197913448831
9.206970249736
9.215688671099
9.224492008245
9.233315323855
9.242067474462
9.250767075199
9.259437984790
9.267926466717
9.276299413385
9.284580784684
9.292827934469
9.301011068355
9.309178408311
9.317364709171
9.325561624120
9.333689951001
9.421164477049
9.428539080923
9.436582140235
9.444664724157
9.452773643108
9.461287449547
9.499008040925
9.507528449876
9.517786012951
9.526327700797
9.534852786762
9.682420248818
9.690885461062
9.699380366429
9.707834471044
9.716560723330
9.725388599364
9.734330452477
9.743347593007
9.752396843419
9.761512824621
9.770818696925
9.780329256794
9.789736017376
9.799471344891
9.994120058438
10.002796095872
10.011838596929
10.021000555269
10.030286066807
10.039813592956
10.049225109611
10.058776150075
10.068323411847
10.077936944739
10.087328501943
10.096836620011
10.106469855564
10.116127589498
10.126203437593
10.136232580622
10.209137017022
10.218012679144
10.227329630913
10.236588083906
10.246180451582
10.255830637512
10.265455601042
10.275607525701
10.285303893839
10.295033008205
10.304633488602
10.314208946175
10.324030658501
10.333845819235
10.343497268294
10.353352389280
10.363218677337
10.373075991800
10.382907166104
10.392946823281
10.402801438443
10.531234945880
10.541277593832
10.550843202534
10.560787194542
10.570547138521
10.580343616608
10.590153890936
10.600099712928
10.609956091497
10.620026292166
10.629795272912
10.639720113073
10.649499751172
10.659276525993
10.669221087186
10.679200947114
10.689135036412
11.516660492164
11.524230581074
11.532492364936
11.540554282890
11.548606019489
11.556731680681
11.564986918113
11.573540119200
11.582628284518
11.591702897294
11.600705296093
11.609425789631
11.617809911673
11.625768927789
11.633659892097
11.641681028394
11.649842829582
11.657832712962
11.665736201327
11.673562792142
11.681271903414
11.688962294622
11.696625728010
11.704276452060
11.711799400907
11.719308648233
11.726868048384
11.734401050140
11.831118541830
11.837593293356
11.844441464468
11.851411998830
11.858539556920
11.865732417893
11.873056732446
11.880375757706
11.887623377824
11.894918161373
11.902287307526
11.909691119693
11.917126745181
11.924611265653
11.932077638922
11.939607109888
11.947135447245
11.954610494216
11.962343258334
11.970040404310
11.977768423950
11.985502172500
11.993245882994
12.000956918486
12.008701532873
12.016425632708
12.024181941453
12.031985617795
12.039769017476
12.047609971987
12.055503997496
12.063259069461
12.070981393082
12.078740667639
12.086518690312
12.278242572401
12.281568528079
12.284971502127
12.288272083882
12.291678381578
12.294787873506
12.298145828954
12.301605720659
12.305017865145
12.308552515715
12.312283024315
12.326683731820
12.335320070204
12.344011950756
12.486763678403
12.494117536707
12.501553095567
12.509223436874
12.516904891714
12.524000850187
12.531859814586
12.539820561125
12.547822249507
12.555768914253
12.563713465374
12.571687235349
12.579693483151
12.587683292347
12.595641205604
12.603619918308
12.611555756749
12.619536563936
12.627495511559
12.635506844280
12.643473677886
12.651482733011
12.659487984943
12.667239799445
12.675265603174
12.683297329418
12.789234911658
12.797150289541
12.805053773483
12.813140813491
12.821253386172
12.829409511329
12.837650992919
12.845895921577
12.854203702200
12.862590261167
12.870929086213
12.879173387578
12.887387563414
12.895528215757
12.904052242742
12.912427500160
12.920220474245
13.057903535691
13.070108847951
13.082711865719
13.243125804103
13.250881240464
13.258795291285
13.266833283529
13.275314256888
13.283853119334
13.292383286829
13.300916251362
13.309414834240
13.317951953787
13.326409649562
13.334857439332
13.343388123563
13.352115913738
13.360669916258
13.369480933312
13.377690192950
13.580858705961
13.589490764950
13.597980865763
13.606581754668
13.615265712922
13.623936463773
13.632900951217
13.641729176511
13.650728241939
13.659743123336
13.668746792617
13.677796287700
13.687030588015
13.696198517921
13.705358651214
13.714444381158
13.723746160120
13.732958983131
13.742964219235
13.752969628926
13.763962398948
13.829571570005
13.838492523415
13.847023520694
13.855763759287
13.864446043118
13.873154921775
13.881801268702
13.891018413864
13.900120080266
13.909054280411
14.081881711536
14.090759575781
14.099323545504
14.107949070378
14.116820610646
14.125880894110
14.134894894391
14.143897843734
14.152916287895
14.162082661120
14.171294200247
14.180310097703
14.189470175385
14.340493589300
14.348216435267
14.357408730209
14.366448239812
14.375622189357
14.385001438465
14.394355651021
14.403827225004
14.413287229207
14.422770675607
14.432048363627
14.441294781587
14.450443369163
14.459906837025
14.469590971897
14.676707479981
14.686224286559
14.695686176404
14.705371926642
14.715087141847
14.724024494035
14.732509013167
14.741509390499
14.750612384593
14.760289175706
14.899227993060
14.907426290678
14.916936723822
14.926479056682
14.935938028761
14.945430548159
14.955001315405
14.964759226362
14.974570240448
14.985065413142
14.995222324185
15.005177293446
16.034517897909
16.042200861209
16.049781636493
16.057450297822
16.065153952701
16.072882017293
16.080625557167
16.088515211618
16.096458206907
16.104385899664
16.273413476607
16.280533066386
16.287378536472
16.294211287155
16.301070344938
16.308067681047
16.315095672201
16.435686657094
16.443709160675
16.451375461189
16.459168407298
16.467053730585
16.475119692091
16.483266950972
16.491358455389
16.499249453639
16.507424137465
16.673932572199
16.681564432151
16.689585450006
16.697639306149
16.705835266137
16.714174079368
16.722600048859
16.731255744612
16.739832121350
16.748438307967
16.756873026630
16.765310736853
16.773757246865
16.782137838545
16.790521514418
16.798913632319
16.807251095393
16.815593034498
16.823926813266
16.832254341834
16.840487026543
16.848928299480
16.857584658210
16.866303090543
16.933638200150
16.945331254140
16.955589898341
16.963980136930
16.971873612955
16.979937176972
16.988159561017
16.996515538742
17.088661871131
17.096069080098
17.104346420528
17.112654331360
17.121031123863
17.130007602441
17.276045868780
17.283261102555
17.290873459426
17.298402577972
17.305957062598
17.313484067625
17.321022814169
17.328587899554
17.336101042986
17.343632276951
17.351128564816
17.358627968351
17.366142104521
17.373634855564
17.381142952906
17.388651040098
17.396247676708
17.403959500435
17.411756983881
17.419685893231
17.427654097840
17.435656355599
17.443623391121
17.451551803835
17.459553739003
17.467854014402
17.476328105040
17.484972420606
17.493571862984
17.502259936868
17.510966988746
17.519747215008
17.528520114170
17.537328057377
17.546115975528
17.554848373979
17.563501467013
17.572119417096
17.580812401844
17.589405408133
17.597887279200
17.744157496121
17.751747698661
17.761095164482
17.770074565099
17.779188654164
17.788413764560
17.797741685728
17.807122595263
17.816618356732
17.826238167732
17.835810923966
17.845482777141
17.855002474467
17.864730724503
17.874183027080
17.883757453038
17.893396278568
17.902883890999
17.912325845231
17.921894209691
17.931318965598
17.940543165391
17.950140846491
17.959666368987
17.969365650153
17.979187353502
18.342428066937
18.351786515618
18.360204673183
18.369361296533
18.378998798534
18.387983339347
18.397078139769
18.406217373775
18.415409977324
18.424602456679
18.433650129445
18.442691439263
18.451843741944
18.461095320879
18.470175557301
18.480299544735
18.564031202190
18.568841916131
18.573715497749
18.578675383918
18.583945269936
18.590078375138
18.595554028293
18.608370835036
18.616694645868
18.625073620796
18.633683579998
18.642416345846
18.651129096872
18.659886864367
18.668758024508
18.677660410664
18.686563084627
18.695470336636
18.704509087284
18.713572992349
18.722600203396
18.731712249836
18.740733718244
18.749682955041
18.758730350739
18.767787428944
18.777017072779
18.786294241287
18.795535464401
18.804752453209
18.813989843868
18.823151129631
18.832270134862
18.841086626845
18.850126682133
18.859586103672
18.869723505819
18.879426959376
18.892941554937
18.990153520113
18.997699645403
19.006301803899
19.014738499992
19.023409170895
19.032149526336
19.041027829617
19.049958519927
19.058780498274
19.067613688125
19.076431080213
19.085301602235
19.094228649905
19.103025204259
19.111819316145
19.120837474534
19.130810482725
19.140684644517
19.149542193727
19.174639485020
19.185613535449
19.195782492409
19.205481365877
19.215512120103
19.223930723894
19.232534492690
19.241098013683
19.249376512857
19.257936504199
19.266351169997
19.274670810470
19.283093108323
19.291971267011
19.301911522143
19.465468955498
19.474037353429
19.482518552621
19.491073652630
19.499786901392
19.508558662960
19.517513702075
19.526668974588
19.535955540527
19.545249946436
19.554761502641
19.563752456369
19.572653230618
19.581496716681
19.590741846833
19.599961855783
19.609338511347
19.618911563165
19.628417074009
19.637934821180
19.647428548217
19.657005211609
19.666830379535
19.676826136378
19.686873308567
19.697054632301
19.707391460829
19.716325642441
19.725501068360
19.735135458398
19.744713565754
19.754665169975
19.873379313772
19.882769729488
19.891885418652
19.900810519052
19.909961090674
19.919108196386
19.928319015951
19.937521375983
19.946975905988
19.956745095799
19.967381293377
19.976923326437

