Time_s
0.816606821894
0.823776456128
0.830967180264
0.838276450064
0.845710339977
0.853034107083
0.860073785575
0.867099054091
0.873920368177
0.880698928258
0.887302356930
0.893871359353
0.900319535587
0.906658320897
0.912888258910
0.919113291211
0.925555718859
0.931620828945
1.104626148240
1.114563618280
1.124974189190
1.135499489524
1.146676015264
1.158231943266
1.169900575647
1.181601403637
1.193448103924
1.205024946644
1.223484950078
1.233401782763
1.442046251431
1.453924457337
1.467287038215
1.480073418252
1.492671223171
1.505767404024
1.518621184512
1.531236193556
1.543567985301
1.554481450702
1.565086834261
2.635821435214
2.642642558481
2.649352966958
2.655997346902
2.662941342997
2.670002200910
2.781587768031
2.788974644569
2.796253567507
2.803650926459
2.811228149900
2.818760549931
2.826660350846
2.835200837893
2.906181539125
2.908984037542
2.911658097287
2.914452756435
2.916636012830
2.919300224823
2.921760436356
2.924302959114
2.926739535438
2.931803738458
2.934243830514
2.936508207886
2.952492091824
2.963258587514
2.974457176423
2.986112025683
2.997989131948
3.010127738174
3.021718635899
3.032861120892
3.043675394498
3.054182172434
3.064461397362
3.074156268744
3.083542166367
3.092721027808
3.101861662924
3.111276625972
3.120333376485
3.130600705155
3.199112717120
3.202307859236
3.205184183012
3.208116930631
3.211340873560
3.214119212481
3.216691002932
3.219575036957
3.222346775493
3.224803085439
3.228025862074
3.230844691268
3.233337866968
3.236217508663
3.238916759639
3.241618629445
3.243773144371
3.418102411671
3.427785419080
3.437237027130
3.447124757047
3.457384971786
3.467915840564
3.478741477436
3.489626666357
3.500342748352
3.510808215322
3.521007014949
3.531027934198
3.540523231571
3.550063217813
3.560046076259
3.655469116573
3.660382359926
3.662831808341
3.665180987649
3.667937361018
3.670705937295
3.673203101957
3.675717024701
3.678352335724
3.680909079264
3.683436798538
3.686032175018
3.688546240188
3.691125443978
3.693756693025
3.696273417884
3.698910261271
3.701592779173
3.704138806632
3.706754775656
3.709487575075
3.712086944617
3.714510551613
3.716808121601
3.719798458587
3.722551586477
3.724919626330
3.809057697615
3.816453169871
3.823595062030
3.830584626188
3.837689814061
3.844938171213
3.852274804550
3.859732969225
3.867391489778
3.874991372124
3.882647240669
3.890203089066
3.897751310208
3.905256336521
3.912602733185
3.919928741091
3.927357175908
3.934724242172
4.038548367422
4.045147980355
4.052142264562
4.059287454663
4.066528928823
4.073823811343
4.081172475003
4.088665133674
4.096201814059
4.103807707856
4.111407329237
4.118892112059
4.126333201015
4.133688688497
4.141022138871
4.148428635039
4.155849172981
4.163224736580
4.345099836554
4.352374947060
4.358836303239
4.365613044812
4.372394405806
4.379386395612
4.386549984357
4.393942412556
4.401495915117
4.409216878973
4.417072053801
4.424976763997
4.432973278944
4.440962447097
4.448863809463
4.456762670005
4.464661820578
4.472525267460
4.480372138761
4.488337593457
4.496369912712
5.425345304342
5.433755313253
5.436368259069
5.438841446491
5.441401081103
5.447255195643
5.449537363406
5.452119959674
5.454559021530
5.457513644211
5.460195455777
5.465092861624
5.467601405467
5.469937248277
5.472533745657
5.475116182907
5.477561091881
5.482688452637
5.788854621734
5.791583724283
5.793725951245
5.796377227400
5.798888249489
5.801402450869
5.803632245980
5.806149534841
5.808504171848
5.811039177800
5.813130434559
5.815613373887
5.818021937123
5.820552794659
5.822890113686
5.825096782332
5.827091938548
5.829529874166
5.831955867007
5.834243369373
5.836608341594
5.838998996816
5.841438858401
5.843855982773
5.846208789269
5.848714661376
5.851251120034
5.853706825098
5.856143498216
5.858442094925
5.860979097645
5.863722388769
5.866175226230
5.868700444659
5.870982038595
5.873516669508
5.876116046093
5.878631349435
5.881120144975
5.883417205617
5.885765940147
5.888243782519
5.890739607140
5.893200788780
5.895557920829
5.897850443709
5.900212541298
5.902728309015
5.905173095705
5.920231793853
5.931059620384
5.941786815206
5.952414064189
5.962665910305
5.972201169926
5.981399602652
5.990266577046
5.998898189340
6.007268924992
6.015572094937
6.023768272218
6.031907071385
6.039903864813
6.047934887816
6.055970371909
6.401766214510
6.411875423478
6.421536521173
6.432403489278
6.443148072996
6.452224552200
6.761114950822
6.768843332930
6.776758453033
6.784689023499
6.792219675211
6.800514275296
6.808799413797
6.817098554471
6.825476574987
6.833892490028
6.842363285431
6.850866821703
6.859367005180
6.867872375496
6.876376955721
6.884880615032
6.893285346511
6.901621075156
6.909984763990
6.918310247262
6.926588075028
6.934843392924
6.943049078972
6.951316081630
7.117822197149
7.123909973318
7.130834875185
7.138613189184
7.146418856360
7.154451237591
7.162570170790
7.170709514242
7.178838635295
7.186903295648
7.194936245135
7.202938392821
7.210860061584
7.218806273693
7.226660378825
7.234219689092
7.241670850461
7.249097622359
7.256400255294
7.263582853795
7.270672475173
7.424544583754
7.427460440082
7.432323754045
7.434699688571
7.436613702696
7.438955015753
7.441293265788
7.443668064249
7.446075703319
7.448385732786
7.450691330398
7.453145039274
8.138730756992
8.150802241940
8.161016093594
8.169925100602
8.415264422095
8.422142313419
8.428820142136
8.435708188516
8.442567170379
8.449471636303
8.456445683829
8.463642057689
8.470986001203
8.478374284954
8.485512295394
8.492676332930
8.770982986978
8.782869396999
8.794992719888
8.806854563849
8.819096607458
8.831928746325
8.844940221125
8.857649629754
8.870148296709
8.882542146325
8.894718524481
8.906872897111
8.919019884410
9.035716151784
9.038270816601
9.040768617224
9.043260464393
9.045530684199
9.047399203137
9.049243159700
9.051360253464
9.053446254434
9.055945026484
9.266624361210
9.274741809367
9.283194140578
9.292378082105
9.301571394825
9.310593459670
9.319790288533
9.329219378122
9.338828383568
9.348403614184
9.357890174314
9.367345026226
9.376600346537
9.385698506495
9.394505758634
9.403963747809
9.413594739853
9.572807390321
9.580659388549
9.588706705295
9.596940979371
9.605471958047
9.614087747389
9.623006653713
9.632024630684
9.641130317164
9.650075942803
9.658782518847
9.667379606337
9.675711101384
9.683964282847
9.692127498888
9.700264429106
10.169542062707
10.181065083811
10.192686613848
10.204100747241
10.215951737540
10.227270124108
10.238715725140
10.249788735326
10.260798745805
10.271774909742
10.281898804334
10.292030363714
10.301610067971
10.311338285369
10.320860052117
10.330346267360
10.339748852961
10.349134653850
10.358459655394
10.367818185248
10.376772766156
10.385693914011
10.394549138251
10.403080182412
10.411500239692
10.419684018741
10.427558930163
10.435021320357
10.442416387242
10.449574463807
10.456651523805
10.463560730489
10.470357128291
10.476992996570
10.483673108163
10.490375381105
10.497054562628
10.503891821593
10.691523178897
10.699993320053
10.708743768410
10.719158446511
10.730143944054
10.741964827156
10.754019878477
10.765870101403
10.777578451474
10.995783417497
11.002295303396
11.008651003070
11.015579590508
11.022748806001
11.030075729719
11.037536098735
11.044943138054
11.053046051773
11.060819187291
11.068358750814
11.076169684333
11.083375698728
11.090442783078
11.097512007964
11.104660774715
11.111816578441
11.119119748432
11.126702513180
11.133962918495
11.230001966874
11.238732812279
11.247260017486
11.255764915350
11.264439023728
11.273205398076
11.281879825659
11.290324972515
11.298821885450
11.307344908614
11.315809170786
11.324282146607
11.332659861444
11.340713712328
11.348756720203
11.356663807778
11.364428792520
11.372160889662
11.379868926107
11.389050277428
11.396941231619
11.404892182946
11.412639621235
11.420382300423
11.501081469996
11.508802962751
11.516544100754
11.524518150777
11.532553695741
11.540638752974
11.548643513015
11.556682037641
11.564621427029
11.572478700633
11.580373072078
11.588259878375
11.596037856373
11.603836964702
11.611414313101
11.618885755433
11.626353294360
11.633868163373
11.641341850743
11.648995231631
11.656712277046
11.664094612783
11.671682512692
11.679210988736
11.686794513533
11.694494812648
12.454282755858
12.457513287416
12.460645060261
12.464035321925
12.466313500415
12.469227704358
12.471940901916
12.474542165202
12.477334139451
12.480177855381
12.483591261409
12.486398467764
12.488685111691
12.491384919977
12.497474743084
12.500268877359
12.502724046542
12.505263699705
12.511128059957
12.513676434570
12.516147251057
12.518697793602
12.521290837224
12.523759968188
12.525780426840
12.528121237574
12.534609118037
12.541415123669
12.548140068860
12.554968798167
12.561807019150
12.568560367926
12.575106200819
12.581634507095
12.588089653598
12.594388188216
12.600439350357
12.606403629465
12.612264126712
12.618048470011
12.623850795796
12.629818658396
12.635711666007
12.641708380354
12.647663587141
12.653541090677
12.659392869253
12.665191132049
12.753170274874
12.759255233832
12.765531056127
12.772104761682
12.778885115480
12.785917856770
12.794077242757
12.801590838322
12.808960663851
12.816485674268
12.824063937105
12.831784153780
12.839590948698
12.847560861915
12.855262299859
12.863476814670
12.871827077530
12.880233513281
12.888616351412
12.896988593528
12.917629916478
12.920021273790
12.922711382408
12.925500475924
12.928238282514
12.930990458443
12.933830382497
12.936498423951
12.938698406381
12.943459701674
12.945892867213
12.948241128164
12.950673120085
12.953127758226
12.955615199508
12.972250232235
12.983205405101
13.093637056443
13.103204053012
13.112871193597
13.123233328429
13.132945907381
13.142542600598
13.153891643942
13.165286237423
13.176701818971
13.188075506699
13.199944985114
13.211968362005
13.223699677315
13.385017292251
13.394195086316
13.402977290515
13.410094421305
13.486053776578
13.489011447691
13.491957218427
13.494335714456
13.496769112458
13.499214417362
13.502211881475
13.504641105957
13.507033574964
13.509430841178
13.511844291785
13.514269272722
13.614779346463
13.621317275731
13.628255849865
13.635385515250
13.642659181652
13.786512865985
13.791958238671
13.797432785028
13.803154511739
13.809240898893
13.815685469684
13.822663125231
13.829609216158
13.836623076863
13.843764784557
13.851027129669
13.858277425340
13.865548373311
13.872827168522
13.880195848504
13.887562807097
13.894935539112
13.902313684651
13.909697759168
13.917122484102
13.924591435656
13.932149845291
13.939800582573
13.947527341455
13.955233103434
13.962996195896
13.970478491434
13.978267728331
13.985752966433
13.993241689304
14.657963438459
14.665399168728
14.673641661929
14.681372906042
14.689395568151
14.697921156153
14.741792235358
14.753341955929
14.763938840389
14.828283590109
14.836995111128
14.845411002848
14.853190099559
14.860713207885
14.868118584071
14.875459351915
14.882772819527
14.890045632452
14.897126230276
14.904888775191
14.912638988976
15.031709167439
15.038831596188
15.046157012398
15.054423667053
15.062877848656
15.071566902782
15.080516399989
15.089657524467
15.099222527905
15.109464592566
15.119793259667
15.129828935275
15.139787529957
15.149620518776
15.159552624261
15.299030085730
15.309358979083
15.320555167356
15.333630283269
15.346034707530
15.360697336949
15.374332093353
15.386706122808
15.569079832943
15.576148281460
15.583656713410
15.591350590590
15.599074848462
15.606555722305
15.614270160206
15.621850809929
15.629655955117
15.637242335893
15.646395820394
15.654060498546
15.662193473153
15.669851438987
15.677506916275
15.684608434438
15.691764533317
15.699364003644
15.707124419929
15.714954451454
15.857441343924
15.863997161071
15.870807660111
15.878281918186
15.885707089192
15.893279361540
15.901174983946
15.907779019770
15.915845933027
15.923780860994
15.931651333000
15.939571524240
15.947501262819
15.955772795858
15.963569617418
15.971227036952
15.978926825525
15.986895537772
15.994839778402
17.039817378711
17.046501013754
17.053818312468
17.061330391797
17.068991204920
17.132205401372
17.139854705438
17.147689879266
17.155922515086
17.164450996643
17.173207861661
17.452321563636
17.458895255665
17.465693624535
17.472700770355
17.479877898874
17.487032664875
17.494294199065
17.501714961707
17.509199701187
17.516714799733
17.524311848891
17.531924158783
17.539456211464
17.546902966550
17.554332726999
17.561717994500
17.569036389636
17.576384342436
17.583706607361
17.590991688641
17.598260811532
17.605469260358
17.612639046128
17.619755651724
17.626783657836
17.633710365688
17.640637951725
17.647494220435
17.654319077269
17.661212095646
17.668148133643
17.675247120971
17.682657760330
17.690097050158
17.697305765405
17.704515334363
17.711441598158
17.718344624075
17.858705399098
17.861577943798
17.864326220507
17.867229532497
17.870110633860
17.872867451813
17.878052939942
17.880914966461
17.883505507202
17.886345809932
17.889251535157
17.892290690780
17.895034511349
17.897906624652
17.901433310827
17.904255549435
17.907066106929
17.909938454313
17.914673696773
17.917471967901
17.920287590125
17.923390022564
17.929059032677
17.931918265244
17.934709068858
17.937303150831
17.940117502686
17.942940319274
17.945697957074
17.948126065683
17.951011215028
18.093962426427
18.099417709457
18.101805233611
18.104218393930
18.106656246546
18.109133837158
18.111524910590
18.113975664127
18.116365572362
18.118876293847
18.121622478010
18.123961601797
18.126321683668
18.128615359482
18.131028262784
18.133704175385
18.135992938438
18.138237704805
18.140493600033
18.142677410434
18.144891989676
18.147098270485
18.149367803281
18.151885246330
18.154374716692
18.156567203630
18.168015060295
18.179517559417
18.191050772779
18.202650683595
18.213276541709
18.223240580658
18.232653970096
18.241986539197
18.251222364526
18.369709870340
18.377116840708
18.384673056609
18.392433264898
18.400375344337
18.408412646918
18.415784131956
18.463357091076
18.471315921536
18.473505847705
18.476316420343
18.478756774881
18.484439988403
18.486877905008
18.489350230343
18.491689431387
18.493775510204
18.496425013491
18.498813705547
18.501186568426
18.503691351458
18.506341449383
18.508827297696
18.511281241663
18.513977381221
18.516631969473
18.519029281800
18.521464093883
18.671071459557
18.680184442256
18.689800763779
18.699334351180
18.708938524602
18.718670196308
18.728293966065
18.737801702321
18.747154718554
18.756200826989
18.765005658360
18.773395372255
18.781749388982
18.790122432312
18.798606574106
18.807028779503
18.815269204128
18.823673140924
18.832182294160
18.840705141116
18.849262546893
18.858071537959
18.867042254471
18.876268205911
18.885854765187
18.895613431640
18.905813365912
18.916032480426
18.926299329336
18.936381023364
18.947030629849
18.957143270784
18.967312017549
18.977489339684
19.088014031224
19.098905886273
19.110199736114
19.122235279874
19.134303685946
19.147134389501
19.157413749857
19.170238189146
19.181652567188
19.192961695702
19.204452694149
19.214851447576
19.765483673895
19.773033509180
19.780661827968
19.788521396712
19.796255418784
19.804006640496
19.811541552097
19.819107414567
19.826625398138
19.834187140395
19.841761099355
19.848936759076
19.856156393446
19.863632283840
19.871064006786
19.878493921931
19.885929417484
19.893377368678
19.900827745479
19.908249959532
19.915680067522
19.923156040591
19.930634118107
19.938178309101
19.945778937007
19.953333728070
19.960874144103
19.968522565855
19.976336892563
19.984580181823
19.992669422420

