Time_s
0.368630133000
0.374166834854
0.380246401351
0.386530120712
0.392866832439
0.399210618353
0.405506634127
0.411806692168
0.418111835337
0.424293251788
0.430599163997
0.437193300922
0.443946247408
0.609154823606
0.622186354133
0.635113378685
0.648151972796
0.662950855336
0.677431842578
0.685525873431
0.693583914638
0.901212980663
0.909971837289
0.918565275819
0.927081650414
0.935504381876
0.943922732127
0.952516801198
0.960848974780
0.969257607044
0.977696927584
0.986102587080
0.994423539467
1.003000364754
1.011927822196
1.021312652777
1.031336370468
1.041741944531
1.052940860974
1.064678961551
1.077162356563
1.442115039365
1.451836424344
1.461737900860
1.471358600497
1.480851284063
1.490255162316
1.499843195915
1.509359516706
1.519126842496
1.528381279574
1.537957603392
1.547481955353
1.719579173253
1.727101903136
1.735466267433
1.744052590864
1.752763331972
1.761610162233
1.770770317070
1.780190268387
1.852738604413
1.863340344211
1.873979591837
1.884755028335
1.965392682175
1.974433453460
1.983739381185
1.993172453799
2.002680232100
2.012204089370
2.021730175355
2.031302190596
2.040911992526
2.050583795989
2.060415463975
2.070339985900
2.080254483052
2.090246002970
2.100325164875
2.110419837383
2.120527151603
2.130465771179
2.140262612514
2.150109756273
2.159991236493
2.169839778917
2.179785815057
2.190160555426
2.200290396916
2.352184683277
2.360541853724
2.369729547020
2.379050364363
2.388503216270
2.397901100810
2.407689917035
2.417291555201
2.427053837104
2.436994649177
2.447204414110
2.457539381634
2.467916173180
2.478113473487
2.598631002112
2.606280356192
2.614646697929
2.624263825850
2.634022055112
2.702395522706
2.713309226729
2.724752216770
2.736455629956
2.748574901987
2.759105971653
2.855204635168
2.864819154709
2.874773809393
2.885044165963
2.895350744511
2.905855853313
2.916622837024
2.927515301527
2.938584572237
2.949475062140
2.960154760087
2.971064679334
2.982350958702
2.994448567946
3.016908853595
3.029690402397
3.041652245695
3.053641771397
3.223367737743
3.232719769051
3.242926496094
3.253608586630
3.264784758573
3.275996859520
3.287262321838
3.298448592900
3.309675504747
3.320848560318
3.332248223898
3.343691191894
3.355157067502
3.366917851805
3.378752197117
3.390906701403
3.403452205615
3.416616033432
3.429754277444
3.442117307012
3.455440373163
3.468760812582
3.481609694467
3.925728019173
3.933653334585
3.942002691885
3.950504212343
3.959986843556
3.969466088568
3.978009753781
3.987018799673
3.996435322283
4.178074774433
4.186596069299
4.195444379886
4.204435634437
4.213397497786
4.222435276006
4.231427103539
4.240353063336
4.249351840539
4.258307312531
4.267382439881
4.276418463273
4.285631170211
4.294864750546
4.304041028024
4.313173823343
4.322408839210
4.331745364081
4.340951428162
4.419976826749
4.429978381480
4.440350682781
4.450286830984
4.586612516733
4.595859822586
4.605110751735
4.614530002634
4.623947293917
4.633841512656
4.643809146904
4.654027315200
4.664713485300
4.675293542318
4.686719498002
4.871636893100
4.881283841777
4.891117372257
4.901008592096
4.910992230364
4.921046000641
4.931041224487
4.941067106260
4.951107589956
4.961144380179
4.971079886658
4.981154003878
4.991377997458
5.001671078063
5.011703545192
5.021665445536
5.031598088140
5.041597773990
5.051601825626
5.061596742064
5.138749824990
5.148937303240
5.160757383021
5.172916837149
5.185370154569
5.197973073000
5.210895455294
5.223889740401
5.236980324381
5.250138157571
5.262909576736
5.915543943218
5.925566533856
5.935235033319
5.945705960052
5.955647608711
5.965572568702
5.975852835287
5.986214672015
5.996424755076
6.006336261499
6.016311897059
6.163491175637
6.171441066140
6.180267815862
6.189607240463
6.198647449883
6.207460107913
6.216445810000
6.225757862178
6.401807751571
6.411235252847
6.420659793384
6.430152746421
6.439687575897
6.449317946310
6.459215307390
6.468668383613
6.479961571077
6.489583336554
6.500032294419
6.509996755682
6.520178071234
6.530233032227
6.540358255032
6.550990140291
6.561238008120
6.571250674563
6.581142718298
6.687062807976
6.697251340971
6.708194099115
6.719397901272
6.879919236002
6.890268914049
6.900514724228
6.910822558181
6.921188262469
6.931623592655
6.941967546296
6.952315940862
6.962764169973
6.973399871932
6.984198587783
6.997731020476
7.154581576937
7.163642396619
7.173888559118
7.184399993557
7.195137105328
7.206054810037
7.217098525759
7.228286108323
7.239538566545
7.250794274342
7.262094082721
7.273495264009
7.285020845988
7.296619663527
7.308399539125
7.320283255296
7.332149506861
7.344281566943
7.355448588479
7.368197062452
7.379087109543
7.647693267116
7.659217087339
7.669436023817
7.679819657532
7.690260943516
7.700806693876
7.711499042594
7.722254529014
7.733396946764
7.744525186090
7.755384705219
7.766401327248
7.777513477638
7.788782467489
7.799976057379
7.811259967495
7.822603851266
7.833803460204
7.844945881158
7.855971929190
7.866496454046
7.876126595654
7.887049580540
7.897840401165
7.908644669226
7.919302958251
7.929884049851
7.940369276323
7.952834321077
7.964420738537
7.975273464419
8.018170800185
8.028279875680
8.038672121354
8.049327611409
8.059992497072
8.070848647593
8.081686684814
8.093607984864
8.105240898852
8.117656658515
8.276535525987
8.286433587914
8.296687629258
8.307072313844
8.317737888815
8.328835729433
8.340194973184
8.351534540304
8.363254402417
8.374667175825
8.386442199516
8.398687917648
8.579962697462
8.588862655868
8.599065801689
8.609246950001
8.619773955460
8.630732254138
8.642419939221
8.655159055145
8.667581849181
8.679330730643
8.690508237546
8.701539825194
8.712694269752
8.723752265847
8.734785064119
8.745890937855
8.758420755686
8.771297109552
8.855472918180
8.866617588672
8.877796767870
8.889153663627
8.900811661786
8.912505426476
8.959368629182
8.969627102395
8.981190198177
8.993166932477
9.005975566754
9.109815087979
9.120521742415
9.132497402687
9.144403854214
9.156442811901
9.168638353500
9.181048709196
9.193628415932
9.206266398139
9.219136588683
9.231935050019
9.244478706953
9.257296911194
9.270640091848
9.298408813541
9.311612212349
9.324834810503
10.375207170554
10.384010324383
10.392804027071
10.401714329437
10.410774009578
10.419794694933
10.428831756447
10.438074056698
10.447513230287
10.456956101023
10.466232475103
10.475405011545
10.484466490663
10.493503545904
10.502738172370
10.609164484010
10.616501918672
10.625335713541
10.634587964206
10.644087707373
10.654253498147
10.664098033019
10.673856997228
10.683480623572
10.693121119802
10.702568887179
10.711670899805
10.720764582659
10.730032186591
10.739323059085
10.748520271878
10.757870168780
10.767508830698
10.785012803529
10.794391644692
10.826978785337
10.836207858578
10.845531580412
10.854920025163
10.864732291400
11.021559560500
11.029171066845
11.036630784143
11.045017692761
11.054210000210
11.063749991370
11.073379616804
11.083004931990
11.092703455840
11.102362398254
11.112086715963
11.121877485633
11.131735476631
11.141787782110
11.152125804261
11.162506621059
11.172588830237
11.182452603753
11.192364749738
11.202375917203
11.211918695397
11.221754839044
11.426819894464
11.437617204025
11.447303964159
11.457034856853
11.468209239993
11.478596506115
11.488264772230
11.829658504620
11.838634371315
11.847950266108
11.857883228819
11.867895234382
11.878047433082
11.888321515717
11.898646082965
11.908980874327
11.919374016595
11.929640273745
11.939700879221
11.949667674648
11.959478468665
11.969138178839
11.978659898506
11.988100885029
11.997662954911
12.007516930518
12.017475857676
12.027071470290
12.036644496964
12.046568377778
12.317334809609
12.327740615289
12.338177906775
12.348357463471
12.358659873766
12.369443706858
12.380545973152
12.392053905153
12.403210817288
12.414221437891
12.426584990993
12.438988719302
12.452112332688
12.464585084640
12.545955382287
12.555452287360
12.565516254882
12.575700999420
12.585918074551
12.596171969212
12.606779611391
12.616924926904
12.627163205286
12.637788241673
12.648427765711
12.821177576016
12.830266996831
12.839767438806
12.849376471425
12.859229022090
12.869141550831
12.879197591683
12.889457016866
12.899844942937
12.910286559166
12.921108897746
12.932967624443
12.944807355322
13.084387496793
13.092633432586
13.102343549741
13.112449170143
13.122850220501
13.133543047542
13.144572537659
13.155779340009
13.167272366489
13.178842452634
13.190515501763
13.201864322763
13.213367955888
13.224952387160
13.236691924394
13.248426688813
13.260435954439
13.272439174429
13.284482043530
13.297316535560
13.489352050844
13.499840597100
13.510837474558
13.521995656955
13.751051099745
13.761208515038
13.771649275017
13.782351001561
13.793152882514
13.804254236861
13.815560265634
13.827201395984
13.839036948638
13.850953270258
13.862941983161
13.875265117830
13.888301488952
13.902020441981
14.751556878780
14.758359689436
14.765571021517
14.773317563362
14.781093409217
14.789296256135
14.862964914216
14.871022157637
14.879393081829
14.887713523619
14.896547219281
14.905892778558
14.915416696661
14.925675321015
14.936483431147
15.100856066527
15.108317399978
15.116027260870
15.123840157370
15.131715785118
15.139648526077
15.147577857227
15.155623150010
15.163995821454
15.174044483460
15.182485092461
15.191002513136
15.292005954296
15.299917740215
15.308248103604
15.316848786448
15.325653469581
15.334552135761
15.343682788932
15.352955175290
15.362027566273
15.517855679942
15.525840703471
15.534691802837
15.543701683547
15.552816782406
15.562080318228
15.571446252830
15.580993479716
15.590713005214
15.600427643022
15.610234348254
15.619969675748
15.629792258089
15.639593783574
15.649591933025
15.659665707381
15.669994267160
15.680161099916
15.690561167899
15.701193274530
15.711607490326
15.721735497021
15.731700591428
15.741628364954
15.751521144496
15.761700137487
15.772248987142
15.782398154181
15.792698691020
15.803172477266
15.813596917946
15.822968803011
15.848948452994
15.858899183597
15.869723544515
15.880178273336
15.890270259658
15.900198287137
16.038925658968
16.048601442812
16.057302981301
16.066467732134
16.075902279242
16.085388644264
16.094858253453
16.104368536272
16.113993554563
16.123640272711
16.133405411175
16.143236225637
16.153350666592
16.163921399508
16.174222213190
16.183874002793
16.193620471162
16.205292355287
16.215079492831
16.224867154353
16.234860437057
16.245071930767
16.255361731749
16.265471482069
16.275675048395
16.285822004912
16.295976181710
16.306286183601
16.316643982003
16.327456946197
16.338271780656
16.349355741887
16.359806429104
16.372360409243
16.384230934774
16.394339437867
16.449959913882
16.459934173866
16.471223923971
16.482427627813
16.493545409104
16.504870378780
16.516223085310
16.527695614508
16.539008498402
16.550456424263
16.561798185438
16.573271642151
16.585179768421
16.597254632686
16.609315912784
16.621662542793
16.634013386571
16.646337832680
16.658785296192
16.671348536453
16.683751428615
16.695676835214
16.708441460446
17.060560692716
17.071913848284
17.083168771868
17.094524566038
17.106005117648
17.117616774275
17.129156150368
17.140764140873
17.152185298866
17.163471231677
17.174722315018
17.185934743885
17.197022515594
17.208000998865
17.218939809017
17.229878172668
17.240970462130
17.252218243214
17.263835400311
17.275490367257
17.287192594004
17.298876187872
17.310637987889
17.322659486401
17.334902772517
17.347023963931
17.432499595170
17.441342606958
17.451681756414
17.462541129496
17.473672858803
17.484941758567
17.496482769891
17.508346473912
17.521209992644
17.533639311239
17.546206115101
17.558402558070
17.570540192310
17.582082481897
17.593760887429
17.604770443493
17.615498660103
17.626150364741
17.636857721569
17.647577073418
17.658017924095
17.669258404371
17.741134749474
17.754165526925
17.766760945647
17.780003487299
17.791779984567
17.803968856277
17.815268114563
17.826949457721
17.839038455980
17.867245488574
17.879085108395
17.890666794347
17.902792158317
17.915494152728
17.928668237827
17.939812916223
17.950659502643
17.961807832163
17.973014217370
17.984670483189
17.996534469438
18.008327397692
18.020095153870
18.031879136274
18.043943973569
18.055674481527
18.067352878774
18.079183981582
18.091025124444
18.103033579196
18.231954657140
18.241488736841
18.252805554092
18.264385115770
18.276170568337
18.288567602209
18.300720560651
18.313112934060
18.325622030957
18.338253814268
18.350478996340
18.613920797483
18.623743284792
18.634728899777
18.645986470897
18.657578512423
18.669521466742
18.681569551692
18.693666929097
18.705759469351
18.717954490968
18.730131088616
18.742219272884
18.754433752417
18.766590236731
19.122311115868
19.134024613004
19.146305331310
19.158891933907
19.171005734225
19.184079119196
19.195889913039
19.209112542316

