Time_s
0.706986902026
0.711423887931
0.716190038155
0.720714193706
0.725103775170
0.729577648250
0.733934765076
0.738226398115
0.742498239356
0.746745639428
0.750956677802
0.755171042366
0.759396124744
0.763608557319
0.767830992379
0.772037571142
0.776235523324
0.780428408888
0.784630222326
0.788842097040
0.793053131704
0.797250253671
0.801431170292
0.805610730121
0.809794260928
0.813969013076
0.818142446042
0.822318375052
0.826488833771
0.830665375784
0.834823289356
0.838990847606
0.843151875286
0.847325392560
0.851475241992
0.855646153538
0.859838254338
0.864060761122
0.868346038834
0.872722215146
0.877170560827
1.047288529177
1.052356783226
1.057356037878
1.062483227600
1.067552482119
1.072629070182
1.077658529183
1.082701910807
1.087827003216
1.093013758819
1.098238258582
1.103537306581
1.108949396222
1.114400318617
1.119876903953
1.125376377431
1.130896832663
1.136401618605
1.141951191155
1.147417509087
1.152909209980
1.158409411493
1.163925365187
1.169442371493
1.174987591581
1.180540114914
1.186149244970
1.191921357195
1.197718864039
1.203554201956
1.209204490812
1.214893505382
1.220536075978
1.380593033151
1.382889181957
1.384889489800
1.387319444492
1.389448546762
1.391485088328
1.396796280195
1.398857278725
1.400673103527
1.402579231870
1.404593392007
1.406559425308
1.418867321745
1.427638803907
1.436722081561
1.446007246548
1.455502397521
1.465218681418
1.475093634602
1.485116830585
1.495221732791
1.505491449319
1.515722311731
1.556215129040
1.559981390466
1.563728294117
1.567386404033
1.571253139926
1.575114607848
2.423402402363
2.429359300713
2.434953191832
2.440519376146
2.445995198181
2.451345550133
2.456664504667
2.461921707614
2.467101838840
2.472196585925
2.477216035050
2.482175716020
2.487057460575
2.491889723861
2.496647445877
2.501329514870
2.505943285189
2.510463336839
2.514907511547
2.519230913657
2.523483722655
2.527686066069
2.531834402886
2.535945578629
2.539986630784
2.543991078198
2.547954724535
2.551878279695
2.555761820189
2.559667317528
2.563520164652
2.567377091256
2.571231288767
2.575115607092
2.579085990509
2.582326792364
2.769495197737
2.773427755744
2.777524844334
2.781638672279
2.785772380570
2.789875301523
2.793996131201
2.798109814245
2.802249898393
2.806433438732
2.810647646397
2.814912480907
2.819258780927
2.823676841664
2.828133295599
2.832622981957
2.837123732750
2.841623128565
2.846150888970
2.850720970600
2.855349473609
2.859985621936
2.864678249400
2.869449219017
2.874263303796
2.879130573384
2.884262700348
2.889364115412
2.894608076929
2.899832936718
2.905415242415
2.911953461909
2.917930994261
2.923696320947
2.930123698181
2.936502634680
2.942740612587
2.949120315797
2.955984971642
2.962361592203
2.968650286562
2.974796635604
2.980657832927
2.986697130166
2.992622315110
2.998464929681
3.004302414475
3.010141540686
3.015928123352
3.021674267719
3.027425201465
3.033123286144
3.038830626383
3.044540370608
3.050229645633
3.055909042202
3.061599843795
3.067297387872
3.072992332351
3.078692947901
3.084371622457
3.090064485879
3.095756416129
3.101445196832
3.107113453435
3.112835983188
3.118575584353
3.124341538433
3.130130749258
3.135963215214
3.141796342022
3.147667325362
3.153564631749
3.159469910075
3.165468141199
3.171441371744
3.177502566242
3.183558900057
3.189586812261
3.195587273064
3.201628914592
3.207638916353
3.213627709253
3.219567051766
3.225485129085
3.231382302364
3.237222695856
3.243044604450
3.248811365182
3.254527327969
3.260180909244
3.265836603133
3.271434252288
3.277044198210
3.282605663032
3.288107937602
3.293545589735
3.298954457110
3.304311388872
3.309616440996
3.314934378294
3.320283981775
3.325768835915
3.331364225388
3.337648979260
3.343929609928
3.509776733588
3.515522738631
3.521763415081
3.528143178470
3.534535107474
3.541076733656
3.547621971084
3.554266710656
3.560894818870
3.567593877482
3.574307603429
3.581110874775
3.587931017871
3.594753845010
3.601533741997
3.608358538703
3.615142645479
3.621886165869
3.628639800549
3.635395290803
3.642180190419
3.649028185467
3.655971276511
3.663031024445
3.670173425497
3.677365510366
3.684763783422
3.692133935567
3.699720112298
3.707580990449
3.715188223708
3.722660029167
3.729969420233
3.737178233858
3.744432918052
3.751627557382
3.758856301915
3.766104802519
3.773461803817
3.780886755306
3.788372763721
3.796084935263
3.803743562072
3.811116823604
3.911792879043
3.918753931412
3.925316034342
3.932160252179
3.939042398381
3.945917067961
3.952806106180
3.959731870414
3.966780021006
3.973964861378
3.981197045802
3.988419660058
3.995713518199
4.002942694931
4.010146898436
4.017352566760
4.024517948801
4.031736466808
4.039024496477
4.046085202845
4.053518904795
4.060800839314
4.067903215639
4.180656196004
4.187403392038
4.194234118061
4.201135267859
4.208100228770
4.215063707543
4.222123384985
4.229241599857
4.236319269652
4.243510018683
4.250808781303
4.258118262450
4.265457516464
4.272824835167
4.280238579171
4.288026804551
4.296003678134
4.303964661265
4.456480761870
4.464856595027
4.473301211637
4.482179766366
4.491423040998
4.500957801960
4.510638394199
4.520390818773
4.530173024997
4.539674010898
4.543658205768
4.545780035716
4.547967304881
4.550337638960
4.556015095943
4.558298588120
4.560576682959
4.562824399892
4.565065051873
4.567216499534
4.569318454643
4.571449906235
4.573582922219
4.577861982538
4.582594011617
4.584788763874
4.586910452290
4.589081963853
4.591251696557
4.593474673133
4.595565278928
4.597743327029
4.599887372961
4.602033994605
4.604090448496
4.606129123904
4.608290087188
4.610034942228
4.612543905542
4.614940228934
4.616628932270
4.621092821983
4.623291234254
4.629136747540
4.631169377047
4.633319696108
4.635429068042
4.637629819366
4.639668408808
4.641877156555
4.644017215811
5.876049045849
5.880324410315
5.884156993234
5.887887983650
5.892159727341
5.896311624481
5.900454305914
5.904581070378
5.908680563326
5.912763021084
5.916769443869
5.920813869321
5.924825798492
5.928939996807
5.933312123900
5.937423922496
5.941523234052
5.945542803723
5.949493948900
5.953539144503
6.205540306616
6.212127487100
6.218640160652
6.225156980091
6.231739078987
6.238284288538
6.244751995995
6.251295266601
6.257875920520
6.264470691580
6.271069264084
6.277644608477
6.284194031658
6.290725485216
6.297191721672
6.303581767912
6.309932963910
6.316169602202
6.322413057750
6.328616333796
6.334822416385
6.340993338524
6.347055246126
6.352967681496
6.358792214167
6.364693055129
6.370437762031
6.376123319146
6.381771177121
6.387439356672
6.393163598782
6.398955255938
6.404835206001
6.410777299639
6.416899887487
6.423084899571
6.429288707062
6.435876524207
6.442802185295
6.449645203791
6.456486325553
6.463724555518
6.470862879623
6.478118770674
6.485311927527
6.492648674345
6.500147562842
6.507927257354
6.516050133091
6.524684751106
6.534670848442
6.685528941603
6.691492799757
6.697777950171
6.703987037487
6.710139924458
6.716347985745
6.722521180997
6.728656466421
6.734745861467
6.740646634542
6.746350283563
6.751955680146
6.757513940139
6.763034635879
6.768532037635
6.773975308104
6.779462006663
6.785291130174
6.790860505428
6.999653561432
7.005537610040
7.011162858176
7.017652810393
7.024319569526
7.031059920236
7.038018637212
7.044475166891
7.051831739472
7.059303048643
7.066843733341
7.074498449844
7.082285177336
7.090170934301
7.098152919456
7.106291283046
7.114532963906
7.122876443646
7.131285120441
7.139831272592
7.148548432353
7.157557500790
7.166717592264
7.289033221798
7.296295459047
7.304774572468
7.313501545416
7.322260275787
7.331058915551
7.339916990297
7.348813527578
7.357723223837
7.366613993950
7.375502787890
7.384348995014
7.393119633167
7.401789945946
7.410345468273
7.418742796420
7.426962211341
7.435013190488
7.442887308312
7.450713247021
7.458304997212
8.296752513796
8.301397233825
8.306945661218
8.312437704553
8.317891883889
8.323323186453
8.328784947338
8.334237451666
8.339661748874
8.345040356969
8.350356701232
8.355645430945
8.360874294292
8.366031593558
8.371126938979
8.376166771675
8.381126707194
8.386053049406
8.390918432156
8.395731570168
8.400479434935
8.405178711034
8.409837294890
8.414455468893
8.419031503923
8.423572466731
8.428076993322
8.432548178998
8.436995066831
8.441405017950
8.445804094096
8.450178925622
8.454525008932
8.458861189386
8.463188918772
8.467511086234
8.471819129426
8.476156115552
8.480504537350
8.484893930063
8.489356217189
8.494288970074
8.498844494352
8.503313026519
8.507737621669
8.512217224921
8.665423053735
8.670149979173
8.674787134300
8.679275283018
8.683745885387
8.688283118270
8.692736231654
8.697161270670
8.701603697338
8.706124915040
8.710609827226
8.938207602918
8.943978049389
8.950007660928
8.956070299577
8.962227713554
8.968458418687
8.974774416337
8.981207613464
8.987661746191
8.994116008001
9.000659414037
9.007200329648
9.013750843136
9.020315374696
9.026874147641
9.033429069760
9.040002119330
9.046575173432
9.053129443627
9.059697077948
9.066249674607
9.072819475561
9.079390988604
9.085984135965
9.092596571095
9.099224483177
9.105864510870
9.112541550248
9.119220997746
9.126192290466
9.132910609030
9.139735582852
9.146633785305
9.153486199704
9.160405816919
9.167429175513
9.174544085102
9.181772590012
9.188893106891
9.196116875286
9.203707760041
9.211226844858
9.218888134354
9.226395625460
9.233797043605
9.241316280689
9.248496517825
9.255804984111
9.263165158370
9.270517829430
9.277914139325
9.285356450510
9.293075744407
9.301166200692
9.309420737164
9.317910815672
9.327039365925
9.335739824518
9.344811053354
9.353653714254
9.362585668776
9.371770392755
9.380800680824
9.389748006495
9.397596633825
9.405285640027
9.413058024984
9.420694127109
9.428139227818
9.435369914137
9.442341980038
9.449067568439
9.455627751324
9.462019730554
9.468002505052
9.474041619434
9.479992939382
9.485645897053
9.491090130325
9.496476928383
9.501785534712
9.507091467427
9.512294713675
9.517403737859
9.522509901673
9.527635857113
9.532641853707
9.537628948647
9.542448100565
9.547368855261
9.552164333876
9.556949746083
9.561727259248
9.566473101890
9.571198997825
9.575930654056
9.580706571127
9.585587611989
9.591068356408
9.596217051800
9.601449223089
9.751162007406
9.758541749741
9.766712679825
9.775276945361
9.784023117575
9.792911150203
9.801942261089
9.811106501083
9.820332497448
9.829622531201
9.838990246211
9.848377746605
9.857745169769
9.867171240615
9.876623568501
9.886061525523
9.895356736519
9.904677307910
9.913886700408
9.922986742713
9.932065400300
9.941096960415
9.950115859966
9.959114261564
9.967849964684
9.976321616778
9.984303850120
9.991780130534
10.674607536886
10.680835606832
10.686691665474
10.692348556348
10.697845051904
10.703327012840
10.708721623138
10.714078065467
10.719435861597
10.724795683271
10.730174751042
10.735575270704
10.740994028070
10.746464277831
10.752009663926
10.757733979780
10.763092472451
10.768543265917
10.773974152817
10.779416892474
10.784858876972
10.790279834733
10.795700604573
10.801085742114
10.806463439533
10.811802281284
10.817088291728
10.822254862535
10.827339728213
10.832503437266
10.837561206003
10.842602048956
10.847623213083
10.852633150251
10.857655546109
10.862645336818
10.867602444160
10.872536822303
10.877451551053
10.882348295365
10.887231051994
10.892076854752
10.896869279418
10.901531102584
10.906143809235
10.910760550130
10.915374519156
10.919986515424
10.924656327293
10.929744772431
10.934791957383
10.939790675170
10.945006784053
10.950052885127
10.955059293522
10.960217400989
10.965221624723
10.970070028365
10.974790522542
10.979460918444
10.984099686650
10.988715737493
10.993331027124
10.997938217090
11.002544868859
11.007153673649
11.011759985227
11.016364426981
11.020959029907
11.025542915628
11.030120125511
11.034683926761
11.039245400726
11.043803352858
11.048362415362
11.052920392023
11.057467838227
11.061998100385
11.066499819947
11.070985524589
11.075454592660
11.079917074148
11.084369551890
11.088881337121
11.093436372921
11.098039119575
11.102299173542
11.107821506914
11.112579364265
11.262557668535
11.266786882089
11.271319787367
11.276291682794
11.281373716113
11.286461059535
11.291596858288
11.296677477010
11.302083852432
11.307539120489
11.313058458363
11.318683675400
11.324481729149
11.330410057626
11.336544971198
11.342859277715
11.349344358658
11.356077839267
11.363060572533
11.370312621219
11.377914580537
11.385876376309
11.394197603168
11.402864057687
11.411888007615
11.421221031842
11.430595250920
11.440012295233
11.449450511568
11.458981491366
11.468499334577
11.645288978076
11.652500628883
11.659778935405
11.666975097778
11.674180580276
11.681384935972
11.688541348033
11.695642726311
11.702648810033
11.709600694039
11.716558998387
11.723581418677
11.730702435144
11.738070941432
11.745298132949
11.752533942139
11.759788571834
11.766997942409
11.774041788084
11.781027571386
11.788007582915
11.794989674314
11.802021631281
11.809151569990
11.816412104602
11.823814631207
11.831601245077
11.839976290451
11.847544478583
11.854760763521
11.863828795135
11.872286109476
11.881030893212
11.889430359293
11.897594579102
11.905592548918
11.913382260085
11.921143659660
11.929002997201
11.936923849870
11.944937945526
11.953067008216
11.961332621432
11.969692518379
11.978066956300
11.986422326148
11.994734071484
12.002977726159
12.011176537773
12.019252399506
12.027209425005
12.035129114576
12.043015227247
12.050889507863
12.058733474673
12.066513656338
12.074201692350
12.081819870849
12.089380217957
12.096904475656
12.104473176298
12.112427928431
12.120553027260
12.128289290988
12.136268517471
12.144702739555
12.152990373070
12.161396651090
12.169845140725
12.184801167664
12.192536324922
12.200322555278
12.208385156303
12.216581335790
12.224874629570
12.233313403206
12.241895811600
12.250647353999
12.259575059331
12.268692009181
12.278041171875
12.287614256097
12.297429486358
12.307367247112
12.317571058560
12.327983140075
13.459608732255
13.466026277695
13.471363068028
13.476861767345
13.482116459984
13.487391592318
13.492567833949
13.497696813221
13.502787084991
13.507866808677
13.512859059681
13.517817545512
13.522753383549
13.527634780096
13.532491950623
13.537313960946
13.542090362873
13.546850915652
13.551586135794
13.556302136260
13.560997431141
13.565674890438
13.570300530345
13.574889516292
13.579543925025
13.584303845391
13.588993112462
13.593663953298
13.598334123742
13.603003915096
13.607667490332
13.612319210185
13.616953456652
13.621540725284
13.626084725655
13.630588286584
13.635097516453
13.639549744570
13.644002902901
13.648435636453
13.652848501893
13.657236598400
13.661600485853
13.665951973321
13.670287159966
13.674614870140
13.678914248277
13.683236422405
13.687538710836
13.691830820472
13.696127971913
13.700435121428
13.704796488714
13.709184488368
13.713532187321
13.806220376312
13.809959858244
13.814009435336
13.818124553278
13.822233245725
13.826331868649
13.830425989316
13.834542543733
13.838641672666
13.842760013587
13.846916563027
13.851075339467
13.855242701618
13.859364256522
13.863587931453
13.867824395723
13.872092521597
13.876464159652
13.880851136853
13.885234081044
13.889727655069
13.894265776192
13.898803046392
13.903350620855
13.907942354065
13.912572651677
13.917246996120
13.921872885689
13.926540663026
13.931238881635
13.935937929640
13.940604905525
13.945351161023
13.950141963789
13.954972270508
13.959820925932
13.964715795957
13.969660420856
13.974664761733
13.979758134625
13.984979310063
13.990206711581
13.995513334926
14.000951382262
14.006553885765
14.012224542538
14.018057777496
14.023965519623
14.029901717289
14.035964445222
14.042179955277
14.048501776754
14.054913746968
14.061441565500
14.068088114504
14.074843652120
14.081794898027
14.089014497429
14.265617719030
14.271265426272
14.276586589355
14.282754554548
14.288889711054
14.295096990812
14.301287981114
14.307623001075
14.314045465431
14.320536346390
14.326787490715
14.333388481086
14.339993825645
14.346726699381
14.353463857162
14.360222591420
14.366973140632
14.373733440793
14.380480348519
14.387219296781
14.393931171555
14.400620332975
14.407263899685
14.413875449952
14.420406710245
14.426850545667
14.433222327926
14.439526012213
14.445739967326
14.451879063053
14.457891408782
14.463812565694
14.469533763345
14.475261205808
14.480989679438
14.486764750178
14.492646656385
14.603259819924
14.607725279515
14.613097741493
14.618446833997
14.623854092015
14.629338332653
14.634836441026
14.640363339788
14.645929947958
14.651568691529
14.657233244074
14.662911905340
14.668558820840
14.674172743583
14.679750131502
14.685273784934
14.690697812507
14.696031226428
14.701278375932
14.706488105224
14.711840678592
14.717088044256
14.722351706239
14.727642348126
14.732914086469
14.844349288877
14.848874396442
14.853314795233
14.857662840403
14.862157178410
14.866473276960
14.870855242371
14.875295897635
14.879884680553
14.884102661684
15.076789641323
15.082377336982
15.088339519696
15.094899447748
15.101602811378
15.108576873312
15.115499654991
15.122635161318
15.130332705621
15.138079346136
15.145927762572
15.153827020195
15.161760167921
15.169672364929
15.177573195252
15.185460091384
15.193311072055
15.201132441672
15.208916417980
15.216654887117
15.224371719498
15.231905618394
15.239282989997
15.246309805856
15.253306923376
15.259700706265
15.266570001313
15.272490642466
15.278310350664
15.284729874998
15.941053246378
15.948794569308
15.955863853962
15.962928524782
15.969958602634
15.977040021345
15.984142445355
15.991609738272
15.998810615101
16.005907832946
16.013112130722
16.020427508706
16.027810979690
16.035197682376
16.042608607509
16.050059127991
16.057715615716
16.066126832417
16.073782676795
16.081662192146
16.089705778093
16.097811370707
16.106074888589
16.114391972789
16.122455469776
16.130470725711
16.138161458165
16.144983592347
16.150972993532
16.157313978403
16.163539121409
16.169708427541
16.176004436852
16.182065778227
16.187787380664
16.193460410284
16.199019992616
16.204751170720
16.210670198063
16.216592069726
16.222625417844
16.228686097149
16.234707809728
16.240677717073
16.246692675540
16.252652527396
16.258631691501
16.264789540431
16.270958033578
16.277299655919
16.283826777916
16.290511955204
16.296855219854
16.397330102225
16.403636845016
16.409336644337
16.414806014237
16.420587370368
16.426296890653
16.432007706582
16.437723016491
16.443447452458
16.449159585181
16.454855134950
16.460563134572
16.466353376761
16.472147812254
16.477888679729
16.483571097576
16.489366017871
16.495103724114
16.500797178693
16.506570817248
16.512324112552
16.518054809003
16.523818388710
16.529645187928
16.535497326272
16.541428390226
16.547585915428
16.553830720544
16.560102361474
16.566404222015
16.572565747612
16.578955952282
16.585089852680
16.590723971834
16.690903974966
16.697220182339
16.703580067490
16.709976560142
16.716413237791
16.722932819992
16.729580661580
16.736406710608
16.743395361787
16.750472702980
16.757579504534
16.764691607622
16.771794072664
16.778912930682
16.786031592617
16.793096403687
16.800117631094
16.807106338871
16.814098581036
16.821114077995
16.828115906472
16.835104138243
16.842106267547
16.849181694324
16.856046945412
16.863082751013
16.870189291625
16.877258766159
16.884328488506
16.891462914273
16.898531986824
16.905529312030
17.021624240845
17.028276440317
17.034764479052
17.041422512745
17.048343089457
17.055195778264
17.062103279365
17.068943179546
17.075658543152
17.082220713296
17.088673373902
17.095125598586
17.101661057423
17.108294814354
17.115000310508
17.122105002165
17.129474380178
17.136223306739
17.227825023080
17.234678225009
17.242028713152
17.249536995486
17.257186839575
17.265465540538
17.274102860435
17.283120780528
17.292394317820
17.301888294000
17.311691060306
17.321819944098
17.332314519931
18.599030549852
18.604010202158
18.609072533769
18.614097154572
18.619075023402
18.624060411244
18.629082145562
18.634178493731
18.639395403639
18.644670645762
18.650117275896
18.656378586880
18.662610817918
18.668386008567
18.673537039319
18.677913735079
18.682871391345
18.687969721593
18.692909786775
18.697549459803
18.702878574200
18.707794149087
18.717317905263
18.721757366866
18.726627338184
18.731530317734
18.736352997316
18.741176333182
18.746070445918
18.751042717543
18.756192896396
18.761395858136
18.766562930622
18.771833456949
18.777135153782
18.782554436919
18.788046291463
18.793549911541
18.799098964914
18.804667043948
18.810281832953
18.816023824825
18.822073611433
18.828536239074
18.834833600205
19.005846857996
19.010048094869
19.014479491840
19.019191610012
19.023785704687
19.028283170227
19.032618228985
19.036928383926
19.041210199251
19.045464149767
19.049697066585
19.053883465403
19.058043861376
19.062159329578
19.066263096091
19.070367395045
19.074435144419
19.078553657317
19.082572097552
19.086599410929
19.090770645690
19.095010926225
19.099239789870
19.103351217614
19.225617370760
19.229557906828
19.233067582787
19.236886902221
19.241188483546
19.245586081601
19.249983613824
19.254405601333
19.258844354850
19.263307989212
19.267790817095
19.272292018187
19.276806526417
19.281323840288
19.285829856462
19.290341269966
19.294848430417
19.299334269400
19.303828732719
19.308301649929
19.312781548115
19.317261401947
19.321744975411
19.326227945522
19.330834143679
19.335509272487
19.340258619656
19.345108947093
19.350059381179
19.510333198980
19.517746958685
19.525262819844
19.532770560643
19.540412976133
19.548157317516
19.555952608639
19.563795021499
19.571661702267
19.579536354039
19.587408032737
19.595264258580
19.603129374006
19.610992226514
19.619036989146
19.626995418897
19.634840192585
19.642667895700
19.650477145886
19.658307504310
19.666064874276
19.673800890112
19.681517056618
19.689207225413
19.696813169773
19.704332471556
19.711687542374
19.719195888608
19.726954519960
19.734769140092
19.742616464325
19.750228379149
19.872289521644
19.879628378010
19.886122872226
19.892983360158
19.899351521595
19.905782504107
19.912298390050
19.918928715615
19.925728757869
19.932790047374
19.940190134240
19.948185117926
19.956351230168
19.964792723800
19.973014003102
19.980595067632
19.988512293418
19.996456813096

