Time_s
0.145092206729
0.149561616884
0.154357601202
0.159343743591
0.164507020466
0.169662099951
0.174765298075
0.179799102967
0.184692842651
0.189451299090
0.194182409586
0.198876035675
0.203568138427
0.208252547486
0.212937077398
0.217657249646
0.222430216900
0.227252207173
0.232138821179
0.237059601493
0.242010349141
0.246989880325
0.252040445809
0.257141327710
0.262291882222
0.267798515481
0.273519143948
0.279217303934
0.284874429107
0.430670512963
0.437621245062
0.444564690942
0.451517451683
0.458549008267
0.465732780514
0.472982676028
0.480399218321
0.488031513123
0.495673940820
0.503384301889
0.511058873224
0.518589321331
0.526049856243
0.533610604969
0.540925570243
0.548579470656
0.556592895117
0.564456815027
0.761498358882
0.769779037186
0.778422144400
0.787148529913
0.799194357126
0.809937270589
0.822600590858
0.835112939671
1.049757864731
1.051948373099
1.053866213152
1.056156908633
1.058162801141
1.060797985394
1.062735877225
1.064956743039
1.066781909010
1.413526210524
1.421236950463
1.430185771802
1.437885836050
1.445579653214
1.453317051600
1.460846867107
1.468277778582
1.475800181821
1.483331399583
1.490621250089
1.497794991123
1.504913646710
1.512020384212
1.519386523091
1.526796252430
1.534366703062
1.541887494055
1.685773721132
1.692652042719
1.699431902331
1.706600084991
1.713972132188
1.721602478320
1.729582953907
1.737833100411
1.746123063437
1.754561348407
1.763193099489
1.771906309508
1.780595927964
1.789074189195
1.797286463109
1.805599847289
1.814686916227
1.823991993801
1.833568569365
1.843893922988
1.854154532473
1.865008119097
1.876444734989
1.887771168099
1.898220671117
1.907082122297
1.916101097423
1.924985423057
1.933774587597
1.942621891156
1.951305666966
1.959888223178
1.968454735078
1.977021474595
1.985587019495
1.994169417556
2.002831790876
2.011522716256
2.020187799303
2.028920775467
2.037580337058
2.046258317710
2.054998212232
2.063735623512
2.072644492005
2.081711644741
2.090774092825
2.100067513726
2.109436390973
2.118627548747
2.127814124971
2.136315383407
2.144289373467
2.151922175266
2.158859088063
2.165594754494
2.172206298101
2.178730529138
2.185102425563
2.191246042306
2.197259299661
2.203175138066
2.208977468049
2.214796794630
2.220518538494
2.226180019687
2.231877150281
2.237555219833
2.243234722383
2.248939218891
2.254611096072
2.260445501773
2.266653308688
2.272964213930
2.279517745820
2.285839734226
2.418888948900
2.425565815877
2.432421146950
2.439399739461
2.446518741363
2.453874122098
2.461466695801
2.469378782544
2.477595649823
2.486016674470
2.494696943087
2.503626028885
2.512609888447
2.521730852985
2.531115545697
2.540541430907
2.550036140601
2.559821239111
2.569695974889
2.579695500259
2.589965988458
2.600735400246
2.612551439381
2.624970395083
2.662840919787
2.671106160323
2.680210649812
2.689354718318
2.698502021254
2.707756218404
2.717164781641
2.726649747052
2.736370674082
2.746272227665
2.756693721345
2.765139319229
2.775932416083
2.786463981453
2.805499477761
2.815658479719
2.824539984283
2.833589033858
2.843067914630
2.854923584701
2.866792962157
2.876212198009
2.885511901094
2.895269942889
2.914627328863
2.926282834221
2.937941552247
3.021332075421
3.028887192771
3.036921642207
3.045320048961
3.053761582042
3.062056360321
3.070325176727
3.078558540570
3.086845938178
3.095148214149
3.103488499207
3.111958952140
3.120424857715
3.128885703553
3.137377787830
3.145787197245
3.154121324397
3.162435179588
3.171023167334
3.179801068572
3.188194771544
3.197146584128
3.206390536861
3.356395652012
3.362569283277
3.368212065963
3.373823009836
3.379823721779
3.385885920745
3.392018486972
3.398224825386
3.404591347571
3.411054210726
3.417564378063
3.424153280550
3.430911237138
3.437848191000
3.444876226280
3.452001649903
3.459322083832
3.466927709728
3.514217334020
3.520479201906
3.526833556880
3.533163265306
3.539454134490
4.360506126133
4.367057787681
4.373641368252
4.380325216857
4.387058155291
4.394015647623
4.401130486715
4.408496882885
4.416457069413
4.425751957796
4.701459963637
4.709094945489
4.716753370985
4.724461850596
4.732295263189
4.740114362523
4.747882659708
4.755783035578
4.763664464230
4.771576017644
4.779444045079
4.787275684652
4.795078780541
4.802875965817
4.810686570056
4.818522328091
4.826369819671
4.834136936557
4.841843367505
4.849509049014
4.856952238998
4.864093240807
4.871303300603
4.878423259211
4.885495222763
4.892570129736
4.899666936951
4.906826354500
4.914094335686
4.921541007630
4.929392568656
4.937521017133
4.945566224037
4.953093338871
4.960747760473
4.968340054565
4.975777005243
4.983289333309
4.990794725687
4.998502737755
5.006407830908
5.014465121512
5.023215820207
5.032263861100
5.041836833155
5.136483966219
5.143843135288
5.151124256489
5.158492043496
5.165829924721
5.173445139115
5.181465533455
5.189795213279
5.198309641342
5.207087670802
5.215999409320
5.224965338538
5.234072939597
5.243739600916
5.253665912126
5.263274137374
5.272194872726
5.433162582220
5.440380388582
5.446759272535
5.453761774945
5.460813972707
5.468083837031
5.475525258448
5.483033684288
5.490272355414
5.498055015686
5.505946898612
5.514134480655
5.522554684335
5.531253712968
5.540203492331
5.549413329241
5.558930774022
5.568622579941
5.578470563827
5.588276074335
5.598085780436
5.608036742107
5.618091547141
5.629184346868
5.720356570283
5.728775559207
5.736955733000
5.745426781525
5.754042596647
5.763260985268
5.772868480333
5.782632360730
5.792502261172
5.802342908694
5.812062108102
5.821515635537
5.830612483337
5.839510679509
5.848274062791
5.856927436781
5.865563676240
5.874034806250
5.882258619232
5.890169305521
5.897597175949
5.904673754337
5.911578342523
5.918722426724
5.925108264769
5.931731076427
5.938482130748
5.945215684327
5.951912594445
5.959209870239
5.966181327070
5.974198114343
5.975909958107
5.978260471458
5.979966725574
5.983597586246
5.985270503005
5.989480532009
5.991848906331
5.993533672883
5.995264266545
5.996913327391
5.998593726320
6.000598086912
6.002651350264
6.004994659809
6.006675945549
6.008732695184
6.011081221886
6.012736280918
6.014970322591
6.016635187443
6.020215914345
6.021882355381
6.027821848637
6.029836476414
6.032576628927
6.034424430863
6.828221604009
6.834514206562
6.840651227231
6.846973023456
6.853420687374
6.859950572086
6.866526244399
6.873124733014
6.879761483983
6.886400353891
6.893041986856
6.899691637705
6.906302755508
6.912872621420
6.919421545838
6.925941060992
6.932422424014
6.938856981156
6.945249718752
6.951511243712
6.957785591969
6.964089567024
6.970347898667
6.976594122508
6.982766697462
6.988927076847
6.995095985796
7.001293112425
7.007533120046
7.013917896984
7.020469053208
7.027086270479
7.033924796801
7.040899383960
7.048021799963
7.055471035634
7.063683307368
7.237908486007
7.242620217065
7.247677509585
7.252784939586
7.257840873102
7.262861692308
7.267880995176
7.272939620640
7.278160398167
7.283447181950
7.288774316460
7.294191766248
7.299445742671
7.304588026772
7.309953423439
7.509530096934
7.515212487634
7.520947330362
7.526779399019
7.532917612514
7.539160141357
7.545605621790
7.552077224717
7.558554842617
7.565020111121
7.571396738825
7.577832123165
7.584269991947
7.590744558086
7.597341726097
7.604026158050
7.610803612890
7.617501613257
7.624328427329
7.631226819003
7.638221148323
7.645289322862
7.652458926993
7.659660534472
7.666863458672
7.674262911853
7.681759996377
7.689415710463
7.697430435954
7.705826370553
7.714518704216
7.723328076998
7.732364211168
7.741633887979
7.750890046044
7.760076210375
7.768804991065
7.777806814039
7.786408488161
7.794936044037
7.803313999648
7.811851669728
7.820500665139
7.829421026688
7.838883802184
7.848995774696
7.859533579465
7.870555421744
7.881646237691
7.892308060807
7.902662417426
7.912162643354
7.920874920455
7.929309399919
7.937713072177
7.946043333115
7.954387139191
7.962736465579
7.971067425072
7.979473281435
7.987942144176
7.996543061967
8.005195264268
8.013902404339
8.022673370091
8.031418222522
8.040176795384
8.048953711817
8.057735731711
8.066733402424
8.077289465082
8.086316422914
8.229147966275
8.235655874840
8.242115820039
8.248568133116
8.255174025299
8.261744782707
8.268345588807
8.275129648084
8.282215303188
8.289670349781
8.297473705811
8.305633780289
8.314212325824
8.323354256566
8.333175168201
8.343658998330
8.354932924366
8.366873161647
8.379101837043
8.391544168370
8.403810528604
8.415523361330
8.426984425556
8.438063760393
8.448874204395
8.459555864558
8.469721954366
8.479955381003
8.490023987796
8.500010557879
8.510076897682
8.520520134042
8.564923131403
8.575348861942
8.584225021762
8.594868864838
8.603143795604
8.611527954342
8.619968573080
8.628273726096
8.636693664037
8.645135991320
8.653654716007
8.662122378337
8.670526045563
8.678893159230
8.687124050452
8.695267798156
8.703293813420
8.711107931797
8.718719070699
8.726407637552
8.734147704244
8.741932368412
8.749668250547
8.757288958062
8.764949343746
8.772565583856
8.780160317101
8.787726377205
8.795289448213
8.802913455706
8.810540104094
8.818248448877
8.826218717286
8.834387067882
8.842519627989
8.850672433277
8.858828131499
8.866835182830
8.874842550246
8.882845700596
8.890775637833
8.898740472417
8.906810084249
8.914879214194
8.922878020045
8.930794921773
8.938640969157
8.946470625104
8.954343620628
8.962135868703
8.969934866143
8.977878767104
8.986107761127
8.994420029143
9.003419017017
9.158542641362
9.165683114391
9.172697809950
9.179862363091
9.187276400579
9.194897235326
9.202662230785
9.210259532302
9.218330397760
9.226596506340
9.235063159093
9.243682957970
9.252485927237
9.261392750708
9.270403662273
9.279364887404
9.288228271700
9.296990506530
9.305611253331
9.314221688431
9.322966204800
9.331963328195
9.340898889205
9.349832104343
9.359686981117
9.481874091525
9.490515668712
9.498953780815
9.507591407767
9.516444238909
9.525430307995
9.534702248033
9.544183733428
9.553827632508
9.563371494378
9.572228658062
9.580776254524
9.588618717204
9.596064880186
9.603374363984
9.610680110076
9.617999484319
9.625374625133
9.632873139322
9.640672749331
9.649052245471
9.657421334554
9.665793986366
9.674362134587
9.683014414101
9.692001590660
9.726862100484
9.735436549952
9.744791350465
9.754471273357
9.764731354869
9.775674995621
9.787647358590
9.799943202792
9.811904522677
9.823348383648
9.834530807235
9.845947500235
9.857610536762
9.869278241377
9.880141455088
9.890705437261
9.901395087325
9.912741626807
9.924514447545
9.937061390537
9.949558096545
9.962666097737
10.056756816204
10.064938647160
10.073184432571
10.081444722310
10.089870773845
10.098452902112
10.107157491882
10.116051712617
10.125108866172
10.134301813946
10.143675889123
10.153006780544
10.162338475312
10.171840442627
10.181548305635
10.191383152794
10.201399759879
10.211574867321
10.222179412618
10.233143635751
10.244812842756
10.257404329548
10.338515935482
10.344675690139
10.351957597427
10.359813321110
10.369576043151
10.378247249595
11.075891480687
11.082696328656
11.089126562790
11.095550010458
11.102203720500
11.108916088736
11.115631706577
11.122324878529
11.128898782920
11.135384263810
11.141791192290
11.148088791248
11.154227154263
11.160261867407
11.166235247324
11.172189966874
11.178131560887
11.184082542453
11.190073719622
11.196101480285
11.202106103504
11.208080379816
11.214024700090
11.219901376706
11.225737672537
11.231533074898
11.237295319945
11.243029995455
11.248732553682
11.254358794675
11.259826298173
11.265200077042
11.270654134238
11.276143138050
11.281837992500
11.287656965546
11.293533028771
11.299453505485
11.305336057299
11.405413400377
11.410599650710
11.415797587444
11.421050134760
11.426351184315
11.431793049546
11.437301603752
11.442921236830
11.448685076188
11.454587202393
11.460537420134
11.466651661153
11.472853899777
11.479149465968
11.485844772611
11.492286582154
11.498889692123
11.505454058353
11.512151365908
11.518897020177
11.525696799203
11.532529339897
11.539416219283
11.546378508099
11.553342047930
11.560318617096
11.567282799137
11.574046113697
11.581001823183
11.587973240368
11.594975735752
11.602014219961
11.609112469079
11.616282372549
11.623550489233
11.630898490057
11.638334202441
11.646048557800
11.654050123646
11.662292253485
11.670510619973
11.678733659300
11.686936282356
11.695153107031
11.703373549550
11.711676105141
11.720432324797
11.729579495220
11.739249643293
11.748926261273
11.758203793668
11.827014629488
11.828801604495
11.830613168994
11.832614056132
11.834519690375
11.840610525412
11.842367567756
11.878677113022
11.885637131458
11.892553292730
11.899685509942
11.906950127796
11.914287252240
11.921725310430
11.929232401365
11.936511611453
11.944040860004
11.951542764735
11.959046160325
11.966527249939
11.973986752387
11.981360742948
11.988705212516
11.996068458261
12.003442160574
12.010768170287
12.018166828359
12.025696043301
12.033424384474
12.041394509615
12.049852258499
12.058734601686
12.067495206422
12.119340669590
12.129422941103
12.138320111793
12.146096974719
12.153423006921
12.160919786617
12.168454644052
12.176002609227
12.183393624927
12.190637300507
12.197891337383
12.205155691253
12.212515214642
12.220017003240
12.227545139222
12.235175950129
12.242848967037
12.250549709419
12.258398754262
12.266174365986
12.273985083674
12.281997800975
12.290366082430
12.298965880303
12.307910487827
12.420422918738
12.427050223156
12.434069614862
12.441172271529
12.448481522987
12.455720709367
12.464234795491
12.618089493156
12.625748582694
12.633309330768
12.641311755037
12.649555951018
12.657879919155
12.666140808003
12.674241293530
12.682251096641
12.690294103411
12.698673602369
12.707447791927
12.716581892993
12.725977683065
12.735770842034
12.745911108837
12.756208234600
12.766597663069
12.776977776453
12.787250218061
12.797692757697
12.885241112583
12.893338293478
12.901300164829
12.909654749757
12.918175059117
12.926964613926
12.935631707805
12.944260002495
12.952780773029
12.961125185794
12.969638985120
12.978252013569
12.986995582404
12.996037121740
13.005604122259
13.015367052373
13.025337123263
13.035621331815
13.045830501175
13.056412699944
13.067291980222
13.078054997864
13.087048494258
13.095765388741
13.104324483599
13.112832272163
13.121369608298
13.129895540084
13.138524342173
13.147393288514
13.156391652905
13.165661897860
13.175847861659
13.185974886969
13.196008531855
13.205573788376
13.215511791148
13.369852835515
13.377913584337
13.386021762806
13.394158554560
13.402306011612
13.410611332667
13.418967945712
13.427507342884
13.436213970242
13.444979558355
13.453951377208
13.463123185756
13.472152507139
13.481311328000
13.490576444337
13.499999810688
13.510199722442
13.521649371058
13.667945428339
13.674810896812
13.681489473605
13.688502983790
13.695372821633
13.702310793306
13.709237185916
13.716213201705
13.723237604697
13.730331589784
13.737476877903
13.744657151468
13.751970131465
13.759388725432
13.766948514085
13.774700796713
13.782756600231
13.791195427660
13.799975049417
13.809050727803
13.818556013303
13.828637843739
13.839122452011
13.849764256989
13.860405384452
13.872192639239
13.885404302300
14.028743342581
14.037921928091
14.048529072591
14.059411288917
14.071796799587
14.085770958700
14.097492142259
14.106709074812
14.115979432198
14.124894561198
14.132576705478
14.144269044808
14.153634561861
14.274383868572
14.281424174711
14.288702602340
14.296069849211
14.303567025425
14.311174163966
14.318888445507
14.327133074953
14.335721412810
14.344732547733
14.353769651971
15.336645115812
15.343092553978
15.350005310585
15.356927087631
15.364364417415
15.372507609470
15.380032619294
15.386358305294
15.392313375376
15.397829946095
15.404229887839
15.410632710705
15.417518484768
15.424300281783
15.431217082356
15.438091280060
15.444959291922
15.451899431596
15.458851610933
15.465830546039
15.472894015253
15.480171242137
15.487812180360
15.496019321298
15.504355925769
15.657140341630
15.660941735522
15.665275935188
15.669812858879
15.674475767858
15.679425572387
15.684568036102
15.689695614507
15.694788670497
15.699830682086
15.704824105715
15.709727551611
15.714631232365
15.719505851333
15.724394645785
15.729319349739
15.734267010094
15.739606731339
15.745086673705
15.750661803457
15.756106829367
15.761912973512
15.767587159629
15.809109238406
15.813438214834
15.818457439575
15.822702474885
15.827907246263
15.832298588842
15.837382997189
15.842436013947
15.847859183117
15.853444418760
15.858902254372
15.865403790713
15.872108321044
15.879369416882
15.886694601891
15.894251807468
15.901900005447
15.909581683369
15.917523531850
15.925541390884
15.933644313851
15.941897093610
15.950143295166
15.958396120154
15.966757416000
15.975265674275
15.983840375668
15.992729862365
16.001616455123
16.148694136122
16.156901937140
16.164912238203
16.172881173675
16.180979939060
16.189350061323
16.197943409810
16.206750881891
16.215766679395
16.224957771753
16.234252744970
16.243643012224
16.253049235579
16.262446744266
16.271796111194
16.281031454172
16.290173253379
16.299280273119
16.308298131578
16.317187719473
16.325993860765
16.335011074372
16.344710590620
16.354256248663
16.425430863512
16.433085174462
16.441070218362
16.449382715502
16.457243863884
16.465197269459
16.473004712050
16.480921378877
16.489019290121
16.497196851347
16.505501341581
16.513930879867
16.522213227553
16.530273508714
16.538409094585
16.546618668697
16.554919736560
16.563140584906
16.571932124153
16.580110671005
16.607529727294
16.611845561464
16.616267049744
16.620727246402
16.624969382159
16.629293194828
16.633535017078
16.637831790832
16.642109053597
16.646365100168
16.650710426259
16.659262318575
16.700352650075
16.706889034842
16.713801872800
16.720537600242
16.727215761447
16.733861257339
16.740424402818
16.746875049291
16.753195983911
16.759477146772
16.765726631226
16.771953515570
16.778071135814
16.784086937702
16.789998494032
16.795844135809
16.801620525548
16.807398280618
16.813174027339
16.818975550068
16.824776362621
16.830601347975
16.836473873097
16.842364401898
16.848282687463
16.854240395373
16.860285245430
16.866414924617
16.872687201709
16.879125721835
16.885782227545
16.892530752679
16.899474208840
16.906508576855
16.913779508216
16.921126901136
16.928668033398
16.936264499846
16.943905676619
16.951535207635
16.959119256131
16.966723867831
16.974412736335
16.982283003102
16.990297979677
16.998302388882
17.006354705403
17.014471463355
17.022571648816
17.030666430152
17.038807686043
17.047048206016
17.055333734178
17.063762922485
17.072798947658
17.081964450824
17.091481882479
17.101306141305
17.111427658480
17.121852729289
17.132690683896
17.143624589415
17.154776131135
17.165610716856
17.176533475801
17.187114891150
17.197330215783
17.206967198696
17.216204668373
17.225594143569
17.234270457015
17.242322366609
17.250133045621
17.258085681492
17.266309435963
17.274709505416
17.283297493596
17.292172543461
17.301333352951
17.310822724485
17.320719206521
17.331058942922
17.341904282065
17.352942668615
17.363987994095
17.375079507504
17.386654928384
17.398983688102
17.412334056552
17.442604706986
17.454458955529
17.464892511452
17.474452145350
17.483713512682
17.492738639497
17.501566907143
17.510465462669
17.519480688615
17.528252888780
17.536987378814
17.546214747332
17.554510761157
18.034056429597
18.041979621463
18.049463590244
18.056896832867
18.064365148834
18.071851527814
18.079396081480
18.086986800955
18.094608554686
18.102164751254
18.109639102058
18.117069734177
18.124517483127
18.131891423418
18.139214938631
18.146504387599
18.153755637929
18.161081547513
18.168444450978
18.175777293882
18.183049525441
18.190339701267
18.197650822155
18.204946973179
18.212169105739
18.219354175045
18.226537003267
18.233680657201
18.240823280358
18.247962020613
18.255086817079
18.262212974397
18.269336115856
18.276445416168
18.283538709744
18.290608708398
18.297662363367
18.304707113613
18.311747643285
18.318788367906
18.325846858466
18.332946276854
18.340138714880
18.347387420382
18.354715728679
18.362164132109
18.369597018273
18.376986561483
18.384556718350
18.392047958905
18.399353644847
18.406427969739
18.413399077650
18.420179514495
18.426782667178
18.433338015286
18.439760121950
18.446138530826
18.452531477854
18.458977819169
18.465460135953
18.471946632016
18.478453572246
18.484994351193
18.491608022229
18.498339872217
18.505207686720
18.511993228304
18.518728618462
18.525469840119
18.532253463597
18.539057105703
18.545894065107
18.552779967629
18.559698762885
18.566618008025
18.573594272359
18.580574748638
18.587527464560
18.594457757032
18.601384079950
18.608310293379
18.615228476704
18.622147425126
18.629014849636
18.635719183503
18.642439684856
18.649174687646
18.655872053159
18.662412012993
18.668916657909
18.675409636175
18.681901295979
18.688403510953
18.694977723791
18.701583591646
18.708298089368
18.715056381397
18.721940092723
18.729056198767
18.737042855938
18.744727724894
18.751712017046
18.808036508238
18.814644148726
18.821612959918
18.828201695103
18.834901754168
18.841491964462
18.848110068976
18.854841526921
18.861696040914
18.868712328829
18.875823070274
18.882990079387
18.890240147283
18.897606837833
18.905084443025
18.912694862267
18.920398780823
18.928302069116
18.936316520142
18.944461817006
18.952742551068
18.961078801212
18.969191666667
18.977616202171
18.986017059155
18.994480943284
19.002761812118
19.011029020317
19.019112771578
19.027387291969
19.035283517197
19.042712606815
19.049854898564
19.056897893568
19.063960086533
19.071079624921
19.078223056122
19.085490094646
19.092821830882
19.100344247297
19.108020793416
19.115803686106
19.123739571254
19.131956690221
19.140214773269
19.148419808612
19.156630720436
19.164906734784
19.173250602085
19.181693714570
19.190393863549
19.199143317515
19.208062249439
19.217437516867
19.227413416210
19.238170811449
19.250181958852
19.351118200480
19.361166841290
19.371226642646
19.381831216268
19.392842630540
19.404700682364
19.417584165816
19.430307089627
19.442261963658
19.453655764116
19.464826753272
19.475886646591
19.487023325886
19.498140225401
19.509587156047
19.609941559738
19.618824799909
19.627564947835
19.636553258678
19.646806190290
19.657209735363
19.668135496747
19.752605747032
19.761649119981
19.777594759936
19.784366382918
19.791779156360
19.799268455398
19.806797965894
19.814317766371
19.821906214505
19.829770175054
19.837852403456
19.846090485444
19.854659083708
19.863454023659
19.872379444108
19.881443612981
19.890535050371
19.899761302747
19.909073441284
19.918309648517
19.927641062555
19.937070560422
19.946515897440
19.956191489178
19.965905886912
19.975989140513
19.986578344877

