Time_s
0.679742686565
0.682321648925
0.684199244934
0.686532482668
0.688492428030
0.690220003052
0.694078009974
0.696565322812
0.698786922986
0.700519544024
0.739116422901
0.746373393576
0.753744231687
0.761125965511
0.768486223063
0.775945246538
0.783407439875
0.790880216482
0.798439876266
0.806224893648
0.946383602289
0.949568205248
0.952698628731
0.955437643075
0.958300224570
0.962858898575
0.964910837380
0.967082356830
0.969511480646
0.971797970911
1.015580184181
1.024109057868
1.032906607181
1.041914748806
1.051013662622
1.060087176818
1.069215081185
1.078391272915
1.087949555190
1.299525678586
1.308561220837
1.317747643992
1.326966622946
1.336302657369
1.345710863426
1.355219091709
1.364926133906
1.374835111349
1.384796168066
1.394720447669
1.404723037599
1.414908351756
1.425080853389
1.435473777473
1.446145156225
1.456793964260
1.467427215153
1.478192888878
1.488992061984
1.499688476655
1.510596015823
1.521236086659
1.531851968337
1.542515174573
1.552168129435
1.975632467604
1.983660514054
1.991204715092
1.998913346822
2.006584889277
2.013994718621
2.021458253888
2.029011374721
2.170039181987
2.176825483778
2.184006904302
2.191613631636
2.199464108446
2.207832858340
2.216522906846
2.225233168590
2.233817687225
2.242514039534
2.251302560676
2.260248689963
2.269322711191
2.278422473260
2.288250136673
2.297421101706
2.306707067804
2.316262675830
2.326507032811
2.372807176288
2.381673755178
2.390280753978
2.398948347695
2.407679624698
2.416352008809
2.424996877602
2.433718395577
2.442462802506
2.451203270509
2.459898517809
2.468591262238
2.477246554127
2.485881687559
2.494517043569
2.503185853275
2.511870424888
2.520532240160
2.529214678693
2.537936847768
2.546689279367
2.555467955577
2.564110316509
2.572871614620
2.581862555226
2.590865769343
2.599864446747
2.608897792564
2.618066290972
2.627402518454
2.794645469219
2.803393437019
2.811973498591
2.820549363878
2.829178410881
2.837899110857
2.846674807798
2.855578165478
2.864440539937
2.873253656203
2.882023000968
2.890802594973
2.899595841603
2.908331403961
2.917140415464
2.926076055991
3.030970012688
3.039707799567
3.048316521992
3.057214662525
3.066217618778
3.075595127429
3.085519736652
3.122655510211
3.131296502365
3.140483270150
3.149952666691
3.159619879940
3.169434838093
3.179414088250
3.189850082153
3.308078169059
3.316536089683
3.325490910546
3.334495779815
3.343721686022
3.353188980697
3.362814501161
3.372547877460
3.382433902930
3.392579548418
3.402916286686
3.413570956347
3.423884088279
3.434429415764
3.445927096579
3.640947655017
3.650076075356
3.659222907243
3.668420701172
3.677744069176
3.687213145978
3.696867878568
3.706732399151
3.716691364089
3.726846260549
3.737159933548
3.778522706326
3.789663350263
3.799248449630
3.809558704170
3.819676142588
3.829404632991
3.839595762845
3.848188310301
3.858549463986
4.429006336211
4.436007924994
4.442922521573
4.449893554291
4.456894775599
4.464143002568
4.710729355747
4.719153308059
4.727344284782
4.735492581173
4.743672744050
4.751803315882
4.759958194989
4.768073470287
4.776155812011
4.784268610544
4.792293171978
4.800296065935
4.808271417801
4.816298703922
4.824338758551
4.832441092916
4.840843763610
4.902293609777
4.911020695859
4.919961029488
4.929274630165
4.938815340147
4.948592023702
5.116282780318
5.123323335611
5.131955824022
5.140404807499
5.148816668401
5.157349459471
5.165889816251
5.174387307598
5.182904437307
5.191437264961
5.199891119511
5.208431304547
5.217106248613
5.415223652367
5.423695280670
5.432028477822
5.440533223756
5.449171796651
5.457847060092
5.466412198882
5.475420135849
5.484546615234
5.493738999535
5.502933259497
5.512076258106
5.521168557319
5.530185801903
5.539223762134
5.548272845410
5.557339710448
5.566274671761
5.575467788743
5.583436541437
5.641515833370
5.643484914382
5.647924395437
5.650141961365
5.652033444718
5.654765935960
5.657419897399
5.659326516120
5.661500787872
5.664083951452
5.665817535478
5.667537675138
5.684077384179
5.692453666233
5.701639264179
5.710894996127
5.720285551842
5.729702698571
5.739129115275
5.748528483753
5.757909785266
5.767309942120
5.776625157305
5.785974246217
5.795071372373
5.804145790304
5.812975639251
5.821762586195
5.830394405578
5.839009304633
5.847678361098
5.856507367291
6.313400065740
6.321282983802
6.330182077603
6.339070705971
6.347961025364
6.356841981356
6.365759376501
6.374691641649
6.383580573606
6.392427442480
6.401198242271
6.409911067860
6.418536987644
6.427089550697
6.435616934950
6.444111632979
6.452657087849
6.596929680857
6.604627894262
6.612369404570
6.620216417066
6.863873072154
6.872157822936
6.880564956590
6.888991675881
6.897455505630
6.906056656493
6.914788080287
6.923600611891
6.932522378775
6.941494666084
6.950447060278
6.959406245129
6.968377947056
6.977309324010
6.986089079425
6.994842508119
7.003489931119
7.012176704252
7.020738486518
7.029402780617
7.038187481004
7.047048340349
7.055342349649
7.137851961587
7.146920499607
7.156310757855
7.165750394979
7.175375032822
7.185237349998
7.195171716280
7.248824626223
7.258603477755
7.268424356629
7.278263155518
7.288004655623
7.297559976240
7.306889322268
7.316217405102
7.325522076688
7.334705123739
7.343740681479
7.352612019216
7.361368100699
7.370013050189
7.378637276252
7.387278855121
7.395993754219
7.405079413154
7.594928028356
7.604679375423
7.614411593010
7.624214601584
7.634017142742
7.643746726216
7.653577528621
7.663288279501
7.673002463183
7.682772135626
7.692345257780
7.701958128369
7.711444249849
7.720949874592
7.730416622956
7.739929902754
7.749547859623
8.151527658067
8.159799698428
8.168021057032
8.176795443758
8.185325220396
8.194166417517
8.203207340316
8.212337249919
8.221557231401
8.230723293339
8.239922191314
8.249059427085
8.257861264657
8.266552105795
8.275218913960
8.283904338600
8.292556575263
8.301050642099
8.309409740024
8.317737644190
8.325969861652
8.334173511935
8.342355379487
8.350615731454
8.359177031310
8.420907983840
8.429545301994
8.437790926016
8.446326288449
8.455260630955
8.464398605465
8.473597607365
8.482875999169
8.492240294618
8.501590483336
8.511048277447
8.650920321195
8.658464974139
8.666702620344
8.675243884843
8.683896215831
8.692525573281
8.701504520423
8.710625532468
8.719833823074
8.729115141058
8.738483935428
8.747845985745
8.757193160231
8.766731823012
8.776534116488
8.787533763586
8.945136826712
8.953337668283
8.962223085016
8.971341197905
8.980583722464
8.989957871498
8.999428507527
9.008947710538
9.018528236641
9.028233619470
9.038027152832
9.047879900705
9.057812245272
9.067810722058
9.077861936673
9.087934828731
9.098053139899
9.108072566743
9.118078588834
9.128591181040
9.168087672193
9.177573683744
9.187193608054
9.197031308068
9.206936647497
9.217034384903
9.227224068544
9.237428911500
9.247699656849
9.258067427524
9.324770576971
9.335408653991
9.345633643622
9.355951364873
9.366283738358
9.376675633121
9.387014405418
9.397284659461
9.468020616918
9.478132519679
9.488334252818
9.498472924338
9.508607016737
9.518661901353
9.528680419313
9.538773419918
9.549217327459
9.559387476018
9.569871222417
9.580109026729
9.590667584103
9.600961767687
9.611680299250
9.621907869935
9.700514536686
9.705524556683
9.707213776920
9.709368338969
9.711057675813
10.119212076509
10.127939769906
10.135865467591
10.144379547697
10.152775386645
10.161255191027
10.169785194591
10.178356266615
10.186954548048
10.195448166451
10.203826496561
10.212106570723
10.220266459376
10.228314226722
10.236206145521
10.243959540451
10.251629438109
10.259270388157
10.266841443517
10.274408297718
10.281931258550
10.289703858787
10.411633042227
10.419792071129
10.428076237565
10.436710749820
10.445281600899
10.454006016547
10.462882768778
10.471857017950
10.480906445419
10.489962968758
10.499042149719
10.508161481337
10.516929890069
10.525976944321
10.535041154811
10.544120823359
10.553271581479
10.562423181464
10.571688738498
10.581470446384
10.618459447289
10.627246984517
10.636376542476
10.645689269816
10.655127531798
10.664703166913
10.674403492323
10.684335839750
10.842290042652
10.850678768309
10.859369866095
10.868147339251
10.877025897572
10.886150074685
10.894495672234
10.903878040948
10.913063329850
10.922047943422
10.931005479382
10.939838386090
10.948518982890
10.957212115255
10.965898405824
10.974477488070
10.982867498531
10.991256122351
10.999578091198
11.007984831071
11.016543154047
11.130333049859
11.138210007117
11.146471654315
11.155009522293
11.163644540092
11.172293667100
11.180928361948
11.189505402246
11.198111694258
11.206661181766
11.215172682423
11.223706572088
11.519417362467
11.527846991629
11.536469406346
11.545361855769
11.554302048112
11.563354577150
11.572396803726
11.581648359413
11.591265306495
11.600906783208
11.610474482412
11.620039146799
11.629329458375
11.638501605657
11.647551708587
11.656628507889
11.665281200225
11.673915847099
11.682443062889
11.690878521344
11.699319931832
11.708392555765
11.852742169786
11.861861784723
11.871039698988
11.880277676524
11.889591789142
11.898934483303
11.908364005974
11.917871094871
11.927382399362
11.936789821250
11.946166751490
11.955651635812
11.965374103036
12.037383081330
12.046263105259
12.055012770617
12.063545459819
12.072061375385
12.080370362625
12.088556110725
12.097046612080
12.106426987535
12.115515177413
12.124055311320
12.132272784454
12.140564692115
12.258321344195
12.260933407176
12.263155381807
12.265995577826
12.268534861529
12.271083847731
12.273344464464
12.277633642219
12.279663080908
12.288819231772
12.295535053970
12.303680036238
12.312014307618
12.320419179046
12.328845272863
12.337316295383
12.345967423046
12.354770510778
12.363635713156
12.372595790746
12.381467300275
12.390278432187
12.399101444031
12.407946193239
12.416749201053
12.425526238851
12.434528666729
12.444054697423
12.453994563336
12.587659970336
12.596629434905
12.605568374148
12.614731355431
12.624031393155
12.633478657687
12.643015655487
12.652650788174
12.662383021735
12.672203971802
12.682095579759
12.692009634598
12.701772430684
12.711597470369
12.721257515065
12.730842856645
12.740372056773
12.750235098242
12.759370538770
12.768481092284
12.777601765804
12.787097433663
12.796890305111
12.806242183569
12.941876427533
12.951228825946
12.960577272922
12.969998515097
12.979669044759
12.989514029787
12.999548924085
13.010280059587
13.021346036641
13.042375177318
13.052079623881
13.061739641056
13.071421495387
13.223002421081
13.231517877319
13.240220330464
13.249031204540
13.258014064772
13.267226346133
13.276679112520
13.286474103953
13.296550116257
13.306725492842
13.316978027765
13.327175159690
13.337299755324
13.351977012879
13.362071879129
14.090754449457
14.098611727339
14.107271597549
14.116250920918
14.125215284680
14.134263984734
14.143458639864
14.152815392916
14.161771589633
14.312795996491
14.320476038436
14.328090500238
14.335709023527
14.343263600389
14.350799707703
14.358286459505
14.365711964901
14.373087250430
14.380454835324
14.388018698973
14.396151267127
14.513495646108
14.521952412114
14.530093651344
14.538469082303
14.546964956891
14.555617657129
14.564400834097
14.573359971616
14.582447217317
14.591756925406
14.730079895831
14.738935406420
14.747790832633
14.756722023145
14.765734200496
14.774817767505
14.783922307085
14.792970872493
14.801973971079
14.810938965998
14.819989159480
14.828914123033
14.837786919331
14.846673880057
14.855530871319
14.864375079660
14.873207703678
14.882052942194
14.891061908405
14.900176921123
14.909351189947
14.970056321489
14.978609002841
14.987326480650
14.996329963203
15.005585201908
15.014953149118
15.024340211303
15.034507921403
15.044216777062
15.054329067538
15.064740789080
15.305787037753
15.314139386805
15.322209839803
15.330326531898
15.338479279746
15.346765621529
15.355064508938
15.363482364793
15.371945242643
15.380487378293
15.389073276692
15.397691072006
15.406475609702
15.415314803983
15.424107529322
15.433023919022
15.441990668157
15.451040305010
15.460136309446
15.469213124406
15.478224569603
15.487165704804
15.496131234322
15.505105137457
15.514370922613
15.523734969759
15.533254870369
15.542787376564
15.552325100754
15.561822624260
15.571340717330
15.580780647432
15.590165941927
15.599794464901
15.608712736958
15.617509630520
15.626503068168
15.635838787184
15.645308267144
15.730628504508
15.740426302445
15.750286903326
15.760215483366
15.770270113301
15.780409857853
15.790617943823
15.800873474295
15.811203082140
15.821673344921
15.832018424995
15.842376001659
15.852753362238
15.863158770850
15.873479897551
15.883816684467
15.893898741664
15.904218528804
15.914432712307
15.924034173466
15.934282138203
15.944681385518
15.954713899236
15.963520658307
16.119473466172
16.121121943510
16.123589579027
16.125202779607
16.126886347145
16.128583497406
16.130805956388
16.135585483249
16.137493973457
16.139915180164
16.141662314547
16.143842574337
16.145981380785
16.148269575610
16.150374899094
16.152360525950
16.154903355063
16.156667245397
16.158387654026
16.160031572445
16.161652801228
16.163866866396
16.167790737758
16.170303012203
16.373113279212
16.381949569397
16.390214578682
16.398652850942
16.407269076216
16.416066264986
16.425083992621
16.434267691083
16.443628402266
16.453086988120
16.462562551248
16.471989188195
16.481297772171
16.490649402114
16.500010921317
16.509452512896
16.518927008051
16.528448928910
16.537976152721
16.547486253692
16.557047436727
16.566783124137
16.576577721816
16.586308802567
16.595935300376
16.605503511732
16.615055955871
16.624505656503
16.634575054413
16.644473039170
16.654210044191
16.663737160411
16.673011512488
16.698333840716
16.707060286314
16.716147953642
16.725326706874
16.734644012191
16.744028510564
16.753422554412
16.762933528632
16.772446452220
16.782073319279
16.791793759209
16.802053496840
16.811575459793
16.820927708472
16.830196422636
16.839409909808
16.848607284480
16.857819580237
16.866935671995
16.875273767472
16.884304046889
16.893059054146
16.901920858810
16.910682459786
16.919411524283
16.928036950165
16.936308610986
16.944299721217
16.952501162286
16.997872276329
16.999627477320
17.001382093411
17.003559090418
17.005751555829
17.007548010419
17.010069197712
17.012236692493
17.014934261248
17.017616443814
17.020112306075
17.021846911482
17.024059159953
17.026230434624
17.027987673931
17.030364118308
17.039203629538
17.046873637104
17.054925030423
17.063167992382
17.071609656270
17.080245290772
17.088977255843
17.097898712030
17.106857445342
17.116049922160
17.125352474888
17.134765929867
17.144312700650
17.153983004618
17.163467954488
17.172892055362
17.182042768800
17.191172471366
17.200302778567
17.209518161831
17.218842034233
17.228166972715
17.237456519646
17.246665350509
17.255841312298
17.264982851477
17.274003521790
17.282978320685
17.291948249333
17.300890789295
17.309785698866
17.318694875153
17.465078647480
17.473142814759
17.481804831471
17.490489476785
17.499173936604
17.507937517527
17.516697024275
17.525513330953
17.534415021529
17.543344213853
17.552240054953
17.561262609517
17.803001374568
17.812384471988
17.821723694402
17.831281894725
17.840913600369
17.850712197816
17.860694367951
17.870671005991
17.880705984498
17.890654889607
17.900666332419
17.910700068608
17.920879933829
17.930849466267
17.940899170419
17.951052389831
17.961691374342
18.227774794604
18.230451533889
18.233090469045
18.235125749406
18.237128172522
18.239464948031
18.241450838713
18.243441976600
18.245463189227
18.248150182502

