Time_s
0.636889562118
0.643219337778
0.649239801190
0.655169752872
0.660998522600
0.666693101658
0.672257240298
0.677700597550
0.682964666044
0.688487427413
0.693965931487
0.699419164194
0.704904707081
0.710334287513
0.715669525100
0.720973773025
0.726247166629
0.731530347265
0.736765685884
0.741996898929
0.747194330283
0.752422731972
0.757661483217
0.762908043533
0.768096750598
0.773315340380
0.778567448721
0.783842219011
0.789155968316
0.794491186959
0.799881391685
0.805283153816
0.952036110020
0.957994904002
0.964109630013
0.970197261923
0.976324147554
0.982467642769
0.988640443169
0.994866988771
1.001079815114
1.007297098926
1.013603774948
1.019903520214
1.026188620733
1.032441708512
1.038778862743
1.045038824150
1.051279650389
1.057514406141
1.063747051664
1.069981324973
1.076188436594
1.082439695409
1.088642279996
1.094943612403
1.101182982703
1.107669018751
1.114164258163
1.120582346043
1.126877152425
1.133242730749
1.297432194043
1.303028135583
1.308870196390
1.315025110265
1.321355044176
1.327768761413
1.334053021948
1.340772788944
1.347620236296
1.354513062774
1.361456090564
1.368424963111
1.375406036431
1.382456010607
1.389599429435
1.396841373356
1.404180179297
1.411629130150
1.419284500631
1.427298861557
1.435242198294
1.443285824757
1.451624823884
1.460229142364
1.469203658280
1.478384917098
1.487856852837
1.497179227174
1.506417758748
1.515374798983
1.524429982753
1.533346518991
1.542230822785
1.551032384107
1.560009660678
1.569487689452
1.578313028225
1.586937213299
1.595622061272
1.604451731331
1.613188774246
1.621489811754
1.629626049611
1.637775808424
1.645938471414
1.654125264919
1.662151707274
1.670023774788
1.677672829245
1.685159373992
1.692670120671
1.700177419727
1.707571262979
1.714925858613
1.722154615909
1.729247511131
1.736304117808
1.743304560969
1.750179171238
1.757245697168
1.764235935454
1.936998991560
1.943338727478
1.949890708778
1.956459870402
1.962888181251
1.969393916418
1.975917638412
1.982306030375
1.988776766773
1.995285563640
2.001740851606
2.008250060450
2.014795444275
2.021374472241
2.027991558126
2.034691795980
2.041604257011
2.048603417782
2.055675301293
2.062329262475
2.069171621092
2.076011005290
2.096187098022
2.098562814366
2.100598951970
2.102734993428
2.105062508319
2.107541761414
2.109737492117
2.111978272112
2.114578569108
2.116626213002
2.118762991960
2.120774405183
2.122984913679
2.125416943322
2.127765086790
2.130323672930
2.136942816299
2.156222387815
2.166291966502
2.176026517221
2.185615117806
2.195057121913
2.204536699728
2.214163178214
2.223544430563
2.232450283065
2.240866906931
2.249073544906
2.257163338363
2.264990922313
2.272746387327
2.280490001801
2.288165693504
2.295875682047
2.303567624217
2.311242234404
2.318861269294
2.326493200309
2.334131923128
2.341779714344
2.349425214196
2.357149077427
2.364839801690
2.372567405475
2.380193836663
2.387817699397
2.395361886809
2.402866465346
2.410355434546
2.417937746456
2.425513564511
2.433089211727
2.440751791124
2.448464204837
2.456212812483
2.463899930944
2.471674969496
2.479531038048
2.487457253844
2.495446699185
2.503577626474
2.511909057901
2.520377348376
2.528933783676
2.537823398161
2.547399002596
2.556336226063
2.584965397951
2.593552842883
2.601236005683
2.609033888451
2.616759065119
2.624400055523
2.632140532850
2.639799350542
2.647336899183
2.654763756157
2.662151159718
2.669490046604
2.676841349023
2.684211595914
2.691531567036
2.698818910634
2.706024794307
2.713198843273
2.720352548596
2.727440334969
2.734328996722
2.741077942569
2.747785401886
2.754503658697
2.761275278936
2.768006638954
2.774561049744
2.781167690434
2.788086251491
2.795317362830
2.929616209736
2.935866742513
2.942428156655
2.949158222327
2.956050688086
2.963162525192
2.970462355268
2.977805029923
2.985202820088
2.992666021145
3.000113943885
3.007609924775
3.015199305289
3.022776690553
3.030403637218
3.037960500798
3.045544678945
3.053061211022
3.060476821806
3.067976471066
3.075374449799
3.082783832003
3.090206536441
3.097659824354
3.105116049784
3.112550667213
3.120087953743
3.127680029374
3.135247733616
3.142898874025
3.150553120787
3.158266850895
3.166016749170
3.173992019770
3.182062298167
3.190139152553
3.198369021734
3.206710353708
3.215245405838
3.223698957844
3.232086290026
3.240160552833
3.248076627285
3.256007614981
3.263882280738
3.271750387517
3.279567394518
3.287313662175
3.295091949061
3.302915204053
3.310887638005
3.318896773172
3.327013574726
3.335151305122
3.343524838301
3.352302896423
3.360982486660
3.370608915547
3.438476037116
3.447399663695
3.455966762637
3.463530465561
3.471208268548
3.478584928049
3.485866356003
3.493029518606
3.500171257038
3.507319947718
3.514540035255
3.521786862245
3.529143753106
3.536612146757
3.544091585466
3.551655757559
3.559358638840
3.567094238873
3.574849781727
3.582609915195
3.590270219071
3.597823148249
3.605301325090
3.612822857452
3.620444085234
3.628306809334
3.636747441925
3.756920757007
3.764629909288
3.772753180064
3.781006494802
3.789239933633
3.797624265890
3.806018848702
3.814502402951
3.823059931994
3.831736641257
3.840539561591
3.849456991114
3.858397092031
3.867388484134
3.876417247006
3.885446241259
3.894508769587
3.903695923039
3.912845628409
3.922373156770
3.931676904246
3.940901926748
3.950087194177
3.959369337186
3.968455983040
3.977512570988
3.986615025572
3.995614250715
4.004461220403
4.013609477492
4.022730165249
4.031871590286
4.040987449449
4.050153359394
4.059400576842
4.068763114212
4.269871665489
4.277130568709
4.284459200508
4.292195725225
4.300104388427
4.308070295026
4.316396510570
4.324839323149
4.333458065511
4.342111120570
4.351040231838
4.360406924759
4.370964878346
4.381302716206
4.392098386105
4.400770980864
4.411883657342
4.423753815542
4.435614948992
4.447243682073
4.457196974102
4.469113345139
4.474801015828
4.480271047000
4.482285970862
4.484384832856
4.486723543877
4.488951895026
4.491099773243
4.493356179478
4.497518967938
4.499640383618
4.501706072658
4.503710757025
4.506000623799
4.538517718405
4.550675046425
4.562944440011
4.745381914095
4.752221633161
4.758952174438
4.765711224207
4.772411358279
4.779061591948
4.785633728490
4.792143702431
4.798749959539
4.805542536348
4.812302385989
4.818963155757
4.825460051139
5.051298064778
5.057793519068
5.064630966150
5.071627730112
5.078650295097
5.085817162581
5.093034288922
5.100325398227
5.107541399848
5.114672616532
5.121945692487
5.129198754607
5.136457246010
5.143653612087
5.150868647496
5.158090661296
5.165311674494
5.172608082090
5.179933537637
5.187244294403
5.194577638169
5.201955305776
5.209379940809
5.216841628767
5.224370153357
5.231978734557
5.239724817500
5.247628960563
5.255731759459
5.309681283154
5.317622613228
5.325859898026
5.334335504299
5.343168975291
5.352729303076
5.362699450924
5.373048796670
5.526628422062
5.533044123802
5.540024387431
5.547172351953
5.554372055693
5.561750104225
5.569191413081
5.576685738462
5.584198306109
5.591704637968
5.599177417543
5.606566681184
5.613972429323
5.621367481914
5.628733520673
5.635929333158
5.643080445679
5.650144555312
5.657111109736
5.664031559132
5.670944902599
5.677852399566
5.684813353450
5.691895732390
5.699150863031
6.036961934976
6.044425804601
6.051481662330
6.058776751665
6.066080784946
6.073519157116
6.080495555488
6.087906712832
6.095371230335
6.102864360958
6.110457352924
6.118117487698
6.125643825034
6.133199305447
6.140812172781
6.148507980415
6.156166496727
6.163861821684
6.171511582566
6.179135123940
6.186855068693
6.194782988690
6.202912329618
6.211007599043
6.343399464751
6.351204292523
6.359525480493
6.367600199871
6.375661618692
6.383706815765
6.391733602138
6.399897835180
6.408233357746
6.416687854333
6.425278954460
6.433984157480
6.442772874830
6.451577931432
6.460436720807
6.469346689499
6.478220496767
6.487110676633
6.496086942828
6.504982124760
6.513874455798
6.522783509148
6.531705479348
6.540683138933
6.549619605889
6.558638018537
6.567615632278
6.576508216183
6.585389423764
6.594294551855
6.603195143449
6.612122584472
6.621084329677
6.630410572559
6.878099055991
6.886703354452
6.895377229340
6.904055293658
6.912613537934
6.921111022093
6.929470065541
6.937773499706
6.945920862407
6.953989208174
6.961933664378
6.969846638491
6.977739902338
6.985434570681
6.993057532762
7.000716674490
7.008324352086
7.015802064041
7.023217543561
7.030571100486
7.037884375869
7.045180481603
7.052407795479
7.059594689151
7.066821814910
7.073975423856
7.081196270310
7.088484182267
7.097118740680
7.105798243175
7.113107102228
7.242792379480
7.249164004224
7.255967443759
7.262817545048
7.269734667531
7.276774192469
7.283872941613
7.290935971408
7.297998048638
7.305056369834
7.312021955470
7.320706639438
7.328232856497
7.335411887857
7.342376573632
7.349234819024
7.356081389042
7.362790311326
7.527072941440
7.532959682273
7.539965843869
7.547124149615
7.554462314886
7.562107739224
7.569796744500
7.577446239688
7.585234460486
7.592870365142
7.600617986821
7.608269214112
7.615927074557
7.623542719579
7.631139536030
7.638622712166
7.646149383005
7.653613301742
7.661040241417
7.668456136638
7.675842419624
7.683244288754
7.690716923854
7.698215091486
7.705731893546
7.713253463642
7.720851034009
7.728516921333
7.736222457174
7.743954972535
7.898591901063
7.908914614548
7.918983794517
7.928973137871
7.938714613603
7.948421074939
7.958022847673
7.967663474491
7.976831751994
7.998001942967
8.005416677850
8.013541673156
8.021540987982
8.028728204999
8.036281041080
8.044074791966
8.051861535783
8.059746708412
8.067610996862
8.075466542388
8.083478336905
8.091481268595
8.099223709014
8.107128108456
8.114904715947
8.122774041400
8.130755434604
8.138927450766
8.146972822080
8.318191582386
8.325375953115
8.332546695130
8.339887516101
8.347294680072
8.355011135878
8.362958381310
8.371008147249
8.379115902141
8.387298447381
8.395556628776
8.403789224343
8.412042129801
8.420336560739
8.428736679961
8.437139831191
8.445608254635
8.454163171455
8.462786037263
8.471362419300
8.480060574797
8.488684943252
8.497391967533
8.505905090334
8.514624287237
8.523360900602
8.532080715315
8.540831544645
8.549606539105
8.558482199377
8.567383885567
8.576275974733
8.585082413486
8.593778317028
8.602285743734
8.610866927906
8.619247575048
8.889709503902
8.897817091487
8.906531896263
8.915386280371
8.924581449597
8.933797961718
8.943091298478
8.952399225128
8.961819733504
8.971368237034
8.980999990982
8.991540980939
9.001013279093
9.010412550557
9.019893493610
9.029227888410
9.038503164749
9.047768881982
9.057027078772
9.066146758779
9.075168450481
9.084128984237
9.092970870815
9.101654319154
9.110202909266
9.118621434560
9.125727955466
9.133648715357
9.141405280563
9.149063371978
9.156593984806
9.164006319644
9.171409709320
9.178635946149
9.185819561806
9.192888208655
9.199930094665
9.206983040652
9.214014445449
9.220984274662
9.227955111854
9.235008600738
9.242040747660
9.249140467886
9.256344634180
9.264498134335
9.271910016301
9.279356540778
9.286928304996
9.294749072817
9.302331910188
9.310027288233
9.317749464338
9.325560500624
9.333393610708
9.341337034866
9.349471728113
9.357750518503
9.366174160818
9.374684662768
9.383243214635
9.392071173607
9.401094852324
9.410205652777
9.419459558544
9.428854401262
9.438423846953
9.447931427502
9.599907492020
9.607681385779
9.615218794311
9.623120111006
9.631129632673
9.639116381816
9.647158671640
9.655251094755
9.663380934739
9.671589668281
9.679960468655
9.688349310307
9.696786060440
9.705220625232
9.713754805834
9.722233756057
9.730653096922
9.739092906050
9.747589658489
9.756101971152
9.764712019132
9.773530498220
9.782426975936
9.923129752066
9.930851574842
9.938819840909
9.946902833452
9.955125966204
9.963427920026
9.971801603822
9.980275993658
9.989059630837
9.997868728514
10.006746840497
10.015641510871
10.024595950151
10.033587586681
10.042659656530
10.051999169498
10.061903733462
10.071990938684
10.082197587092
10.091747127069
10.101425842951
10.111251381615
10.120863242068
10.130459307654
10.139901819750
10.149319241956
10.158255939648
10.166300914007
10.174836709908
10.183518746649
10.192329482688
10.201167125284
10.209996849183
10.218890962881
10.227720113989
10.236484561102
10.245108247708
10.253749097348
10.262314419926
10.270902616838
10.279515959509
10.288376275166
10.297241625916
10.306084039267
10.314855854235
10.323573449533
10.332208737783
10.340927995519
10.349658254387
10.358507815450
10.367521552315
10.376694846205
10.394281269409
10.403721869610
10.413772634188
10.423500706071
10.432952590988
10.562909341272
10.573052344013
10.583312198202
10.593702585613
10.637546083647
10.649105181043
10.662470660036
10.674849336466
10.687174656992
10.699513170900
10.709546088388
10.721874706501
10.734165844572
10.747277635707
10.759285082527
10.771413380635
10.783711202175
11.548544304574
11.556184835623
11.564475958520
11.572725895517
11.581022477899
11.589366921359
11.597665315191
11.605860373604
11.614182611323
11.622399356569
11.630649078153
11.638851864117
11.646932677045
11.654979368212
11.662992452470
11.671003101957
11.678996447493
11.686901962442
11.694719585522
11.702433146978
11.710005098871
11.717537006922
11.725030121363
11.732517638750
11.739975773580
11.747394601873
11.754971590202
11.763202366822
11.875933264194
11.882410496748
11.889089814100
11.896285504430
11.903644651523
11.911257477991
11.919060469845
11.927053337488
11.935160428874
11.943437390058
11.952034758596
11.960479912981
11.968827608882
11.977179477995
11.985705354607
11.993961682599
12.002198296162
12.010441824956
12.018725588327
12.026907229781
12.035007165434
12.043241242357
12.050893475413
12.059056778867
12.067181217020
12.075337210175
12.083459521945
12.091621073021
12.099740050896
12.107886154143
12.116153754080
12.124530569904
12.132920902546
12.141398239060
12.150028356647
12.158713447002
12.167334223331
12.175997341357
12.184592236571
12.193498162986
12.202577190094
12.211845653698
12.221292945948
12.231108164850
12.241457780110
12.252323584321
12.405367507705
12.412311952847
12.419927900162
12.427514446525
12.435430948852
12.443338778853
12.451423570820
12.459457131834
12.467643217810
12.475864687487
12.483560216963
12.491599609954
12.499715464863
12.507914004555
12.516058160694
12.524093815325
12.532167539467
12.540204994469
12.548102831419
12.556049319748
12.563976743641
12.571834559465
12.579660917341
12.587485426312
12.595320989785
12.603136416522
12.610914086309
12.618702439918
12.626495969230
12.634279987998
12.642062403668
12.649857547329
12.657681623629
12.665513602186
12.673306326640
12.681068991766
12.688775212278
12.696529817975
12.704232595675
12.711996254035
12.719748641533
12.727535778462
12.735446471856
12.743469403220
12.751300001003
12.759098314308
12.766918950190
12.774735851492
12.782547517298
12.790332868145
12.912488289251
12.920130480522
12.927776197646
12.935388909475
12.943040104838
12.950738768301
12.958510424109
12.966243554484
12.974003755211
12.981739677246
12.989495505301
12.997298135435
13.005089862277
13.012950394849
13.020791996496
13.028751804927
13.036782847403
13.044972010143
13.053482230987
13.411410558536
13.418776853326
13.425977714809
13.433575568157
13.441189792319
13.448773617522
13.456334954883
13.463902840612
13.471104546467
13.478576590246
13.486071851355
13.493577083103
13.501138889134
13.508753635663
13.516335422902
13.523878695303
13.531493468655
13.539071169123
13.546724018262
13.554338051602
13.561974775505
13.569582377987
13.577184859912
13.584823004665
13.592463989493
13.599988237312
13.607438941925
13.614892233287
13.622364167166
13.629791947758
13.637185283356
13.644558660513
13.651852388005
13.659024923902
13.666197454908
13.673359555329
13.680551007211
13.688027555056
13.695691972982
13.841246168704
13.851988248613
13.862500434806
14.024102629310
14.031079339667
14.038312115141
14.045746767387
14.053262736561
14.060743873323
14.068112104048
14.075526468132
14.082955729616
14.090351849230
14.098043016211
14.105793801751
14.113880915104
14.121837804702
14.129116435173
14.136745270695
14.144397316080
14.152057715427
14.306897820289
14.314360735037
14.322225328797
14.329620342252
14.336792718201
14.344172371265
14.351480666589
14.358767365402
14.366166683625
14.373722553271
14.381273791671
14.389054761854
14.396914071588
14.404776427906
14.412742760137
14.420764695210
14.428790982929
14.436900992043
14.445196218759
14.453612513661
14.462283029726
14.605692082722
14.612938572546
14.620201034144
14.627733696835
14.635428080502
14.643248431841
14.651087939648
14.658954752556
14.666764862958
14.674669129582
14.682566164131
14.690425533674
14.698291239334
14.706239071655
14.714150831534
14.722119565706
14.730072954367
14.737994003573
14.745863401005
14.753734054623
14.761605929594
14.769428224381
14.777314293568
14.785163345141
14.793074887062
14.800994692988
14.808910123977
14.816890212433
14.824913925722
14.833024954681
14.841207497851
14.987624197818
14.995217823525
15.002777136418
15.010458126303
15.018216851384
15.026092213141
15.034137225840
15.042574685145
15.051095713383
15.059629594494
15.068181278625
15.076633804883
15.084956579432
15.093207542286
15.101538239931
15.110095911484
15.119090204269
15.128918743794
15.254625485672
15.262378413465
15.270031866503
15.277838103271
15.285717089707
15.293761919549
15.301931247329
15.310293830221
15.318800676039
15.327471051729
15.336264577539
15.345340729480
15.354547797743
15.364133621351
15.373884393389
15.383965974462
15.394500917332
16.458388508758
16.464382626581
16.470920123482
16.477574318433
16.484019554057
16.490597577570
16.497239717051
16.504031438089
16.510929847080
16.517407138044
16.524146250382
16.530731927569
16.537406242734
16.590596282225
16.597376877447
16.604968953646
16.613003175300
16.621279539085
16.630847301564
16.639595801096
16.649368321741
16.658170441922
16.667645792404
16.676864787071
16.686260617161
16.695300471809
16.900045719393
16.905914378077
16.912063722899
16.918378653295
16.924832021136
16.931407413623
16.938054641169
16.944676838930
16.951296400047
16.957990240528
16.964636823523
16.971220513431
16.977761679574
16.984408560121
16.991003424205
16.997698652868
17.004258298687
17.010787087895
17.017390513090
17.024009012798
17.030526388639
17.037083014859
17.155568939966
17.162880144290
17.170395512307
17.178115821556
17.186112686185
17.194553133576
17.203047486080
17.211644441936
17.220274557084
17.228946427263
17.237853164844
17.371271966811
17.377332312204
17.383959757977
17.390992960147
17.398143164474
17.405439737721
17.412869775591
17.420469845019
17.428099698245
17.435738281812
17.443391321797
17.451114649550
17.458811798375
17.466540440003
17.474311003170
17.482063285977
17.489806620459
17.497620747991
17.505384360496
17.513208070027
17.521024829127
17.528896287068
17.537015224222
17.545187147617
17.553473775299
17.562022277282
17.570708090027
17.638129104137
17.646585842903
17.655192652666
17.663877946208
17.672766872290
17.681815101901
17.691094997663
17.700725913394
17.710873744320
18.008719922046
18.015763865033
18.022966912429
18.030109563376
18.037214737845
18.044167133719
18.051074972660
18.057855672227
18.064560662693
18.071205877099
18.077815423544
18.084371079452
18.090917719352
18.097472815204
18.103986424624
18.110475123494
18.116924778635
18.123536181219
18.129946608792
18.136333251392
18.142698057366
18.149007519080
18.155301095045
18.161585042556
18.167851727746
18.174136646108
18.180447730118
18.186886326014
18.193167748797
18.199473466278
18.205745305403
18.212002247897
18.218350449345
18.339308136090
18.346963794803
18.354800648176
18.362498815791
18.370048478108
18.377616614168
18.385162059743
18.392787158136
18.400450368473
18.408035279177
18.415537869801
18.422931436534
18.430160410087
18.437401446401
18.444499951643
18.451507933002
18.458465521984
18.465416661488
18.472320328487
18.479206030340
18.486065468014
18.492900089368
18.500192847793
18.513962856340
18.520961365746
18.527948272990
18.534810383029
18.542001032658
18.548964710741
18.555829134962
18.563124325705
18.572248626949
18.579538479978
18.588426231320
18.597341738444
18.606317753995
18.661514868854
18.670182716005
18.678905093005
18.687603181358
18.696307991825
18.705028733486
18.713758863225
18.722631303870
18.731523690927
18.740468186093
18.749430833945
18.758454054872
18.767422232124
18.776404924186
18.785551145033
18.794665870375
18.803737616907
18.812401010864
18.821025851891
18.829665307857
18.838307945933
18.847042998993
18.855739869786
18.864460440332
18.873239782377
18.881967299041
18.890744566426
18.899539926322
18.908332404841
18.917108673290
18.925793420408
18.934400813411
18.943084211495
18.952236558519
18.961347800007
18.970181115534
19.042778461422
19.051504991958
19.060296348434
19.069049558079
19.077839143400
19.087027077308
19.096464017249
19.106509378588
19.116725161228
19.127172124240
19.137831220743
19.148647474280
19.159645001121
19.169891102028
19.180081879030
19.189779075007
19.199410802786
19.208885417744
19.217877584430
19.226726278324
19.235503596858
19.244001729330
19.252527278875
19.260888318466
19.269278809324
19.277653036167
19.285974864142
19.294247830995
19.302508741863
19.310756644058
19.319056840783
19.327360642741
19.335747464301
19.344097515168
19.352376205863
19.360617100175
19.368862718082
19.377001706260
19.385064720142
19.393302602653
19.401611701328
19.409932939575
19.418528235745
19.427160290726
19.435889400568
19.444660250783
19.453443387851
19.462283426946
19.471225392828
19.480269491673
19.489415223724
19.498745236776
19.508212124407
19.518161263578
19.528377183893
19.538574033119
19.548271782782

