Time_s
0.945511234676
0.952213369012
0.959010581726
0.965859708792
0.972732133732
0.979628739137
0.986535813365
0.993442676592
1.000322257131
1.007205351573
1.014038787104
1.020917347497
1.027755450470
1.034596154534
1.041461702490
1.048373909828
1.289535647708
1.299317895971
1.309215461590
1.319220903942
1.329177954691
1.339280853942
1.349337465368
1.359419052518
1.369471736601
1.379535514676
1.389547536839
1.399841086131
1.410033883343
1.657155624090
1.665451821088
1.673742366471
1.682304418230
1.691047228601
1.700012650176
1.709134702605
1.718315695328
1.727575715547
1.736985055176
1.746590622644
1.756386732451
1.766333040202
1.776549926601
1.787155561160
1.798090695300
1.809270529181
1.820948023506
1.833257861595
2.409628524697
2.418109373449
2.426467220867
2.434762604490
2.442993311332
2.451136779295
2.459229496341
2.467102179221
2.474937991211
2.482700989116
2.490181376694
2.497804954795
2.505562639496
2.736313573674
2.742764191732
2.749399320195
2.756205139367
2.763147015535
2.770126251072
2.777197083577
2.912434737607
2.921416029718
2.930488292129
2.940057782024
2.949930404739
2.960272313331
3.011371587298
3.021469524739
3.031275856624
3.040912847440
3.050587069536
3.060295053577
3.070062365872
3.079666007517
3.090939193843
3.100830123181
3.111192785242
3.121177567562
3.131486548247
3.141555607017
3.151611087338
3.161653553861
3.171730560583
3.181776580353
3.191968222714
3.202177984011
3.212533866068
3.223017795102
3.309186073209
3.318694240733
3.327960508503
3.337099363150
3.346111693697
3.355008343467
3.363743580619
3.372374705311
3.380947168265
3.389677508651
3.397845944513
3.406522924409
3.414823989530
3.621405823444
3.630004159815
3.638596814486
3.647287885912
3.655913932604
3.664719363414
3.673982793651
3.682890287263
3.691945363402
3.700867798435
3.709794500663
3.718667253658
3.727501899000
3.736294170255
3.745139203618
3.754039578770
3.762954389343
3.772565564921
3.856689184790
3.867098182945
3.877564683855
3.887950315589
3.898195503328
3.908333561949
3.918279286709
3.928213894414
3.938144115757
4.112634193313
4.122038068789
4.131912813413
4.141674579786
4.151406422370
4.161119308576
4.170861435605
4.180666861394
4.315349643583
4.324662277377
4.334411660908
4.344228242245
4.355054450515
4.364838015785
4.374456073301
4.384193003714
4.393986094577
4.403809608899
4.413670691202
4.423630747093
4.433475401791
4.443091498918
4.453087421108
4.697365533238
4.706173614807
4.715048853371
4.724078266159
4.733366681370
4.742768868341
4.752412634503
4.762346018692
4.772481749027
4.782967966396
4.793761338153
4.804753424808
4.816025495352
4.827719830348
5.938883859568
5.948430361412
5.958140468401
5.967909467548
5.977874700798
5.987981779208
5.998318946263
6.008753450343
6.019342901900
6.030059515348
6.040661201603
6.051374036019
6.062013036547
6.072654620601
6.083229687300
6.093779582666
6.104376949764
6.114869608718
6.125408095771
6.135872287722
6.146436862889
6.156626171083
6.166705506346
6.176709969689
6.186763271458
6.197036605017
6.272413928902
6.281600991226
6.291071173970
6.300439173344
6.309977606603
6.319646970299
6.329476890448
6.339196662582
6.508010131813
6.516258017815
6.524701547783
6.533328999652
6.542005734220
6.550796631774
6.559560758794
6.568300331040
6.577064542587
6.585783441406
6.907361424840
6.915556932076
6.923739977785
6.932002615849
6.940264507947
6.948476669109
6.956672982513
6.964917881342
6.973210243289
6.981486658039
6.989812319652
6.998203204240
7.006745084506
7.015416271287
7.024297437006
7.171010400346
7.182239180489
7.292914879993
7.305465073470
7.317664269013
7.329664268630
7.341515699830
7.781217055172
7.789643165469
7.798034454397
7.806653971406
7.815252564527
7.823994215453
7.844018338451
7.852504056652
7.860861597944
7.869179985457
7.877301097331
7.885485135423
7.893741833900
7.901787017890
7.909846080352
7.918157465326
7.926542583956
7.935132900421
7.943796771182
8.195861189551
8.201485820011
8.207101401650
8.212666286486
8.218211422731
8.223771850237
8.229464912426
8.518539325788
8.527766797598
8.537070541492
8.556649916439
8.566209051045
8.575593630553
8.585251666524
8.594868464780
8.604554843073
8.614244840305
8.624015186682
8.633817472018
8.643603914186
8.653488760695
8.663234571826
8.673052839491
8.682769531888
8.692430154238
8.890979132340
8.901067755240
8.911178699031
8.921346096195
8.931625506843
8.941750580022
8.951976211257
8.962273126159
9.101142639075
9.110360817238
9.119450937450
9.127955951498
9.135648258369
9.143326815853
9.150857197083
9.158275688325
9.165613898249
9.172872567201
9.180050058252
9.187178131544
9.194281191785
9.201426685738
9.208631327525
9.215956993244
9.223642435868
9.231282836773
9.407652908771
9.417991730261
9.428649965720
9.440054396235
9.451951473518
9.464590290789
9.478193977070
9.490841340869
9.502983947011
9.939148382183
9.947620548669
9.955845976475
9.964306748143
9.972323071634
9.980378586422
9.988549530623
9.996841741181
10.005332264023
10.013835757638
10.021317822317
10.029082589623
10.038399736226
10.046831238445
10.054897594433
10.062759003837
10.070516978031
10.077926987014
10.085239355345
10.092349453285
10.099343480074
10.106293820432
10.112712938018
10.119392643192
10.126178118813
10.132917966338
10.139621130337
10.146338596846
10.153067791408
10.159774487358
10.166456195389
10.173134579633
10.179764688893
10.186338601727
10.192951100150
10.199546959750
10.206166985234
10.212877260904
10.220206042985
10.227162581987
10.234098283164
10.240975835047
10.247659874110
10.254298640160
10.260867960003
10.267304545556
10.273789852932
10.280392336526
10.287065320135
10.293826776015
10.300648418256
10.307511074809
10.314448860667
10.321518423407
10.328712546804
10.336042422232
10.343493839824
10.351104216367
10.546205237807
10.555130964236
10.564583429317
10.574040363902
10.583543124870
10.593147386873
10.601940376196
10.611854302416
10.621665618737
10.631575125810
10.641477412218
10.651541317868
10.661495095332
10.671463269510
10.922512190234
10.931506359230
10.940517934721
10.949592995310
10.958685616893
10.967659484390
10.976675180524
10.985765028006
11.003090886503
11.012643040810
11.022272162014
11.031700778907
11.040779182559
11.049516009785
11.058195269819
11.066576395306
11.074718071975
11.082806827337
11.091099542878
11.099434326902
11.107860213184
11.116319756638
11.207877749137
11.217365938975
11.226737063086
11.235970765776
11.245224661907
11.254619358042
11.264042882534
11.273532528657
11.283091195603
11.292680968454
11.302301582355
11.312501592920
11.322577297735
11.332863759216
11.342990690817
11.352860846095
11.361875510965
11.370908110074
11.380296824175
11.389655014811
11.398959633499
11.408397735410
11.533067523698
11.543242342337
11.553639714072
11.563853299965
11.574926095195
11.585903332584
11.596614432587
11.608081463029
11.620135359036
11.632145897540
11.643492286858
11.656600604784
11.668985804752
11.681639409740
11.693734470303
11.707518012014
12.776292212278
12.783500156995
12.790732421697
12.797958583572
12.805090194184
12.812176962443
12.819210908408
12.826175659893
12.833074896749
12.839929161916
12.846718277886
12.853376325291
12.859969514733
12.866530616780
12.873155720023
12.879706163609
12.886178323718
12.892592712594
12.898979778108
12.905341908034
12.911693153871
12.918013680707
12.924261486145
12.930436134410
12.936586260181
12.942687214162
12.948703862788
12.954823628962
12.960789642835
12.966793599910
12.972789815504
12.978728454933
12.984782701168
12.990942138670
13.103013816011
13.109254176842
13.115765706990
13.122385391752
13.129074399502
13.135859625664
13.142714436072
13.149645245172
13.156668053661
13.164375413459
13.171368739004
13.178520267886
13.185714759174
13.192976359518
13.200306489992
13.207674356377
13.215098598652
13.222519940666
13.229102282615
13.236638693075
13.244139125882
13.251684376192
13.259232092652
13.266798643932
13.274371146952
13.281980052065
13.290339701909
13.298638739801
13.306985873329
13.316211751857
13.323143225725
13.330884370216
13.339010416667
13.347413887748
13.554635735054
13.563183020983
13.571921964985
13.580634436442
13.589369736321
13.598295695273
13.607245148007
13.616263176804
13.625241048383
13.634173967567
13.643083672536
13.651960399948
13.660814439225
13.669692249520
13.678534342560
13.687350517820
13.696307033726
13.705163384662
13.714184212651
13.723327043707
14.155069087166
14.164153582208
14.173566580414
14.183148392304
14.192723797348
14.202483712027
14.212247694240
14.222028281570
14.231771771641
14.712636833943
14.722591820041
14.732555891769
14.742749712905
14.752600579301
14.763036911179
14.773687841641
14.784225882870
14.795018354215
14.806002388131
14.816977722949
14.827825913675
14.838525463773
14.849195002849
14.859815139559
14.870442064278
14.881350384394
15.025284930191
15.035621722641
15.045303595820
15.055002334019
15.064743619550
15.074562885697
15.084424979936
15.093693228881
15.103045975852
15.112382525798
15.122193838007
15.242561377762
15.250205754859
15.258127713203
15.265993655736
15.273955270067
15.281891900868
15.289921279440
15.298063806311
15.306928121744
15.315720453526
15.324830461089
15.333811838689
15.608179206550
15.615784487708
15.623786275603
15.632060024178
15.640459431036
15.648812465395
15.657341249594
15.666012674427
15.674787930165
15.683526191463
15.692242833840
15.701010741301
15.709754227705
15.718573403250
15.727551985967
15.736747500788
15.745591149707
15.939643426159
15.948894352920
15.958303085854
15.967789637851
15.977538457364
15.987553465336
15.997716615555
16.007999601060
16.018437534080
16.029084529094
16.039646113872
16.050517221217
16.060641037909
16.070734247486
16.102891553697
16.113778860665
16.124532321966
16.135090087780
16.353225907815
16.362296585236
16.371658704606
16.381324184001
16.390572988164
16.399839760681
16.408634847471
16.417457077518
16.426112882470
16.434852396515
16.609960559504
16.617614728383
16.625399765619
16.633360589624
16.641478434550
16.649815165096
16.658534085944
16.667504956344
16.676794997142
16.686416366966
16.696473629759
16.707020855862
17.616070176618
17.625712599601
17.636010316371
17.646087447158
17.656129349681
17.666249396763
17.676444550193
17.686681870894
17.953856954454
17.960413169963
17.966845185035
17.973222377619
17.979552206503
17.985819771158
17.992034123624
17.998128194022
18.004211621769
18.010295819348
18.016349181212
18.022707251009
18.028894240237
18.209849533262
18.216630825799
18.223425147256
18.230257848660
18.237105320776
18.243938712160
18.250747200640
18.257455414634
18.264033117692
18.270479796731
18.276821723803
18.283099310954
18.289423152720
18.295807934106
18.302326091225
18.308946189110
18.495139493099
18.504686664395
18.513687800833
18.522833471765
18.532539863006
18.542223854257
18.551541148152
18.561377201933
18.571212639075
18.581057994782
18.590829432545
18.600613893177
18.610424549834
18.620302893916
18.630171691549
18.640025547682
18.650260259930
18.660180055868
18.670093644148
18.679985394276
18.689800171971
18.699580063903
18.709271142932
18.719008578019
18.729153291536
18.801624399606
18.811340093261
18.821018368016
18.830724875939
18.840430041408
18.850158641811
18.860118914857
18.869993962526
18.880094161013
18.979023304057
18.988320909681
18.997695710506
19.007171933933
19.187504377401
19.195064180183
19.202476215696
19.209805488442
19.217089865253
19.224277539377
19.231399420639
19.238502495699
19.245566992904
19.252608975824
19.259600309340
19.266614285632
19.273634602705
19.280614594645
19.287627005340
19.294646710116
19.301717644590
19.308840269781
19.315983109043
19.323270451012
19.330672264205
19.338288582395
19.346142487221
19.354230550984
19.362663143461
19.371541099380
19.380677822569
19.389829596372
19.399254293882
19.408490055878
19.417512694591
19.426466513999
19.435316687436
19.444458387086
19.453681414734
19.462988422737
19.472280017397
19.481458955360
19.490713142925
19.499843426131
19.508857500230
19.517702591491
19.526474477298
19.535687185778
19.544413255366
19.553873861595
19.563071008636
19.572311143288
19.581502184375
19.757473771373
19.768091898557
19.778841968187
19.789672248164
19.800581544202

