Time_s
0.749773343688
0.756517647173
0.763026653146
0.769607419788
0.776031500065
0.782451979931
0.788811990906
0.795160272830
0.801545758483
0.807981499993
0.955042558020
0.962254811963
0.970850344639
0.979427167569
1.360953664389
1.369637031985
1.379884327024
1.390143750149
1.400490359575
1.411133006220
1.422251210559
1.432978239342
1.444293201761
1.455881838844
1.468146162713
1.707779994142
1.716802528737
1.726048921813
1.735299781164
1.744770650196
1.754087942876
1.763481795472
1.893700271837
1.900601467913
1.908632516625
1.916739899984
1.925538377820
1.934696257138
1.943866509735
1.970437099995
1.980378001014
1.989902905653
2.000167826966
2.009931996136
2.039423407641
2.048953913071
2.057766626948
2.067577609778
2.077171607975
2.086881627473
2.096456976284
2.107161288048
2.116547858597
2.127598234634
2.137563126938
2.148177434623
2.157984878282
2.168291370128
2.177885294684
2.188460778895
2.198374478743
2.209424913823
2.219637643866
2.230777309909
2.240778310557
2.251863440413
2.261864370990
2.272635128935
2.283057160199
2.293537353966
2.459819018844
2.470792747565
2.480861619149
2.491969183903
2.503182403067
2.514155998493
2.524484960022
2.535463941823
2.547655825655
2.887542966678
2.897213345265
2.908154862030
2.919346775807
2.931279931822
2.941978672410
2.953579086043
2.964314005566
2.975947520665
2.986996700748
2.998537107846
3.009934202198
3.021653142718
3.033420986449
3.190218915079
3.199591939322
3.208829750901
3.219452847378
3.229035759366
3.240279633723
3.251472908345
3.261868330494
3.274290289377
3.284951592116
3.296275432147
3.309202919760
3.321472388396
4.182673335019
4.189592132084
4.196961898412
4.204449899194
4.212224945597
4.443201294778
4.451744597335
4.460556036904
4.469740861614
4.478992054781
4.488314560825
4.497662775683
4.506887583862
4.516110432557
4.525299959861
4.534449991935
4.543573336517
4.552681346173
4.561705117162
4.571060068827
4.579967190659
4.589199311904
4.598306188729
4.607701793057
4.616951105183
4.666082325601
4.675692003537
4.685816144998
4.815408950795
4.824421342794
4.834189349815
4.843696609438
4.854336538028
4.864413123434
4.874623333541
4.884025175607
5.040296715480
5.048604589041
5.057270439536
5.067576320874
5.076702081527
5.087301399185
5.098222563693
5.107994160584
5.118658729361
5.128716562192
5.139661854080
5.150251638421
5.262106833307
5.271130980803
5.280497024069
5.290596543637
5.301127789266
5.311515139759
5.322948909249
5.333678577121
5.345185478805
5.356938568755
5.367983417523
5.379159977273
5.390822225283
5.401770345736
5.413200054331
5.424817213899
5.435726906243
5.446471804554
5.457846141860
5.469015394553
5.479525626585
5.490423649392
5.501147484406
5.511204284945
5.990760329686
6.001472660161
6.012199732739
6.022793215610
6.033338360316
6.043995081333
6.054565145548
6.065252207873
6.075961281458
6.086487590313
6.096930111094
6.107424575304
6.581877187019
6.592177475674
6.602444731628
6.613315394319
6.818209287501
6.827902982145
6.838312747747
6.848794461410
6.858291769696
6.868756697143
6.878336516539
6.888756290262
6.898670305529
6.909179587853
6.918718027331
6.929043015224
6.939377080715
7.087088357212
7.096538878488
7.107660433673
7.118028876375
7.129591594533
7.140765852817
7.152646740030
7.163645626688
7.175829365936
7.186600999995
7.198327435217
7.209063865893
7.220779349814
7.231210371837
7.242697055491
7.253368579344
7.264956726731
7.275845261739
7.287299584223
7.298601040209
7.827122308293
7.835210612178
7.843978969109
7.854793239117
7.865360527459
7.875990805127
7.886443263471
7.896743117676
7.906988937717
7.917222222222
7.927590426459
7.937486688721
7.946676004104
7.956725018503
7.966666195132
7.976658471285
7.986580090218
7.996489627405
8.006250699617
8.015984835649
8.078051211053
8.086984716937
8.095911328469
8.104918476444
8.113920332820
8.123024112697
8.132250468059
8.141674799354
8.151215992497
8.160778787801
8.170302774636
8.179897770189
8.189760268171
8.365103094142
8.375249454083
8.385791347812
8.396624852221
8.407431688287
8.418344477384
8.429360253110
8.440376895299
8.451421119257
8.462474936324
8.473539843776
8.484975204008
8.497233158723
8.644641571746
8.654513965573
8.665903773677
8.677764237183
8.692080448916
8.705582387699
8.718527020709
8.731083117877
8.742480318295
8.753136718808
8.763856889047
8.775051085561
8.833056470647
8.842896358075
8.853381551119
8.864374530608
8.875808973264
8.886783150703
8.935391116791
8.947682827889
8.959053696889
8.968798450906
8.979673278773
8.991142867607
9.127472631873
9.139126943887
9.150016408917
9.161834363400
9.173744376714
9.186193005131
9.197762284367
9.209736797336
9.221323921686
9.232813542872
9.245505916506
9.258468268763
9.270014192705
10.056488469912
10.073544457846
10.082677762488
10.092112517277
10.101287502213
10.110750250490
10.119982646574
10.129006044257
10.137947540109
10.147063846375
10.156162556784
10.165156135983
10.173937758002
10.182597552333
10.191174434303
10.199691868351
10.208066101370
10.216217522759
10.224146780749
10.231913735317
10.239501669592
10.247035430531
10.254512203752
10.261962651801
10.383577654677
10.390398861720
10.397536184675
10.404838554738
10.412277385457
10.419886562625
10.427581968747
10.435353443355
10.443217993592
10.451256469480
10.460035722503
10.468285568146
10.476660966014
10.485148895791
10.493697881044
10.502334470031
10.510665952525
10.519354423529
10.528108855533
10.536864079441
10.545700829177
10.554651014796
10.563749511090
10.573041220950
10.582495109969
10.592075549121
10.601859219514
10.611912909076
10.622180845478
10.632534724199
10.642996506522
10.653571548924
10.664262105295
10.675032172168
10.685905767048
10.696850903378
10.843970986471
10.852978968433
10.861887740499
10.871303246578
10.881202031465
10.891577381734
10.901795519704
10.912299197390
10.922933271791
10.933456576497
10.943822057189
10.954179774553
10.964542169517
10.975507203898
11.090217558700
11.098189391999
11.107021386753
11.116789993860
11.126624615705
11.136435005186
11.146259879705
11.156039042895
11.165757150326
11.175454093738
11.185118001428
11.194820519230
11.204749832003
11.214880114137
11.578895611358
11.588509151881
11.597523952537
11.607904158689
11.618692373740
11.629744100533
11.640666332819
11.651802588478
11.662950901709
11.673320312712
11.684505301638
11.694965720199
11.706381449374
11.804955641203
11.816297810907
11.827067069217
11.837695790164
11.848763930416
11.859150122654
11.870160786466
11.881107111085
11.893156110165
11.904209910816
11.915880171715
11.950064983822
11.958975787089
11.968795637751
11.979276136408
11.989894498506
12.001277017591
12.175494434859
12.184040002712
12.192352338092
12.201462342641
12.211442692596
12.221076251477
12.231608744740
12.241414157911
12.252130583405
12.262311362856
12.273007495925
12.283317188733
12.294171028641
12.305043216419
12.445118792990
12.455606860244
12.466377704042
12.477408150835
12.488003482893
12.499358063715
12.510330335526
12.521814717741
12.532725662484
12.544036634865
12.928985791848
12.940601369925
12.951185623232
12.962926093329
12.975449574733
12.987005737639
12.999383679006
13.011433266814
13.024358402789
13.970556075532
13.977499310884
13.984986877963
13.993439738324
14.002873910949
14.012260557562
14.021847115047
14.031714392855
14.174924132704
14.181926948100
14.189542571206
14.197174946791
14.205060139205
14.213048446445
14.221109292714
14.229143663445
14.237218873964
14.245209596651
14.254407418665
14.262792838307
14.271769397895
14.310013525981
14.318461369463
14.326771207697
14.335190905484
14.343419050207
14.352046270947
14.360545723967
14.369427444556
14.378037805291
14.387008419550
14.396025257982
14.563314727355
14.572671800406
14.582160386582
14.592355115861
14.602537155443
14.612608476508
14.622947416821
14.633058034974
14.643138332644
14.653181531514
14.663468180575
14.674172224828
14.685505370635
14.780822915551
14.790726184721
14.801510789606
14.811905805764
14.823269236022
14.834832173448
14.874432045342
14.885112195369
14.896306579165
15.042649254518
15.049915206182
15.058285578311
15.066393123826
15.075218923084
15.083569086814
15.092585638801
15.101476440883
15.110788706800
15.119983715615
15.129618746161
15.138870052020
15.148837988599
15.158954913041
15.169630383404
15.180031695322
15.190291197135
15.200085385184
15.210024228171
15.219052985829
15.228841079007
15.238143294768
15.248313580997
15.257633060374
15.267827322692
15.277159419658
15.287201060927
15.296457572979
15.306269319229
15.423542234761
15.434227264184
15.445077068763
15.455844818842
15.467109326884
15.478283474290
15.489457919959
15.501149173595
15.512667883458
15.524082429601
15.535586874964
15.546748914507
15.558142259359
15.569318776400
15.580458973757
15.591711816737
15.604228044822
15.616460051766
15.746337970361
15.756269706828
15.766786326604
15.777757912446
15.788410792626
15.799455910356
15.810543724457
15.821436200704
15.832330165059
15.842793001567
15.853352191925
15.864022258812
15.874675150639
15.885363475935
15.895962317949
15.906848722018
15.917904021374
15.928956501378
15.939984325575
15.950765459590
15.961496152847
15.972192169159
15.982797164114
15.993506240125
16.004259545495
16.015456612534
16.027282404873
16.080694918360
16.090309650778
16.099541635004
16.108888054790
16.118562599981
16.129090800535
16.139231255179
16.150030466642
16.160545076767
16.171427561862
16.181905488198
16.192727280305
16.203790935353
16.215026754096
16.226835075941
16.237959965744
16.248832219776
16.259709640592
16.270702571287
16.281779514758
16.293050893833
16.303840860612
16.314663350710
16.325374994083
16.335377918359
16.345103907479
16.354711818623
16.364131400213
16.373295193806
16.440142935581
16.451704073698
16.462440023481
16.472982430489
16.484356421473
16.493426107646
16.502719609874
16.511491351451
16.520571083765
16.530249352171
16.539688080278
16.549519763583
16.560188981949
16.571107461499
16.582423772243
16.593709147198
16.605274101324
16.616229570223
16.627178081420
16.637849448902
16.649048480931
16.660141243837
16.671585309997
16.682803751438
16.694378224067
16.705399861304
16.717275255468
16.728144626457
16.739915255837
16.750930004768
16.762478913469
16.773582188966
16.785525027105
17.203998157947
17.214602423596
17.225876076489
17.236365208339
17.248732465052
17.259345392027
17.271718653989
17.283581517840
17.295983281678
17.307890011870
17.320370825431
17.332008932701
17.344648799291
17.356761394735

