Time_s
0.854483147935
0.862463442382
0.870546240570
0.878387880544
0.886189825113
0.893940820606
0.901412876712
0.908578252858
0.915522758159
0.922209753946
0.928431396681
0.934878192528
0.940741076652
0.946542141123
0.952674364864
0.958641575495
0.964396879123
0.970474507839
0.976704184224
0.983234380695
1.146436514019
1.153940170774
1.160930241077
1.168453315415
1.176153051455
1.184044460725
1.191990407929
1.199945009119
1.207908447965
1.215853290486
1.223759533122
1.231667738729
1.239536770164
1.247370676246
1.255181003251
1.262974965989
1.270809174127
1.278641607616
1.286560438535
1.294573838082
1.303008653680
1.471251858093
1.479990230362
1.488822538776
1.498203552760
1.509790848258
1.520241709259
1.531199364927
1.542408717219
1.554193189240
1.564491895523
1.577154647382
1.607936361182
1.611698249752
1.615303715420
1.618688725961
1.622225068617
1.625687007774
1.634354401314
1.638851806666
1.642459193250
1.646045517604
1.649497515085
1.652923747828
1.656348543178
1.659729340437
1.663242267665
1.666848297844
1.670138156660
1.673473569366
1.676482365283
1.679800887856
1.683054668877
1.686384740053
2.407869683245
2.418611563327
2.428772838951
2.437941542444
2.447462984437
2.456544082803
2.465415095841
2.474097336556
2.482615685002
2.490991486831
2.499216266707
2.507316934791
2.515394167466
2.523391527257
2.531989913040
2.706813972012
2.713281281965
2.719992423617
2.726780156131
2.733711851387
2.740795620708
2.747972042812
2.755377005270
2.763073499344
2.771040301941
2.779633677513
2.787300245233
2.794911566765
2.802373509291
2.809394438171
2.818012432666
2.831457889355
2.839113067757
2.846031341472
2.852884226037
2.860295447101
2.867786442044
2.875633807676
2.883431888452
2.892229256840
2.900235951919
2.979996596303
2.989547999412
2.999386483583
3.009198037537
3.018982056734
3.028779027026
3.038615034651
3.048477400754
3.058298428618
3.068182899060
3.078084566771
3.088047459047
3.098366317592
3.108455316255
3.118502542475
3.128629314299
3.138726051794
3.148828678443
3.158950448221
3.169105254407
3.179569636971
3.190135785304
3.200848248891
3.211757382437
3.223215136823
3.234912243618
3.247781758928
3.260300711809
3.271087446547
3.282124615648
3.293434197494
3.304651104973
3.315408742766
3.325957418840
3.336006712512
3.345713578046
3.355040060385
3.363843535749
3.372905554153
3.381665665140
3.390383263572
3.398919244226
3.407645764675
3.416406202624
3.587802885388
3.597423380839
3.607769249420
3.618327095990
3.629117057098
3.640189612888
3.651410190105
3.662818407384
3.674525984912
3.686268887418
3.697942196905
3.709723075689
3.721669817062
3.733878975997
3.746080729446
3.758573948149
3.770982073940
3.836530724649
3.849835050878
3.862219133996
3.874582090062
3.886813924270
3.898922841737
3.910964477175
3.923139870454
3.935613006736
3.948755022062
3.963081580956
4.057618363183
4.070082748555
4.082235548932
4.094303720181
4.106527276701
4.118650699280
4.275272748385
4.287663211796
4.300301968560
4.313514192176
4.326896830471
4.340281650183
4.352754369004
4.365307171872
4.377586231464
4.390527686997
4.554781550514
4.565467244966
4.576638805436
4.588179676154
4.599987800756
4.611926117479
4.624237013548
4.636814249989
4.649904988407
4.663079082210
5.677910972221
5.685949723320
5.694289890029
5.702267725557
5.710014296664
5.717587453646
5.725302302940
5.733197156471
5.741706404377
5.749519627592
5.757333258980
5.765065475863
5.772617108640
6.022357733087
6.030139059931
6.038098568680
6.046292265779
6.054572928604
6.062865836101
6.071187796256
6.079531745923
6.087806107928
6.096109738055
6.104366803958
6.112633872004
6.120918523291
6.129172664697
6.137418629552
6.145604701144
6.153821400971
6.162050387853
6.170313912271
6.178976307018
6.187122386311
6.195255773375
6.203312325716
6.211497504476
6.219806268607
6.227943852013
6.236216005008
6.244426923423
6.277790119892
6.285246173660
6.292834440279
6.300359168690
6.307919422932
6.315578278991
6.323515676453
6.331813712244
6.339916525228
6.347752039219
6.355427814176
6.462839085605
6.472196065443
6.481754943481
6.491321456721
6.500925151040
6.510504243031
6.520072749082
6.529677186098
6.539233459408
6.548713746102
6.558485739154
6.568852481705
6.579045275160
6.754491861177
6.764783343674
6.775606787447
6.787060192935
6.798810819680
6.810879858014
6.823206170792
6.835827308517
6.848575989654
6.861499613855
6.874542251127
7.034640366850
7.046873408172
7.059571666195
7.072363685198
7.085159469844
7.098231622640
7.111536824605
7.125051955352
7.146475446898
7.159607599354
7.172739232306
7.186167295126
7.199288954783
7.212090232604
7.224624286074
7.236887142681
7.785867587398
7.795650793060
7.806013770125
7.816622056016
7.827421831706
7.838226225733
7.849018846429
7.859756061149
7.870394357746
7.880876671878
7.891236689764
7.901489261542
7.911587463893
7.921451598061
7.931183408955
7.940805536943
7.950410026898
7.959865277491
7.969354864503
7.977979532535
7.988051089233
7.997845649893
8.147956371278
8.155786128142
8.164017056271
8.172438909908
8.181120135311
8.189918448953
8.421917354414
8.430393082499
8.438896108258
8.447539647718
8.456263169297
8.464955825780
8.473813637449
8.482844742174
8.492133845144
8.501588627739
8.511079933044
8.520695712968
8.530380303665
8.540088676849
8.549773325778
8.559331358443
8.568857751090
8.578416615187
8.589660867538
8.599293689208
8.609021985380
8.619128210356
8.629341723891
8.640067541677
8.649763743088
8.734107435576
8.744337448168
8.754628568476
8.765085620142
8.776848690438
8.788496688606
8.800576849459
8.813095528699
8.826242784152
8.838893268212
8.850397617814
8.860546601595
8.871730361828
8.881941570344
8.892988026758
8.904221605404
8.915407972527
8.926306728308
8.937069558913
8.948141926982
8.959168805295
8.970163608575
8.981005868994
8.991717650469
9.002635662183
9.013181957520
9.023929192677
9.034710811900
9.045603791940
9.217476290401
9.229895197698
9.242335726888
9.255281028708
9.268396377773
9.281218776703
9.293970187742
9.306729729928
9.319666477087
9.332615260698
9.345612186151
9.358680052540
9.371814761655
9.384960101519
9.398371435229
9.411457839535
9.992737917600
10.003245891491
10.014964982961
10.026277756337
10.037817047939
10.049527431851
10.060561606908
10.071809877205
10.082865202549
10.093799737326
10.104684029242
10.115270141077
10.125632085005
10.135905873493
10.146025190328
10.156396692250
10.166683565938
10.176867066423
10.186919443971
10.197035175596
10.207288495983
10.217169465836
10.226343178231
10.235356183102
10.244329431298
10.253512669049
10.262799615429
10.272162859515
10.281517163431
10.290812819616
10.300029953343
10.309227311000
10.318409796636
10.327655895986
10.336983023300
10.346445449286
10.356073940394
10.365037064535
10.374609376622
10.532000601673
10.540082126334
10.548395151961
10.557093202467
10.565946539297
10.574833855707
10.583602343029
10.592582485861
10.601838629655
10.611315419272
10.620895880090
10.630633822469
10.640586631917
10.650829129489
10.661354198568
10.672218651446
10.683357497197
10.694870435030
10.706864804281
10.719183894929
10.732199250986
10.975637889559
10.986979220184
10.998610227276
11.010525331952
11.022827387291
11.035655577561
11.048339746826
11.060992438664
11.073541236567
11.086232250723
11.099471822573
11.112335099397
11.125037527228
11.137707427885
11.150773864095
11.163600804634
11.176971965612
11.188677426475
11.199192116328
11.210824660634
11.222203376840
11.233624130071
11.245181466510
11.256900250476
11.268774912376
11.294916110759
11.306952334783
11.319044162784
11.331046248708
11.343463460777
11.356335616052
11.369513431394
11.438607377333
11.452075849795
11.465164852542
11.478169004805
11.490216632855
11.501916484731
11.514161366767
11.526185710342
11.538455053689
11.550892505401
11.563737861816
11.576732948436
11.589965152392
11.603108857002
11.718873349740
11.723210312627
11.727589023540
11.732636126814
12.756867741205
12.768062665685
12.779785147607
12.791412274256
12.802900117210
12.814309081535
12.825599416423
12.836783725421
12.848063122087
12.859323141077
12.870567767598
12.881844924252
12.893110602538
12.904310223438
12.915399677344
12.926656019081
13.062790583864
13.072437989102
13.082537077497
13.093098598911
13.103561242804
13.114068909808
13.124682451089
13.135327646198
13.145948818734
13.156518003974
13.167071607416
13.177648444218
13.188253833430
13.199024081204
13.209827358679
13.221962337814
13.233341711282
13.244257084202
13.254824999442
13.265919707271
13.277254221116
13.289026358940
13.415080959524
13.424163010389
13.433922917389
13.444137848509
13.454370559867
13.464599950995
13.474893511109
13.485098931401
13.495191185858
13.505250466506
13.515153180606
13.524961853139
13.534789989243
13.544633369479
13.554526219261
13.564700166510
13.575069423980
13.585142344048
13.595091182514
13.605048786115
13.614855742091
13.624831969868
13.696650858027
13.706127079511
13.714558356864
13.724809346366
13.735282263552
13.745971907235
13.756840429300
13.767863871129
13.778909587838
13.790002392620
13.801241770246
13.955709150348
13.966158046265
13.977585568232
13.990226823696
14.154070147412
14.159363477956
14.165811968809
14.172566316299
14.179290016144
14.185805728118
14.192432327417
14.199291660722
14.206114905134
14.212971866068
14.219942356197
14.227030260252
14.234232761705
14.241548153685
14.248967985370
14.256459572383
14.263948104631
14.271477920382
14.279049529786
14.286618130566
14.294181217853
14.301760758133
14.309421855573
14.317581670927
14.325654718069
14.333733588509
14.341737495420
14.349288742471
14.357185523974
14.364388200575
14.372452274512
14.406036695215
14.413173300138
14.420369788133
14.427745952674
14.436372443843
14.444256035310
14.452581755225
14.460697184142
14.468725965053
14.477059817998
14.485456226190
14.493973285175
14.502768092358
14.512133586309
14.521716864305
14.531009677077
14.540335680614
14.550025879587
14.560006424490
14.569391017177
14.578586738030
14.586056905840
14.593755033514
14.601698599340
14.609895288796
14.618152016553
14.626374781106
14.634569096847
14.642735667275
14.650886900049
14.659374053236
14.668083579327
14.676734322788
14.685438950177
14.694888003583
14.703572079610
14.712351522329
14.721290351299
14.730630586510
14.739806155902
14.748819908693
14.852006316790
14.860889394579
14.870383515472
14.879961854346
14.889515572268
14.899086298894
14.908660549433
14.918258877899
14.927913089608
14.937539165216
14.947120698801
14.956745686789
14.966489354930
14.976380416467
14.986377962655
14.996489377501
15.006488605639
15.018892870042
15.028828738892
15.136941919864
15.146831845434
15.157508294263
15.168419688730
15.179874902870
15.191711141004
15.203682799184
15.215992314318
15.228461935649
15.241014970772
15.253658455075
15.266372893985
15.279123629665
15.291951250548
15.459309422289
15.472055518521
15.485178995496
15.497710980391
15.510400918639
15.522369006738
15.534101321292
15.546387163868
15.559405815152
15.571516008223
15.583798548252
15.594842626393
15.688547826489
15.701805786330
15.714981238304
15.728326160332
15.779234131311
15.786092631512
15.792949368915
15.798554955433
16.846623155358
16.855907369199
16.865220115159
16.875188363510
16.885103431894
16.890088063300
16.894964824834
16.899568575017
16.904147122239
16.933569049011
16.942261268949
16.951616627805
16.961941508129
16.973154634238
17.127593369759
17.134887582606
17.142275674126
17.149551436659
17.156732661988
17.163892704325
17.171066975005
17.178309167312
17.185720469311
17.193551615310
17.201539669344
17.211319646014
17.218976894127
17.226008695248
17.233413111001
17.240492304422
17.248031010714
17.255934084101
17.262848018474
17.270295885031
17.277272126315
17.284769376971
17.330795793510
17.337851516757
17.345201047937
17.352699674163
17.360243231495
17.367853279180
17.375467817542
17.383123664559
17.390824390352
17.398614825389
17.406460765561
17.414399783392
17.422563625060
17.430862264922
17.573076454933
17.579476863314
17.586878629276
17.594342259815
17.601871920902
17.609432665034
17.617006546618
17.624620689686
17.632265754312
17.639921496377
17.647575384009
17.655245788979
17.663000182408
17.670858291339
17.679035269260
17.687104316903
17.695317084362
17.703635160322
17.712073367115
17.720690343359
17.729529110271
17.738860998049
17.748392664113
17.819281524170
17.828408449463
17.837570801850
17.847351631651
17.857586284627
17.867245428953
17.876931616512
17.886655597691
17.896563502784
17.906569556846
17.916511979216
17.926313836201
17.936264371795
17.946405697106
17.956799316465
17.968602899515
17.978814759111
17.988929326204
17.999454970388
18.009838157071
18.091002398935
18.097721175061
18.105352941575
18.112833965748
18.120294173817
18.127714934247
18.134991244661
18.142158064481
18.149229321081
18.156181349703
18.163073581349
18.169862799121
18.176614453627
18.183370409816
18.190102296157
18.196820240164
18.203523806368
18.210210951165
18.216907572292
18.223616576793
18.230372376517
18.237197151997
18.244126588156
18.251212355149
18.258504694092
18.265930142758
18.273521249806
18.281322101376
18.289252689565
18.297390883862
18.305770975057
18.314157680093
18.322759812929
18.331387094407
18.339994405030
18.348663730495
18.357321341096
18.366011561600
18.374726349816
18.383466364667
18.392217374001
18.401120136935
18.410165862528
18.419522266368
18.428772139018
18.437861748602
18.447165096764
18.456646656126
18.466273729121
18.476824986476
18.487620547238
18.498693357178
18.510911157080
18.522647750389
18.549302447173
18.560556910269
18.572326844792
18.584292118329
18.596380790545
18.608685826517
18.621146656682
18.633581426563
18.646021848467
18.658484947999
18.671066259696
18.683776770323
18.696510133587
18.709173345093
18.721683185464
18.734157852966
18.746508353673
18.758851570586
18.771499142338
18.784451901164
18.797315570184
18.810094595757
18.822531400447
18.833422698074
18.846073386607
18.954993288052
18.966273511420
18.978041708959
18.990300549286
19.004782332329
19.017656059182
19.029225435480
19.041492721715
19.053733995422
19.066450454508
19.079181018799
19.091842976092
19.104499673992
19.116977230366
19.128815705778
19.140367951830
19.151772281238
19.163048609342
19.174211150171
19.185256226621
19.196198015061
19.207259504982
19.218548978586
19.229963920263
19.241279019163
19.252555485283
19.263806560006
19.275080820448
19.286323338043
19.297489295364
19.308715950711
19.319815544364
19.331203552163
19.343255628996
19.355649956390
19.367853020645
19.379708620832
19.405470470535
19.416158262895
19.426340433932
19.437074289715
19.448164456706
19.459196899882
19.470215738414
19.481178951194
19.492120496221
19.503096582662
19.514138519985
19.525316102557
19.536891752147
19.548462566698
19.559689804862
19.570907107382
19.582122710459
19.593379966021
19.604617592109
19.615904176814
19.626946858290
19.637804963287
19.647750814185
19.657914086759
19.668001670217
19.677882093811
19.687468331131
19.696764771720
19.705974362503
19.715092585520
19.724161313596
19.733347403362
19.742602391268
19.751409656263
19.760650156219
19.770111066312
19.779334290404
19.788471549303
19.798106916982
19.807882814177
19.817531440728
19.826759295352
19.835835077047
19.844655590252
19.853398729112
19.862051639623
19.870606696961
19.879225262958
19.887917756610
19.896615490773
19.905350705240
19.914245802947
19.923248893414
19.932393804891
19.941733476403
19.951217009574
19.960803816508
19.970724374807
19.980828038201
19.990988317073

