Time_s
0.410094390849
0.416871346411
0.424031077024
0.431108670807
0.438145493673
0.445197997580
0.452234579092
0.459261042619
0.466317128370
0.473369560209
0.480433069322
0.487468952674
0.494450131579
0.501358672323
0.508227418778
0.515059648198
0.521858563867
0.528639768694
0.535404566695
0.542144384569
0.548908490449
0.555817223274
0.562969468206
0.570121487444
0.577182373096
0.773807982503
0.782205925181
0.790657829740
0.799272654171
0.807966403888
0.816719431545
0.825546453940
0.834380268961
0.843249130610
0.852118362821
0.861016920123
0.869833179219
0.878661394692
0.887325566456
0.896169471992
1.130330806122
1.141004865802
1.151844549467
1.163119821781
1.174202015223
1.185482650911
1.196878985329
1.208726535567
1.220557416610
1.232421698967
1.244499326946
1.256621123976
1.268821205214
1.281131153143
1.293403651097
1.305630272883
1.317737498087
2.130389480713
2.139571980350
2.148956206867
2.158382955712
2.167755944606
2.176910263345
2.185779874651
2.194472679264
2.202938554702
2.211274073002
2.219418191282
2.227401457028
2.235441727012
2.243942344514
2.444921861767
2.452689586438
2.460545381709
2.468603493840
2.476810045053
2.485146361089
2.493567920567
2.502091980766
2.510883760416
2.520292558776
2.529367873963
2.538512887575
2.547691047450
2.556877361979
2.566065453316
2.575489282446
2.585111736377
2.594914104572
2.605522474700
2.615879971037
2.626291575592
2.637041826203
2.647973273943
2.659219803670
2.670837781102
2.682876449262
2.704776136318
2.714796403788
2.724627747378
2.734664882872
2.744550531468
2.754394467282
2.764122648903
2.773787248150
2.783325669637
2.802503211546
2.811607315046
2.820569113124
2.829382014815
2.837974225754
2.846458075692
2.854814670610
2.863008005550
2.871137956835
2.879229112002
2.887284432518
2.895287971612
2.903357449414
2.911374721048
2.919441781897
2.927487808252
2.935537554498
2.943606088735
2.951660852169
2.959769582065
2.967933924708
2.976131101456
2.984374032128
2.992737528430
3.001119331538
3.009794854514
3.018591609059
3.027424159154
3.036208239696
3.044861044736
3.053432334404
3.061929580892
3.070529878546
3.079141523396
3.087872279430
3.096669741171
3.105523277088
3.114429882425
3.123373464981
3.132294759410
3.141225889345
3.150145676109
3.159108098984
3.168044829987
3.176989667608
3.185984554838
3.384341546556
3.392798386385
3.401380274595
3.410350853024
3.419459416390
3.428807357347
3.438275270718
3.447833359243
3.457440493881
3.467055419639
3.476607147373
3.486173383155
3.495653998427
3.505117426989
3.514525024343
3.523847554141
3.533219675151
3.542469032450
3.551800537863
3.561136682260
3.570531293521
3.579998331364
3.589780663702
3.599810116434
3.641954574759
3.651794374402
3.661599098452
3.671510464368
3.681754534617
3.691883489895
3.702047312214
3.712272949069
3.722308721606
3.732479024661
3.742637017854
3.752855703853
3.762966321704
3.773049889976
3.783056137649
3.907567916602
3.916401873874
3.925752928876
3.935862638818
3.946139827862
3.956433016611
3.966794721274
3.977229976004
3.987571871554
3.998085834198
4.008591573917
4.019784001607
4.125689147055
4.135155141488
4.145499922602
4.156399923146
4.167663437037
4.178435340148
4.189046085136
4.199704590104
4.210447672179
4.221068898280
4.231602736169
4.241918931697
4.252216553614
4.262691741062
4.273270376367
4.459977470606
4.467013402846
4.474461715412
4.482007236213
4.489754333445
4.497743016692
4.505991739007
4.514519370154
4.523346431809
4.532616685158
4.542530438885
4.553028428285
4.564186279541
4.575614963193
4.587604050824
4.599847646146
4.612405067211
4.624885648524
4.637416317876
4.649896654313
5.527607872320
5.534576985748
5.542102970368
5.549609337508
5.557088615304
5.564478512527
5.571900996648
5.579417138066
5.587314026235
5.595709263744
5.604563997433
5.930794880579
5.938813182764
5.947486701240
5.956378944955
5.965516132420
5.974709100883
5.984052310615
5.993459195105
6.002879664000
6.012354348292
6.021821350092
6.031182906955
6.040377679445
6.049654351864
6.058881377102
6.067932868596
6.076966035644
6.085897375154
6.094779668147
6.103663813562
6.112510599074
6.121281087019
6.130034615298
6.138685189897
6.147368191031
6.156071525983
6.164839347929
6.173621170404
6.182399998983
6.191444287136
6.200783951834
6.210446011475
6.220181371208
6.349960151556
6.359947880281
6.370170741841
6.380763151881
6.392815423783
6.548392542691
6.556274546607
6.564693879477
6.573175642679
6.582574204623
6.591917193888
6.601326456502
6.610694610417
6.619947878329
6.629097409131
6.637983094346
6.647232483604
6.959307212829
6.967739367080
6.976361216757
6.985018163398
6.993724283708
7.002677450890
7.011756901149
7.020981571782
7.030337169891
7.039717756073
7.049219898338
7.058755586769
7.068310154499
7.077786073462
7.087200794406
7.096730266052
7.106451767417
7.117736153494
7.129388633436
7.215628783477
7.225166075453
7.235755794870
7.245310667917
7.255861995699
7.267074986742
7.278492975377
7.290375237059
7.302453482694
7.315143644414
7.327838622396
7.340586710639
7.353386908871
7.366365695089
7.379375267895
7.392372157150
7.405155038082
7.417785929877
8.231275917995
8.240552577416
8.250016744128
8.259558992114
8.269217952172
8.278794314927
8.288572275454
8.298262425886
8.307925292972
8.317606692185
8.327186039811
8.336765191977
8.346285761204
8.355734739374
8.365265736933
8.374790057026
8.384305406884
8.393640139578
8.402925382477
8.412061441767
8.421194032685
8.430243123520
8.439106420426
8.447932192901
8.456674616640
8.465307026727
8.473877882947
8.482394620442
8.490833890198
8.499330034153
8.507888686231
8.516447725939
8.525079956327
8.533790838067
8.542478511893
8.551234142597
8.559917581691
8.998290801071
9.005610099640
9.013589862184
9.021578849420
9.029646775754
9.037640537107
9.045520729417
9.053298893517
9.060930843089
9.068424623671
9.387422138695
9.395396227030
9.404266190374
9.412937040792
9.421609385210
9.430165402230
9.438757322087
9.447482810937
9.456215235051
9.465080325586
9.474217921178
9.483386063814
9.492828629040
9.502264735812
9.511883705684
9.521571958184
9.531284912768
9.541050933240
9.550844134215
9.560684548232
9.570666938368
9.580622193050
9.590559354407
9.600367820111
9.610164414428
9.619852981852
9.629553931603
9.639153230115
9.648659741115
9.657986498601
9.667515708550
9.677735837315
9.687406460371
9.697018330896
9.706547251469
9.716109803608
9.725704078449
9.734984079141
9.744283626727
9.753575631445
9.763125093147
9.773006122807
9.782984053978
9.792564442855
9.802239084229
9.811722317815
9.821181772953
9.830558499690
9.840124687882
9.850095950658
9.860285031931
9.870821079982
9.881464057576
9.892191305455
9.902800250770
9.913483041340
9.924343786071
9.935458579822
9.947030448161
9.958822608630
9.969915798282
9.979620121651
9.989243000091
9.998888775574
10.008625034349
10.018365549535
10.028047480301
10.037708131872
10.047503250952
10.057334813470
10.067289159168
10.077153271382
10.087149634406
10.097089677550
10.107063733926
10.116971192754
10.126838365907
10.136892071246
10.147030071197
10.157496393590
10.318168946049
10.329058021629
10.340226034673
10.351819903986
10.363771950932
10.375753380974
10.387954765263
10.400320550782
10.412781805155
10.425294061367
10.437858055555
10.450487242373
10.463209782948
10.475861151938
10.488472000202
10.500983457571
10.513504481777
10.525748354603
10.538120808780
10.550404837570
11.113436031484
11.123310991916
11.133274264665
11.143897078374
11.153776838368
11.163658014911
11.173559380538
11.183406591039
11.193261990364
11.203071903951
11.212847734316
11.222583330835
11.232243193012
11.241803175092
11.251363496784
11.260791203708
11.269585012907
11.278744707460
11.287918690880
11.297050188924
11.306169945803
11.315152605754
11.324036525229
11.332920863429
11.341695258728
11.350422059462
11.359108739991
11.367748217406
11.376334331424
11.384992788510
11.393675945168
11.402837965046
11.412737166784
11.422579200284
11.432607375466
11.442744363290
11.452268219054
11.461131687964
11.470071953581
11.478995777253
11.488247256890
11.497678585529
11.507254202671
11.516923606410
11.526578328437
11.536416757614
11.546444763066
11.556816237985
11.567399778664
11.740088135668
11.749519924742
11.758536096209
11.767578253930
11.777121788409
11.786714527307
11.796454990264
11.806348262770
11.816433282691
11.826563049580
11.836665777474
11.847032840361
11.857204723224
11.867502448693
11.877697321013
11.887879276076
11.898038397460
12.080088335397
12.090708573997
12.101458396931
12.112327394892
12.123237113386
12.134166692491
12.144930658544
12.155535690775
12.166022518764
12.176533863734
12.187146302870
12.197937929091
12.209422020099
12.221079345166
12.233030559787
12.245438266211
12.257956735030
12.270363338909
12.280462503984
12.290826578675
12.301224471719
12.311976389538
12.322871692404
12.334007126285
12.345084648741
12.356250992583
12.367420812287
12.378503555447
12.390548862942
12.402056210717
12.413506468093
12.424296377445
12.434756567698
12.445317948335
12.455709515006
12.466160286664
12.476482507329
12.486762728236
12.497015048267
12.507781487507
12.518268749986
12.528686181540
12.539210387884
12.549572602930
12.559728842951
12.569308413387
12.577059839553
12.584390923075
12.591706039621
12.599206610439
12.606620788317
12.613982258432
12.621321853378
12.628632859827
12.635913228399
12.643164322246
12.650392655885
12.657707730832
12.665112756495
12.672659664829
12.680483802298
12.688560797069
12.715639697901
12.726161665812
12.737333221659
12.749095973134
12.761075295182
12.773291862287
12.785662831823
12.798960534033
12.811709270043
12.824337386905
12.837130990174
13.504468302828
13.513063971396
13.522356165477
13.531369889798
13.540451460690
13.549406700286
13.558393491848
13.567360527577
13.576290460739
13.585234340035
13.594162983682
13.602992671103
13.611695617215
13.620714846599
13.629651341493
13.638422378109
13.647176401350
13.655808466520
13.664302878157
13.672609282428
13.680796014614
13.688870859935
13.696792653601
13.704632099246
13.712302336981
13.719865074140
13.727301018645
13.734576655480
13.741671767349
13.748555102663
13.755821426585
13.763119802585
13.890658655956
13.897833115563
13.905659494446
13.913682483055
13.922039152073
13.930660527535
13.939522917184
13.948567070265
13.957921572617
13.967545769893
13.977773764220
13.987392408211
13.997157071456
14.006899069999
14.016802451585
14.026722565957
14.036759450405
14.046840728676
14.057003796993
14.067140606205
14.076939940150
14.087232418895
14.097616514122
14.107952490370
14.118287134812
14.128601014527
14.138806195504
14.148942634327
14.158946054477
14.168984062331
14.178979042284
14.188992133446
14.198922706860
14.208929005585
14.219037775369
14.229594058651
14.240108403145
14.250722159844
14.261013703362
14.270841194079
14.280635247466
14.294361811504
14.298192813063
14.302101838893
14.305864022168
14.309547958782
14.313164927559
14.316699117085
14.320185302977
14.323465025153
14.414730690554
14.425238868790
14.435869822402
14.674069125548
14.682910254060
14.691413672987
14.699893617138
14.708216008356
14.716683606350
14.725354281813
14.734073117411
14.742820575530
14.751617261912
14.760415024376
14.769288233941
14.778048819323
14.786813873597
14.795515795810
14.804137693490
14.812675491058
14.821181446311
14.829629644989
14.838109408508
14.846567567539
14.854930110870
14.863245056398
14.871582367465
14.879968129397
14.888374933784
14.897083703446
14.906502165945
14.914816434192
15.078708469625
15.087862471897
15.097528145964
15.107278449368
15.116815150658
15.126401187323
15.135900572946
15.145181886599
15.154395519503
15.163256809482
15.172099481729
15.181634332879
15.333723038967
15.341394223833
15.349696479045
15.357903269345
15.366279481791
15.375395565859
15.384994583184
15.394767026011
15.579218329024
15.588781336108
15.598843937046
15.608298683583
15.618031072849
15.628589016665
15.639455420228
15.650657984016
15.661995300745
15.673312744443
15.684651571024
15.695809368604
15.706829340868
15.717559517815
15.728311473116
15.738539587875
15.748341866548
15.757829165631
15.767571280802
15.778200326895
15.788780754696
16.108629122594
16.119255875497
16.129115237494
16.138921416002
16.149111795340
16.159161645885
16.168988732717
16.178560091589
16.188126031164
16.197732645870
16.207258658837
16.216864679994
16.226556378927
16.236411182078
16.247168029477
16.257374017514
16.267629006670
16.278256460155
16.289120930199
16.300307942380
16.311853239473
16.323777429369
16.335973863115
16.385005114126
16.394314647806
16.403709762384
16.413669869701
16.423880738552
16.434095629750
16.444249442055
16.454374631842
16.464302274837
16.474285349578
16.484280831905
16.494756156235
16.504796084024
16.514565162020
16.524194608123
16.533643103558
16.543094198143
16.552600043671
16.561982987946
16.742878193551
16.751294063071
16.760032809878
16.769132693148
16.778324649264
16.787495878940
16.796677517329
16.805976452505
16.815406316429
16.824832912742
16.834300866228
16.843792993000
16.853177305260
16.862410844073
16.871549248588
16.880655071783
16.889404375394
16.898208199764
16.907948106082
17.070064128927
17.076983116561
17.085278296588
17.093747423796
17.102525614339
17.111715189735
17.121399189667
17.131473908419
17.142017880995
17.152627980975
17.163286023056
17.174155621941
17.184974854493
17.195656740090
17.206413699876
17.217143320538
17.227742130721
17.238127597706
17.248365445861
17.258378151231
17.268241153343
17.278034072463
17.287722601169
17.297415910219
17.307235304598
17.316927938417
17.326796514200
17.337316909144
17.488841004363
17.496567382042
17.505263242135
17.513978282929
17.522797792347
17.531617333412
17.540585897872
17.549543516037
17.558421744710
17.567119312319
17.575695433751
17.583999725854
17.592167991884
17.600188189982
17.608262400154
17.616976299846
17.626293556972
17.748087656510
17.753171021036
17.758482083780
17.764244046544
17.770152116821
17.776167752881
17.782331852702
17.788571883796
17.795023016363
17.801621525119
17.808493436056
17.815705376756
17.823383748165
17.831547002721
17.840306122449
17.849586010146
17.859385990034
17.869749035860
17.880668605528
17.892166224647
17.905004469631
17.916925495234
17.929629355477
17.942622657937
17.955933918324
18.696763035683
18.704826844386
18.713294826347
18.721907297954
18.730763035935
18.740157188912
18.750695064548
18.762482044864
18.842059420144
18.851665581260
18.861773893509
18.872010556222
18.882289226007
18.892545718751
18.902767925407
19.117657367419
19.123251917800
19.129921318736
19.136783892718
19.143639997885
19.150482835540
19.157320179734
19.164184428617
19.171089833733
19.177922539706
19.184969648821
19.192581499630
19.200355526605
19.208722318981
19.374093160305
19.381010729328
19.388326244220
19.395751962600
19.403276895174
19.410858780681
19.418432760570
19.426054723932
19.433740079362
19.441417168558
19.449132755438
19.456887327233
19.464712520988
19.472545327265
19.480414442475
19.488334919957
19.496325106160
19.504273277940
19.512384380148
19.520606942695
19.528683367520
19.786160546845
19.793426589448
19.800248604135
19.807938849368
19.815657471167
19.823664218045
19.831746177822
19.839801097880
19.847915117743
19.856121002950
19.864377847735
19.872703120312
19.881019928499
19.889337563993
19.897706511939
19.906083423154
19.914477859573
19.922884734372
19.931226397282
19.939699127666
19.948007573569
19.956324184050
19.964620693385
19.972896886435
19.981182087377
19.989430694127
19.997623785369

