Time_s
0.312643732533
0.318216539858
0.324382236027
0.330636798388
0.337627369311
0.344683330648
0.351872058591
0.359020675869
0.365991667200
0.372736636279
0.379330474561
0.385853329850
0.392368971738
0.398879621142
0.405431919560
0.412023114866
0.418675957065
0.425515505059
0.432518159739
0.439749563149
0.447255463349
0.454709267333
0.588411486286
0.594874614902
0.600831888473
0.607581580401
0.614447370887
0.621408855264
0.628415182680
0.635419611441
0.642454255125
0.649470387905
0.656527238590
0.663595899272
0.670684351617
0.677775108630
0.684892429028
0.692052739571
0.699245823488
0.706434693422
0.713645375240
0.720876462019
0.728162515013
0.735490449357
0.742887028898
0.750339269742
0.757953806061
0.765941087823
0.774397038057
0.978079448460
0.985032488436
0.992445346403
0.999749259219
1.007230861065
1.014804416840
1.022447703760
1.030248776907
1.038205945559
1.046135561280
1.054215651766
1.062445834460
1.070926576719
1.079635154450
1.088508573328
1.097623043524
1.106966183488
1.117273211066
1.127646838846
2.030634034591
2.038463973436
2.046886668388
2.054796835707
2.062209268933
2.069566874828
2.076887121339
2.084205841033
2.091391889159
2.098551463006
2.105825412720
2.113131542070
2.120375136269
2.127549011648
2.134693327657
2.141777288843
2.148722016769
2.155578153331
2.162415270127
2.169306656829
2.176376315293
2.184058911848
2.345806160499
2.352076469480
2.358799286885
2.365759001078
2.372800058558
2.379871860922
2.387024417057
2.394230510708
2.401477417877
2.408769879758
2.416090355596
2.423418806010
2.430755379690
2.438119784359
2.445492111892
2.452893255383
2.460371634916
2.467942646460
2.475785451569
2.483746124173
2.491776291708
2.499963362932
2.508216759462
2.516501884277
2.524925868038
2.533611214794
2.542740367063
2.608217209009
2.614693340403
2.621878672159
2.629183301133
2.636483432605
2.643750081026
2.651004914411
2.658450296324
2.665857919978
2.673276815187
2.680713401791
2.688128703062
2.695532431307
2.702930163037
2.710400037404
2.717855975815
2.725351193162
2.732776039055
2.740190282524
2.747534701482
2.754853469363
2.762214937593
2.769625002563
2.777124024536
2.784678549488
2.792262875665
2.799974634730
2.807764405754
2.815735779166
2.823788083077
2.831939003249
2.839906190215
2.847785517783
2.855581641945
2.863208778970
2.870770286894
2.878295633890
2.885758050650
2.893134459700
2.900442506761
2.907706093658
2.914986274071
2.922310279433
2.929683798454
2.937129055587
2.944639760799
2.952237382541
2.959887730767
2.967611001126
2.975474070024
2.983626902218
3.139398671003
3.146526253607
3.153429221905
3.160850490699
3.168289644021
3.175725831718
3.183222303401
3.190712104956
3.198208281603
3.205708293521
3.213271708431
3.220889767456
3.228611853260
3.236355211174
3.244100206633
3.251891541553
3.259670569187
3.267481766725
3.275306225588
3.283192623574
3.291141074500
3.299185673820
3.307309932099
3.315744761032
3.324757923912
3.334305113034
3.377509075317
3.386761994645
3.395711465922
3.404164666634
3.412281583777
3.420094728595
3.427824230935
3.435548905735
3.443432799138
3.451284390147
3.459133162996
3.467015812270
3.474914113019
3.482808920480
3.490646789738
3.498406788126
3.506061893060
3.513641087426
3.521176930308
3.528672805801
3.536087949071
3.543615944932
3.551547444231
3.559425951210
3.567102517244
3.574727110430
3.627423344388
3.634395894715
3.641055103497
3.648042077465
3.655249360443
3.662857314765
3.670452192892
3.678302573998
3.686187865584
3.694131476201
3.702149503292
3.710252964699
3.718321526482
3.726383437939
3.734433219629
3.742476557396
3.750461423204
3.758445830395
3.766497700293
3.774669021250
3.783031233527
3.792121292762
3.887318639727
3.893377652474
3.899865590420
3.907033727364
3.914261277301
3.921857122971
3.929581625905
3.937682263134
3.946013131140
3.954492878838
3.963135792302
3.971726319433
3.980147342607
3.988265343626
3.996375387933
4.004423007143
4.012635752590
4.021195568394
4.030087205478
4.202763046837
4.209662677942
4.216741048435
4.224293042006
4.231934746679
4.239743541125
4.247685142949
4.255711866432
4.263839257228
4.272161209975
4.280631416018
4.289189137437
4.297956045970
4.306690400819
4.315553090066
4.324725566037
4.334068536536
4.343460986176
4.352909019725
4.362599213743
4.372476104148
4.382623494057
4.392769030614
4.402833406204
4.412970839308
4.423055953761
5.217630459343
5.222368713685
5.227153706269
5.232295654951
5.238057615167
5.244153813665
5.250495438007
5.256818246125
5.263152957950
5.269659427628
5.276454954164
5.283354573045
5.291735506386
5.519232566984
5.525282667336
5.531813166966
5.538510394455
5.545336355289
5.552200265136
5.559007567928
5.565803966226
5.572775517723
5.579651832310
5.586530982967
5.593351544118
5.600213929352
5.607021704659
5.613882796633
5.620808630734
5.627742049583
5.634692038801
5.641686575541
5.648669864505
5.655575948278
5.662529375120
5.669504640774
5.676501572243
5.683528747538
5.690592571881
5.697677247821
5.704790328835
5.711953097821
5.719120329615
5.726374550392
5.733735268774
5.741257830235
5.749169176902
5.757374359919
5.765609530010
5.774119772149
5.783005500079
5.791837303648
5.800379153578
5.809054633326
5.817454743461
5.825650114714
5.833625175900
5.841623879398
5.849733955523
5.858247174205
5.867153818696
6.016958020658
6.023337200222
6.029886933500
6.037125620250
6.044112693517
6.051337972420
6.058543715815
6.065772430553
6.073009896275
6.080287346835
6.087540437894
6.094749474190
6.101966800825
6.109145622407
6.116352867116
6.123457944578
6.130612981013
6.137829828466
6.145356678103
6.336921070655
6.350021913004
6.357340505725
6.364030923454
6.371316288731
6.378731457610
6.386259105398
6.393908820424
6.401637879507
6.409448768955
6.417294580876
6.425219059767
6.433139965982
6.441028076472
6.448901581053
6.456632075695
6.464215049812
6.471842498096
6.479497856340
6.487134415702
6.494948016031
6.502958344116
6.510682803303
6.614347867644
6.621943547219
6.629291560575
6.636763309238
6.644230301400
6.651800611271
6.659462123951
6.667204212554
6.675024843485
6.682872164703
6.690704429179
6.698567581659
6.706366067280
6.714230560045
6.722006241977
6.729699285181
6.737357599821
6.745019980183
6.752574701389
6.760033176212
6.767533985772
6.774887513479
6.782200783154
6.789368594171
6.796483533505
6.803595563676
6.810590564573
6.817619947576
6.824794959239
6.832104711004
6.839501157877
6.846974903823
6.854603982292
6.862379951365
6.870051071601
6.877696872129
6.885426914067
6.893313342064
6.901864778643
7.849690496384
7.855749073974
7.863231296960
7.870369851944
7.877886513505
7.885273883952
7.892723837712
7.900112275144
7.907482729518
7.914814376939
7.922042448294
7.929200170463
7.936295155374
7.943372752612
7.950423989830
7.957451480327
7.964495566359
7.971556072844
7.978608666568
7.985635960853
7.992644338374
7.999608256824
8.006514681968
8.013395531957
8.020266593606
8.027140174521
8.034048617008
8.041019857524
8.048088686154
8.055441068213
8.063219586640
8.070282560663
8.077026635687
8.084113403984
8.091195255905
8.098401285703
8.105453719700
8.112528226062
8.119442897362
8.126813492830
8.133849267680
8.140966640683
8.212345729498
8.218344464331
8.224434784846
8.230716668361
8.237004586241
8.243367984702
8.249840219552
8.256540557927
8.263527736141
8.271624080267
8.539046005512
8.545489340108
8.552889444539
8.560013258528
8.567293382794
8.574497444529
8.581763318017
8.589074918683
8.596447249924
8.603839931058
8.611255212828
8.618671114458
8.626106214226
8.633514257063
8.640894817514
8.648257575015
8.655593516457
8.662942295806
8.670304337290
8.677636017658
8.684968299934
8.692315099378
8.699651945716
8.706990437259
8.714415065854
8.722027763648
8.730440671046
8.738372107213
8.746164628971
8.754214089557
8.762344692311
8.781415676416
8.790542868103
8.799461744032
8.807692968392
8.816066222389
8.824156363275
8.832182478363
8.840045074248
8.847860966510
8.855765463843
8.863880527799
8.872640854224
8.881432029307
8.890178729543
8.899023420559
8.907944472985
8.916894506647
8.925566760612
8.934266439025
8.942789093980
8.950784040204
8.958194218952
8.965973409704
8.973643314970
8.981264199318
8.988976876393
8.996450987545
9.003869847166
9.011412748810
9.018865716177
9.026406443881
9.033954906068
9.041569252656
9.049168757432
9.056736345334
9.064256827556
9.071822031527
9.079429989596
9.087082866882
9.094723143783
9.102571619892
9.110676029308
9.118409250285
9.126056888824
9.133843459779
9.242645443802
9.250120783450
9.257468466399
9.265115046679
9.272808854281
9.280680811114
9.288667324083
9.296724633056
9.304895235026
9.313002167042
9.321089145785
9.328969954059
9.336902127809
9.344804297144
9.352677720826
9.360495031772
9.368228394692
9.375914286500
9.383625067760
9.391345772404
9.399017844504
9.406618331156
9.414124610483
9.421519649107
9.428897749317
9.436129136744
9.443339340974
9.450432933559
9.457513842351
9.464544432110
9.471568674621
9.478562719840
9.485459547791
9.492382568972
9.499309356564
9.506481731617
9.513987254507
9.521875761591
10.327509746119
10.335203608842
10.344519714671
10.353505203663
10.361816656003
10.370109953387
10.378137393012
10.386163476831
10.394010965181
10.401804840226
10.409590450799
10.417289206267
10.424760082901
10.432067297531
10.438900399121
10.445795620940
10.452706393566
10.459532333578
10.466366073030
10.473223260114
10.480171806830
10.487194738251
10.494246768355
10.501249093063
10.508219860243
10.515108556549
10.521957449788
10.528768360201
10.535582968781
10.542408721879
10.549300993221
10.556292808639
10.564229188196
10.571013949196
10.578255201896
10.585449656569
10.593030222730
10.600633480189
10.607973954624
10.615487236029
10.622679623138
10.629895348962
10.637201478098
10.644624895795
10.652208844665
10.659962814548
10.667829895018
10.675812217658
10.683851512791
10.691904969515
10.700123186061
10.708556397031
10.717193050134
10.725854734357
10.734847536391
10.901837011440
10.909180930457
10.916048847505
10.922582752591
10.929643748788
10.936737836024
10.943948475725
10.951132573241
10.958342026155
10.965561579666
10.972817142919
10.980105326203
10.987483378513
10.994863028391
11.002205415686
11.009580151319
11.016929181127
11.024244665188
11.031466001178
11.038619238104
11.045766760305
11.052929063539
11.060029863244
11.067126919055
11.074191379919
11.081228437408
11.088333941988
11.095756944604
11.103114419888
11.110504048337
11.117629473799
11.124836251939
11.132014956664
11.239493581827
11.245480103979
11.252289577061
11.259325113717
11.266686609949
11.274191191635
11.281751626900
11.289526824136
11.297396888009
11.305372090469
11.313556218304
11.321505730838
11.329748167306
11.337425792620
11.344906259524
11.352462143923
11.359941700652
11.367430563410
11.375257433987
11.383333021063
11.391560747071
11.400011156969
11.410727805013
11.419234680708
11.427585345694
11.435858581102
11.444435070449
11.453072228416
11.461590929331
11.470075258195
11.478086164401
11.485509147342
11.493052979924
11.500366417234
11.507559561213
11.514686281644
11.521873793755
11.528970695617
11.536426132246
11.543862974959
11.551335920738
11.558857334267
11.566440318826
11.574069048845
11.581784863794
11.589618472766
11.597596196634
11.605881298518
11.614218237606
11.622290734288
11.630440376682
11.638501797347
11.646482803108
11.654444563829
11.662425231428
11.670383614561
11.678324468769
11.686285517159
11.694366523690
11.702747702400
11.711346266111
11.720134044814
11.729092302438
11.811766367558
11.819337670228
11.827301545760
11.835164228320
11.843389902530
11.851508221705
11.859605066744
11.867696473384
11.875788570532
11.883889178047
11.892026788019
11.900234539310
11.908493302473
11.916923381555
11.925540816895
11.934368614041
11.943313166484
11.952333347354
11.961547942448
11.970897740078
11.980356846324
11.989931777989
11.999569237833
12.009236752918
12.019046182259
12.029112449606
12.039139853808
12.049135657036
12.059129868907
12.069026389439
12.078962952497
12.088949592266
13.127234365219
13.134557983510
13.141801687049
13.149238585482
13.156660978319
13.164244721150
13.172095999890
13.179954404144
13.187698014889
13.195442387776
13.203039556697
13.210461296536
13.217785298917
13.225114497968
13.232238604126
13.239256006850
13.246164849373
13.253255098724
13.260311284838
13.267248172276
13.274113073646
13.280919716295
13.287631432164
13.294315875885
13.300947282220
13.307499616471
13.313919404861
13.320283039534
13.326545427949
13.332802887573
13.339080259412
13.345368615769
13.351674541262
13.358148177195
13.364920721953
13.371568268936
13.377934494910
13.384312301685
13.468666336116
13.473628367880
13.479770942539
13.486058509891
13.492633503367
13.499369708610
13.506275045460
13.513312708435
13.520822520200
13.528742945230
13.535420287531
13.542868372885
13.550296560410
13.557576489617
13.564691659144
13.571621037902
13.578551856652
13.585545238216
13.592378643120
13.599247126145
13.606155254180
13.613146218715
13.620159533395
13.627250839143
13.634387067600
13.641639067774
13.649005092309
13.656504360089
13.664393915918
13.672419075220
13.680242911787
13.687984427485
13.695750526262
13.703411940451
13.711141604397
13.719054746588
13.727083788197
13.735372614218
13.744404369631
13.753750532159
13.916440086953
13.923275012250
13.929966348068
13.936901172216
13.943878312653
13.950843217967
13.957825602203
13.964785195606
13.971661483060
13.978549856103
13.985398366554
13.992242780247
13.999033923302
14.005831803058
14.012600728831
14.019377064530
14.026134540780
14.032899220031
14.039647386097
14.046390678026
14.053089845115
14.059800848583
14.066448570115
14.073183003438
14.079940359012
14.086787249463
14.093765364675
14.101135031576
14.108887599677
14.228299466794
14.234275213719
14.240595722585
14.247107372824
14.254076120032
14.261093000376
14.268243703323
14.275552986947
14.282880315332
14.290258331910
14.297700732427
14.305159900006
14.312563674887
14.319968127562
14.327390999510
14.334853830906
14.342415967031
14.350160631668
14.358430780513
14.493001884568
14.500920527441
14.509049197745
14.517787968608
14.663866264788
14.670471417457
14.677852775600
14.685035022124
14.692534650242
14.699858140884
14.707241041470
14.714936670175
14.722984549186
14.731065899688
14.739228456187
14.747457346147
14.755641772784
14.763932864948
14.772280059972
14.780633737882
14.788844744053
14.797023458341
14.805109524902
14.813175348734
14.820928418822
14.828521956462
14.836043849111
14.843620809325
14.851320550477
14.858923066799
14.866762619421
15.565849624926
15.573797324162
15.581630772337
15.589521122496
15.597254770845
15.604916332543
15.612472128086
15.620141177796
15.627727760367
15.635415499136
15.643439985939
15.651389987447
15.659310882333
15.667203270575
15.674895165573
15.682797156865
15.690611739133
15.698416171508
15.706188712251
15.713923825409
15.721852219704
15.731362205154
15.739384820201
15.747575978958
15.755770975057
15.764263208293
15.772946607847
15.781712669535
15.790679510716
15.810427938158
15.816610585824
15.823334175567
15.829681091328
15.836155878813
15.842622911403
15.849099502547
15.855575664790
15.862059037448
15.868537644075
15.875070424760
15.881634770878
15.888256273543
15.894995509024
15.901946940577
15.909290515405
15.917351545016
15.924355517370
15.933018772342
15.939968557907
15.948606727149
15.957250016966
15.965822682380
15.974202809945
16.112722860478
16.118517226803
16.125117682062
16.131991611055
16.138986257016
16.146056634432
16.153226636185
16.160468127379
16.167739017274
16.175054666722
16.182414175365
16.189773285859
16.197130469001
16.204487895347
16.211876380481
16.219308668076
16.226741419199
16.234144423547
16.241566092949
16.249068538228
16.256576615278
16.264160068217
16.271769777309
16.279538659083
16.287550565452
16.295905144767
16.422926409131
16.429631882304
16.436344889536
16.443549512560
16.450860447851
16.458253812193
16.465742440542
16.473335961941
16.481014821126
16.488701392523
16.496462761320
16.504210774834
16.511938803804
16.519721023994
16.527449500506
16.535156940012
16.542863184176
16.550538977227
16.558253783976
16.565936709397
16.573559586060
16.581179023067
16.588809825619
16.596548474845
16.604405110109
16.612376483958
16.620484157464
16.628689616289
16.637485302188
16.646548343498
16.654829905738
16.755518188846
16.762387817060
16.769512577218
16.776815098725
16.784643041842
16.792801715004
16.801234648307
16.846656484033
16.854394625657
16.861617958162
16.869139037259
16.876889119103
16.986823962848
16.992416933764
16.998364613943
17.004262491808
17.011162617053
17.017720949890
17.024616303504
17.031507271999
17.038529146215
17.045869909881
17.053505755096
17.061571741207
17.069955383067
17.078647893901
17.087495051269
17.096489800304
17.105483300767
17.114564801896
17.123440466122
17.132555516136
17.141508997089
17.150563883405
17.159607566639
17.168642126433
17.177196183162
17.185665373741
17.193764729407
17.201669784804
17.209814158619
17.218230019954
18.312979589636
18.319468714834
18.326228862007
18.333157791764
18.340197501237
18.347366622176
18.355041182190
18.362791400947
18.438376024105
18.444451237633
18.451085504459
18.457873169235
18.464903041516
18.472042334813
18.479268058285
18.486526083366
18.494064901846
18.501916374789
18.510154979602
18.655549361280
18.660607271288
18.665961239087
18.671005432247
18.676687678471
18.682319338038
18.688043981543
18.693778449266
18.699555414959
18.705364045079
18.711179560015
18.716999561405
18.722820335255
18.728634539268
18.734491167212
18.740367994357
18.746408583304
18.753550560447
18.759179397388
18.764991579365
18.770765330846
18.776516450783
18.782312816109
18.788148217364
18.793992987437
18.799835929748
18.805660029744
18.869858879256
18.875393692598
18.881308676857
18.887368727161
18.893542405924
18.899821058560
18.906195399474
18.912641379308
18.919172652043
18.925770705600
18.932387066475
18.939049251551
18.945799116280
18.952682713737
18.959895313607
18.967668591495
19.106997349500
19.113041353707
19.119216315376
19.125870373134
19.132218401218
19.138848627736
19.145315048342
19.151983694651
19.158494617191
19.165168498431
19.171804418818
19.178457650398
19.185127899480
19.191837515203
19.198548886403
19.205299329007
19.212090467198
19.218999276949
19.225948995913
19.233053549424
19.240280879049
19.247614591488
19.255118644967
19.262843848749
19.270774621625
19.278855711616
19.287172132785
19.295468617944
19.304016583794
19.312355233296
19.320510470874
19.328464379898
19.336118258595
19.343541597809
19.350778229262
19.357879976386
19.365011315430
19.372201695358
19.379455602101
19.386717196428
19.393907492212
19.401064006109
19.408282402474
19.415859782910
19.423386395869
19.431268734680
19.439223903992
19.446643244318
19.453886811294
19.509418705687
19.516877673471
19.524852677679
19.533235981126
19.542484909145
19.654150619755
19.656526681429
19.658404603030
19.660442163958
19.662521559210
19.664620708955
19.666768473150
19.668897228064
19.671427977545
19.673456493465
19.695981014423
19.700847293134
19.706172862769
19.711868720281
19.717902596475
19.724203672496
19.730423715016
19.736632600281
19.742871595822
19.749032631150
19.755197079393
19.761289109788
19.767340838373
19.773441681455
19.779581909996
19.785752429579
19.791989124033
19.798295063052
19.804674208423
19.811173195699
19.817779967355
19.824485022187
19.831299218101
19.838218945804
19.845134141404
19.852140516611
19.859183538510
19.866387319923
19.873532086944
19.880655071051
19.887671178545
19.894538638580
19.901285762410
19.907998665627
19.914809641905
19.921775390296
19.928836593941
19.936004320884
19.943187523677
19.950480445109
19.957732242166
19.964972081441
19.972198351185
19.979369840164
19.986546939562
19.993714828158

