Time_s
0.482416666692
0.489067840215
0.496894846364
0.505380296998
0.513668761006
0.522052506711
0.530278287109
0.538131041474
0.546297061594
0.554285715410
0.562159620763
0.569925592669
0.577596761235
0.585110620859
0.592468288262
0.599677914222
0.606767427024
0.613765339071
0.620756104183
0.627785332912
0.634900489528
0.642094042602
0.649354340842
0.656964631952
0.664533151931
0.672315127185
0.830108884178
0.837029307895
0.845182642717
0.853664780805
0.862325346912
0.871056260144
0.879752905684
0.888611367654
0.897561172953
0.906430608635
0.915543985779
0.924625672404
0.933762418924
0.942852530337
0.951952622104
0.961051394902
0.970112045555
0.979223749716
0.988490280628
0.998170116421
1.008402843752
1.018534271573
1.180357487234
1.189239445547
1.198698402108
1.208476535875
1.218536060067
1.228837301923
1.239354240885
1.249794141220
1.260325150029
1.270810121242
1.281204611532
1.291453565835
1.301253395447
1.310201706995
2.079618362997
2.087686727752
2.096658245766
2.105678254274
2.114721451914
2.123978376083
2.133114656594
2.142083535535
2.150794449012
2.159398938910
2.167987868351
2.176455945354
2.184973839890
2.193338602503
2.201337586651
2.366648235485
2.373445342054
2.380261838595
2.387948121408
2.396065713354
2.404324475625
2.412707277282
2.421344966627
2.430956077447
2.441153372067
2.451112920654
2.516960418321
2.525280269263
2.534284876237
2.543688912964
2.553793248719
2.563659575536
2.573544983248
2.583183674954
2.592678618452
2.602092070218
2.611110669032
2.620037987013
2.628935527136
2.637858441276
2.646735022797
2.655670185217
2.664658644099
2.673666562026
2.682644927028
2.691685990370
2.700633201146
2.709840169109
2.718660340041
2.727502098459
2.736328788868
2.745258628193
2.754248462199
2.763336022140
2.772540184916
2.781819684647
2.791161259219
2.800563847816
2.810045713504
2.819535672443
2.828833108951
2.838377568602
2.847888123201
2.857424431232
2.866913667289
2.876525203630
2.886285921629
2.896110781746
2.906143383138
2.916666045131
2.927462353897
2.937874070625
3.099405637310
3.108397076408
3.117544465357
3.126973572770
3.136564539646
3.146208745803
3.155891869187
3.165628254988
3.175562483533
3.185455285177
3.195313061780
3.205281234250
3.215370944307
3.225477904773
3.235767009096
3.246141508719
3.256605489451
3.267039373611
3.277816222069
3.288722375413
3.399236163223
3.407161406990
3.414419071569
3.422959062247
3.431733619235
3.440680607297
3.449719462426
3.458817338482
3.468041258508
3.477755300056
3.487783291935
3.498271673623
3.534500460810
3.536869304009
3.538936063168
3.540926922335
3.545511875527
3.547810121400
3.550390383275
3.552159480669
3.553998251929
3.556474378313
3.626695487539
3.634000562106
3.642507251372
3.652214013352
3.662253127612
3.672489417845
3.682785278921
3.693154360068
3.703601145326
3.714115428204
3.724690322115
3.735129316697
3.745595004634
3.756351658327
3.766804448979
3.777412131719
3.869469155746
3.878407301934
3.888142745991
3.897920452078
3.907793399227
3.918020639757
3.928061761096
3.938293509929
3.948656230188
3.959031533906
3.969474996177
3.979774832369
3.990214603889
4.000546067581
4.010854968654
4.021516704024
4.032546015536
4.043098120679
4.411428871561
4.420017071092
4.428415694073
4.438749671263
4.447650467200
4.457722955175
4.467478817512
5.279358378610
5.286270057472
5.293746963209
5.300840243013
5.308092359052
5.315540413591
5.323607090709
5.331780253521
5.339037913867
5.346495389953
5.569943155505
5.577103373610
5.584801631840
5.592723298058
5.600872580155
5.609186734854
5.617552482942
5.626087962503
5.634737776912
5.643543016562
5.652415925262
5.661269721242
5.670192909698
5.679104657647
5.688125201980
5.697135603122
5.706221008742
5.715331305354
5.724500262808
5.733648423949
5.742844739625
5.752122300000
5.761470496546
5.770890233722
5.780389369938
5.789995903847
5.799710985049
5.809551771890
5.819408116613
5.829374643954
5.839207278902
5.948513207504
5.956855013588
5.967039799405
5.977247747571
5.987251128654
6.144562014898
6.154143318859
6.163380366899
6.172810093350
6.182128437602
6.191393713613
6.200619975239
6.209648007147
6.218617695272
6.227680956490
6.236865042163
6.245845883372
6.254755643312
6.423302875040
6.430866549016
6.438208456543
6.446819921697
6.455678440740
6.464796946182
6.473803586078
6.483169765879
6.492607387654
6.502054619136
6.511522474394
6.521000485342
6.530449866814
6.539964993954
6.549553570484
6.559341499579
6.569360233639
6.579659330426
6.590619882627
6.600989917582
6.666900440089
6.669425309775
6.675131914889
6.677577857227
6.680449486683
6.682914324048
6.685360859806
6.687404234031
6.689365046762
6.693667864796
6.696054075558
6.698900001602
6.701190395661
6.703066445320
6.704914463542
6.720271760351
6.730698585906
6.741026342305
6.751571316427
6.761800699257
6.772664167978
6.782082709784
6.843248725221
6.851192718654
6.859560578287
6.867690375236
6.888869422218
6.899674534293
6.908265223770
6.917180605795
6.926634833795
6.935978586459
6.945305480699
6.954155781768
7.432395537571
7.441724514998
7.451584586271
7.461471975367
7.471204949088
7.480911527655
7.490427147216
7.500059335307
7.509649381927
7.519098806511
7.528262415496
7.537361626835
7.546446073051
7.555327996797
7.563864147712
7.572451739216
7.580854324310
7.589251421681
7.597522213605
7.605721247990
7.613821645230
7.622002013962
7.630310732474
7.638608857265
7.646819415863
7.654969497675
7.662747415793
7.670677808157
7.678885363374
7.880933741863
7.888996386381
7.897066880641
7.905172701420
7.913423197853
7.922368813437
7.930975683400
8.133609315727
8.142425442212
8.150466439934
8.159944901123
8.168801272191
8.178165570679
8.187330085348
8.196903299594
8.206613388982
8.216589377695
8.226622631311
8.236413595082
8.246139122143
8.255667597708
8.265358689071
8.274995182878
8.284573261531
8.293966676140
8.303417001033
8.313066225931
8.322966934383
8.332518907852
8.342325689794
8.351876324906
8.361362078990
8.371098694011
8.380772299587
8.390260802073
8.399767675914
8.409483901920
8.419368744816
8.428748273404
8.438388243783
8.542785982017
8.552324657483
8.562838847692
8.573254540425
8.583677663984
8.594047069282
8.604216105752
8.613744507378
8.623394127608
8.684751329081
8.692853140840
8.702256688190
8.711230510045
8.720426800668
8.729649414199
8.738937171191
8.748330349235
8.757829958238
8.767541349732
8.777262278055
8.787078926218
8.796960998008
8.806949386259
8.816931927879
8.826956401243
8.837479547684
8.846976165393
9.073700807339
9.081663449136
9.090468848022
9.100163084501
9.107663766185
9.115727144577
9.124747098907
9.133060600513
9.143523613880
9.181629383030
9.190073193088
9.200236270815
9.208893174984
9.218522710575
9.598394359526
9.606657360036
9.616015113521
9.625116615122
9.634872668947
9.644630802663
9.654578290860
9.664621111281
9.674695435518
9.684684038315
9.694422575570
9.704295643604
9.714251246806
9.724095502192
9.733223263393
9.742707155925
9.752362061337
9.762051320434
9.771792180032
9.781505305583
9.791099292406
9.800650249130
9.810278015518
9.820179892114
9.830294516707
9.840225857944
9.849959019392
9.859430388605
9.868707986002
9.878047792182
9.887493148049
9.897047671297
9.906595094867
9.916245613561
9.926010000253
9.935862097719
9.945677088907
9.955718812648
9.966032529261
9.976572537001
9.987362494981
9.998058656802
10.128913249959
10.135792681727
10.143863428025
10.152230896443
10.160496420351
10.168913288816
10.177543379913
10.186191108589
10.194987262477
10.203966069913
10.213080916488
10.222232233379
10.231597357320
10.241184025023
10.251111878272
10.261416173690
10.272066804436
10.282918239846
10.294281899241
10.305695995147
10.316836265571
10.457412075795
10.464880475832
10.472983877093
10.483393613491
10.493697911444
10.504733933206
10.516274913513
10.527342061867
10.538658142530
10.550372686732
10.561350643506
10.571191196569
10.581242763575
10.591374639827
10.601655011842
10.612355207158
10.623163137265
10.634474282857
10.646318564461
10.656987857302
10.667562965363
10.677550962326
10.687261766971
10.696074774902
10.706445220688
10.722359303065
10.733516236457
10.743341015081
10.753260556989
10.763218646415
10.773225809705
10.783379591303
10.793483306151
10.803965270811
10.815068246308
10.825566760526
10.835217721314
10.845805802005
10.856200439157
10.867184822954
10.878069772886
10.889154626420
10.900753663932
10.910995303399
11.043020634825
11.055860477968
11.065287888020
11.075079745783
11.085617939727
11.096077683879
11.106988903947
11.118370492541
11.129251240499
11.140176128138
11.150808792933
11.161382803570
11.171817343947
11.182163971516
11.191800659867
12.093550561397
12.100627796577
12.107753824807
12.116783991880
12.125838283137
12.134947638637
12.144012404614
12.153245523498
12.162520544259
12.172097009901
12.181655200145
12.191126123797
12.200325433986
12.209511428821
12.218999019733
12.228614649866
12.238210882330
12.247754011323
12.257175069812
12.266418981474
12.275546020707
12.284371113954
12.293011974438
12.301455607253
12.309913823811
12.318458836707
12.327203255627
12.335900140867
12.344394353315
12.433146461320
12.440212248324
12.447465582748
12.454823874240
12.462484134954
12.470406682036
12.478509358345
12.486866873210
12.495779231288
12.504578896946
12.513705156577
12.523000363374
12.532567447888
12.542086344078
12.551740536626
12.561443438351
12.570728978127
12.580165945009
12.589693339374
12.599246066352
12.608983005570
12.618899389645
12.628786299534
12.638686043949
12.648590533888
12.658931825510
12.670035631824
12.679936915179
12.715832955633
12.726433604628
12.737119795049
12.747688521708
12.856059001234
12.863844151789
12.871885163665
12.881524596827
12.891320920087
12.901367333520
12.911413966502
12.920676391259
12.931163189803
12.941200984468
12.951170217046
12.960856919956
12.970554157465
12.980040083456
12.989301676879
12.998396826596
13.007430163106
13.016287151509
13.025088758698
13.033684310285
13.042244722476
13.050935357052
13.059765442621
13.068525835299
13.175038907815
13.183487042019
13.192201693544
13.201177623891
13.210436586673
13.219642110376
13.228962346023
13.238242055472
13.247403510175
13.256689378786
13.265997034830
13.275331972739
13.284367405664
13.293349289290
13.302625278864
13.311509129795
13.426768333818
13.434798132696
13.443066918446
13.452520138263
13.462015065344
13.609251820652
13.616435727514
13.625876368691
13.635521376741
13.645223137363
13.655143759515
13.665277744520
13.675593891284
13.686133605915
13.696853996084
13.707560011812
13.718426456735
13.729247635207
13.740109702854
13.750860803370
13.761662551896
13.772333471780
13.783294905672
13.794456525900
13.805220758050
14.168428696806
14.179094851986
14.189360398458
14.200051302977
14.210401721952
14.220950210934
14.231099424044
14.241572710764
14.252244309515
14.263030365714
14.274060212656
14.285261484179
14.296476935294
14.307793347604
14.317460721436
14.328197593454
14.340878140261
14.351030332422
14.383334969942
14.393457548982
14.404030049536
14.414568433379
14.424899557372
14.435178310346
14.445221279590
14.455886586478
14.466035196947
14.476075257494
14.485895886291
14.495789852807
14.505716020430
14.638225101875
14.647274379773
14.657400283896
14.667406151162
14.677572527478
14.687710047031
14.698013560066
14.708354408745
14.718795419081
14.729190069862
14.739721498799
14.750302855750
14.760892321634
14.771936143002
14.887164879959
14.898627335288
14.908880403596
14.919233569422
14.929862783395
14.940719796815
14.951605378871
14.962377438492
14.973146099434
14.983496698696
14.994305475901
15.004611555502
15.015383388554
15.025612429350
15.036458111879
15.047125672410
15.057597732114
15.068197952413
15.078982869552
15.089742098157
15.100950670506
15.111802913738
15.252174181793
15.263617246317
15.273868478843
15.286454027494
15.296921913961
15.326079310701
15.333817423416
15.343007155560
15.353947981036
15.365378531971
15.375919706519
15.484835061016
15.495377587476
15.506162465399
15.517154794968
15.527943816315
15.538879874849
15.547938237770
15.579551832894
15.589763141900
15.599068985047
16.373629604146
16.381914148075
16.390454996804
16.399495403060
16.409126192414
16.419106579743
16.428121639898
16.471385884324
16.479962864978
16.489236020762
16.498750490327
16.508578755488
16.518917871455
16.529674547855
16.540758822979
16.551444622030
16.696046211355
16.703655713092
16.711350381757
16.719005280565
16.726673881110
16.734351986654
16.742000902114
16.749755291477
16.757680416362
16.765716361832
16.773418963161
16.780739071585
16.902528769723
16.911537839367
16.920385330729
16.929631263586
16.938920976873
16.948418352714
16.958078905199
16.968081413939
16.978191563519
16.988720521113
16.999331940775
17.010069178250
17.163952954394
17.173026127687
17.183555565021
17.193899043070
17.204311050500
17.214725756910
17.225225791919
17.235611996023
17.245912633727
17.256139170871
17.266450481306
17.276853118465
17.287336176757
17.297686775231
17.308000685132
17.318269995572
17.328645143813
17.338944418017
17.349361099103
17.359746422819
17.370389532865
17.480337364426
17.490648889304
17.499945730177
17.509579807241
17.519675532696
17.530126708704
17.540787206044
17.551945432896
17.585384393681
17.593257910309
17.602664797927
17.613157435615
17.624009586788
17.635047350828
17.645722647412
17.799153375398
17.807005232952
17.816257780030
17.825175231629
17.834186248106
17.843055517692
17.851890482848
17.860566585977
17.869223657058
17.877847277049
17.886449825576
17.895093645634
17.903737800116
17.912388998823
17.920913719338
17.929409123988
17.938071658085
17.946907173411
17.955719525146
17.964687407850
17.973251847438
17.982141221836
17.990623142148
17.999667247910
18.008715513827
18.017723037418
18.026880997691
18.036152832594
18.045255919152
18.054440128095
18.063341651555
18.072364307523
18.080957160905
18.089907701940
18.097619652284
18.107105976718
18.115107663337
18.124457572140
18.132959818507
18.141592884388
18.150232981885
18.158765903061
18.167407689545
18.176262620143
18.185275065242
18.194276116439
18.203089521048
18.211430909379
18.219919948670
18.228685540590
18.244809790689
18.255173101081
18.265700143865
18.276187512452
18.286917477178
18.297851018212
18.308807026109
18.319731745888
18.330780494499
18.341642926196
18.352470985417
18.363626238563
18.374566533054
18.385515758807
18.396374741310
18.407059409121
18.417912384643
18.429394676531
18.439740444357
18.450614504984
18.461124009930
18.472021616087
18.482882876314
18.493477647819
18.934870614741
18.943770984904
18.953924783063
18.963055836802
18.973173174868
18.983477018243
18.993899391989
19.004246517912
19.014598812674
19.024920952713
19.035228283002
19.044884728614
19.054776459331
19.064774302635
19.074726102985
19.084645911926
19.094645728782
19.104697609335
19.114765113109
19.124887987629
19.135095556398
19.145309866737
19.155602244707
19.165881999333
19.175760304052
19.185433422131
19.195246305659
19.205305650203
19.215404317635
19.225671468096
19.235921733532
19.246234986545
19.256743314248
19.267432894388
19.277718951741
19.287822892648
19.297446364783
19.306303585287
19.315297649559
19.325092156184
19.335283566615
19.345498422273
19.355971711982
19.366045428890
19.376261429816
19.386360464186
19.396460198539
19.406419563999
19.416464626234
19.426446176213
19.436338176136
19.446304527139
19.456236175275
19.466174826253
19.475940066451
19.485685871877
19.495353580874
19.505131122880
19.514910336367
19.524664131174
19.534398252821
19.544097636764
19.553743289609
19.563254149675
19.572566401417
19.581972598453
19.591147827872
19.600380963111
19.609725290001
19.618869852398
19.628036886116
19.636848228901
19.646102743892
19.653717357166
19.660586707177
19.786012757090
19.795929552808
19.806800945432
19.817600743246
19.828575978727
19.839580113698
19.850457453726
19.861314114431
19.872198598560
19.883295800459
19.894469110861
19.905552291075
19.916683155793
19.927851870355
19.938830632120
19.949691138862
19.961925257659
19.971633805459
19.981397247902
19.991318622519

