Time_s
0.650770882284
0.657544984200
0.664703419978
0.671768372402
0.678785875291
0.685633880643
0.692378125955
0.699073603159
0.705732807449
0.712428835946
0.719107150069
0.725826588719
0.732528701955
0.739212151445
0.745830067233
0.752462429854
0.759087976652
0.765597824451
0.772101278308
0.778613684583
0.785097593393
0.791600111750
0.798140004299
0.804647932673
0.811155525886
0.817611464423
0.824140443745
0.830725364116
0.837499632800
0.844362832507
0.851463122257
0.858633614842
0.865599281124
0.872219327396
0.877662320966
0.883271441616
0.889839675234
0.896394089558
0.903201115640
0.909740676352
0.916479338048
0.923035455237
0.929867858269
0.936430304157
0.943024400959
0.949619665484
1.097008728787
1.105028072538
1.113618279805
1.122098876352
1.130529765913
1.139008337793
1.147496128722
1.156043719758
1.164610709793
1.173198067995
1.181949871396
1.190774950692
1.199585063748
1.208356555008
1.217297545202
1.226206606215
1.234915988261
1.244091246281
1.253259063029
1.262783791161
1.272637406036
1.280426226232
1.289938584909
1.298545934423
1.307492103420
1.316821228956
1.325521626616
1.334656148187
1.496630369858
1.506037877025
1.516142699689
1.526630017932
1.537553495640
1.548516310495
1.559720641132
1.570878706543
1.582342327224
1.593985516174
1.605934022680
1.618382318866
1.631233173214
1.644519630005
1.658449931792
1.672730278031
1.687065774734
2.609440640706
2.617640654629
2.625902968662
2.634094113972
2.642272182523
2.650387098476
2.658429562845
2.666388649834
2.674162469572
2.681866530601
2.689403581429
2.696816198754
2.704096759542
2.711607626970
2.719157062850
2.726788036517
2.734188521941
2.741809064618
2.929290813467
2.935664972673
2.942582830190
2.949534640708
2.956512596517
2.963618234827
2.970799314999
2.978285346819
2.986350079851
2.993558579203
3.000802139339
3.008114732936
3.015580288366
3.023254938555
3.030943284156
3.038825587276
3.046953186653
3.055185847894
3.101417202740
3.109723189350
3.119439608454
3.127619975846
3.136362607777
3.145504590462
3.155934797091
3.164534307232
3.172959442887
3.181597688190
3.190244399045
3.199122348178
3.208117083537
3.217188981106
3.226199018940
3.235135379078
3.244031377944
3.252854474821
3.261642181529
3.270542099134
3.279529511288
3.288628498585
3.297745161081
3.306835764645
3.315944084989
3.325020249081
3.334053172991
3.343019858384
3.351939298775
3.360912385934
3.369793649395
3.378673551556
3.387465823916
3.396401151621
3.405382115468
3.414380167673
3.423270412632
3.432144056365
3.441121506846
3.449976143049
3.459065207013
3.468007356107
3.476895739382
3.485331119199
3.495812203482
3.505014538509
3.514224741212
3.523733489459
3.533324448826
3.543098296815
3.553302371873
3.563089914300
3.573046203429
3.582994010226
3.593170474234
3.603608437823
3.614101760099
3.624014794215
3.634015500735
3.644636141654
3.654953731574
3.664957302598
3.675164386760
3.820986134688
3.829479835415
3.837879408828
3.846599369025
3.855515145993
3.864611741345
3.874016989756
3.883507935550
3.893118943865
3.902882036813
3.912700698813
3.922536585246
3.932372958806
3.942035444021
3.951735791694
3.961231742733
3.970784632348
3.980369110332
3.990079703218
3.999559864751
4.009089888530
4.018626045735
4.028112815919
4.037459867214
4.046802791814
4.056251471684
4.065957267927
4.076016715588
4.085511352924
4.094624124405
4.104010828619
4.113530791717
4.123205538134
4.186601649472
4.195968041843
4.205556022891
4.215371356988
4.225478069214
4.235757018382
4.246252686673
4.258189017873
4.268587642556
4.278793484432
4.459633775898
4.468830593469
4.478740079452
4.488744905387
4.498910634953
4.509108379765
4.519374662225
4.529665405672
4.539945492839
4.550302405490
4.560751833808
4.571393347371
4.582112792542
4.592828007312
4.603602102821
4.614379644126
4.625113956971
4.635909635249
4.647239305796
4.659509456580
4.670452094184
4.681301229952
4.692106704807
4.702919391868
4.713681317969
4.724842364716
4.788728082381
4.798941986643
4.809389903876
4.820208678581
4.831127812037
4.841731487425
4.852799696766
4.863927049554
4.875295464748
4.887014605210
5.062709564571
5.070654736896
5.078771065276
5.087046741115
5.095628148880
5.104675626107
5.113989145040
5.123895075673
5.134315872249
5.145293995458
5.156728937477
5.168541963459
5.172693079896
5.176904802911
5.181049357025
5.185073104357
5.189052512509
5.192859213157
5.196532915180
5.200633373493
5.208756861106
5.212803834156
5.216714321821
5.220453467805
5.224434928375
5.228402802269
5.232208262261
5.236115366111
5.240653357780
5.244477753433
5.248289009187
5.252198943146
5.256927437642
5.260786326446
5.264501662269
5.268336167594
5.275492536611
5.279341620622
5.283149790950
5.286924374076
5.290868499040
5.294627255806
5.298452645711
5.302457533627
5.313754136134
5.317810141273
5.321989662855
5.325999700444
5.329921163046
5.334067348318
5.337921638437
5.341884916201
6.217076029044
6.225866396861
6.233882320733
6.242083311160
6.250238066556
6.258333228237
6.268605662852
6.276997119242
6.284921917082
6.291395358463
6.301419268644
6.309662957946
6.317798874602
6.325962562920
6.334189574783
6.598425598310
6.606679458233
6.615236894807
6.624253901374
6.633020795015
6.642256795457
6.651777525796
6.661204811293
6.670778884047
6.680560020982
6.690291198423
6.700341688062
6.710231440367
6.720202017776
6.730130775061
6.740155959542
6.750057553725
6.759892231953
6.769717545296
6.779435513216
6.789122757905
6.798905251567
6.808703835494
6.818551587539
6.828404681065
6.838270680141
6.847987242088
6.857789300593
6.867617169387
6.877401191853
6.887090248317
6.896802846281
6.906245287197
6.915091735947
6.923979219536
6.933031470444
6.941729172018
6.950658067970
6.959603909750
6.968730958302
6.977780230010
6.986835320648
6.995956996827
7.004723209084
7.013476244311
7.022526864931
7.031636492727
7.040882091765
7.049978977032
7.058723028834
7.067616251445
7.274698245030
7.285531745509
7.295410909604
7.305959152195
7.316818496152
7.328204285948
7.340420373316
7.352933165304
7.365678739018
7.580850749840
7.588485025712
7.597878230153
7.607213950722
7.616812497408
7.626600757779
7.636554647818
7.646683346276
7.656746242610
7.666986969886
7.677125492911
7.687241897988
7.697409809803
7.707648989636
7.717811979382
7.728029683055
7.738224522537
7.748319478695
8.162359199073
8.171521480879
8.180376092110
8.189798931723
8.199454696319
8.209570503583
8.220069187516
8.230700019247
8.241474061927
8.252163696325
8.262816690615
8.273376315643
8.283840202956
8.294244040484
8.304460423014
8.314533398570
8.324561449611
8.334735660668
8.344850362903
8.355078858176
8.365290378465
8.375378840522
8.385430951726
8.496940092023
8.505570835719
8.515937095605
8.527375226372
8.539310331333
8.551588910469
8.564740138350
8.578264583963
8.585355316935
8.591988936206
8.599037456760
8.605546820241
8.612490199203
8.619239179410
8.626110225438
8.632960045729
8.639872955919
8.646679546316
8.653694479343
8.660630081821
8.667444165518
8.674635705268
8.681511495241
8.688820689833
8.695692127370
8.702644284740
8.709352035514
8.716075769684
8.722939872532
8.729413379208
8.736471941625
8.758119489762
8.768978058179
8.779249706144
8.789220249828
8.799799084459
8.809796291002
9.757248272215
9.766631257121
9.775668745474
9.785459642177
9.795423032972
9.805634935721
9.815941293107
9.826181680899
9.836340990307
9.846336684898
9.856320520150
9.866292827527
9.876205456447
9.886160447598
9.895931887772
9.905632834934
9.915365555564
9.925012797707
9.934647673458
9.944188404282
9.953649131147
9.963094934168
9.972445505580
9.981732867320
9.991012190739
10.000111599335
10.009112969344
10.017884413927
10.026492302710
10.034865764931
10.043362482383
10.052144083025
10.060678004635
10.069328158120
10.077951487204
10.086808999494
10.095545048556
10.104551074874
10.113414557362
10.122400673207
10.130542713521
10.509004245816
10.517485185064
10.525686228291
10.534098577546
10.542522120494
10.550980030349
10.559398409829
10.567751874950
10.576099295176
10.585883605202
10.594224418476
10.602707780700
10.611077233935
10.619698209417
10.628093041605
10.636699275418
10.645072152926
10.653390999042
10.868172005783
10.876390185325
10.885251365660
10.893994055649
10.903036019831
10.912661580480
10.922657273338
10.932592382247
10.942847550701
10.953203637509
10.963858306295
10.974423705589
10.985083442318
10.995697000736
11.006250323667
11.016776372751
11.027299591491
11.037865451038
11.048350019728
11.058891180258
11.069461990096
11.080013424821
11.090577243313
11.101156245960
11.111700812097
11.122253074385
11.132805918043
11.143394171399
11.154120283929
11.166369099097
11.176912907208
11.187514694306
11.198146122561
11.208823534956
11.219456307077
11.230086393718
11.240631560956
11.251435493010
11.261915201214
11.820614691233
11.831542178236
11.842200032012
11.852790065797
11.863305405466
11.873628867551
11.883705724230
11.893563067461
11.903416565525
11.913082692852
11.922631895372
11.932215461355
11.941915838447
11.951613262929
11.961240270511
11.970843441190
11.980457382459
11.989861843934
11.999432443418
12.009256527897
12.020339101913
12.030522935942
12.040498357482
12.050383299015
12.059975445291
12.069501277514
12.078861804329
12.088692213586
12.098805795328
12.108481521649
12.117841374576
12.210793852204
12.220950594010
12.232156993207
12.244002478889
12.256616054904
12.273289931892
12.276788728016
12.279748335313
12.283205419281
12.286877753905
12.290381416475
12.293686694592
12.297147857275
12.300854111846
12.304343166642
12.307301637264
12.310837498865
12.313995083123
12.317757851549
12.321160577106
12.325015328065
12.328093169408
12.331758044623
12.354793966528
12.362117876422
12.368900870856
12.376245830865
12.383530720004
12.391037817151
12.398438808989
12.405491495752
12.412669280072
12.420226251271
12.427028318005
12.434063620729
12.441101702170
12.447641270120
12.454674424419
12.461265252665
12.468001827094
12.474962824242
12.481151818900
13.214730749318
13.224124092915
13.233573593761
13.243231737503
13.253068935482
13.263071886018
13.273166128685
13.284334172392
13.295255923036
13.305710236601
13.316028422104
13.326425923140
13.336604548287
13.346817573965
13.356843348375
13.366941692009
13.376732250620
13.385514070192
13.394920157684
13.404382836219
13.413883481694
13.423340137599
13.432727655348
13.441981447902
13.451055795067
13.460156676079
13.468936759417
13.477471549327
13.486177570163
13.495666006140
13.504626648092
13.513553849078
13.522442118970
13.530923274693
13.539996139001
13.548920396601
13.557314254541
13.565856227945
13.574602212074
13.583327971712
13.592035391179
13.600792478952
13.609575124915
13.618379506471
13.627341399670
13.636502669351
13.646117454816
13.658063739037
13.668151309160
13.678482692541
13.870649613860
13.879980190034
13.889446321344
13.898659920011
13.908289498458
13.918442210995
13.928717128405
13.939149638352
13.949710057728
13.960268504654
13.970938450878
13.981649694176
13.992424466609
14.003196824517
14.013845286347
14.024588874567
14.035139930955
14.045573009208
14.056197350109
14.066839053155
14.077449363501
14.088246874796
14.098885788082
14.217661922958
14.219886722925
14.221958760460
14.223890746718
14.227551430145
14.229720021013
14.231883721303
14.234056490060
14.236082494055
14.238029812900
14.240165273489
14.242236649220
14.244377405530
14.248922902494
14.251252217214
14.253436081257
14.255455325805
14.259266205144
14.261490729837
14.263611112543
14.265877364998
14.267879100404
14.271792432697
14.274033762243
14.276218298169
14.278104731109
14.280184927878
14.282166130858
14.284235229397
14.366347346225
14.376335530735
14.387351003151
14.398228263443
14.409102595782
14.419826594767
14.430700117913
14.441732780230
14.452807650893
14.464207026077
14.475740962868
14.487491304617
14.577877606780
14.589335264767
14.599649691786
14.610194600008
14.620838078110
14.631616422220
14.642800145232
14.654098004323
14.665655330425
14.677164626344
14.688761008900
14.700266002585
14.712332044332
14.724124995846
14.735678015461
14.749092660356
14.759180012183
14.770054643324
14.780965677731
14.791808851568
14.802781261255
14.813991752723
14.825230485306
14.836737093666
14.848214654133
14.859800829147
14.871837648082
14.983142103139
14.992847965113
15.003285082450
15.013534095869
15.024116290574
15.034775174626
15.045464097409
15.056300510808
15.067252438430
15.078471270703
15.089987016505
15.101895719274
15.114540231550
15.165030496784
15.167951617326
15.171614621458
15.174636726193
15.177631203274
15.180351562270
15.183133365135
15.185983203568
15.189005511083
15.191962548018
15.194936164180
15.197482514526
15.200515113157
15.203347985782
15.206398176681
15.209360797990
15.212705406994
16.256526951749
16.265954190930
16.274972138372
16.284224835924
16.293778922696
16.303564373330
16.313602825062
16.323205417817
16.332576929778
16.341827347923
16.351207958165
16.360112626440
16.379122911724
16.388709012808
16.398111862572
16.407212421155
16.416367395074
16.425340182880
16.434132439491
16.442686806564
16.451036545753
16.459289573080
16.467302456907
16.475270441639
16.483045474012
16.490724825634
16.498174290969
16.505453074298
16.512633515833
16.519787416594
16.526885717684
16.534215031524
16.670693468187
16.677603008374
16.684598184269
16.691745204014
16.698947010772
16.706228747953
16.713634415041
16.721066809109
16.728795828194
16.736881281778
16.744879008200
16.752640292846
16.760794257659
16.768968438822
16.777179230350
16.786054719874
16.794466162724
16.802716119858
16.811528369572
16.820584097091
16.829701175435
16.839003697670
16.848368742404
16.857766126220
16.867243191107
16.876745041932
16.886218701044
16.895730303467
16.905261059334
16.914781958743
16.924362785709
16.934027220409
16.943784276091
16.953522601610
16.963170994433
16.973100279628
16.983319519866
16.993375158628
17.003506952442
17.013673889523
17.024102656070
17.035013019523
17.046090508866
17.056119971421
17.066171757181
17.076213558581
17.088563298265
17.219467855707
17.229090448243
17.238608102402
17.247998943772
17.257180132606
17.266290334605
17.275346360004
17.284397145169
17.293530253701
17.302888342856
17.312470791379
17.321951025274
17.331936381514
17.341209003724
17.350816292101
17.360276813899
17.492686618443
17.500098110201
17.507495315981
17.515116227179
17.523340528418
17.751444583983
17.760689376070
17.769607579728
17.778578877683
17.787889892942
17.797472568633
17.807239532607
17.817321268337
17.827639834825
17.838204255821
17.848837753528
17.859489774350
17.870104441445
17.880733902274
17.891343685062
17.901935959552
17.912466936837
17.922912932295
17.933711085084
17.944533868084
17.955257940028
17.965891956456
18.328415124754
18.338759076269
18.348639762560
18.358746281733
18.369044953546
18.379455032686
18.390448423828
18.401154045347
18.412007512382
18.422522894789
18.433606417561
18.444730344403
18.455986133179
18.467272084742
18.478828428545
18.490672335309
18.505045763815
18.516546537266
18.632264207397
18.641354140338
18.650695356390
18.660084431476
18.669518497686
18.678998204703
18.688482285693
18.697853328557
18.707109332148
18.716250394886
18.725407560595
18.734682539683
18.744301091908
18.753652174806
18.762839530949
18.771857312486
18.780716085317
18.789368023386
18.798061027440
18.807092519228
18.816164804007
18.825227932687
18.834572908931
18.961456483154
18.970123265192
18.979016262018
18.987838974355
18.996817189323
19.005978215891
19.015180469924
19.024508031604
19.033929000722
19.043408923307
19.052980497629
19.062668962428
19.072578101941
19.082594201235
19.092576992615
19.102911710444
19.113421246956
19.125377449050
19.135622821336
19.145748204038
19.155877810511
19.165878171783
19.284933096043
19.294702319620
19.304701917642
19.314824420438
19.325098876782
19.335551995733
19.346100348920
19.356829843568
19.367532160254
19.378355864050
19.389174689531
19.400051896046
19.410924805896
19.421840007016
19.432823670378
19.443821371448
19.454963483497
19.465955540558
19.477036796868
19.487863220071
19.498954490869
19.509977522000
19.520942266137
19.531705757873
19.542885223922
19.554155925048
19.564835589292
19.575484947580
19.586551611187
19.597733990635
19.634635796736
19.644618322266
19.655125751231
19.665799025149
19.676932226700
19.688837433755
19.700243978152
19.711787947055
19.735668264850
19.745995088159
19.756994806853
19.768490515597
19.780373167894
19.791271061449
19.907597756225
19.915185104014
19.922930409004
19.930910279537
19.938995844086
19.943693787688
19.945691115963
19.947725799965
19.949831488263
19.951936308436
19.953993135528
19.956340148515
19.958448599365
19.960596170470
19.965077185610
19.967172734923
19.969289193495
19.971439909297
19.973275810873
19.975069542592
19.977287493247
19.979381001070
19.981376065400
19.983491841403
19.985452234045
19.987129830185
19.989206598398
19.991300267366
19.993397753445
19.995512890664
19.997947306834

