Time_s
1.777340376171
1.782412174441
1.787183287356
1.791868722490
1.796887899773
1.801998443257
1.807155853538
1.812499436896
1.817720331503
1.823034700440
1.828363839590
1.833144338985
1.838276596887
1.843542752592
1.848817544643
1.854168572469
1.859509588031
1.864879294693
1.870199221464
1.875578875698
1.880901854907
1.886253841192
1.891580120469
1.896887048360
1.902202596909
1.907501795829
1.912723966144
1.917928649934
1.923172580476
1.928374515726
1.933550402632
1.938968159551
1.944365795487
1.949908746345
1.955344915589
1.960693666787
1.966105315309
1.971532758214
1.976932528812
1.982099004282
1.987411372327
1.992665047220
1.998037051464
2.003481732256
2.008803062527
2.014109814165
2.019279138886
2.024522975965
2.030045398520
2.035116825475
2.040258331291
2.045296453356
2.050940805955
2.056395922387
2.061398122695
2.066557263660
2.276078206574
2.280212968652
2.284797047550
2.289899682375
2.295099099937
2.300322372285
2.305569932424
2.310829189384
2.316153184681
2.321518750023
2.326946214707
2.332378594687
2.337837619055
2.343302982393
2.348782673371
2.354273108072
2.359786711948
2.365284670290
2.370790965470
2.376321679537
2.381862420926
2.387375607885
2.392930804202
2.398481608111
2.404050167736
2.409636664634
2.415228416548
2.420857928373
2.426455085932
2.432036684253
2.437631122422
2.443210111758
2.448765087233
2.454313947754
2.459846908253
2.465392081412
2.470928103853
2.476393346001
2.481875333500
2.487351089562
2.492804614729
2.498276547812
2.503807702717
2.509344440243
2.515002991394
2.520642300744
2.526332595898
2.531926391486
2.537502980744
2.543116257022
2.548622835438
2.554119575619
2.559579922256
2.565128198988
2.570726864195
2.769040505080
2.774247818448
2.779581394387
2.784908887078
2.790411964917
2.795897989043
2.801405920141
2.806918929749
2.812412823534
2.817964868565
2.823504429937
2.829078830589
2.834629261901
2.840162498608
2.845745384320
2.851321649117
2.856910814179
2.862510797976
2.868082896624
2.873665181203
2.879240810866
2.884791470972
2.890342526645
2.895920582064
2.901663360926
2.907238978354
2.912691692528
2.918169098820
2.923590931906
2.929006401606
2.934364095141
2.939722390224
2.945027007529
2.950258343556
2.955513735625
2.960760362466
2.965964703485
2.971137100709
2.976263615958
2.981267777317
2.986274326120
2.991323751025
2.996293561728
3.001239802466
3.006200947149
3.011110468505
3.016003090067
3.020829230692
3.025622880699
3.030366023310
3.035066857902
3.039705606662
3.044286960647
3.048831638619
3.053304250631
3.057699913749
3.062032751533
3.066285107504
3.070448639317
3.074522775616
3.078501625252
3.082505044368
3.086487167552
3.090447138676
3.094276922685
3.098290509948
3.102172696144
3.106143214111
3.109614302099
3.113298116119
3.116705571646
3.120287427145
3.124012022226
3.127400692234
3.131318766881
3.134277253091
3.137677506251
3.140604303165
3.144249887612
3.148402312387
3.152354972835
3.156284702459
3.160319069918
3.163793324603
3.167934382364
3.171207045540
3.992102141952
3.996520493892
4.000619702790
4.004599336431
4.008643496701
4.012772925862
4.016799092753
4.020761551144
4.024689086399
4.028595390329
4.032354602862
4.036390012482
4.040182003908
4.043971322057
4.047764927508
4.051523620344
4.055281190966
4.058977837288
4.062742601411
4.066505134222
4.070257579807
4.074038038228
4.077838982927
4.081791188408
4.085736397019
4.089669934201
4.093507307073
4.097358313596
4.101139980775
4.104991491064
4.108861921100
4.112663716105
4.116413335765
4.120181772162
4.124083667027
4.127849975533
4.131643648182
4.135433756791
4.139386748790
4.143538805042
4.147435005542
4.151115112156
4.154986381990
4.158864019854
4.162664125304
4.166397829637
4.170151546568
4.173808996354
4.305097469036
4.309368404226
4.313425138441
4.317801277304
4.322338377154
4.326931746143
4.331574369724
4.336258976414
4.340979002968
4.345729002532
4.350508476365
4.355325526139
4.360162041584
4.365002968678
4.369884070132
4.374798318203
4.379716013696
4.384645889621
4.389595508398
4.394544807263
4.399496386450
4.404453111408
4.409459873261
4.414524471066
4.419995214462
4.426142906265
4.432231693572
4.437107142035
4.442056412845
4.446996997017
4.451873340968
4.456783572608
4.461766248956
4.466816211568
4.471802140538
4.476752976530
4.481684045600
4.486565838577
4.491301316678
4.495747892656
4.500717781824
4.505528695477
4.510253448207
4.515137316020
4.520460819123
4.530031332394
4.534461411357
4.539146421818
4.544303980220
4.549710446945
4.555265776933
4.560977710203
4.566443194530
4.571626912486
4.576649154845
4.581219432018
4.585518398470
4.630734081731
4.635702382312
4.640626013887
4.644592923293
4.649280016361
4.654064463032
4.659412402891
4.664860117582
4.670263599963
4.675658036249
4.681056905360
4.686439783956
4.691820229081
4.697178702856
4.702521604257
4.707843170424
4.713190729641
4.718558865366
4.723851524294
4.729171995162
4.734422814357
4.739644909420
4.744861553002
4.750037554194
4.755202804364
4.760338169915
4.765452675753
4.770555785052
4.775649887006
4.780772576075
4.785867801730
4.790951346704
4.796005853015
4.801018792105
4.806025243471
4.811033363249
4.816062578510
4.821081510085
4.826080890028
4.831015341387
4.835891318886
4.840722205550
4.845601130919
4.850495670632
4.855368825345
4.860246910704
4.865128914170
4.870016974902
4.874921192459
4.879822275019
4.884703603482
4.889599961609
4.894470011568
4.899354211158
4.904309022472
4.909247843942
4.914344702149
4.919593375771
4.924982247571
4.930544775201
4.936189449608
4.941885629059
4.947352180853
4.952664876229
4.958004605834
4.963360889799
4.968703699732
4.973814628517
4.978851936987
4.983943051323
4.989297232633
4.994428479073
4.999238332546
5.004094835075
5.008977258834
5.013966389129
5.023267380593
5.028818582034
5.034449307344
5.040097959318
5.045766362618
5.051447556380
5.057162518128
5.062869285769
5.068557876606
5.074281370068
5.080008590176
5.085755002974
5.091452913313
5.097162551488
5.102848123175
5.108484337491
5.114127756177
5.119879583050
5.125652747463
5.131430402030
5.137185991734
5.142927463087
5.148653670431
5.154410636770
5.160207096017
5.165864190386
5.171608539787
5.177355342978
5.183084430009
5.188841870471
5.194597167934
5.200288723234
5.205936757123
5.211619083357
5.217391700985
5.223157656621
5.228949628740
5.234727313201
5.240463428560
5.246229496985
5.251912864248
5.257772236609
5.263388879313
5.269183262798
5.486342490112
5.490754778397
5.495170227848
5.499910213103
5.504829650350
5.509809399412
5.514869613766
5.519975599428
5.525103913369
5.530235051765
5.535417020933
5.540619735319
5.545877286634
5.551167644223
5.556453135355
5.561832552505
5.567243049524
5.572671591242
5.578130453620
5.583669807062
5.589213109328
5.594831611435
5.600493107182
5.606245139715
5.612054775028
5.617947845805
5.623924701035
5.630047023911
5.636157755430
5.642266855484
5.648344845825
5.654411091578
5.660649617773
5.666973323860
5.673574712053
5.680437765799
5.687238825179
5.694176105006
5.701359858978
5.708586653632
5.715802938847
5.723389719903
5.730982107060
5.738719476388
5.746343375069
5.757998095127
5.760908473283
5.764509482887
5.767941725093
5.771531074990
5.775364497550
5.779440001854
5.782841587660
5.786537039469
5.790215705191
5.794272997215
5.797854257082
5.801045307359
6.422878379029
6.429564162577
6.435428221067
6.441480353474
6.447549295604
6.453414666395
6.459338543677
6.465097997086
6.471010937883
6.476901965700
6.482864783838
6.488836996212
6.494843917373
6.500870121882
6.506882844887
6.512917596963
6.518971314237
6.525106407021
6.531330782711
6.538416409479
6.546337368509
6.552436812569
6.558332628023
6.564317685103
6.570408571066
6.800777083689
6.806607187252
6.812404370495
6.818329292237
6.824213086581
6.830220424561
6.836252883437
6.842288146028
6.848351753990
6.854466501859
6.860591824984
6.866769333600
6.872986860216
6.879244133705
6.885560669869
6.891880790450
6.898187472701
6.904472607912
6.910765240371
6.917099974041
6.923416636791
6.929772206409
6.936120589585
6.942499082740
6.948866836983
6.955216441412
6.961558238173
6.967890338435
6.974207473003
6.980514037379
6.986922162835
6.993308686171
6.999763231455
7.006253542852
7.012780297889
7.019322402694
7.025916942483
7.032620289001
7.039322875827
7.046044978453
7.052710988653
7.059325615816
7.065932497030
7.072549807548
7.079145244385
7.085665349538
7.092190909575
7.098709345004
7.105288939648
7.111960448561
7.118768606782
7.148045451673
7.154634003152
7.161291676663
7.167871472441
7.790407777477
7.795138678673
7.800620014006
7.806223969599
7.811905611696
7.817611937555
7.823291624556
7.828998491698
7.834685568343
7.840343736429
7.845938121226
7.851523724707
7.857102385404
7.862762227899
7.868411504584
7.874082096851
7.879713603496
7.885357766845
7.890974761291
7.896594499842
7.902228836289
7.907835822555
7.913430255968
7.918989105384
7.924555191809
7.930102506002
7.935634402322
7.941136662361
7.946665097118
7.952170897380
7.957655312018
7.963095255025
7.968546465934
7.974028053086
7.979473680826
7.985040210072
7.990942589792
7.996546628123
8.001684721401
8.006920195239
8.011987173687
8.017176567898
8.022392034067
8.027645627677
8.032848169116
8.038053731349
8.043239914055
8.048605231391
8.053844567816
8.059366047841
8.064970814677
8.070687692614
8.076739747443
8.082450213771
8.088189736759
8.093613984484
8.099126196985
8.104690783497
8.110118304286
8.115630661168
8.121196990712
8.125836312310
8.131083030981
8.136375957143
8.141844588470
8.147421839764
8.153141841065
8.158973437233
8.164933721298
8.170894923677
8.176652582663
8.182420666960
8.188170512150
8.193761038749
8.199238599339
8.204858504787
8.376688259243
8.381949080993
8.387428451097
8.392958792148
8.398475359900
8.404065000733
8.409703642108
8.415320572402
8.421016891530
8.426654508119
8.432355501674
8.438051368698
8.443812809330
8.449578448874
8.455409056594
8.461271183733
8.467175575006
8.473097400390
8.479072686607
8.485119018997
8.491226903748
8.497417014096
8.503644616586
8.510011240403
8.516508046962
8.523056164321
8.529689677975
8.536482233040
8.543290032443
8.550322095762
8.557764658451
8.565350763033
8.573148868761
8.581168711695
8.589968313366
8.625834763100
8.637175901411
9.487009153630
9.490205695643
9.494385120378
9.497950406935
9.501748101480
9.505662223538
9.509824753805
9.513769598235
9.517747806404
9.521724043459
9.525638444949
9.529549900101
9.533403354670
9.537254166319
9.541081379158
9.544867252861
9.548663101988
9.552340403732
9.555996431201
9.559666633864
9.563290003601
9.566936363284
9.570486789675
9.574069497801
9.577687355009
9.581182923667
9.584777023651
9.588449990268
9.592278372362
9.596229269847
9.600064253538
9.603739140639
9.607442492405
9.611093925678
9.614673407826
9.618277336102
9.621950262658
9.625605000448
9.629170285201
9.632847527129
9.636497244767
9.640280477634
9.643938272625
9.647366633858
9.651130475100
9.654705493677
9.658238788238
9.661715018037
9.665250690956
9.668505522902
9.672022278773
9.675538310299
9.679254518259
9.683039021274
9.686765725474
9.690580714414
9.694101389409
9.766159120960
9.769830485635
9.773594399405
9.777720764058
9.781950763973
9.787107485573
9.792324263039
9.797734839277
9.803383465099
9.808871880800
9.813965827545
9.819451381732
9.823990237801
9.906896491970
9.911301964437
9.916683877434
9.922148415798
9.927667879632
9.933190972274
9.938726730775
9.944343523337
9.949914281043
9.955509932675
9.961092012172
9.966639352808
9.972219270660
9.977792080140
9.983364526236
9.988898602762
9.994443188477
9.999951814160
10.005453446008
10.010916900381
10.016426518493
10.021859574928
10.027289339550
10.032727210215
10.038163161477
10.043553181876
10.048946640654
10.054337534817
10.059714282805
10.065072689189
10.070385473611
10.075656398779
10.080967585488
10.086237965586
10.091504682689
10.096738231459
10.101935525161
10.107092146907
10.112269121038
10.117366519876
10.122409580758
10.127405226459
10.132418962069
10.137435477322
10.142442253853
10.147377727022
10.152222903390
10.157007405599
10.161733406138
10.166563906400
10.171172602891
10.175821240265
10.180715144871
10.185674390500
10.190537247032
10.286733549181
10.289135549348
10.291928089239
10.294500156268
10.296929760445
10.299737212138
10.302261495653
10.304703267083
10.306849840399
10.308819324937
10.311022463152
10.313069632888
10.400135149466
10.405541682739
10.410968843214
10.416536959242
10.421851247585
10.427562815734
10.433172279631
10.438776410354
10.444592221191
10.450554902069
10.456187164429
10.461901825545
10.467397835612
10.472817670536
10.478436940595
10.483941730057
10.489435622805
10.495155476121
10.500780039589
10.603942576968
10.608671552551
10.613685757990
10.619187049660
10.624737112442
10.630300595131
10.635902851603
10.641512156053
10.647155098378
10.652780450441
10.658374753399
10.663972352714
10.669609784925
10.675234240607
10.680853324652
10.686452568873
10.692040390896
10.697598869786
10.703150766663
10.708649326431
10.714148570925
10.719588880155
10.725035271753
10.730458916671
10.735848472538
10.741209478524
10.746532476690
10.751834635794
10.757087466363
10.762364962422
10.767614536519
10.772849579632
10.778037097305
10.783097078987
10.788069481391
10.792987789089
10.797932244803
10.802814384999
10.807616861930
10.812300643131
10.817025835733
10.821764227468
10.826313621322
10.830935894281
10.835471742864
10.839990676351
10.844715513449
10.849754789392
10.854880934153
10.860005905874
10.865107891310
10.870107186986
10.874950278121
11.458453744164
11.463753812961
11.468597271409
11.473453306662
11.478756277612
11.484110950538
11.489522843029
11.494915149984
11.500340270644
11.505699028035
11.511133989048
11.516541756883
11.521986114191
11.527316160560
11.532711088064
11.538203089337
11.543604680187
11.549023497381
11.554494051013
11.559871070715
11.565247931023
11.570632559062
11.576005829426
11.581394909080
11.586807970411
11.592190593974
11.597651157591
11.603195940040
11.608728331888
11.614200500283
11.619747564354
11.625217505511
11.630697270951
11.636155225657
11.641619997119
11.647049504807
11.652479016688
11.657883113889
11.663283947792
11.668635175949
11.674019847618
11.679351104754
11.684695890409
11.689995913086
11.695304683561
11.700569404301
11.705841487060
11.711053121425
11.716234657276
11.721378777347
11.726513758493
11.731578042798
11.736662149532
11.741665750530
11.746787157813
11.751788798787
11.756842352900
11.761739428691
11.766762964948
11.771603019247
11.776630538100
11.781414252667
11.786429427212
11.791062672757
11.796014966284
11.800785518047
11.806007847968
11.811473652368
11.816740794757
11.821636542493
11.826315515742
11.831673109222
11.837015162727
11.994912480370
11.998941784729
12.003229919243
12.007069639276
12.011510206037
12.015996276431
12.020517398926
12.025068005828
12.029598751115
12.034274714517
12.038753520619
12.043506398169
12.048132481150
12.052881861591
12.057559045497
12.062517338576
12.067372403198
12.072449546365
12.077462797600
12.082606912348
12.087715178854
12.092748401304
12.098020769081
12.103451037629
12.108906329027
12.114438528037
12.120023044761
12.125719044414
12.131506897293
12.137283790372
12.143217777435
12.149264571559
12.155357943889
12.161690839502
12.168181924550
12.174624363688
12.181017645392
12.187650422573
12.194598963643
12.200939295577
12.208995934517
13.386934888656
13.391489395119
13.396129490855
13.400736302563
13.405468181349
13.410105150692
13.414741550690
13.419444431124
13.424138869599
13.428901034934
13.433619694059
13.438217613712
13.442960849629
13.447650691633
13.452268712980
13.456966250404
13.461669146290
13.466275299068
13.470851563974
13.475509916734
13.480041469818
13.484505699978
13.488988919323
13.493511996298
13.498005908832
13.502508307807
13.506928700046
13.511320727802
13.515843032165
13.520203977124
13.524533860175
13.528920326154
13.533390296465
13.537701215477
13.541997359826
13.546369185021
13.550631115308
13.554964718255
13.559324843023
13.563533066150
13.567877761707
13.572157767519
13.576436873592
13.580824796861
13.585348955314
13.589742072646
13.594181157810
13.598420336454
13.602646425860
13.606874073979
13.611110792526
13.615534358673
13.619977759514
13.624413550217
13.628811449971
13.633200654253
13.637572103121
13.641961479368
13.646402496427
13.650981571068
13.655576947068
13.659392290704
13.663402797320
13.667690542375
13.671857899718
13.676396196472
13.680768740821
13.685191916047
13.689532630225
13.693923363351
13.698410928439
13.702742635186
13.707346212130
13.711491180401
13.715701582920
13.720118928076
13.724565969677
13.729115101046
13.733559426582
13.737732609525
13.742221250599
13.820692726243
13.825502501788
13.830255305583
13.835092653596
13.840074376307
13.844944350679
13.849873312186
13.854987533718
13.859931399439
13.864922279491
13.870012519980
13.875001118477
13.880121182482
13.885168943571
13.890240782397
13.895382420611
13.900438300428
13.905531112879
13.910575946436
13.915711302176
13.920805114678
13.925995725625
13.931061289469
13.936234673540
13.941396546387
13.946543484874
13.951665636335
13.956823377640
13.961951273639
13.967095033370
13.972292368061
13.977555209492
13.982944691355
13.988463320633
13.993831292316
13.999114435388
14.004264676956
14.009191399771
14.014374898554
14.019596593600
14.024522379909
14.029646959047
14.035196320817
14.040325252518
14.045172986808
14.050342459666
14.055320488835
14.060403259884
14.065354701001
14.070300719759
14.075265339629
14.275950192601
14.282167382968
14.286667118946
14.291992950145
14.297252502797
14.302662395796
14.308258514695
14.313906916661
14.319535713626
14.325305522331
14.331111989642
14.336872897078
14.342734258578
14.348471063731
14.354048583847
14.359733868344
14.365332489553
14.371013086700
14.376708390089
14.382318891884
14.387993820103
14.393647209951
14.399317905453
14.404972012670
14.410604743146
14.416185289588
14.421818809549
14.427362233540
14.432922363096
14.438354267661
14.443887860095
14.449307164656
14.454757611374
14.460056878346
14.465480577208
14.470743991316
14.476092762532
14.481290486854
14.486484084972
14.491783964829
14.496786978481
14.501904633827
14.506771001529
14.511796447818
14.516719764439
14.521579664733
14.526302487449
14.531154129700
14.535696820247
14.540442324423
14.544987699963
14.549615933015
14.554206324109
14.558895278345
14.563570021259
14.568681980857
14.573477077494
14.578301945371
14.582164564402
14.586992359888
14.591580074556
14.596116856842
14.601430177541
14.606238802070
14.610740178742
14.615307984188
14.619923274214
14.624690532993
14.865400081532
14.871583304010
14.874837375635
14.877725733399
14.880432524865
14.882955775025
15.026526855245
15.031119048324
15.036237573202
15.041788237749
15.047289578081
15.052857196245
15.058487419816
15.064191632708
15.070009230163
15.075823455520
15.081712498345
15.087633151945
15.093596971127
15.099534204822
15.105449926259
15.111398838953
15.117422267920
15.123513766441
15.129654769190
15.135859723796
15.141888369668
15.147153936025
15.153193007255
15.247582386385
15.253589146306
15.259011050484
15.264417586891
15.270150392561
15.275457450356
15.280600886828
15.286049550789
15.291412373994
15.296918518771
15.302683541928
15.308406260629
15.313577627812
15.318822047619
15.324180531930
15.329372311881
15.334652725406
15.339984048333
15.345319312910
15.350711426014
15.355993550081
15.361306903027
15.365992504803
15.370870603304
15.376077466828
15.381337584630
15.386479638782
15.391744541375
15.396983909927
15.402227149023
15.407471717302
15.412689200455
15.417802195567
15.422799603050
15.427853107939
15.432873948392
15.437857184082
15.442833480851
15.447754080960
15.452609695911
15.457520805915
15.462343942384
15.467325993673
15.472005691446
15.476804826489
15.481683730045
15.486397288137
15.491192342053
15.496011873503
15.500708412844
15.505530115200
15.510219207668
15.514996408698
15.519660956298
15.524454139936
15.529060318917
15.533854561975
15.538386922117
15.543186154751
15.547766437077
15.552506596364
15.557041676961
15.561728627502
15.566190829773
15.570832001446
15.575389548011
15.579952780269
15.584556295200
15.589217048230
15.593651701576
15.598253562093
15.602747928068
15.607400540871
15.612029003485
15.616633070357
15.621738654497
15.626425604297
15.630958721333
15.634912169919
15.638964647262
15.643412380597
15.648000919556
15.652695688356
15.657256127686
15.661892529419
15.666276999450
15.670704347732
15.675384584127
15.680047860758
15.684688997939
15.689021785506
15.698168749707
15.703216719973
15.830078622076
15.834093220927
15.838582046002
15.843377298965
15.848433189725
15.853481680320
15.858727279310
15.863686276171
15.869095663369
15.874105157756
15.879462994287
15.884511871616
15.889866556162
15.895006091102
15.900376250462
15.905612464247
15.911056768908
15.916193026496
15.921730809120
15.927016467237
15.932668612885
15.938038575511
15.943855062657
15.949439212846
15.955303163467
15.961121388188
15.966940874537
15.972858089095
15.978851661634
15.984957163378
15.991338915235
15.997805163391
16.004241679276
16.011197573300
16.018149178172
16.025157672357
16.032347308950
16.039403788425
16.046435353319
16.053621219094
16.060672261514
16.067333110484
16.073202378242
16.078518247277
16.085393247187
16.088523678835
16.091859874611
16.095226875540
16.098672256704
16.102185358593
16.105121731882
16.109283336229
16.112985673521
16.116727812619
16.119986844560
16.123665006032
16.766326149111
16.777022683259
16.782118012931
16.787201841174
16.792523533753
16.797482681970
16.802472542712
16.807464495427
16.812393175924
16.817339360294
16.822281148407
16.827265146359
16.832223902927
16.837235560997
16.842297228219
16.847391561464
16.852529234998
16.857745876528
16.863053010803
16.868252968174
16.873426692236
16.878646693751
16.883819968280
16.888987541151
16.894193176707
16.899390670484
16.904593516039
16.909795266785
16.915108354138
16.920700911585
16.925853554064
16.931124062422
16.936340892901
16.941581060186
16.946819222997
16.952043303928
16.957205947897
16.962409720332
16.967595625003
16.972765022938
16.978001972569
16.983175601174
16.988332359777
16.993337874487
16.998295735832
17.003437483202
17.008615193910
17.013798346404
17.018962350819
17.024115145318
17.029293661092
17.034474500939
17.039616291589
17.044793960858
17.049909569084
17.055022098387
17.060162376947
17.065241868791
17.070330656187
17.075418092360
17.080495021420
17.085552432344
17.090619890755
17.095647785709
17.100693144130
17.105772323348
17.111170848095
17.116548932334
17.121959434329
17.127410220816
17.132695734613
17.137778881940
17.143284279967
17.148781937844
17.154539274023
17.159897113603
17.165385390063
17.192189993118
17.196968804481
17.201584847915
17.206436271312
17.211039005991
17.215777923831
17.220523832197
17.225287083045
17.230030787537
17.234819357156
17.239506805111
17.244266498336
17.248972027806
17.253712079483
17.258377931342
17.263189772027
17.267801970612
17.272433163033
17.277078425119
17.281645683346
17.286254873174
17.290686380989
17.295247328503
17.299703813263
17.304294847863
17.308611754443
17.313052898217
17.317388589403
17.321863082119
17.326107369306
17.330480056666
17.334703543823
17.339134990176
17.343221883439
17.347546564116
17.351621128299
17.355973380015
17.359578203613
17.363694934229
17.367734285480
17.371872515073
17.375849507492
17.380041991301
17.384023123630
17.388224802751
17.392440170676
17.396662876454
17.400651095254
17.404613479635
17.408482500278
17.412277240494
17.416083459847
17.420553373787
17.424449228281
17.428936176367
17.433150078868
17.437342409796
17.441342022526
17.445648392389
17.449747016709
17.453969547537
17.458036668868
17.462247551150
17.466442423170
17.470655155244
17.475124814994
17.479315543830
17.484209219347
17.489072749973
17.493373971825
17.497983565767
17.502616655137
17.506963253167
17.511277482663
17.516442278870
17.521432533702
17.526597162287
17.531822972372
17.537509245806
17.543354315126
17.549010929473
17.553436822289
17.557945941680
17.562505372934
17.567021174773
17.571429490090
17.576240151430
17.581778881404
17.586555469054
17.591188348146
17.595622247763
17.604304964356
17.608823867430
17.613251501103
17.669020341474
17.674814017930
17.678925021201
17.683780769582
17.688821270845
17.693932171975
17.699141141080
17.704439657996
17.709764212846
17.715081401478
17.720452365918
17.725802022110
17.731170332258
17.736454821896
17.741602154229
17.746844111530
17.752118798882
17.757463361126
17.762872483524
17.768330569035
17.773812762822
17.779264839892
17.784711532036
17.790182101877
17.795667280766
17.801118521339
17.806604280740
17.812088150292
17.817582617205
17.823009466395
17.828462184211
17.833917350003
17.839366937222
17.844781409027
17.850184549700
17.855553508847
17.860919765836
17.866247141356
17.871533352697
17.876806648163
17.882047557071
17.887276696823
17.892486855000
17.897651813116
17.902813257556
17.907900796827
17.912974564962
17.918001492333
17.922990636149
17.927931990882
17.932799759606
17.937636344334
17.942474885344
17.947235472811
17.951920401472
17.956612213179
17.961237360060
17.965907451102
17.970473657626
17.975185748937
17.979924609786
17.984631308945
17.988428514240
17.993351943934
17.998298355814
18.003153949988
18.007868811058
18.011666985269
18.016594150228
18.021283742593
18.026013292998
18.030685786162
18.035364414724
18.401257837024
18.408542754608
18.415844232917
18.423545958660
18.437579466243
18.444449143239
18.450900181699
18.879593223061
18.884443751537
18.889323816028
18.894343204109
18.899370781580
18.904453728386
18.909561555457
18.914716837137
18.919917701136
18.925181993782
18.930499108854
18.935884648189
18.941251159502
18.946630714273
18.952027548622
18.957426672389
18.962838627961
18.968310980555
18.973729172812
18.979172884353
18.984674663176
18.990404967956
18.996104617422
19.001466493790
19.006841172298
19.012273175226
19.017660995754
19.023240411470
19.028699248875
19.034199682152
19.039611562429
19.045162055005
19.093152016862
19.097526512379
19.102772268097
19.108176763029
19.113833674231
19.120444606022
19.126364401120
19.131380429545
19.137883303634
19.143219192908
19.148577961171
19.206975276478
19.212722802663
19.218478500598
19.224185489016
19.229835546169
19.235455932043
19.240972222239
19.246461719285
19.251922893883
19.257355946251
19.262778604469
19.268205590626
19.273575146986
19.278934687459
19.284292571223
19.289624092165
19.294950394213
19.300264582374
19.305480760759
19.310718801730
19.315894029036
19.321064011930
19.326160341381
19.331232943888
19.336274951531
19.341275700704
19.346224398790
19.351138181610
19.356000456707
19.360877530587
19.365897305041
19.371392697972
19.376740084865
19.381906004484
19.387143047757
19.392392290249
19.397635975951
19.402789621827
19.408015094045
19.413086129389
19.417963357912
19.422566243129
19.427279476329
19.431972225569
19.436672489721
19.441418010136
19.446203334907
19.451030747253
19.455910885938
19.460752911026
19.465549194702
19.470347127431
19.475074743332
19.479813544122
19.484539173107
19.489246843445
19.493987463134
19.498685470364
19.503371888535
19.508079530421
19.512756588695
19.517423400464
19.522118949633
19.526839469461
19.531629895890
19.536379347550
19.541003981412
19.545768335959
19.550459522025
19.555183989579
19.559917371072
19.564634862703
19.569362232637
19.574125439273
19.578778762239
19.583432846449
19.646887916040
19.651104311411
19.655342797962
19.660372188395
19.665588776818
19.670891558289
19.676253591643
19.681614809078
19.687016999504
19.692446298992
19.697902896905
19.703399903020
19.708965554085
19.714505805680
19.720316362686
19.726149757379
19.732047400681
19.737993197279
19.744033818147
19.750206183531
19.756423267134
19.762736435955
19.769139642443
19.775671012998
19.782309011609
19.789101297665
19.796033878281
19.802932135764
19.810259682317
19.817697748499
19.825347858260

