Time_s
0.262536173987
0.266792006878
0.271683764677
0.276542735828
0.281366087241
0.286115435293
0.290927958983
0.295741002896
0.300557751318
0.305372705675
0.310229549985
0.315077723650
0.319980412997
0.324883055143
0.329830760192
0.334784315391
0.339781151995
0.344806985906
0.349865718350
0.354931143223
0.360031041078
0.365136885383
0.370268335896
0.375420510058
0.380585096497
0.385749951034
0.390962297972
0.396178829894
0.401392797761
0.406667014708
0.411955661485
0.417248749184
0.422533327661
0.427828601309
0.433141617136
0.438531852145
0.443987508508
0.449381381675
0.454761348421
0.460164874492
0.465560795890
0.471001461942
0.476362590236
0.481689249210
0.487107553252
0.492405748951
0.497791880518
0.503202769693
0.508486402959
0.513999935595
0.635756061429
0.640141796368
0.644727472662
0.649240213806
0.653811610256
0.658273672990
0.662753767837
0.667259052640
0.671788836331
0.676317062472
0.680883275463
0.685486124899
0.690113291189
0.694739572352
0.699364799660
0.704000298006
0.708623202413
0.713260505758
0.717903131083
0.722550871083
0.727179682758
0.731818532947
0.736452278118
0.741093037079
0.745704313452
0.750295412409
0.754874648205
0.759443692800
0.763984772745
0.768532572141
0.773047132351
0.777578789837
0.782111896740
0.786616541505
0.791180342795
0.795802835126
0.800433328007
1.028747979041
1.033158033204
1.037459568405
1.041907096903
1.046619901185
1.051282923828
1.055992862682
1.060715320955
1.065444613703
1.070229932102
1.075056022744
1.079893999991
1.084767893072
1.089679115032
1.094602877053
1.099544265255
1.104506449983
1.109465858571
1.114421139274
1.119394018784
1.124355904453
1.129321300575
1.134287224284
1.139244345472
1.144190271192
1.149151841348
1.154104954088
1.159054612947
1.163977341455
1.168889378093
1.173791799574
1.178686801645
1.183583207650
1.188459621879
1.193351801307
1.198212461312
1.203110014171
1.208008507953
1.212903858144
1.217816059260
1.222773125668
1.227772886108
1.232785991914
1.237843233154
1.456265523665
1.461131036821
1.466419920853
1.471178081600
1.476331357283
1.481186266956
1.486119023522
1.490751155892
1.495453860407
1.500270126549
1.505212772460
1.510111598774
1.515007523380
1.519911073118
1.524847202130
1.529841358737
1.534861364679
1.539856846215
1.544899623260
1.549935397128
1.554988952172
1.560016030415
1.565020603157
1.569974999609
1.574936548321
1.579861480811
1.584725299690
1.589567543643
1.594389917046
1.599227247266
1.603991701755
1.608816437344
1.613621679346
1.618443944581
1.623240487550
1.628038593028
1.632820327466
1.637574750390
1.642333661666
1.647108967028
1.651915543311
1.656746452618
1.661595975089
1.666546596431
1.671565438016
1.676606936272
1.681731063261
1.686930328723
1.692191431645
1.697548147074
1.703140339180
1.708857368673
1.714622613605
1.720593249552
1.726696321140
1.732965503929
1.739184863332
1.745622190298
1.752037983258
1.758584911853
1.765017009594
1.771548016327
1.778067885294
1.784908598654
1.791674438204
1.798299517718
1.804887827309
1.811315786047
1.817903889736
1.824184591342
1.830461712455
1.836869616543
1.842867697075
1.848431210470
1.854098342924
1.859761967203
1.865497364572
2.312751446443
2.317776302935
2.322823062120
2.327835826713
2.332847763410
2.337890712790
2.342881747739
2.347827274772
2.352789261189
2.357673637750
2.362585416609
2.367537677253
2.372575744039
2.617384435352
2.622093475138
2.626906793372
2.631530477963
2.636121197750
2.640650318050
2.645364221365
2.650128360582
2.654919603686
2.659682458402
2.664486657040
2.669273806713
2.674104271223
2.678929088541
2.683776363531
2.688632218259
2.693525236185
2.698399679787
2.703305024062
2.708191053859
2.713051215403
2.717899335074
2.722729247511
2.727536121802
2.732332126154
2.737112516303
2.741914106044
2.746702362155
2.751429170627
2.756113185843
2.760801451438
2.765470539633
2.770138856497
2.774832361115
2.779556226257
2.784309925372
2.789105405451
2.793867701195
2.798618046853
2.803400903838
2.808124152105
2.907060547082
2.911160965002
2.915807888307
2.920814454462
2.925901368865
2.931098639467
2.936365029360
2.941678911072
2.947057386996
2.952455966354
2.957836898689
2.963268070735
2.968748298455
2.974256292603
2.979848811126
2.985475030978
2.991313102741
2.997355012917
3.003497492865
3.009080801388
3.131550752926
3.136343876019
3.141726408986
3.147265903546
3.152888659898
3.158537696346
3.164118352943
3.169695031131
3.175248014073
3.180829575883
3.186382318032
3.191916477975
3.197440827931
3.203021478973
3.208523243423
3.214024004628
3.219483822002
3.225000126787
3.230505922877
3.235961851935
3.241256871899
3.246623494061
3.251951977139
3.257239810280
3.262530752169
3.267780516904
3.273044715469
3.278234481910
3.283423003959
3.288592318938
3.293727047888
3.298855277576
3.303964446039
3.309053125562
3.314091249978
3.319122807754
3.324131756360
3.329124014125
3.334067306226
3.339118344729
3.344106770894
3.349019445705
3.353933120558
3.358854002304
3.363731338002
3.368623103432
3.373501413377
3.378417211228
3.383321570617
3.388219766577
3.393151379565
3.398076339998
3.403072940964
3.408020730170
3.413028714537
3.418072338337
3.423152868415
3.428279657968
3.433456007947
3.438682959326
3.444027629129
3.449287416064
3.454615774455
3.460075806072
3.465501478278
3.470975384825
3.476542712118
3.482165820956
3.487846677936
3.493600669913
3.499399112740
3.505227319627
3.511111628286
3.517030563104
3.522992315070
3.528980913827
3.535016639405
3.541050220776
3.547086419724
3.553091282502
3.559141993348
3.565148865361
3.571135047826
3.577102451504
3.583066200003
3.589071131194
3.595106176522
3.601152345622
3.607191350724
3.613246518060
3.832364026889
3.838179861488
3.843837903531
3.849397836048
3.854948142298
3.860453723573
3.865940154665
3.871528924859
3.877115587241
3.882724819101
3.888335802971
3.893961315311
3.899628628134
3.905264381904
3.910873932701
3.916460086139
3.922025567010
3.927596548070
3.933142553387
3.938721187209
3.944286082668
3.949866192967
3.955430621258
3.961014709664
3.966531013537
3.972031823309
3.977499672361
3.982954590330
3.988447934537
3.993920149133
3.999310876828
4.004657772262
4.009999793936
4.015328309060
4.020701773412
4.026041612198
4.031353412765
4.036716722865
4.042029611200
4.047275807925
4.052652042515
4.057638732419
4.063071606728
4.068680661761
4.281565657263
4.287132713182
4.293050189493
4.298783492100
4.304567992191
4.310339194124
4.316158292618
4.322046192663
4.327976439665
4.333921852610
4.339896961767
4.345863347152
4.351863189461
4.357846862984
4.363881848997
4.369892637178
4.375863792491
4.381804653599
4.387788996648
4.393717348854
4.399690292334
4.405588559809
4.411521649016
4.417390761622
4.423270630074
4.429121814101
4.434987223303
4.440724860381
4.446526742245
4.452362269475
4.458068361003
4.464035559462
4.601089219462
4.606647678368
4.611982374642
4.617289889847
4.622500976654
4.627631872524
4.632893504508
4.638303705495
4.643794272157
4.649281988025
4.654800896642
4.660298079847
4.665826907741
4.671363099831
4.676965785082
4.682626394330
4.688300832109
4.694014266260
4.699734900709
4.705474688635
4.711274666937
4.717042253947
4.722846282680
4.728605326465
4.734370544809
4.740118173675
4.745866685296
4.751601682469
4.757357616934
4.763100007103
4.768813481842
4.774516627938
4.780236264930
4.785924008497
4.791619200541
4.797240606957
4.802907826239
4.808496470700
4.814103360933
4.819564433707
4.825110208507
4.830807593964
4.966211122827
4.971603855664
4.977123095505
4.982666185683
4.988269539351
4.994002064859
4.999777707928
5.005660506036
5.011515820192
5.017429938543
5.023336862077
5.029240170825
5.035141790259
5.041023788308
5.046893091276
5.052773268548
5.058673910682
5.064548887961
5.070387728385
5.076254676476
5.082121143890
5.087973003595
5.093777236800
5.099570067153
5.105406619277
5.111230735894
5.117073081212
5.122871542689
5.128676771207
5.134434240381
5.140206101889
5.146013681239
5.151853023495
5.157670474121
5.163446058356
5.169062151257
5.174612763477
5.180267477101
5.185847981166
5.191411809043
5.196980827013
5.202556960119
5.208022271415
5.213591487506
5.219130321995
5.224624631238
5.230182178643
5.235664392647
5.241132598834
5.246587664103
5.252112639488
5.257554949035
5.263097293405
5.268635823844
5.274081652160
5.279584536212
5.285081719615
5.290481054204
5.296039791947
5.301592128059
5.307122515922
5.312773635254
5.318419559926
5.324077430907
5.329791968781
5.335561537499
5.341315821917
5.347194054224
5.353190878816
5.358808872875
5.394502673356
5.400411682608
5.406374042393
5.412419385859
5.418480696165
5.424500634207
5.430519002341
5.436535537272
5.442566187886
5.448592652671
5.454582712528
5.460613539748
5.466584232547
5.472534161427
5.478455764392
5.484344810887
5.490156375696
5.495986208873
5.501924036363
5.697529606174
5.702790322483
5.708192308149
5.713639122546
5.719152675294
5.724773442886
5.730459624338
5.736197251613
5.741993534604
5.747834053116
5.753711413537
5.759648229507
5.765609818509
5.771613106375
5.777584178495
5.783531881473
5.789457643050
5.795332359021
5.801181712944
5.806988731544
5.812783224405
5.818546745674
5.824267945717
5.829960200292
5.835584688529
5.841225726859
5.846788224955
5.852401437811
5.857989324702
5.863562526017
5.869106130262
5.874664197704
5.880173006506
5.885741361936
5.891210309334
5.896649307643
5.902079680989
5.907490392514
5.912829788972
5.918145784649
5.923409439560
5.928603891773
5.933791424980
5.938929763151
5.944054825772
5.949149966825
5.954232277210
5.959261238123
5.964310810721
5.969346920156
5.974335944289
5.979256071405
5.984135173934
5.988977560021
5.993765858555
5.998616622818
6.003349819323
6.008208556401
6.012916260962
6.017388396062
6.021787615250
6.026318308963
6.030886998744
6.035525036141
7.178281951742
7.182036325385
7.186525338962
7.191002047465
7.195500087994
7.200038303870
7.204613579396
7.209240889496
7.213753771526
7.218289038192
7.222876449402
7.227485153212
7.232070707473
7.236635803895
7.241159247143
7.245668137913
7.250118356858
7.254523562984
7.258916360321
7.263312513355
7.267787543453
7.272311527760
7.277012515235
7.282251935239
7.286949015123
7.291487312084
7.296022247298
7.300454561094
7.304891801419
7.698392374263
7.703182472349
7.707676329404
7.712521922446
7.717386376046
7.722328138394
7.727283504609
7.732217955343
7.737177965535
7.742152667185
7.747161905258
7.752198719049
7.757220298489
7.762279951163
7.767363748760
7.772430869596
7.777532609882
7.782629434302
7.787724989932
7.792804766452
7.797883326555
7.803004051933
7.808109261349
7.813160348634
7.818262471573
7.823330418774
7.828400669024
7.833454278591
7.838470820830
7.843477147771
7.848487581780
7.853458960771
7.858419694062
7.863365669537
7.868320678192
7.873237347156
7.878173425805
7.883073505138
7.887985705418
7.892897380058
7.897793532575
7.902699649652
7.907572820454
7.912464173448
7.917285030048
7.921913535823
8.063167658515
8.070248296685
8.076037532303
8.081575085859
8.087111566254
8.097554299996
8.103114360565
8.108768535437
8.114363001802
8.119999183719
8.125640097675
8.131275381821
8.136891867175
8.142497822380
8.148109659199
8.153754947570
8.159355853220
8.165000482161
8.170631617746
8.176241658315
8.181883975991
8.187619915844
8.193473660864
8.199345596043
8.205046601914
8.210818698008
8.216083903862
8.221969355997
8.467137732373
8.472909553935
8.478481080886
8.483938702638
8.489422989347
8.494928030180
8.500412174315
8.505905618004
8.511372108769
8.516849783632
8.522302658752
8.527794138850
8.533270818941
8.538803026883
8.544354946257
8.549892373116
8.555421412637
8.560961887204
8.566502980462
8.572029233003
8.577554695574
8.583038870813
8.588514992178
8.593991041185
8.599465177092
8.604956551707
8.610407739829
8.615837986168
8.621270142885
8.626702295858
8.632124277481
8.637523439070
8.642855423965
8.648156213683
8.653445037449
8.658628875737
8.663798050204
8.669074352886
8.674126358647
8.679007218716
8.684108813241
9.048235573079
9.052656863525
9.057794578592
9.063208482806
9.068628334565
9.073893539422
9.079274595076
9.084648447028
9.089957701860
9.095323077986
9.100731385403
9.106120240812
9.111573221799
9.116903668338
9.122108741079
9.127494414877
9.132873337502
9.138272770705
9.143635731244
9.149018605913
9.154389036123
9.159772332267
9.165137502218
9.170501493687
9.175862190331
9.181226251463
9.186604491975
9.191983485017
9.197385474855
9.202784618260
9.208195850870
9.213602774050
9.218995788265
9.224385526920
9.229791896621
9.235189790089
9.240586411047
9.245964450361
9.251367454969
9.256747302767
9.262134047669
9.267528823160
9.272928674763
9.278346490854
9.283756086048
9.289151902940
9.294543487231
9.299897599355
9.305238371332
9.310565880116
9.315851346909
9.321156069760
9.326480945201
9.331880032852
9.337246270827
9.342430059366
9.347645263327
9.352856365748
9.358000011547
9.363139897640
9.368262315689
9.373321413797
9.378303160637
9.382987022268
9.387653735830
9.392747696842
9.397952866067
9.403913552992
9.409610078323
9.414413270875
9.727294865847
9.731912884082
9.736468598292
9.741456430954
9.746772143734
9.752240640039
9.757715147178
9.763302127709
9.768885198917
9.774577832469
9.780328209883
9.786109796057
9.791963494942
9.797839219377
9.803737789920
9.809738916002
9.815911156522
9.822259883135
9.828664488982
9.834949614788
9.841152215754
9.847324624036
9.853313140230
9.859232144355
9.865039583866
9.870730476140
9.876489551400
9.881888812650
10.643805878051
10.648423267698
10.653375967854
10.658393583341
10.663544180465
10.668674245615
10.673779611861
10.679069053248
10.684171753544
10.689402567549
10.694543161867
10.699707379369
10.704789657033
10.709909443862
10.715004075716
10.720046202309
10.725081346222
10.730072615536
10.735066556409
10.740007211818
10.744937478095
10.749822957882
10.754703303456
10.759551231366
10.764395875140
10.769173630056
10.773955109924
10.778692035414
10.783447126914
10.788222580823
10.792997160744
10.797745085224
10.802562322031
10.807406483470
10.812284117973
11.124283723994
11.128863885225
11.133318120948
11.137764610004
11.142367251816
11.147153212290
11.152062871085
11.157023445569
11.162038025237
11.167110171467
11.172236305013
11.177390411201
11.182584937091
11.187813160811
11.193111476009
11.198437059580
11.203801433015
11.209255651267
11.214775012746
11.220389897451
11.226101293099
11.231936861110
11.237489492435
11.242982531054
11.248554561735
12.065151511058
12.069746389150
12.074312785838
12.078949831849
12.083563082639
12.088248387837
12.092936071277
12.097633758099
12.102354985725
12.107088727805
12.111812315145
12.116542387553
12.121290678660
12.126055275410
12.130768772136
12.135484628791
12.140213258035
12.144963490712
12.149764318707
12.154533855501
12.159291566924
12.164005488429
12.168696560133
12.173367585365
12.177999177827
12.182608868062
12.187275851191
12.191958181899
12.196727388342
12.201481103999
12.206260587213
12.210972511071
12.215706389807
12.576757135900
12.582872674563
12.587997828741
12.593155690136
12.598252198013
12.603400894627
12.608223771686
12.613539966119
12.618815700210
12.624114077849
12.629441318889
12.634815837481
12.640253595571
12.645703091027
12.651149211489
12.656608750414
12.662103847351
12.667591371537
12.673112539422
12.678550221480
12.684017376894
12.689476968680
12.694958527385
12.700419093119
12.705963684764
12.711507722597
12.717072167720
12.722641815319
12.728248310031
12.733851596457
12.739518119557
12.745214177306
12.750955839016
12.756691831093
12.762460062214
12.768242831637
12.774028737635
12.779879104949
12.785692508634
12.791565370736
12.797374990464
12.803219856854
12.809045012480
12.814880546108
12.820726939993
12.826580323666
12.832489510686
12.838356170376
12.844270130097
12.850160291880
12.856083149833
12.862019264568
12.867943124531
12.873897753002
12.879836970618
12.885800139119
12.891732435646
12.897671813448
12.903581041673
12.909527424180
12.915531786698
12.921553674510
12.927604964717
12.933606600834
12.939561407752
12.945434159308
12.951270500135
12.957059246884
12.962820290478
12.968538963176
12.974184349458
12.979817922468
12.985473591395
12.991141963845
12.996758260999
13.002563117799
13.214927820334
13.220328333248
13.225739917817
13.231134202970
13.236577383129
13.242057409582
13.247568849501
13.253115925628
13.258673412402
13.264255239322
13.269814544415
13.275365555115
13.280864670022
13.286324812570
13.291737016006
13.297108135339
13.302386989359
13.307641592289
13.312849110925
13.318007485392
13.323114386136
13.328206836469
13.333251133896
13.338275964277
13.343274470441
13.348246947644
13.353239394559
13.358220941908
13.363173061180
13.368158162869
13.373080648442
13.377982086621
13.382893038960
13.387757075029
13.392603244203
13.397436584037
13.402259610893
13.407047835417
13.411829391113
13.416590334373
13.421335005594
13.426082074570
13.430805836827
13.435525005718
13.440233444605
13.444905695652
13.449552324704
13.454184682617
13.458737854851
13.463253478609
13.467759611806
13.472244954427
13.476695967575
13.481087707123
13.485469629536
13.489854534790
13.494207866887
13.498513393216
13.502823461298
13.507107979524
13.511370264838
13.515591765666
13.519832053631
13.524014921618
13.528200480659
13.532351910911
13.536492728676
13.540615005285
13.544834858564
13.549050551289
13.553327947178
13.557524063906
13.561827362789
13.768655410948
13.773780010923
13.778975555189
13.784386109514
13.790052483651
13.795790972318
13.801430945497
13.807179004041
13.812883279299
13.818617660085
13.824382580788
13.830114956091
13.835873129882
13.841641639593
13.847391642834
13.853168929431
13.858968873448
13.864804040151
13.870750946359
13.876684149338
13.882768131354
13.888637386583
13.894555826137
14.152432573156
14.157345818930
14.162313671373
14.168075866489
14.173487365377
14.179338710232
14.184975659172
14.190567874078
14.196307200769
14.201946197222
14.207505357526
14.212957268458
14.218208081387
14.223580859512
14.228959770461
14.234321872881
14.239679736053
14.245009707428
14.250362075127
14.255707193591
14.261073645501
14.266443818104
14.271829910017
14.277235735394
14.282630005429
14.288028437273
14.293443925396
14.298849727875
14.304236103770
14.309626925288
14.314997489618
14.320338498937
14.325670369870
14.330961889641
14.336217354499
14.341445330140
14.346669088693
14.351865790688
14.357080057743
14.362292487395
14.367503862111
14.372720077285
14.377915851471
14.383103696177
14.388263486004
14.393425427871
14.398564513942
14.403684022327
14.408810931939
14.413872569630
14.418969102478
14.424047721210
14.429229732145
14.434387109375
14.439825867436
14.444836132932
14.449661406871
14.625250177562
14.629579785936
14.634040820097
14.638830269428
14.643765773782
14.648766837651
14.653927437656
14.659182310669
14.664505929463
14.669946718972
14.675486733061
14.681098472082
14.686806204236
14.692633579132
14.698530909719
14.704632718898
14.710836270767
14.717123150285
14.723431407450
14.729680909401
14.735892270067
14.742004924991
14.748042777093
14.754010346765
14.759944396147
14.765827669958
14.771735979745
14.777476066059
14.782942815176
14.788567796415
15.627278899354
15.632365076322
15.637497735031
15.642514431840
15.647530480309
15.652550551656
15.657601850359
15.662588994469
15.667575766617
15.672569893767
15.677563918614
15.682548468218
15.687534965005
15.692522934931
15.697771326679
15.702761929606
15.707784407780
15.712784528129
15.717813670113
15.722835137945
15.727880537042
15.732908124798
15.737946204038
15.742981689483
15.748057492677
15.753146090926
15.758206780680
15.763263711590
15.768230367644
15.773415253002
15.778483687361
15.783600441139
15.788713048240
15.793863776272
15.799007726111
15.804174547428
15.809340572352
15.814472817050
15.819597225165
15.824774149765
15.829878849835
15.834980951141
15.840044378523
15.845123537282
15.850169505870
15.855197917909
15.859861397959
15.864793617053
15.869730624082
15.874596457408
15.879443016141
15.884248646727
15.889040872253
15.893786057615
15.898512319721
15.903188060595
15.907822922157
15.912425151196
15.916984613083
15.921527120029
15.926019733419
15.930486014213
15.934940580423
15.939356037511
15.943767980277
15.948148111636
15.952545718805
15.957005289323
15.961696941434
15.966188737204
15.970691015781
15.975254262260
15.979889868568
15.984746596317
15.989505586363
15.994198050424
15.998870505067
16.003681365511
16.008521082917
16.012903875807
16.017425452080
16.021718848708
16.025882261665
16.029983477374
16.034071442769
16.038186108756
16.042309295147
16.046455630352
16.050608794508
16.054772057285
16.058930201306
16.063090670262
16.067244865823
16.071394554396
16.075543233446
16.079678384060
16.083820315294
16.087954176997
16.092098626862
16.096248890118
16.100394893324
16.104545940567
16.108714175377
16.112910582530
16.117153503058
16.121474281145
16.125883574325
16.130381759916
16.135010044048
16.137570436319
16.140221484057
16.142680849332
16.145003332073
16.146930947341
16.149382308550
16.151712353734
16.154031102307
16.156682042744
16.158863484855
16.161181025535
16.163461430378
16.165827335565
16.168011461884
16.170199409681
16.172275643483
16.174368977227
16.176419162248
16.278498612101
16.283928811676
16.289352653652
16.294730673033
16.300092427070
16.305482890633
16.310660526500
16.316131185502
16.321569964526
16.327020551348
16.332502290452
16.337992335089
16.343498788739
16.349021354614
16.354552477251
16.360061736007
16.365699878145
16.371284641362
16.376833717701
16.382433926096
16.388024505269
16.393623473739
16.399230779286
16.404846458768
16.410482202611
16.416028280926
16.421714344611
16.427319166247
16.432902206832
16.438484477405
16.443997882826
16.449482243007
16.454947390494
16.460323594795
16.465629400283
16.471115452799
16.476803980383
16.594743710882
16.599164583773
16.603597860540
16.608378900946
16.613406343293
16.618603665316
16.623774918556
16.629017864426
16.634266585545
16.639486172367
16.644730643840
16.649984281435
16.655357643954
16.660767476955
16.666180236538
16.671609983644
16.677023251525
16.682444835461
16.687864944935
16.693286847046
16.698698912461
16.704104975025
16.709506943746
16.714921364833
16.720335962191
16.725772332945
16.731208788089
16.736669643141
16.742101838952
16.747526797085
16.752893862951
16.758200936770
16.763491266937
16.768665334142
16.773830254003
16.778889808487
16.783908405657
16.788882834904
16.793843711171
16.798913472330
16.804052578900
16.809116451073
16.814294524161
16.819329759757
16.824565439783
16.829444553809
16.834732149705
16.977300676578
16.983407993960
16.989280460998
16.995119087867
17.000851162748
17.006464021899
17.012427245224
17.018335745134
17.024215900804
17.030097767368
17.036133135360
17.042212564725
17.048234019249
17.054340967586
17.060407102323
17.066396498933
17.072425657830
17.078466194040
17.084380004766
17.298508839005
17.303758329895
17.308961949115
17.313862876538
17.319115905855
17.324417219257
17.329873770872
17.335400515458
17.341010057626
17.346685562187
17.352361011755
17.358077328435
17.363788657727
17.369552292653
17.375296665056
17.381090644311
17.386887224568
17.392735944889
17.398566962645
17.404450996978
17.410340282896
17.416240385930
17.422133377239
17.428094118471
17.434097728011
17.440236394310
17.558061112844
17.562848392079
17.567185749579
17.572449961808
17.577785345692
17.583103344146
17.588402776330
17.593794644172
17.599183030716
17.604560246426
17.609922321070
17.615290045182
17.620617528241
17.625984641417
17.631338159061
17.636707490793
17.642067433231
17.647405897389
17.652776130643
17.658082383582
17.663445212017
17.668790065435
17.673973724891
17.679276253510
17.684491445813
17.689752556047
17.694766101339
17.699866028369
17.704896034614
17.709992875062
17.715204513041
17.720335972961
17.725620068041
17.730800709926
17.735903537193
17.741044262136
17.746215744080
17.751594309125
17.808780022031
17.813410701538
17.818097086560
17.822766232602
17.827439394955
17.832155993109
17.836863435798
17.841561683978
17.846259287912
17.850936252368
17.855617892881
17.860279534923
17.864938152474
17.869579924665
17.874213388642
17.878855483697
17.883478067297
17.888097883477
17.892716348808
17.897311094331
17.901884383273
17.906458080316
17.911003886635
17.915541070227
17.920055893616
17.924555364576
17.929007238219
17.933473930962
17.937912107748
17.942364666686
17.946791654348
17.951231803095
17.955658685501
17.960068740399
17.964464321270
17.968867924083
17.973253636414
17.977653279980
17.982054737448
17.986463205030
17.991008044451
17.996406326105
18.000977593800
18.178009012391
18.183256359549
18.188215838086
18.193462823942
18.198688704096
18.203963384528
18.209239163019
18.214559304631
18.219946404008
18.225404389496
18.230918225753
18.236521805632
18.242166254715
18.247939975354
18.253787698461
18.259744777569
18.265773511989
18.271892876688
18.278259802216
18.284623638436
18.291156033585
18.297617590011
18.304264756876
18.310808774889
18.317539359071
18.324273088403
18.331134839279
18.338244307805
18.345522860799
18.352840575326
18.360232830001
18.367566167131
18.375078168470
19.472429210327
19.477825461881
19.482850239303
19.488031546751
19.493154981094
19.498271656452
19.503435421955
19.508622086902
19.513810343479
19.519036882170
19.524286685863
19.529481075502
19.534719352255
19.539932930247
19.545244562240
19.550531812188
19.555833952741
19.561132451344
19.566432616232
19.571770664477
19.577100309652
19.582441288965
19.587832087903
19.593181828750
19.598583845898
19.603965748650
19.609399635824
19.614837135376
19.620330785091
19.625795126493
19.631328369221
19.636835339887
19.642397140607
19.647913677901
19.653460227069
19.658947738404
19.664470318502
19.669959240908
19.675457646219
19.680977329528
19.686525485495
19.692114407594
19.697690632973
19.703198335097
19.708757396232
19.714274729791
19.719852435946
19.725386860174
19.731104007727
19.737019324424
19.751425437356
19.764367503859
19.779356777675
19.803634133852
19.808683112742
19.814195158688
19.819535400510
19.824792144310
19.830025803602
19.835256534441
19.840445493755
19.845662221063
19.850875879215
19.856143859881
19.861407929109
19.866693533935
19.872141864865
19.877551754120
19.882940551693
19.888434505095
19.893958187974
19.899497218315
19.905030755468
19.910591607475
19.916122961133
19.921694960545
19.927261133071
19.932828622051
19.938394018414
19.943995160766
19.949837215004
19.955725894661

