Time_s
0.604412363606
0.607668669281
0.610672773404
0.614282143951
0.617860987328
0.621725754408
0.626567042563
0.630314292406
0.634359096503
0.638293541328
0.642250281495
0.646130378846
0.649988387451
0.653844345108
0.657706221237
0.661565915107
0.665442443449
0.669212200844
0.673231591763
0.677147906415
0.680908199262
0.684643069595
0.688386010021
0.692140584247
0.695890312220
0.699719539907
0.703489129542
0.707268610153
0.711059790676
0.714822600543
0.718581227257
0.722366603068
0.726089375599
0.729793631212
0.733504511532
0.737168136633
0.740803392262
0.744420591388
0.748025936207
0.751620391178
0.755196917093
0.758772629665
0.762317992138
0.765846377196
0.769339753435
0.772802995288
0.776215726949
0.779573995907
0.782542017258
0.785510708535
0.788754410402
0.791952966413
0.795174836273
0.798290531973
0.802268312116
0.805360133705
0.808280278164
0.811179512071
0.814677676530
0.818093126280
0.821197139749
0.824503112580
0.827954253261
0.831352277806
0.834775300908
0.838078010980
0.841021391541
0.844355842997
0.847413678066
0.850929483817
0.854407045244
0.857946011069
0.861414972554
0.864804538759
0.868337582042
0.871838270908
0.875342515374
0.878848538705
0.882344317221
0.885672384499
0.888848929463
0.891929810981
0.895223182341
1.024069365871
1.027192377018
1.030565656622
1.034054775741
1.037523023296
1.040963238902
1.044344751152
1.047775676410
1.051262115205
1.054791039093
1.058300356094
1.061861354256
1.065512183922
1.069170215756
1.072947951142
1.076776165259
1.080679473166
1.084725634918
1.088890279116
1.093088495450
1.097389953663
1.101717826286
1.106075440346
1.110442626522
1.114922480112
1.119359302682
1.123707971240
1.128137356884
1.132537208488
1.137067252931
1.141540996648
1.146036980841
1.150544836200
1.155079861577
1.159642890126
1.164152689398
1.168644413132
1.173137516903
1.177612654829
1.182063315444
1.186520414589
1.190989603688
1.195377429381
1.199771140113
1.204076854297
1.208311764242
1.212462746432
1.216360931611
1.219978311902
1.223813116446
1.227571898446
1.230813351867
1.234752872830
1.238326322630
1.241982114612
1.246301988026
1.250560209457
1.254366508578
1.258068572887
1.384566982791
1.387114500359
1.388821498680
1.390799655930
1.392451566370
1.394110190795
1.395758286732
1.397615357216
1.399492465200
1.401832293521
1.403506777005
1.405700407652
1.443309172147
1.447205843126
1.451606301659
1.456102774905
1.460622292007
1.465228466282
1.469927313233
1.474827694360
1.479998549560
1.485333806811
1.490631815773
1.495976899217
1.501362790333
1.506760519671
1.512138995993
1.517550456992
1.522939835875
1.528311239150
1.533692740514
1.539079233805
1.544445795838
1.549825249517
1.555115030988
1.560441786363
1.565820894209
1.571456425034
1.576775834589
1.582082532797
1.587372389379
1.592683615285
1.598020308012
1.603312691191
1.608633857018
1.613989537394
1.619450333951
1.624866763132
1.630305418782
1.635614095140
1.640737625570
1.645952273563
1.650732036415
1.656168459696
1.661558419807
1.667163717451
1.678898771267
1.690853018353
1.702800324996
1.714846634517
1.726666440362
2.413907453141
2.417552939016
2.421855511295
2.425962402896
2.430092020291
2.434149951453
2.438147957906
2.442117207627
2.446015084050
2.449879085332
2.453609863751
2.457292484102
2.460914694703
2.464484166276
2.467975752309
2.471456874302
2.474948912575
2.478410776511
2.481707447439
2.724949208382
2.727974768394
2.731064718700
2.734111907632
2.737105562716
2.740032329913
2.742934272549
2.745842640550
2.748764785699
2.751716508109
2.754756064105
2.758045741284
2.761609998073
2.765325962374
2.769071657768
2.772877372727
2.776738660526
2.780621676538
2.784569427545
2.788564496737
2.792550379271
2.796614944088
2.800640683097
2.804657628232
2.808693615175
2.812730609946
2.816746465151
2.820760499210
2.824780261002
2.828777203983
2.832792343557
2.836851900354
2.841081801899
2.845290097023
2.849267987655
2.853288944018
2.857292611832
2.861328656873
2.865503045946
2.869548860104
2.873544829385
2.877578891211
2.881498511176
2.885526835618
2.889528026779
2.893497899752
2.897617009923
2.901664597050
2.905628992098
2.909663179808
2.913671894139
2.917735752655
2.948655155012
2.952699061806
2.956452290138
2.960302719869
2.964403729932
2.968553620056
2.972780377227
2.977101435097
2.981502967197
2.985993147594
2.990651434314
2.995323528272
2.999340623610
3.003896768287
3.008210267044
3.012529969394
3.017545202076
3.022671315563
3.028176010163
3.033878733390
3.039508813302
3.102666698004
3.107426771442
3.111949368452
3.116813493695
3.121623347465
3.126358978729
3.131084077769
3.135781847360
3.140404058809
3.144945295291
3.149442347623
3.153927295468
3.158421899763
3.162933709499
3.167464799563
3.172011144576
3.176559139959
3.181111974021
3.185679779355
3.190264574503
3.194856068584
3.199416383217
3.203875766063
3.208340605787
3.212821385316
3.217309601960
3.221973361587
3.226469569183
3.230800263422
3.235051234155
3.239291757804
3.243539862691
3.247788662648
3.251991781766
3.256097217637
3.260264251083
3.264495969758
3.268733568331
3.272958825567
3.277182620400
3.281408775906
3.285625131690
3.289892071081
3.294204256567
3.298559949102
3.302988687534
3.307503365269
3.312026111368
3.316559337861
3.320989262543
3.325302179826
3.329680275107
3.334037274857
3.363154035331
3.367588240325
3.371828641166
3.376216526248
3.380452475117
3.384802914496
3.389269725490
3.393784633141
3.398225392906
3.402578978764
3.406877853648
3.411150174780
3.415416527867
3.419657932751
3.423866709292
3.428016016817
3.432123590514
3.436203899573
3.440278479322
3.444344860972
3.448387866022
3.452395880426
3.456381391675
3.460357212212
3.464315191756
3.468330376631
3.472390667959
3.476407271867
3.480479824502
3.484607004499
3.488872398107
3.492958894462
3.497007364582
3.500912953176
3.504964834571
3.509039299078
3.513101178938
3.517117152990
3.521115307738
3.717202437060
3.725969747082
3.729618037951
3.733390689976
3.737250734121
3.741262230175
3.745346111593
3.749541939139
3.753832963349
3.758173167054
3.762595371661
3.767081242301
3.771603614970
3.776125983171
3.780530161678
3.785145789575
3.790569467255
3.795271860889
3.800009498632
3.804424306757
3.809947064261
3.814265137988
3.818555303707
3.822516172301
3.826909683082
3.831728863323
3.836324655357
3.840816941279
3.845324750398
3.849856785286
3.854309657178
3.858776119803
3.863274717572
3.867786447858
3.872319969509
3.876864360997
3.881344178519
3.885766048473
3.890197404843
3.894641663525
3.899101431186
3.903580606396
3.908059588529
3.912491557211
3.916906256829
3.921325288933
3.925771795115
3.930210848874
3.934590792826
3.938911562261
3.943165771587
3.947362093204
3.951475069422
3.955378790590
3.959257431832
3.963239349907
3.967259059663
3.971254924087
3.975132843420
3.978812221216
3.982101668049
3.986140997215
3.990345058288
3.994600854040
3.998959908417
4.003151475533
4.007388764285
4.114371065583
4.119505845323
4.124901794789
4.130056457930
4.135285945041
4.140492134459
4.145673619805
4.150856466393
4.156070342830
4.161327795391
4.166610803558
4.171997080674
4.177438731133
4.182923508946
4.188371992253
4.193692821582
4.199090223548
4.204441222241
4.209900984783
4.215465065285
4.232455026114
4.235083244646
4.237792718124
4.240509296119
4.243241201162
4.245888751409
4.248624400295
4.251212818117
4.253921175565
4.256398926248
4.308891789590
4.312352725765
4.316156991269
4.319964796128
4.323755634214
4.327570143508
4.331327412329
4.335067132870
4.338816801775
4.342619342963
4.346624163358
4.354304130854
4.359169454734
4.364251833208
4.369395021766
4.374579907067
4.379827995520
4.385078015341
4.390351372024
4.395643745674
4.400980124934
4.406323229894
4.411695004223
4.417089242899
4.422456660063
4.427798836776
4.433088779077
4.438312121619
4.443451516449
4.448524634999
4.453613009727
4.458749620381
4.463888012680
4.469027508280
4.474193273776
4.479388922861
4.484604507688
4.489830358935
4.495052544301
4.500251182371
4.505419004414
4.510541231426
4.515625816397
4.520692758772
4.525745829442
4.530753309397
4.535686888960
4.540453605958
4.545144847413
4.550004025973
4.554878486965
4.559792798103
4.564907021603
4.569982553058
4.575065109428
4.580184001788
4.585296348538
4.590284745017
4.595293736573
4.600234125389
4.605194489849
4.610135084754
4.614764996818
4.619466319829
4.624328969054
4.629330477458
4.634342962845
4.685700996446
4.689011090860
4.692579791273
4.696689187703
4.700493324011
4.704456555332
4.708759630756
4.713328936192
4.717976098070
4.722630323832
4.727322954140
4.732081664414
4.736865954653
4.741666687972
4.746467867603
4.751286009225
4.756134041586
4.761003814585
4.765885825185
4.770798443878
4.775684895831
4.781700582770
4.786660405055
4.791787563442
4.796969714781
4.802126482566
4.807313656065
4.812484437803
4.817870817933
4.822885564817
4.827754612653
4.832641355045
4.837494009764
4.842356747442
4.847265168198
4.852368188336
4.857494684849
4.862657918322
4.867834202685
4.873218857931
4.878059377834
4.882941591694
4.888791831083
4.893711225811
4.898991482735
4.904134633061
4.909220137408
4.914299432117
4.919382819230
4.924446699003
4.929478602793
4.934539466533
4.939612227050
4.944679136382
4.949786611353
4.954911633192
4.960001067533
4.965111425351
4.970152770731
4.975179002237
4.980224048730
4.985271741131
4.990379918669
4.995439700455
5.000053638457
5.005146552687
5.010233615721
5.184924185261
5.189925250589
5.195074799310
5.200354411960
5.205701626327
5.211079848799
5.216541303670
5.222102231944
5.227731749905
5.233443833003
5.239264276330
5.245125937818
5.251172509261
5.257168326044
5.263158062712
5.269188184259
5.275258561023
5.281225231515
5.287340707701
5.293338855653
5.299479779125
5.305607709442
5.311764197645
5.318021991774
5.324330419317
5.330626872266
5.337064588217
5.343623621263
5.350268028411
5.356833304911
5.363339370993
5.369784150872
5.376200093903
5.382591648908
5.389174854683
6.075982069385
6.079084401878
6.082205306950
6.084816203875
6.087384698833
6.090391188692
6.093345458107
6.096393995931
6.099476793997
6.102613350519
6.105795121973
6.109016611236
6.112283613038
6.115610211250
6.118964233026
6.122374232350
6.125827544342
6.129270976057
6.132724512540
6.136287698964
6.139777765793
6.143240549733
6.147692925011
6.151364657320
6.155476910325
6.158254033771
6.161834652634
6.165051161814
6.168438073996
6.171794243088
6.175194948145
6.178719493334
6.182252740259
6.185702761445
6.189022063404
6.192660136242
6.196057678722
6.199394534101
6.202696118413
6.205991445632
6.209269775303
6.212764506964
6.216121068565
6.219700377175
6.223320159455
6.226681558428
6.445644698802
6.448518346651
6.451513339979
6.454648136271
6.458007755017
6.461561745846
6.465179151673
6.468801148378
6.472424195159
6.476048510661
6.479664268352
6.483293961053
6.486952016872
6.490626151015
6.494316526546
6.498018957377
6.501737682809
6.505466159190
6.509211505861
6.512960137240
6.516699581643
6.520435299522
6.524182161172
6.527937809255
6.531706117372
6.535482032525
6.539267428104
6.543069697526
6.546885747326
6.550719878108
6.554546801434
6.558371804546
6.562217032492
6.566094384815
6.569954975739
6.573769204836
6.577569911782
6.581375956982
6.585188016782
6.589019541382
6.592856185414
6.596700738499
6.600549262253
6.604402943582
6.608264359715
6.612146604834
6.616025794001
6.619882144167
6.623711935245
6.627539356531
6.631353361456
6.635156539259
6.638944277675
6.642727873829
6.646494802804
6.650248291094
6.653970215735
6.657678596204
6.661357509858
6.665036337946
6.668703422426
6.672358389921
6.675965822778
6.679514626942
6.683123442312
6.686755588563
6.690399763253
6.694104375922
6.697803467676
6.701562411003
6.705232879052
6.708965296137
6.712546289690
6.716206407383
6.719774106154
6.723499698106
6.727081704577
6.730778982399
6.734269624143
6.784947039459
6.789651227795
6.794521844908
6.799603747780
6.804816480646
6.810137257374
6.815509596893
6.820963218673
6.826409049457
6.831833982067
6.837126860342
6.842384182654
6.847431019558
6.852495423320
6.857796232429
6.863091033811
6.868427260365
6.873794777675
6.879069988831
6.884394704408
6.889787885607
6.894123221016
6.899405843745
6.904670862944
6.909951621623
7.026380302724
7.029316715834
7.032741084075
7.036164016964
7.039764058447
7.043395491449
7.047076581040
7.050893133788
7.054831318684
7.058828318413
7.063004050940
7.067355043320
7.071916930484
7.076509386587
7.081098280102
7.085698845971
7.090328352412
7.094963134991
7.099584043070
7.104179874315
7.108765816732
7.113290695397
7.117733252948
7.122048336619
7.126333065076
7.130629687730
7.134993801542
7.139283783521
7.143473256895
7.147651348344
7.151820413235
7.155973563210
7.160388987467
7.164848060313
7.502090802801
7.506440518299
7.511230159359
7.515794129924
7.520498864670
7.525279162766
7.530149433145
7.535001735424
7.539870394376
7.544762286245
7.549660351751
7.554338020340
7.559318080292
7.564277660314
7.569314244652
7.574396404758
7.579501953448
7.584641897917
7.589787822964
7.594933916485
7.600106572795
7.605293311255
7.610482923798
7.615685849010
7.620906051910
7.626130478296
7.631359961950
7.636599258877
7.641865982358
7.647144703852
7.652418408663
7.657691310332
7.662953083118
7.668202406739
7.673438497135
7.678671868122
7.683908948897
7.689191971912
7.694526359425
7.699793880996
7.705031085298
7.710270646501
7.715513268258
7.720745806107
7.725948944203
7.731141751835
7.736313799885
7.741453154568
7.746651698461
7.751850628942
7.757048343032
7.762249512283
7.767477972474
7.772699509305
7.777919629125
7.857700988373
7.861171292724
7.864671474711
7.868560795307
7.872926504157
7.878052644137
7.883317888079
7.888422059929
7.893648679033
7.898943816073
7.904274253594
7.909520706757
7.914910000897
7.920169887953
7.925639088948
7.930933845445
7.936274676059
7.941686851951
7.947120981530
7.952558321374
7.957970522103
7.963464658191
7.968969779473
7.974339844278
7.979505344511
7.984620599375
7.989810808517
7.994969876992
8.000085495985
8.005153194605
8.010176128813
8.015045625538
8.024691141004
8.029326524771
8.033415173095
8.037805556684
8.042032877926
8.046244452008
8.050595336143
8.054028968405
8.058145175533
8.876703972892
8.879842866444
8.882929627896
8.886073272976
8.889370652702
8.892713212496
8.896113504630
8.899616903714
8.903169383348
8.906772237806
8.910469701509
8.914314073939
8.918176277456
8.922106332523
8.925998612096
8.929973970839
8.933890345833
8.937881259662
8.941762404969
8.945695320616
8.949604752942
8.953526563387
8.957368833618
8.961216450693
8.965049299708
8.968825331501
8.972589779589
8.976286930486
8.979895215225
8.983444552999
8.986909893163
8.990323219128
8.993696476509
8.997027198539
9.000348209033
9.003598820941
9.006857007426
9.010109130880
9.013364097117
9.016660382992
9.019945740115
9.023238332808
9.026564659545
9.029859403454
9.033191281547
9.036476875671
9.039776958679
9.043105425492
9.046414379583
9.049732418522
9.053075272204
9.076091858567
9.085931846619
9.095969659568
9.105755458916
9.115575985524
9.125346125166
9.135134825280
9.144955545880
9.154830750543
9.162647112520
9.170431960696
9.223136278275
9.226950062774
9.229867449389
9.232774506707
9.235737585954
9.238965459412
9.242327234724
9.245737179429
9.249158344641
9.252613847107
9.256120161921
9.259672698889
9.263241028682
9.266877372911
9.270589961069
9.274382760922
9.278119775668
9.281794922942
9.285485946978
9.289987739493
9.293627520807
9.296958899330
9.300398297142
9.303876798679
9.307391629924
9.310879472892
9.314423297668
9.317929404664
9.321384093245
9.324911388517
9.328377354076
9.331793303935
9.335186060607
9.338315655353
9.341714282820
9.345261209505
9.348837610063
9.352377868316
9.355861093625
9.556399369508
9.560179412299
9.564303528524
9.568690505349
9.573064504341
9.577514159083
9.581919118302
9.586286958701
9.590670386770
9.595060880394
9.599455688690
9.603846980434
9.608189781661
9.612345992268
9.616591774258
9.620830385242
9.625106179674
9.629417370808
9.633770505885
9.638142585676
9.642566395015
9.646996007815
9.651464205284
9.655978421756
9.660583076169
9.665184269694
9.669937103714
9.674758242435
9.679723527988
9.684686891614
9.894892548774
9.898331395383
9.902365969590
9.906523077929
9.910876931994
9.915397751750
9.920144522401
9.925051775559
9.930139043961
9.935341724237
9.940681795048
9.946206978388
9.951824998790
9.957184789496
9.962210767382
9.967421955684
9.972601211728
9.977655920213
9.982761704587
9.987913439957
9.992899767919
10.050478210080
10.055602998319
10.061121928617
10.066576034217
10.071784132142
10.076934077037
10.082138745676
10.087328447085
10.092548378655
10.097764170008
10.102990169222
10.108153048589
10.113252791291
10.118268847409
10.122792914936
10.127592414568
10.132655813556
10.137695707789
10.142669050284
10.147691508181
10.152771730779
10.157795235552
10.162835653451
10.167886879536
10.172927823509
10.177953932138
10.182943984562
10.187897143674
10.192727507267
10.197412425442
10.202139772120
10.206934057545
10.211728303841
10.216379798028
10.220885698445
10.225403458066
10.229925941395
10.234299902956
10.238618529409
10.243027115275
10.247402914065
10.251596832120
10.255681973170
10.259808736737
10.263917366280
10.267816573995
10.271927044207
10.276192201167
10.280265532060
10.284319714334
10.288429698711
10.292111069713
10.296608423226
10.437980677705
10.441691701388
10.445169391195
10.448825817623
10.452514495453
10.456317697983
10.460226055706
10.464309277913
10.468768489354
10.473561163039
10.478468755391
10.483568137899
10.488639719403
10.493722229061
10.499219218011
10.504355665042
10.509662584063
10.514946706564
10.520287280200
10.525645383534
10.531038242615
10.536408308981
10.541775237831
10.547199363323
10.552592785890
10.557973235953
10.563314891236
10.568652577150
10.574039297313
10.579405258404
10.584730841052
10.590010910258
10.595286053474
10.600492293157
10.605647720289
10.610811244012
10.615960344105
10.621136788097
10.626503917567
10.631901016467
10.636904522593
10.641594003273
10.645664439755
10.650385396049
10.654771864975
10.658868579866
10.663419002479
10.667693114171
10.671724307749
10.675669035942
10.681697590781
10.689452408029
10.697437901865
10.705501243938
10.713314741576
10.721169788225
11.261436633187
11.266673491306
11.271733930358
11.276877213027
11.281835479817
11.286788391393
11.291804165576
11.296835771055
11.301712555818
11.306515207393
11.311287844318
11.316117941920
11.320973828007
11.325831143439
11.330600919017
11.335392407661
11.340235596415
11.345104721374
11.349912977691
11.354722665453
11.359580093796
11.364516229866
11.369452024235
11.374357374358
11.379232196764
11.384067427980
11.388860164282
11.393670988366
11.398481820648
11.403268804168
11.408010392408
11.412728341255
11.417447326319
11.422140667811
11.426749881468
11.431051711605
11.435123782105
11.439709970321
11.444369829835
11.449054109190
11.453691280337
11.458363405012
11.463038800369
11.467678595178
11.472301117497
11.476855651141
11.481343375786
11.485821010732
11.490176184094
11.494473343690
11.498680933957
11.502757637343
11.506812925459
11.510854395641
11.514872893707
11.518912292001
11.522968882289
11.526969748631
11.530820099123
11.534437439531
11.538059679474
11.541864542657
11.545857051775
11.549892953813
11.554027556629
11.558059694414
11.562160069435
11.566239896099
11.570187130796
11.574236086524
11.578395863055
11.582354701085
11.586366359760
11.590418329037
11.594406654521
11.598403766723
11.602416890234
11.606574517145
11.610616214338
11.614302756179
11.617978786104
11.621423970330
11.624818575722
11.628176875950
11.631520659975
11.634861228388
11.638200874630
11.641533963755
11.644852349174
11.648163164851
11.651479218149
11.654781188439
11.658084200507
11.661372213140
11.664642984502
11.667913957218
11.671173250574
11.674438932747
11.677692108486
11.680960678395
11.684232534908
11.687496226842
11.690803472082
11.694117163791
11.697479952084
11.700931892349
11.704478895834
11.708149867957
11.711817484551
11.715700684107
11.719655070075
11.723675044888
11.727654401869
11.731738494557
11.735126414632
11.738581665646
11.742063885626
11.745721955243
11.756491464310
11.762653932941
11.768795294317
11.775078695214
11.781203924698
11.786985707973
11.792391999269
11.797942931818
11.803549571803
11.809371638109
11.953535274105
11.956823425257
11.960434148414
11.963900457572
11.968037421883
11.972519162729
11.977177781633
11.981873712996
11.986582446995
11.991272358542
11.996024511481
12.000769610411
12.005501852547
12.010237277567
12.014639293953
12.019435361487
12.024230934273
12.029075070358
12.033933275911
12.038813772081
12.043723539901
12.048628370872
12.053523423600
12.058439078446
12.063314748696
12.068145545781
12.072942653122
12.077721386957
12.082453638768
12.087240531162
12.091960302825
12.096672450184
12.101392191810
12.106177607936
12.111078284202
12.116217713695
12.142458854705
12.147291624974
12.152091199598
12.156892024154
12.161750631109
12.166806949989
12.171593055022
12.176424180693
12.181208511587
12.185985504986
12.190769529037
12.195674238620
12.200489203351
12.205296009983
12.210159585946
12.215057841538
12.219910140927
12.223824482202
12.228628359584
12.233466674258
12.238296236489
12.418619914861
12.422843044604
12.427122420919
12.431703510812
12.436407686087
12.441133183414
12.445850137818
12.450564037645
12.455307109102
12.460103673714
12.464920668593
12.469766239280
12.474636348578
12.479512170238
12.484339084694
12.489119916437
12.493874566364
12.498624329005
12.503371949410
12.508132334532
12.512944640306
12.517872609938
12.522909184506
12.527903810273
12.532900750413
12.537885167788
12.542813141706
12.547644164384
12.552348911012
12.557014069063
12.561473518508
12.565747855539
12.569610084648
12.573773854116
12.577950706975
12.582184793100
12.586622974394
12.591147154257
12.595961377019
12.601004377124
12.606339610821
12.611881836589
12.747620811230
12.753410093337
12.758687637173
12.763987954642
12.769411928363
12.774958774776
12.780488949828
12.786035410626
12.791728156948
12.797470809897
12.803173293254
12.808935143008
12.814711312053
12.820441739481
12.826117491487
12.831769361403
12.837416746521
12.843006809546
12.848559607574
12.854144607145
12.859688844826
12.865188526140
12.870693503760
12.876297744516
12.881927587494
12.887677858930
12.893252507049
12.898808676003
12.904353044143
12.909896202087
12.915405220311
12.921006980837
12.926638840879
12.932321992200
12.938049466355
12.943701268855
12.949313234495
12.955024089508
12.959637177935
12.964291173314
12.969200684834
12.974020431387
12.978796670327
12.983629179059
12.988533011861
12.993445415044
12.998345143706
13.003237967494
13.008167556873
13.013107399555
13.018173458844
13.022512980400
13.027537736686
13.032499833255
13.037441127110
13.042394893321
13.047899763888
13.052894484513
13.057924828040
13.063000101073
13.068103148342
13.073073525407
13.077842911090
13.082679123816
13.087613311734
13.092527578328
13.097459852350
13.174281170457
13.178437861981
13.182887818326
13.187404192650
13.191778285812
13.196166468355
13.200549784616
13.204984724096
13.209533535248
13.214174788037
13.218848923434
13.223516603995
13.228227657231
13.232944987313
13.237659285566
13.242379084671
13.247134321720
13.251940368985
13.256784855568
13.261721876878
13.266679387979
13.271731021544
13.276835586165
13.282085398452
13.287434646245
13.292874229906
13.298415555518
13.304029553461
13.309887212987
13.315907404537
13.322071970290
13.328226061206
13.334346686504
13.339744202928
14.125643226282
14.130959130329
14.136035626305
14.141330779940
14.146591172264
14.151807955502
14.156993267648
14.162085670465
14.167130120340
14.172135068342
14.177102695562
14.181860910314
14.186796836495
14.191688230658
14.196559843336
14.201399140064
14.206235401876
14.210953539681
14.215689936493
14.220354871819
14.225005917947
14.229629839338
14.234210334286
14.238756180466
14.243313062464
14.247869369828
14.252390702731
14.256902458835
14.261391806382
14.265799059134
14.270185392559
14.274547600818
14.278840868635
14.283035686074
14.286994491569
14.291004447207
14.294769982798
14.298625807069
14.302372760153
14.306102468589
14.309835721052
14.313589155658
14.317237040895
14.320951854207
14.324528323686
14.328142606943
14.331685224933
14.335160802732
14.338411250714
14.341816649707
14.345117951652
14.348296989850
14.351588145231
14.354553046579
14.357774582478
14.360849680500
14.363810654176
14.366886880327
14.369757065430
14.372621723575
14.375759019325
14.378726124661
14.381546673563
14.384049404940
14.387253482477
14.389959813814
14.392882366286
14.395951135918
14.398896910333
14.402056208501
14.404828208926
14.407598804359
14.410288674172
14.412883831059
14.473053806111
14.476142578710
14.481715955870
14.484331302052
14.486992450999
14.489633011109
14.492342130964
14.494951841869
14.497669758961
14.500307105413
14.503074209765
14.505744767858
14.508422792815
14.511096940940
14.513779117775
14.516487762532
14.519194053344
14.521961745675
14.524674582495
14.527464497463
14.530213817072
14.533015758916
14.535818347662
14.538636386510
14.541486689418
14.544308255950
14.547134298179
14.549950815280
14.552776938658
14.555601573588
14.558442986381
14.561266833438
14.564110166953
14.566975127706
14.569878170534
14.572793256490
14.575707081716
14.578638487754
14.581600396224
14.584527426910
14.587454124959
14.590392809253
14.593382655913
14.596443309350
14.599529330136
14.602594066220
14.605609741627
14.608566205590
14.611541010299
14.614534651382
14.617518381533
14.620488465515
14.623447587433
14.626384747951
14.629327389672
14.632260021996
14.635198889152
14.638138320947
14.641070563032
14.644010321290
14.646935319162
14.649862436433
14.652780979394
14.655704626762
14.658622946011
14.661542811997
14.664477831289
14.667428139380
14.670400146597
14.673392308154
14.676413040981
14.679417076889
14.682396424664
14.685352506336
14.688302529231
14.691255323537
14.694223869695
14.697207626234
14.700200803860
14.703202713832
14.706219503067
14.709260471710
14.712337855999
14.715422471275
14.718536589881
14.721678089125
14.724910670136
14.728188599887
14.731563598346
14.735131071897
14.738829330800
14.742777406165
14.746829297460
14.750747651806
14.755569236436
14.759084839125
14.762523707785
14.765932503671
14.768663903228
14.772408901787
14.775304096318
14.778802217452
14.782204968521
14.785392130832
14.788436958342
14.791743304113
14.795010277829
14.798131717608
14.800861960394
14.804325929556
14.806892003887
14.810370729900
14.813088249399
14.816337390269
14.819429490944
14.822691935045
14.825725188353
14.829221475978
14.831928182949
14.835011871278
14.838555027797
14.841857304266
14.845245206103
14.851392099139
14.854649163236
14.857686803728
14.860898301484
14.864777555532
14.868022988044
14.871326143397
14.874583065969
14.882496842879
14.888034818641
14.893469068906
14.898866269340
14.904180831694
14.909479921821
14.914794818860
14.920045619127
14.925463711163
14.930561969439
14.935837293594
14.941093503100
15.002390081781
15.005475416756
15.009164816426
15.013255485581
15.016382957385
15.019875641866
15.023792636725
15.045228229356
15.048965559640
15.052837093969
15.056780347125
15.060831531556
15.065001111519
15.069252414623
15.073498789929
15.077745744893
15.081979645888
15.086176256634
15.090374706157
15.094632999967
15.098907503952
15.103248325360
15.107644752587
15.112029996131
15.116448363316
15.120848307799
15.125281700414
15.129717507368
15.134110287617
15.138436905687
15.142952440903
15.147448293204
15.151950788525
15.156515116718
15.161074194093
15.165605536619
15.170094622626
15.174539679981
15.178936190769
15.183277094695
15.187576341033
15.191832893503
15.196034252549
15.200183876108
15.204245704012
15.208282240238
15.212240888364
15.216149595048
15.220060439911
15.223927744930
15.227691742395
15.231550768192
15.235292867828
15.239129149423
15.242938569822
15.246757374877
15.250586971448
15.254638677197
15.258795141772
15.262808749590
15.266690575895
15.270690741368
15.274597952802
15.278465371038
15.282387547102
15.286111542770
15.290042206450
15.293821069370
15.297669804094
15.301580910842
15.305440599837
15.309444079816
15.313572729489
15.317555599699
15.321563238322
15.325351949876
15.329255255141
15.333144545858
15.337004764445
15.340923644694
15.344825611918
15.348627296435
15.352648777697
15.361191668198
15.365085994547
15.369057939721
15.372994412243
15.376132490490
15.379546582209
15.383159341914
15.386925901524
15.390812877629
15.394757436633
15.398750489358
15.402745073339
15.406809149256
15.410893189201
15.414979020011
15.418967662213
15.423053136768
15.427194588322
15.431403897593
15.435647645338
15.439978518607
15.444342305671
15.448772187094
15.453254106958
15.457743764172
15.462235482737
15.466703302358
15.471074271433
15.475395077267
15.479687127621
15.483919784726
15.488106976945
15.492198666644
15.496296154125
15.500383084766
15.504372822345
15.508467728474
15.512635614922
15.516734578620
15.520912751819
15.525259598369
15.529547549952
15.533960074443
15.537582479463
15.542066273680
15.546355021471
15.550598019574
15.675735284839
15.678599911818
15.681892023463
15.685353230736
15.688864374787
15.692428019845
15.696028978119
15.699670711273
15.703334586344
15.707034462867
15.710754632070
15.714506878906
15.718301387201
15.722207673789
15.726220737991
15.730182710292
15.734864849096
15.738557217996
15.742128645885
15.745498924035
15.749144883376
15.753090979254
15.757176445854
15.761017507316
15.764618190258
15.768068053268
15.771715976686
15.775741547460
15.779538108675
15.783236604665
15.786910543434
15.790510275054
15.793691437475
15.931273707237
15.935026853773
15.938748373968
15.942102443578
15.945539153044
15.949158206095
15.952900826476
15.956706983331
15.960562713440
15.964450137558
15.968391674790
15.972354222930
15.976393464608
15.980486346628
15.984601718348
15.988752884489
15.992968291226
15.997198562931
16.001453000466
16.005805554180
16.010236573903
16.014731404409
16.019166264683
16.023360709864
16.027787435333
16.032385590315
16.037016394244
16.041704169554
16.046447466173
16.051244802137
16.056092744614
16.061030791947
16.066008915720
16.071040720855
16.076088483889
16.081196462995
16.086330947341
16.091505849128
16.096681622997
16.101879482861
16.107108620708
16.112325317488
16.117560891753
16.122788234428
16.127985462568
16.133078765146
16.138144094994
16.143211415917
16.148271938164
16.153368722957
16.158506600345
16.163667457970
16.168900109937
16.174059965438
16.179216474574
16.184308701612
16.189479785201
16.194613482988
16.199766605837
16.204945304066
16.210062903233
16.215310144342
16.576070070537
16.581160416622
16.585996964864
16.591076313813
16.595996471893
16.600902345167
16.605761146331
16.610561611984
16.615333137621
16.620182116807
16.625007056885
16.629821958777
16.634687149064
16.639569528761
16.644494602017
16.649608169864
16.654748938947
16.659960857750
16.665212161410
16.670465261704
16.675681680388
16.680833718434
16.686218054984
16.691791661568
16.697427271326
16.703125880996
16.708904257534
16.714760683055
16.720897798207
16.726519003329
16.731941425370
16.737352638437
16.743160940431
16.749330136941
16.754959819089
16.760169297486
16.765933344162
16.771800159259
16.777796087744
16.784232049051
16.794180023717
16.800448626348
16.806702733620
16.847691519332
16.851822585372
16.855780416926
16.859852443291
16.863876007402
16.867838176689
16.871742252845
16.875609896462
16.879451684529
16.883245174395
16.886992317598
16.890711299231
16.894397338187
16.898067578331
16.901705541173
16.905340182792
16.908986669865
16.912632374321
16.916316892735
16.919977935419
16.923660305359
16.927579598646
16.931551400840
16.935676961850
16.940050821372
16.944153232746
16.947861645067
16.951824111875
16.955528479733
16.959323274933
16.963114489907
16.967090721297
16.971108430755
16.974890105813
16.978553687415
16.982219916193
16.985911610496
16.989698675892
16.993460884805
16.997128902021
17.197038145795
17.200466920359
17.204050968553
17.207639947262
17.211289107221
17.214887668570
17.218345643574
17.222134189162
17.226039790954
17.230352310364
17.235188174053
17.239864946572
17.244555112100
17.249239576182
17.253924230659
17.258568777036
17.263195108898
17.267793041212
17.272407273804
17.277010215881
17.281623486032
17.286232719448
17.290819425692
17.295441137334
17.300067823356
17.304702399179
17.309339878703
17.314053199875
17.318831236018
17.323606488114
17.328416065867
17.333266629445
17.338183494650
17.343110776589
17.348040143412
17.352973460897
17.357861626924
17.362720759540
17.367510211089
17.372265294168
17.377005115436
17.381707961699
17.386394058269
17.391051139700
17.395688180335
17.400310300150
17.404940481965
17.409545324346
17.414231759668
17.418928746960
17.423644717356
17.428411812879
17.433302295491
17.438176823943
17.442971497238
17.447655747076
17.452417826673
17.457195117383
17.461960434185
17.466689817752
17.471395297542
17.476114007643
17.480836128694
17.485579898883
17.490287493120
17.495018874570
17.499724276602
17.504420565277
17.509057343885
17.513603661185
17.518310716872
17.591005171098
17.595332274996
17.600043332992
17.604907435055
17.609772031168
17.614684104068
17.619650370590
17.624714785387
17.629889168721
17.635158658429
17.640446359414
17.645734329890
17.651021205772
17.656368531381
17.661736572180
17.667158628419
17.672642621694
17.678118628168
17.683649326942
17.689196384801
17.694755754097
17.700310296638
17.705859563708
17.711421735454
17.717008752297
17.722546188677
17.728120279527
17.733791025048
17.739615496557
17.764003119181
17.769445231362
17.774925702794
17.780458763501
17.786018916731
17.791548679442
17.796978468107
17.803713941423
17.809109941929
17.814787051429
17.820256764981
17.825845321246
17.831404811669
17.836974612571
17.842467043382
17.847980255880
18.037567641516
18.043005694218
18.048317254957
18.053614289569
18.058900882221
18.064171549434
18.069463593778
18.074761058966
18.080054677703
18.085362249630
18.090670807702
18.095977838292
18.101295221421
18.106648770460
18.112106958638
18.117702605890
18.123004230207
18.128321506749
18.133654114869
18.139022282931
18.144413685707
18.149805269800
18.155182534035
18.186976793802
18.190969461526
18.195759859041
18.200392656037
18.205027782020
18.209623570099
18.214180268276
18.218693412422
18.223117584984
18.227566611474
18.231755749259
18.236256954366
18.240811194517
18.245316801714
18.383117940493
18.386487088024
18.389584082093
18.392782993096
18.396150095928
18.399417184539
18.402677924619
18.405964534995
18.409302174516
18.412647951459
18.416055059376
18.419554340415
18.423086557999
18.426686534004
18.430341227055
18.434071507718
18.437941031761
18.445413984137
18.447610190064
18.449838306595
18.455187403475
18.460114095703
18.462117675151
18.464129482411
18.466252272422
18.468314896905
18.470408764885
18.472579288718
18.474739215109
18.476988804867
18.479095799661
18.481700997826
18.484449271866
18.488532856468
18.490562344854
18.493024377513
18.495625095635
18.497538179486
18.499628689495
18.501756471174
18.503712723952
18.505578963773
18.511607002516
18.513917612050
18.516411496898
18.524283194609
18.526453218909
18.528609131901
18.530388380764
18.532653111304
18.534891339561
18.537112446344
18.539035008647
18.541326722487
18.543895168530
18.793927779475
18.796490421110
18.798913783079
18.800838014012
18.802600857070
18.804729816332
18.806659995706
18.809128490631
18.811759882076
18.813531235599
18.815345691724
19.476986927964
19.480272713590
19.483541948078
19.487148892812
19.490846033562
19.494581684059
19.498424450957
19.502203177660
19.505957743030
19.509674111546
19.513384290254
19.517123086655
19.520908224581
19.524800131795
19.528708688510
19.532206621143
19.535639110811
19.539243427184
19.542960018786
19.546733986922
19.550484724506
19.554258132266
19.558021968754
19.561688858002
19.565446016031
19.569193850912
19.572926439635
19.576681503744
19.598266908979
19.601999589302
19.606021427408
19.609989871582
19.613724837917
19.617767292288
19.621105561540
19.623760716943
19.627121602356
19.630451474070
19.633622038103
19.636682622618
19.639680040144
19.642818236815
19.646005532880
19.649114306183
19.652248323435
19.655482067292
19.658803023577
19.662276941838
19.665950473449
19.669802421145
19.673906403663
19.678148328752
19.682358512202
19.686660549297
19.693558525143
19.702523400729
19.711437330283
19.720345914123
19.729295626453
19.738423574495
19.915791539327
19.918389022975
19.921093641363
19.924503579499
19.927202630585
19.930158189237
19.933130131988
19.936083419638
19.938994149837
19.941902806253
19.944811152541
19.947704023178
19.950631799291
19.953555858564
19.956545633768
19.959541703506
19.962586596285
19.965651924539
19.968734563758
19.971852666494
19.974991084657
19.978173399757
19.981377063339
19.984576498748
19.987810090822
19.991084095973
19.994425259692
19.997853813074

