Time_s
0.763389021876
0.771801892860
0.775504704062
0.779077990559
0.782639399447
0.786206782871
0.789767874691
0.793325991768
0.796871077897
0.800417355985
0.803960499629
0.807511039955
0.811054967989
0.814601748770
0.818142054636
0.821684367377
0.825230443807
0.828766437863
0.832300360853
0.835834296038
0.839370242313
0.842898104222
0.846421612208
0.849946003476
0.853470461721
0.856983090047
0.860490082457
0.863987337411
0.867468227679
0.870960113180
0.874453628291
0.877951931282
0.881450016010
0.884968023333
0.888502042901
0.892041779187
0.895586272175
0.899143174933
0.902784575597
0.906098232646
0.909452904298
0.913175844101
0.916758258516
0.920298973975
0.923857722116
0.977123916995
0.980631475138
0.984167654300
0.987720296186
0.991258744814
0.994963477020
0.998484601735
1.001982714870
1.108565087881
1.112395870729
1.117096715569
1.121792849380
1.126583883542
1.131438754624
1.136311711097
1.141216566314
1.146123528247
1.151039394589
1.156012206278
1.161036638324
1.166074432213
1.171118270610
1.176166406703
1.181213377804
1.186253302853
1.191286781259
1.196310860834
1.201326173025
1.206335217412
1.211328677352
1.216288497427
1.221224700737
1.226130691271
1.231009451190
1.235853850401
1.240656225927
1.245440779305
1.250213753705
1.254945119817
1.259644817909
1.264386202782
1.269139282294
1.273870635307
1.278602675736
1.283398245264
1.288206896953
1.293004585921
1.297818463348
1.302686929468
1.307514265948
1.312386648465
1.475040047085
1.480565674781
1.485419396230
1.490422360389
1.495554359382
1.500699379052
1.505871225467
1.511104358949
1.516356307159
1.521666648511
1.526999813421
1.532363648650
1.537751880462
1.543135730523
1.548525502162
1.553919427025
1.559312903244
1.564691390336
1.570054506638
1.575404969995
1.580738330925
1.586067637710
1.591406116115
1.596734548309
1.602053556008
1.607358111123
1.612643531721
1.617922071986
1.623184762205
1.628423677948
1.633637129253
1.638820931475
1.643985913271
1.649238617073
1.654489115585
1.659817545500
1.665078509749
1.670237611933
1.675383654507
1.680510569712
1.685633478423
1.690719387938
1.695789122129
1.700838641446
1.705686513436
1.710636100861
1.715491720629
1.720348914122
1.725206165518
1.730024414766
1.734819465933
1.739559819007
1.744227329628
1.748863292521
1.753420466124
1.757972924565
1.762451160004
1.766878413485
1.771271685959
1.775606362511
1.779924396551
1.784192843760
1.788444262891
1.792591435652
1.796709628247
1.800822488391
1.804913920503
1.808979894299
1.813023165233
1.817047974060
1.820997257441
1.824930230765
1.828909288347
1.832904945461
1.836845948850
1.840732801265
1.844596117949
1.848451559388
1.852284217058
1.856135490741
1.859995948738
1.863909531025
1.867846393204
1.871823610827
1.875869812588
1.879953904576
1.884033242532
1.888113704205
1.892164898967
1.896216377318
1.900340501632
1.904605426638
1.909095976260
1.913700198964
1.918155192239
1.922503355263
1.926831369112
1.931204011906
1.935486485133
1.939618583029
1.943818510383
2.287865349580
2.292769866023
2.297540641628
2.302318097451
2.307046769629
2.311719632639
2.316385920895
2.321046808770
2.325662717957
2.330230211604
2.334789484671
2.339340357592
2.343844027790
2.348298277950
2.352739008780
2.357161306590
2.361537082332
2.365889661431
2.370224336897
2.374559908322
2.378925877838
2.383306167837
2.387567928115
2.391943062884
2.396339331389
2.400771636333
2.405106641988
2.409442181342
2.413813625542
2.418215089511
2.422578881778
2.426943108607
2.431341434246
2.435750836104
2.585974329657
2.591360997911
2.595945125143
2.600774515300
2.605478029210
2.610174153934
2.614816390307
2.619541716030
2.624293433889
2.629063610034
2.633872003884
2.638705113279
2.643561660479
2.648486922616
2.653450170625
2.658446894897
2.663464905002
2.668490280491
2.673506044518
2.678526421823
2.683553370511
2.688573063071
2.693580461871
2.698583494876
2.703568720280
2.708556644108
2.713520298883
2.718458307296
2.723384518928
2.728299740703
2.733214282612
2.738095740873
2.742941938852
2.747777810764
2.752635893549
2.757592526855
2.762882045203
2.768235581485
2.773297426866
2.778250763605
2.783402864598
2.788459812926
2.793516236097
2.798447827757
2.803538966571
2.808475339898
2.813478489766
2.917053373508
2.923013943593
2.927782923968
2.932249930005
2.937028371426
2.942000472819
2.947024926902
2.952132459443
2.957267399744
2.962409596604
2.967598069845
2.972853514459
2.978163952138
2.983455137605
2.988747233846
2.994100274930
2.999485384935
3.004863662581
3.010295445191
3.016030158517
3.021744041948
3.027346291799
3.030133559362
3.033064032058
3.036542179891
3.039555659941
3.042430512664
3.045276638184
3.048265497104
3.051145723582
3.054171517097
3.127254061110
3.131957351269
3.136928083281
3.141777498644
3.146514400324
3.151688918805
3.156946689067
3.162175882760
3.167368113806
3.172543167009
3.177724219881
3.182912802562
3.188090637546
3.193250567808
3.198403367542
3.203559619300
3.208703197038
3.213830126163
3.218972815309
3.224122867681
3.229220472678
3.234272188488
3.239294141898
3.244326128145
3.249343716163
3.254320247381
3.259275587903
3.264216866805
3.269177220975
3.274119283517
3.279068881088
3.284012059766
3.288949548293
3.293885878043
3.298765736685
3.303605574568
3.308449366491
3.313278407641
3.318081134915
3.322836388385
3.327577016085
3.332312905027
3.337047871615
3.341795575838
3.346551730947
3.351309925473
3.356064467495
3.360815649271
3.365598626218
3.370440160294
3.375319041102
3.380204185942
3.385109928629
3.390071251648
3.395091520442
3.400211796842
3.405407542073
3.410626871755
3.415867714065
3.421164824136
3.426397301388
3.438093176806
3.443607039508
3.449714261523
3.455718703811
3.461090236668
3.465946302908
3.470765093843
3.475726816045
3.480672900699
3.485621144946
3.490599568235
3.495535437805
3.500211883080
3.504756609422
3.509268209540
3.513865534967
3.518329587901
3.523032667459
3.528024350210
3.533110617555
3.538319143769
3.543600897763
3.548892493492
3.554192932847
3.559475950452
3.564727273810
3.569974558137
3.575235166049
3.580491176921
3.585708152022
3.590895942000
3.596063158497
3.601216792178
3.606342858307
3.611468329349
3.616582003160
3.621649965809
3.626689093624
3.631731730600
3.636783899931
3.641821524696
3.646793754734
3.651725360001
3.656656498688
3.661584542703
3.666476608895
3.671349790286
3.676191743247
3.680979816642
3.685724914789
3.690438825874
3.695137183190
3.699804393511
3.704444660668
3.709072228461
3.713657742842
3.718185788827
3.722675064947
3.727139535500
3.731606995837
3.736060581702
3.740465993894
3.744827743011
3.749174561897
3.753518099901
3.757898158899
3.762424894222
3.767062487910
3.771709760752
3.776288357948
3.780678636275
3.785092188317
3.789654206560
3.794253345059
3.932285622800
3.937282055719
3.942262664681
3.947361973906
3.952516519683
3.957709258327
3.962889995879
3.968061249687
3.973257186716
3.978475207665
3.983648808082
3.988844609509
3.994039543769
3.999217345815
4.004385899136
4.009548032596
4.014705330519
4.019837791295
4.024940217606
4.030043397331
4.035145967691
4.040233390513
4.045296226959
4.050343922637
4.055394836122
4.060428659518
4.065432449517
4.070411461706
4.075378346403
4.080341904907
4.085271596749
4.090175111635
4.095056461807
4.099929358639
4.104786330911
4.109599221659
4.114361960013
4.119113233073
4.123898086349
4.128706863136
4.133544242556
4.138415007599
4.143262808116
4.148041390885
4.152784432001
4.157523037584
4.162289389471
4.307986941170
4.312762223056
4.317849744617
4.323063407781
4.328312878290
4.333567511899
4.338791221485
4.343974155080
4.349133435055
4.354273545190
4.359391958377
4.364497629220
4.369557213180
4.374614116014
4.379678174190
4.384782224068
4.389863697266
4.394877869109
4.399949231523
4.405090847215
4.410202400271
4.415258969425
4.420395040081
4.425514022410
4.430564684484
4.538198593856
4.542962491440
4.547867022182
4.552857205877
4.558034209188
4.563313405609
4.568645228306
4.574072655693
4.579566944181
4.585103122080
4.590686159489
4.596289012164
4.601933177546
4.607554344315
4.613189839828
4.618829598798
4.624489053420
4.630136735646
4.635755045647
4.641361145943
4.646955780257
4.652510894080
4.658066094155
4.663620338100
4.669162302966
4.674683512986
4.680172739826
4.685623817827
4.691056554069
4.696435853601
4.701769496480
4.707093672756
4.712389744503
4.717648659659
4.722854994034
4.728066350396
4.733172724493
4.738232669500
4.743219296668
4.748142787048
4.753032241453
4.757869850133
4.762590678085
4.767291800951
4.772003857621
4.776692689065
4.781182323514
4.785746411193
4.790496128061
4.795385832378
4.800406888719
4.805430691902
4.810247342720
4.814475743554
4.819072289809
5.238758928777
5.243744479614
5.248000782651
5.252651170558
5.257552635244
5.262532659537
5.267522281476
5.272575337807
5.277695786057
5.282841068207
5.287998528502
5.293154523790
5.298300847782
5.303460114002
5.308627981004
5.313793918092
5.318970431348
5.324161265359
5.329350431130
5.334525463284
5.339676368003
5.344856363773
5.349957536553
5.355106215162
5.360218761456
5.365375003942
5.370563866079
5.375760995090
5.380948203515
5.386166844366
5.391437552503
5.396766834687
5.402077397857
5.406283617670
5.411503988231
5.421588866182
5.426593007403
5.431630385574
5.436761847085
5.441950701985
5.447184683868
5.452458188633
5.457768908187
5.463187095684
5.468673511543
5.473494677474
5.638396327372
5.643674446187
5.648184729951
5.652999151037
5.657761539783
5.662550155140
5.667336118564
5.672084569396
5.676838622822
5.681566692449
5.686251614155
5.690863046734
5.695431230626
5.699954893620
5.704448482259
5.708932464513
5.713387991963
5.717834694292
5.722255753739
5.726650049650
5.731047208295
5.735447472706
5.739860589647
5.744277421190
5.748708868316
5.753147640178
5.757636162265
5.762211257299
5.766836634149
5.771493234918
5.776163929969
5.780916584887
5.785797075891
5.790976490090
5.796149763076
5.801524655603
5.806946716560
5.812640731201
5.818300784390
5.824055731675
5.829882642918
5.835821491171
5.841740338312
5.847709396143
5.853744893582
5.859803313482
5.865875996910
5.871940342611
5.877980236177
5.883878560187
5.889848485622
5.895676272246
5.901211424148
5.906903480130
6.966909108268
6.971219130103
6.974478555499
6.978585586954
6.982651713892
6.986697503458
6.990736458205
6.994789503749
6.998846337289
7.002907012836
7.006972969043
7.011019177956
7.015034293116
7.019042896048
7.023072039754
7.027093500090
7.031318789544
7.035582359165
7.039613858779
7.043584653438
7.047628177418
7.051821259038
7.055859999402
7.059922347988
7.063972495552
7.068029321548
7.072076734990
7.076099462796
7.080342676168
7.084413245177
7.266565419057
7.271340375142
7.275445790440
7.279862212381
7.284610407262
7.289455359931
7.294348133974
7.299222484109
7.304152218567
7.309069395448
7.313991275076
7.318916191655
7.323839668963
7.328757206930
7.333666081817
7.338550587548
7.343410359309
7.348248686602
7.353062901387
7.357854824164
7.362639850588
7.367416561504
7.372174872508
7.376938747476
7.381702649594
7.386450257862
7.391165106651
7.395861729962
7.400528594760
7.405183834905
7.409828385726
7.414460467796
7.419061390891
7.423633350084
7.428185547330
7.432701673180
7.437199370584
7.441666321982
7.446104000334
7.450545766974
7.454969657268
7.459352855778
7.463713058796
7.468069886360
7.472410450973
7.476779207270
7.481255401179
7.485817386827
7.490383117559
7.494670838810
7.502682371580
7.507473122652
7.626274311941
7.632271881425
7.637608394441
7.642943697526
7.648294081667
7.653634597253
7.658947139977
7.664237375781
7.669515705458
7.674783928435
7.680053823701
7.685306951439
7.690533590899
7.695742959139
7.700949223346
7.706163962340
7.711378354700
7.716588582936
7.721788681216
7.726964729332
7.732119219880
7.737259838270
7.742334190112
7.747400500883
7.752461927887
7.757526107226
7.762630984911
7.767771504659
7.772922698014
7.778073128771
7.783229295037
7.788458264213
7.793573281443
7.798717398173
7.803925990722
7.809115661319
7.814274400555
7.819406707808
7.824548910071
7.966239271317
7.974788255942
7.979496490072
7.984263364791
7.989068299170
7.993954008555
7.998853326181
8.003734416418
8.008637859893
8.013556176959
8.018500696308
8.023459762207
8.028426106382
8.033422741030
8.038447700267
8.043501792254
8.048533832831
8.053578345761
8.058616374914
8.063641738155
8.068658548120
8.073667963891
8.078676659571
8.083679932799
8.088665219919
8.093638096684
8.098608972973
8.103591657797
8.108558018291
8.113499160962
8.118416322706
8.123307363475
8.128163483616
8.132977254998
8.137774828722
8.142566422596
8.147309346605
8.152039063447
8.156758828087
8.161459067051
8.166145476240
8.170840126223
8.175570444305
8.180279122133
8.184974169084
8.189755089763
8.194405188228
8.199039721310
8.203972995131
8.208795430263
8.213431558094
8.562136610037
8.567365380898
8.572574407248
8.577729318746
8.582859945180
8.587990102547
8.593116315582
8.598260854886
8.603431743704
8.608634086834
8.613872597323
8.619146042932
8.624397881665
8.629605818673
8.634833585734
8.640064859616
8.645249237064
8.650417256373
8.655570325940
8.660728307544
8.665845154762
8.670930054647
8.676003122045
8.681079390694
8.686103147834
8.691075272883
8.696033265909
8.700980811102
8.705910007559
8.710823329942
8.715710670599
8.720598710099
8.725481425340
8.730401231487
8.735394039417
8.740634280501
8.746006858237
8.751027274337
8.756031185411
8.761049893846
8.766059459189
8.771073201324
8.776041408400
8.781008774241
8.786028903714
8.791044547359
8.796055857280
8.887544953036
8.892253969679
8.896976780395
8.901498382462
8.905976834497
8.910468680389
8.915059905021
8.919721281863
8.924405227722
8.929086475488
8.933786440604
8.938505516805
8.943214680415
8.947970664095
8.952699140724
8.957431320091
8.962175857364
8.966908073543
8.971625279399
8.976318228207
8.981004416535
8.985705229014
8.990402615194
8.995091214038
8.999759290366
9.004425763914
9.009103684524
9.013782554199
9.018444691741
9.023099393246
9.027745522347
9.032381766243
9.036991217178
9.041594797826
9.046203866588
9.050810368822
9.055387650185
9.059961880881
9.064533446153
9.069128504584
9.073725319652
9.078281959088
9.082791138378
9.087286273404
9.091807420241
9.096336133993
9.100796687107
9.105194939370
9.109575048948
9.113957373133
9.118296976522
9.122608121566
9.126905938233
9.131187396033
9.135436382451
9.139678140416
9.143927557277
9.148187034562
9.152460626826
9.156720128673
9.160936833391
9.165128352397
9.169371104978
9.173694033334
9.178099717752
9.182525910761
9.187042197945
9.191583566904
9.196146974196
9.200597173615
9.957218943118
9.961615528846
9.966490453969
9.971328479669
9.976239356944
9.981159226210
9.986079932397
9.991034007323
9.995970991226
10.000915625035
10.005858105018
10.010790585868
10.015729008056
10.020664349141
10.025593664148
10.030516906352
10.035442214551
10.040352717516
10.045260454510
10.050166548719
10.055059919018
10.059965436291
10.064846196404
10.069724577783
10.074600969058
10.079481290243
10.084334681755
10.089191515113
10.094016807212
10.098845745972
10.103664239130
10.108494545678
10.113314890875
10.118116914324
10.122911936962
10.127676688501
10.132415853845
10.137165411227
10.141897306256
10.146601142398
10.151281393085
10.155949497670
10.160602497017
10.165250606452
10.169893149096
10.174533703196
10.179141518172
10.183747625030
10.188323025034
10.192906742327
10.197434206423
10.201896264534
10.206358973550
10.210808571134
10.215191653747
10.219608089904
10.224194357594
10.228964402144
10.233600327984
10.238286789687
10.242892391873
10.247626201196
10.252222995238
10.256711872111
10.261199568501
10.265732762115
10.270219804105
10.274712427344
10.279152671890
10.283543995192
10.288080133531
10.292496492314
10.297039822437
10.301516606641
10.306048833717
10.373712121319
10.377396936805
10.381666618503
10.385962075114
10.389669493210
10.394154426398
10.398667484102
10.403248589160
10.407852318328
10.412447179320
10.417056068512
10.421694349913
10.426364749189
10.431061293450
10.435790343607
10.440549702445
10.445333027825
10.450101677272
10.454883062159
10.459666886383
10.464452553876
10.469240382008
10.474007418219
10.478777719564
10.483577163156
10.488386517120
10.493137925405
10.497831960454
10.502588050694
10.507363553484
10.512095439299
10.516799455141
10.521492074530
10.526140397463
10.530785953951
10.535459355777
10.719450132429
10.723716998120
10.727848733214
10.732214121594
10.736804729924
10.741462921709
10.746150892969
10.750844431234
10.755596214463
10.760419284270
10.765265425573
10.770108322662
10.774799954791
10.779355572442
10.784512643137
10.789560872777
10.794644330917
10.799747956836
10.804877995707
10.810068945116
10.815245312366
10.820404826226
10.825571652280
10.830735514284
10.835897491841
10.841050345724
10.846204018528
10.851323085249
10.856450245691
10.861572269503
10.866674201602
10.871748113366
10.876797478963
10.881884282667
10.887090660681
10.892246469512
10.897396709617
10.902530479516
10.907585462246
10.912676223366
10.917807201211
10.922961123694
10.928109769743
10.933203650999
11.045254631069
11.051309738283
11.056477809820
11.061349333014
11.066451204088
11.071535023955
11.076665013195
11.081909506208
11.087173118118
11.092437783838
11.097773280490
11.103178063693
11.108606798362
11.114045173259
11.119489894612
11.124941911709
11.130410238607
11.135876969544
11.141347322253
11.146826680468
11.152332503570
11.157868560305
11.163452850540
11.169093999406
11.174746495108
11.180418504553
11.186151889286
11.192083570294
11.198246602596
11.204593966325
11.387760754415
11.393235515790
11.398563254371
11.404105451316
11.409773054419
11.415539325293
11.421301509238
11.427075299988
11.432833561258
11.438573398752
11.444166520918
11.449478066667
11.454914899425
11.460389703307
11.465833140520
11.471237352942
11.476620504014
11.481972122509
11.487263892890
11.492562945668
11.497871701482
11.503163297734
11.508422970584
11.513665947585
11.518912051810
11.524139876929
11.529338200725
11.534517277132
11.539680329782
11.544811592688
11.549912663591
11.555020988611
11.560117419332
11.565122097554
11.570082419751
11.575024499987
11.579944697774
11.584817514531
11.589667903441
11.594558313750
11.599585950469
11.604791370585
11.609946400140
11.615127306539
11.620313870160
11.625347616964
11.630285293818
11.635220867586
11.640218795599
11.770256235091
11.774060985743
11.778623981978
11.783193987565
11.787841735296
11.792471211951
11.797119112059
11.801794058541
11.806463005702
11.811138392399
11.815839094678
11.820573409014
11.825322202379
11.830051722509
11.834759819684
11.839486197113
11.844218161728
11.848909416612
11.853566315764
11.858222988697
11.862905528800
11.867591076465
11.872250024843
11.876888602873
11.881518036051
11.886130536948
11.890708436269
11.895259388546
11.899838329956
11.904432517299
11.908997367573
11.913530148929
11.918071081331
11.922665270574
11.927328912202
11.931981424247
11.936637020007
11.941377073254
11.946036104475
11.950705769100
11.955467675398
11.960188848762
11.964909369123
11.969672034123
11.974226345365
12.129956331540
12.141793685094
12.153467051073
12.161778535624
12.167190375956
12.172970910400
12.178732283792
12.184538200849
12.190287519772
12.196012307173
12.201701991653
12.207386793372
12.213043897945
12.218675197195
12.224295385296
12.229915006768
12.235527209325
12.241114551459
12.246681350760
12.252202389692
12.257716738870
12.263243886680
12.268760063881
12.274272408166
12.279791157396
12.285304220243
12.290803147660
12.296286322522
12.301777217499
12.307255161386
12.312703292621
12.318157225337
12.323612025622
12.329021567449
12.334394006289
12.339750357541
12.345109347637
12.350444552689
12.355662136988
12.360796563352
12.365961397622
12.371106850671
12.376201089801
12.381246844292
12.386259522789
12.391305324623
12.396294734310
12.401156399430
12.405895441495
12.410670880827
12.415425740046
12.420127258239
12.424789867894
12.429372456848
12.433978995153
12.438607779388
12.443212358365
12.447710037313
12.452144662373
12.456573521427
12.460969587538
12.465304416682
12.469621121178
12.473888384750
12.478088607356
12.482280638901
12.486446837299
12.490603322306
12.494749007758
12.498884979644
12.502970964524
12.507015701135
12.511006506041
12.514935422749
12.518870194856
12.522855837591
12.526883619027
12.530957910947
12.535056927425
12.539138010169
12.543058096568
13.045284475069
13.049431539901
13.053599064909
13.057741988968
13.062029478458
13.066201575424
13.069251425118
13.073247563514
13.077254426346
13.083025759106
13.088143875977
13.093656427407
13.098951955129
13.104346131296
13.109705180014
13.115058208360
13.120431337812
13.125792982600
13.131092707645
13.136390368265
13.141645675822
13.146829334197
13.151963618012
13.157078938575
13.162168549658
13.167224071464
13.172246705571
13.177230186915
13.182184050558
13.187070839676
13.191874831912
13.196629149069
13.201317041943
13.205971167046
13.210583839408
13.215146283099
13.219645111993
13.224133745307
13.228579543160
13.232957932657
13.237305858038
13.241670008856
13.245941865761
13.250148861774
13.254368009093
13.258575949292
13.262779083593
13.267040144699
13.271365077366
13.275845752531
13.280502318169
13.285260767829
13.290174683055
13.294798863517
13.299370446503
13.304082487815
13.309087192696
13.313786787680
13.318456150868
13.323222572066
13.328149947785
13.332854774098
13.337518386016
13.342229189064
13.346930641531
13.351605934854
13.356297810409
13.361038680889
13.365809862728
13.370596485701
13.375385097829
13.380178668845
13.384972025245
13.389769778495
13.394577533868
13.399375130091
13.404154296507
13.408930050701
13.413711200329
13.418493346266
13.423265374974
13.428009645143
13.432739842846
13.437461277320
13.442191211194
13.446893846240
13.451582126690
13.456249438063
13.460911744490
13.465580917144
13.470234125320
13.474882580235
13.479526892304
13.484168109342
13.488804005047
13.493431670953
13.498059547772
13.502686719871
13.507302055605
13.511912783784
13.516522776483
13.521166904873
13.525845666225
13.530563078569
13.535363687544
13.540207052245
13.545119943782
13.550111920537
13.554828328471
13.559920741162
13.564714711190
13.569362267395
13.574251899193
13.578785396091
13.583659268757
13.588325516538
13.592977820895
13.597706081404
13.602493306109
13.612358884735
13.617087884533
13.621878797022
13.626658635289
13.631394568136
13.636164155399
13.640887043430
13.645662022345
13.826051659167
13.831539773714
13.836151652705
13.841272656221
13.846489611197
13.851641216702
13.856840739457
13.862084680374
13.867233322965
13.872434264277
13.877718810470
13.883008065628
13.888330629696
13.893673960652
13.899021616178
13.904350108271
13.909840534982
13.915243621241
13.920621388372
13.925616749509
13.930791544342
14.037445480208
14.040358652399
14.043270104105
14.046048679854
14.048832191460
14.051576276686
14.054289701223
14.057065953041
14.064300757145
14.067818350171
14.072144401525
14.076537423091
14.080920338418
14.085275473303
14.089645202399
14.094039550880
14.098433186129
14.102836238226
14.107225869310
14.111578578792
14.115853172778
14.120196481468
14.124628369431
14.129037954902
14.133443844727
14.137858393064
14.142262935648
14.146665776937
14.151046075488
14.155413445883
14.159775469780
14.164141331352
14.168490435835
14.172806902468
14.177102785714
14.181373831456
14.185638680538
14.189866550722
14.194108424551
14.198335476874
14.202588789701
14.206888713539
14.211256274040
14.215655186495
14.219999934686
14.224333549535
14.228629542195
14.232931661852
14.237223621713
14.241548369970
14.245877065720
14.250194939340
14.254530674635
14.258861261234
14.263184493541
14.267532087001
14.271851343041
14.276143409464
14.401964883529
14.406853085799
14.411734380123
14.416737057534
14.421844289838
14.427011579931
14.432242291197
14.437513502024
14.442910338494
14.448244695757
14.453661412112
14.459025916395
14.464368936722
14.469741371492
14.475138856548
14.480578235090
14.485974663719
14.491356462529
14.496724365978
14.502076708058
14.507413562581
14.512733615956
14.518020978002
14.523294637335
14.528563412853
14.533795596939
14.538982576239
14.544162382783
14.549331298814
14.554482115714
14.559663797872
14.564929367011
14.570193589265
14.575499470881
14.580813473418
14.586064375718
14.591252886290
14.596471671956
14.601746821801
14.607027876623
14.612260217556
14.617522121697
14.622784184364
14.628037652504
14.633248119835
14.638504033764
14.643811993588
14.648967811125
14.654291534114
14.659716159011
14.665057361004
14.670210884543
14.675354045480
14.680540191862
14.685807651352
14.691148658888
14.696529982552
14.701985180125
14.708090871031
14.714064441526
14.720010683649
14.725983777439
14.731932436550
14.737879533762
14.743824916355
14.749792202565
14.755765458637
14.761720742527
14.767641876738
14.773517821354
14.779387413401
14.785238773062
14.791099438613
14.796945676977
14.802781966014
14.808602982866
14.814443121181
14.820299933320
14.826185349541
14.832130508310
14.838062829715
14.844152167661
14.849954816780
14.855863214317
14.861689117149
14.867573981857
14.873450023457
14.879358267454
14.885223024090
14.891108112668
14.897015158360
14.902885887091
14.908729011593
14.914564466060
14.920452531191
14.926335578332
14.932137839324
14.938020366351
14.943992175892
14.949854494839
14.955755464963
14.961600391676
14.967418815708
14.973226340889
14.978955619863
14.984663433233
14.990320231569
14.995942104022
15.001538985474
15.007079898768
15.012512017416
15.017906184967
15.023285606550
15.028601763006
15.033883815466
15.039134101875
15.044360441517
15.049565722246
15.054708092945
15.059809534699
15.064899082731
15.069965182703
15.074993437262
15.080010086680
15.085010259735
15.090025341655
15.095026231995
15.100011340486
15.104966001880
15.109900173276
15.114831304517
15.119793057630
15.124799487451
15.129835043047
15.134921999595
15.140110295005
15.145296045900
15.150360098051
15.155435998027
15.160505362344
15.165551995376
15.170604805283
15.175445401610
15.180252292638
15.185036518616
15.189791974531
15.194550637637
15.199317533870
15.204092835970
15.208881500710
15.213658082973
15.218445493964
15.223253819893
15.228068273078
15.232876353496
15.237686284107
15.242504775802
15.247326503757
15.252139240847
15.256938352604
15.261723208041
15.266485734552
15.271235152483
15.275982973830
15.280724857657
15.285477108488
15.290244127345
15.295049405115
15.299933728113
15.304859737966
15.309640778747
15.314412404675
15.319208018058
15.323994789130
15.328720813931
15.333450839370
15.338209424908
15.342991058575
15.347736183044
16.128362611845
16.133265555092
16.138448723542
16.144061858829
16.149640018576
16.155223751915
16.160800591074
16.166403152118
16.171994492664
16.177603428725
16.183257487006
16.188939900802
16.194645233250
16.200367893152
16.206185951289
16.212039854918
16.217898893488
16.223780534242
16.229742879265
16.235772397540
16.241805202688
16.247840995971
16.253847759237
16.259906047747
16.265993115728
16.272093179497
16.278186118495
16.284258765579
16.290426094228
16.296706332092
16.303160641217
16.309449671280
16.314735389260
17.436346546091
17.441162038449
17.445725690668
17.451031247460
17.456303381983
17.461502800183
17.466623452934
17.471668050812
17.476569173378
17.481471158098
17.486165496541
17.490778045986
17.495323513573
17.499786631833
17.504221001736
17.508536505977
17.512768206915
17.516929257595
17.521031002003
17.525049328876
17.529011626717
17.532923188024
17.536768693794
17.540536513393
17.544246816462
17.547904966049
17.551541209606
17.555140440289
17.558700356715
17.562270052074
17.565921480188
17.569556086821
17.573338372854
17.577171063051
17.581158614767
17.585276366574
17.589360164329
17.594323130080
17.597916026460
17.601667188926
17.604827355040
17.608354214599
17.611735602411
17.615334580651
17.619255502684
17.622522272784
17.625859848638
17.629397334426
17.632913628796
17.636289886201
17.639696636220
17.642563488344
17.646078992243
17.665687304211
17.670180717829
17.674726201898
17.679253580779
17.683837878598
17.688409283090
17.692962860042
17.697582388161
17.702206839639
17.706799739502
17.711434397477
17.716017798834
17.720568246192
17.725115396861
17.729635619022
17.734126330768
17.738571866081
17.742996530090
17.747424883833
17.751842906112
17.756238415745
17.760611369718
17.765028353366
17.769453301993
17.773856451456
17.778269014513
17.782774776999
17.787407629744
17.791978936247
17.796446026129
17.800915837783
17.805336217601
17.809855663628
17.814393636449
17.868476165652
17.872743278318
17.876660180241
17.880840434849
17.885090280851
17.889277119625
17.893537576472
17.897823691847
17.902086409274
17.906337420410
17.910598075406
17.914880385516
17.919181909119
17.923513240069
17.927876399734
17.932243346179
17.936633172575
17.941055180409
17.945493436556
17.949944744993
17.954391876927
17.958893890407
17.963389577386
17.967887441550
17.972462128246
17.977098655713
17.981760714771
17.986427991510
17.991129805356
17.995739350789
18.000463106867
18.005108319051
18.010089896760
18.015040561320
18.019682262557
18.024409179553
18.029052922971
18.033779786437
18.038481086960
18.043188065045
18.047906021672
18.052632659006
18.057324865779
18.062012274726
18.066726641146
18.071421087145
18.076115190142
18.080813085927
18.085545070489
18.090278132340
18.094990687822
18.099683417930
18.104347156605
18.109000062070
18.113547573424
18.118208707025
18.122816546226
18.127418196693
18.132002821288
18.136580093707
18.141168271860
18.145785995455
18.150401046243
18.155015883162
18.159616899420
18.164209398658
18.168752736523
18.173265553453
18.177749853607
18.182191420628
18.186599775733
18.191011024039
18.195434326794
18.199899648869
18.204465150466
18.209157762249
18.213828790960
18.218486361699
18.223190599204
18.227946368340
18.232610937558
18.237206359807
18.241768253097
18.246274450669
18.250806992869
18.255249806992
18.259783560712
18.264465389410
18.269119275603
18.273646893838
18.278067724273
18.282521383967
18.287217474576
18.291911600560
18.296597199704
18.301249828051
18.305930589590
18.310626197272
18.315529157012
18.373185868910
18.378417554079
18.383715680344
18.388900510716
18.394187318249
18.399592266386
18.404979542262
18.410287358003
18.583695239334
18.587722643257
18.592935392910
18.597544393515
18.602538274491
18.607525514898
18.612459557819
18.617423809726
18.622418005560
18.627441544224
18.632520770438
18.637579881833
18.642479098328
18.647559962391
18.652689592835
18.657788531436
18.662877033119
18.667954214928
18.672956886916
18.678011090311
18.683066517689
18.688142274414
18.693163035248
18.698152555810
18.703146265884
18.708166047168
18.713182437423
18.718164766006
18.723137532092
18.728117847314
18.733066657869
18.737984973949
18.742884420053
18.747743298932
18.752626005338
18.757453788032
18.762278195179
18.767042644541
18.771774128130
18.776482104215
18.781144514800
18.785796904277
18.790430727157
18.795022245108
18.799592856956
18.804142458888
18.808652760152
18.813112286703
18.817509452373
18.821915986712
18.826355937191
18.830796993937
18.835280185784
18.839862684473
18.844625287053
18.849290603913
18.853813882772
18.858422931735
18.863024666990
18.867576642907
18.872018106224
18.876499353401
18.880973948258
18.885365697910
18.889821248322
18.894331379566
18.898897451067
18.933433812361
18.937990264767
18.942472684238
18.947062835576
18.951816969032
18.957690662578
18.962440005543
18.967200991262
18.972047379023
18.976941957817
18.981865481722
18.986776937829
18.991678892104
18.996485120281
19.001359204655
19.006265576417
19.011201975443
19.016117678732
19.021067113033
19.026004143467
19.030968599228
19.035916883872
19.040848200097
19.045750942907
19.050654670501
19.055561899116
19.060468071723
19.065367044507
19.070242978549
19.075102933063
19.079951733174
19.084757983350
19.089551147311
19.094321865921
19.099120582054
19.103924743057
19.108750173512
19.113568553675
19.118416746953
19.123223159524
19.127989359118
19.132940832140
19.137662558644
19.142463719182
19.202154979389
19.206892440399
19.211614646525
19.216440752483
19.221271876060
19.226102033442
19.230897104337
19.235717472573
19.268524083511
19.272443692638
19.276220310425
19.279889056106
19.283784464847
19.287326055366
19.291277110270
19.295023449598
19.299647564676
19.304496742980
19.309342426738
19.314228140447
19.319144286043
19.324094636706
19.329020110537
19.333962878389
19.338908069060
19.343835345811
19.348771202623
19.353715867262
19.358669220369
19.363640040085
19.368607814530
19.373574989289
19.378521390685
19.383455313364
19.388388890061
19.393314625199
19.398241396586
19.403142457400
19.408015495386
19.412855371337
19.417608102852
19.422282314644
19.426989531215
19.431687158722
19.436280484793
19.441066439108

