Time_s
0.582013315994
0.589361955962
0.596944930608
0.604738688402
0.612636772404
0.620606611006
0.628680740877
0.636766399752
0.644803194774
0.652791861679
0.660877823791
0.668862253701
0.676869627614
0.684852916223
0.692761307596
0.700687819234
0.708600699259
0.716589583795
0.724711547067
0.732896460395
0.741545709417
0.751025476139
0.921559402090
0.929674717712
0.936825657260
0.944321607181
0.951983993235
0.959905022201
0.968082970534
0.976500180040
0.984860759677
0.993034288794
1.001030223886
1.009101098533
1.017190035919
1.025353114778
1.033541031294
1.041825435156
1.050138956283
1.058548252646
1.066924944686
1.075470639328
1.084536082141
1.094626660828
1.241764092069
1.248003001429
1.255681994078
1.263341912920
1.271260017605
1.279403964507
1.287710475452
1.296176815761
1.304790032108
1.313515585995
1.322355753533
1.331321958918
1.340422055289
1.349854654580
1.359415644382
1.369143692930
1.379064767845
1.389227814762
1.399246143176
1.409463258928
1.419903296833
1.430581639596
1.441421302172
1.452496568097
1.463701635853
1.475355248251
1.487289991959
1.498606817921
1.512415477733
1.522462399344
1.533952144402
1.881892234417
1.890438289263
1.898773563169
1.906978720879
1.915178841232
1.923383075534
1.931626020243
1.939907317643
1.948206113622
1.956469378626
1.964679978519
1.972852260888
1.980996109660
1.989048983188
1.997157741864
2.005257375689
2.013160254045
2.021083078231
2.028898310914
2.036635525836
2.044489349030
2.052598290836
2.060604711627
2.274428090425
2.281163488228
2.287798250174
2.295436476588
2.303100256005
2.310823749041
2.318621829518
2.326506653050
2.334436827922
2.342346966538
2.350283059629
2.358375420210
2.367293665788
2.376143736915
2.385176005580
2.394306873559
2.403453247643
2.412293382639
2.420994007642
2.429854966366
2.438531793405
2.447080919529
2.455559931734
2.464038837686
2.472601281273
2.481600198714
2.491125744320
2.500502051153
2.509865063241
2.519215319056
2.527785417056
2.536776723670
2.545189741413
2.553710755636
2.562171918171
2.570660920989
2.579176667203
2.587549579752
2.595736179548
2.603945691823
2.612259053106
2.620635647231
2.629040962484
2.637526583651
2.645969426027
2.654383776224
2.662799685409
2.671206300652
2.679584698016
2.687904753643
2.696261832989
2.704569485390
2.712875945576
2.721192049036
2.729537129515
2.737985596777
2.746497187980
2.755258302813
2.764301751538
2.773618095084
2.783312954528
2.791858345814
2.801077152037
2.809487845973
2.817239961010
2.825310797724
2.833576976620
2.841838189149
2.850093308916
2.858340008861
2.866602950544
2.874935321106
2.883328364130
2.891755891399
2.900215086264
2.908726848352
2.917614713910
3.126895575195
3.133858469613
3.141957559450
3.150144912636
3.158434403404
3.166834303218
3.175268888661
3.183749207577
3.192183671598
3.200597358063
3.208981864032
3.217360732394
3.225664999263
3.233935700088
3.242195212343
3.250491448289
3.258842510689
3.267255650131
3.275924645824
3.284966806569
3.294202944570
3.441369262474
3.449596445400
3.458365072921
3.467024508469
3.475720613433
3.484504619777
3.493377171359
3.502441987089
3.511823022403
3.521574316595
3.627983095462
3.636166542212
3.644408181963
3.652806559395
3.661232471115
3.669451101875
3.677738935386
3.686069853789
3.694364269158
3.702640617379
3.710933601983
3.719223906833
3.727608077667
3.736109893355
3.745048513338
3.754943523878
3.828144535982
3.835636067002
3.844148801337
3.852616395251
3.861216220520
3.869801538172
3.878416406875
3.887053332807
3.895751901141
3.904577315210
3.913490479431
3.922425483242
3.931413331159
3.940418933308
3.949290570202
3.958199469630
3.966979295950
3.975886157669
3.984779458911
3.993610244481
4.002537330546
4.012054863480
4.179506340144
4.187574192888
4.196097069667
4.205013267538
4.214015385986
4.223099947449
4.232345306353
4.241597509631
4.250970527577
4.260383222485
4.269885274206
4.279476008285
4.289171487497
4.299021163850
4.308977146879
4.319143318869
4.329451223332
4.339929131542
4.350671479561
4.361530549343
4.372684094300
4.383986839288
4.395629366352
4.406963576606
4.971365272658
4.978761803843
4.985936678731
4.993562515451
5.001346774566
5.009301817995
5.017650882866
5.027058469823
5.034429984779
5.267277516072
5.274190342754
5.281749745957
5.289456088586
5.297214770516
5.305003725548
5.312934096933
5.320894317636
5.328954784152
5.337074457705
5.345291270670
5.353435149240
5.361531452176
5.369606171619
5.377715905607
5.385801034622
5.393890660899
5.402131152730
5.410831063340
5.490155910795
5.497289371166
5.505567819277
5.513867718493
5.522295694154
5.531087400998
5.539762969371
5.548585888624
5.557936055442
5.566713267593
5.691901097805
5.698628218175
5.706415511394
5.714168108841
5.722094410559
5.730116202671
5.738152309721
5.746145590663
5.754205611779
5.762238960737
5.770334557380
5.778458325378
5.786679251914
5.795391762765
5.804050096419
5.915042451872
5.922379884404
5.930559775494
5.938108558790
5.946421688399
5.954735506180
5.963096089495
5.971489795961
5.979880765461
5.988290804734
5.996692049067
6.005146695718
6.013612278897
6.022060455901
6.030616939173
6.039511903391
6.048857007362
6.058152700551
6.135404711382
6.137844679564
6.139687966521
6.141918091772
6.144083154723
6.146243711589
6.148606893005
6.154606937947
6.156445096804
6.180455827141
6.189140070023
6.197608011557
6.206160992265
6.214820812677
6.223586211795
6.232400751371
6.241228035175
6.250088214187
6.258983409133
6.267910630557
6.276908741745
6.285915794307
6.294956828040
6.303988806263
6.312971226576
6.321958754187
6.330973724624
6.339989634276
6.349072952325
6.358127695052
6.367449893858
6.376634265761
6.880734902181
6.887787885751
6.895203762015
6.902871634830
6.910711082550
6.918620018536
6.926581079657
6.934549996248
6.942532191448
6.950513765809
6.958500340599
6.966493581850
6.974445097927
6.982451941601
6.990470970399
6.998492590964
7.006577956036
7.014785734768
7.022759275114
7.031312286433
7.039807824104
7.048152553169
7.179831422171
7.186043530128
7.193464299358
7.200874715699
7.208452301585
7.216144192610
7.223866213152
7.231674251763
7.239560410894
7.247723562641
7.461200372892
7.468436446177
7.475874542684
7.483580508657
7.491361259437
7.499317974024
7.507280426508
7.515274202533
7.523323954002
7.531274629304
7.539172015497
7.547229184045
7.555317170824
7.563453231426
7.571627810214
7.579830786320
7.588097529762
7.596392077014
7.604722833738
7.613092465188
7.621574217685
7.779002134777
7.785642816447
7.793663907743
7.801973961372
7.810454325118
7.819190588254
7.828170196564
7.838343945966
7.848209675123
7.990137054393
7.997791021376
8.006067701886
8.013798319832
8.022080514535
8.030392388723
8.038816302103
8.047249921832
8.055605083297
8.063936690777
8.072252365927
8.080551567613
8.088828777873
8.097101325116
8.105314632529
8.113599361891
8.122021996237
8.131842567151
8.141298138815
8.281710467491
8.289763718936
8.297904486701
8.306143491251
8.314548623076
8.323017461405
8.331535793825
8.340132655635
8.348749244898
8.357435620264
8.366128351174
8.374817995543
8.383573350942
8.392281029495
8.401038032810
8.409740522954
8.418532850026
8.427345965252
8.436277163806
8.445286883978
8.454444276462
8.463648580700
8.472543505191
9.036740959917
9.043125337880
9.050030275882
9.058149659777
9.066419847482
9.075343925220
9.083458804513
9.091540007024
9.099609937428
9.107603152619
9.115643497745
9.123694513902
9.131417893060
9.139386439498
9.147381913447
9.155391543592
9.163470133099
9.171582147581
9.179692762152
9.187806653343
9.195947702349
9.204194280887
9.213336277003
9.222304950064
9.231236804102
9.240068281644
9.248688059193
9.257164827850
9.265394889641
9.273459106322
9.281489109626
9.289484576064
9.297535330170
9.305648847424
9.313764437446
9.321949744258
9.330191846474
9.338505130626
9.346883611357
9.355391266173
9.363873431798
9.372318985065
9.381203898136
9.390075291401
9.493567270111
9.500832941842
9.507869796316
9.515961110104
9.523991578161
9.532098817210
9.540242571076
9.548443868770
9.556662286890
9.564947807508
9.573237176769
9.581563966581
9.589794090640
9.598019952660
9.606264175210
9.614476492204
9.622656426609
9.630766495707
9.638920731912
9.647012300156
9.655062476336
9.663045406607
9.670990953865
9.678934779093
9.686964525498
9.696424902594
9.706070899628
9.925029320054
9.932582162115
9.940319124152
9.948200002135
9.956242593280
9.964278634139
9.972379499637
9.980614477376
9.988939433961
9.997304047880
10.005794557337
10.014323878178
10.022924243994
10.033035914635
10.043053291268
10.052396882353
10.060911728167
10.114651790287
10.122581326276
10.130796565120
10.139044695855
10.147364978456
10.155767542045
10.164178051182
10.172527308775
10.180961056863
10.189279988125
10.197624569098
10.205956408713
10.214842986741
10.224626301194
10.232943992568
10.241055609742
10.249318426536
10.257681099367
10.266028212440
10.274494638695
10.282961694394
10.291568718881
10.452068939916
10.460176643976
10.468414895713
10.476922520209
10.485516371683
10.494284273206
10.503198340625
10.512196069782
10.521277825336
10.530498395579
10.539789768237
10.549202163030
10.558745452055
10.568344886320
10.578223440687
10.588159529616
10.598232735796
10.608328925845
10.618611956502
10.629003593085
10.639496935818
10.650086149253
10.660831738883
10.671732069793
11.270618278570
11.277885342604
11.284880570350
11.293394341374
11.301040861888
11.309291962088
11.317461519573
11.325577478103
11.333704679948
11.341974818279
11.350258044529
11.358517364415
11.366752296402
11.374992642566
11.383146768955
11.391297549923
11.399380497592
11.407335533186
11.415250627366
11.423267117226
11.431279143212
11.523548988228
11.530923569083
11.538383674641
11.546023225551
11.553819738770
11.561667917769
11.569540028532
11.577433409557
11.585547359650
11.593581871941
11.601530754510
11.609562981923
11.617609919541
11.625607176552
11.633645066020
11.641715457663
11.649827425607
11.657720697770
11.665739477007
11.673773171870
11.681860198556
11.690006011825
11.698170871751
11.706270110908
11.714344999539
11.722409565916
11.730451576712
11.738508623533
11.747659970226
11.756812496221
11.766017598439
11.774523869137
11.783001096480
11.790130002823
11.798510668721
11.806690683133
11.814993724660
11.823385562815
11.831812310010
11.840208715734
11.848731228250
11.857232254011
11.865876903686
11.875132341242
11.884575855035
12.001111976349
12.007947394793
12.015992691071
12.023789051466
12.031829032110
12.039841313678
12.047982720305
12.056145719830
12.064020155900
12.072253597647
12.080357324471
12.088478739365
12.096626056473
12.104765151540
12.112940704142
12.121151436099
12.129372622937
12.137587473808
12.145777458952
12.154031949709
12.162337211389
12.236029941739
12.237972611536
12.243173879981
12.245293387901
12.247004963669
12.249551194131
12.251391527703
12.254134292366
12.256412259573
12.318727076835
12.325654498118
12.332933776525
12.340873731110
12.348915647023
12.356979942147
12.365115352988
12.373360293946
12.381607513712
12.389930722527
12.398325511984
12.406725730546
12.415164437743
12.423646874191
12.432106268525
12.440484046262
12.448798566503
12.456993901668
12.465088844577
12.473422599623
12.481901094813
12.490374590421
12.640441077745
12.647661671563
12.655527111749
12.663318947209
12.671265000512
12.679310746229
12.687390868998
12.696647130141
12.705155572501
12.878075041497
12.886573477339
12.894956745881
12.903412956949
12.911877513775
12.920338063873
12.928814381000
12.937295231218
12.945801958318
12.954238245577
12.962544147240
12.970964456834
12.979386303755
12.987756113124
12.996129133754
13.004583432478
13.013063113007
13.021537914056
13.030062171866
13.038517389820
13.047033089240
13.055507957565
13.064020339476
13.072535652750
13.080958409276
13.089394241967
13.098059735246
13.107743304648
13.117608098135
13.377415268574
13.386176560902
13.395023814071
13.403529872106
13.412225956875
13.420971310233
13.429781682146
13.438535611106
13.447217574516
13.455741995091
13.464361259568
13.472990603256
13.481555286915
13.490180921279
13.498863199209
13.507516310952
13.516777414941
13.526577782229
13.591723535236
13.599494388118
13.607421748799
13.615422092621
13.623449353876
13.631488851489
13.639538594546
13.647627609141
13.655771033279
13.663992074482
13.672403662104
13.681322774829
13.690226388724
13.896583490709
13.904738168926
13.912962257002
13.921169030059
13.929350810618
13.937546690429
13.945749687577
13.954007190161
13.962285844847
13.970573328432
13.978876060625
13.987191122661
13.995516751844
14.003848008136
14.012181232173
14.020591180061
14.029120925442
14.038099288391
14.046666387990
14.188996622911
14.196183913410
14.203968518764
14.211715134168
14.219636950277
14.227547902089
14.235585859387
14.243717344561
14.251936481319
14.260249032359
14.268671380220
14.277206614106
14.285799959058
14.294510807458
14.303261192797
14.312042151058
14.320724913616
14.504932630919
14.513386618677
14.521866731401
14.530435050883
14.539121042671
14.708100052817
14.716183870680
14.724318809075
14.732657230380
14.741157200651
14.749815656776
14.758540291195
14.767409565680
14.776467527832
14.785676520959
14.795056246501
14.804662673573
14.814587980729
14.824721637888
14.835122265050
14.846047737768
14.857382565567
15.747845124508
15.754141344690
15.760892336447
15.767702091952
15.774744840906
15.782015622957
15.789735345118
15.797635589218
15.804434320020
15.859954051551
15.867247297672
15.874916582562
15.882850578113
15.890867862393
15.899000346212
15.907177686590
15.915384683014
15.923567409414
15.931826132282
15.940115670339
15.948449136513
15.956832649430
15.965396847186
15.974149543875
15.983209968007
15.991487753599
16.187371690429
16.193278332289
16.200691316730
16.208066064885
16.215544761325
16.223109835929
16.230716317301
16.238318981116
16.245925605668
16.253554456030
16.261185496843
16.268770029776
16.276367131097
16.283845290912
16.291324005944
16.298797141757
16.306445682661
16.314205964745
16.322132037708
16.330338537226
16.338534958424
16.346488973248
16.354443857762
16.362539189331
16.459543702140
16.466691789185
16.474120175800
16.481521158839
16.488958532364
16.496412311523
16.503903309804
16.511505949841
16.519116259487
16.526810137286
16.534568129870
16.542366569311
16.550220773546
16.558173414726
16.566124480368
16.574474460820
16.582441839167
16.623833545016
16.625558663484
16.627922242700
16.630293412384
16.632169014314
16.634573747639
16.637896971021
16.640061203128
16.641773147395
16.643502921399
16.645980378317
16.793759584239
16.799923851778
16.807447435056
16.814801867448
16.822388761287
16.830107505522
16.837925598031
16.845744588448
16.853600850609
16.861426627277
16.869291545637
16.877193880445
16.885085237008
16.892967001469
16.900832771592
16.908652492789
16.916496000830
16.924413872101
16.932305402203
16.940260807826
16.948473806018
16.957274228806
17.055062169041
17.061941232005
17.069952692248
17.077917145497
17.085883811794
17.093983955377
17.102159073527
17.110456856499
17.118687505896
17.126995348476
17.135357219512
17.143644459815
17.151999619445
17.160249212085
17.168615371353
17.177034532313
17.185458436265
17.193938225716
17.202477525206
17.211290761119
17.220626830360
17.229950786282
17.239588774521
17.385395197651
17.391822913624
17.399424571856
17.406824358738
17.414359866560
17.421910510098
17.429607432342
17.437359576201
17.445159071025
17.452973456475
17.460872109116
17.468839756253
17.476789558836
17.484714848467
17.492625528868
17.500486399614
17.508323646288
17.516148945067
17.523908013272
17.531665132724
17.539649655540
17.547597101430
17.555478562541
17.563285524836
17.571094437155
17.579028857277
17.587154813247
17.595329911290
17.603608213757
17.611954553396
17.620244660765
17.628613015690
17.637197319748
17.645885003833
17.655228246373
17.665929124360
17.852282901630
17.860439087702
17.868712465472
17.877067872339
17.885463274219
17.893901651230
17.902410400421
17.910922223366
17.919381075253
17.927826236991
17.936212137574
17.944486504933
17.952707048487
17.960851221804
17.968958343248
17.977074567471
17.985193940900
17.993285600804
18.001355670529
18.009336039898
18.017376822042
18.025296460504
18.033159751904
18.041065905999
18.049308723447
18.057687973253
18.066056316259
18.773028559481
18.780388278379
18.788248863509
18.796341197493
18.804460362878
18.812515252706
18.820676692762
18.828802104793
18.836952215754
18.845123843372
18.853386995018
18.861507078876
18.869695531860
18.877831001832
18.886035907478
18.894298391729
18.902507566528
18.910425908594
18.918504740881
18.926562743953
18.934577812675
18.942661390004
18.950770459617
18.958944200245
18.967157189682
18.975444394915
18.983776851175
18.992272350869
19.000940837202
19.009627113701
19.018195913320
19.026721562835
19.035148388535
19.043499792727
19.051837205555
19.060197556155
19.068599491074
19.077017337487
19.085480961851
19.093951172737
19.102408049107
19.110889839370
19.119397091704
19.127955899996
19.136551311009
19.145477312793
19.155183297138
19.164651282519
19.230149625390
19.236997404293
19.244420263580
19.251865343295
19.259450310485
19.267088368381
19.274779935214
19.282489156415
19.290160315766
19.297818564854
19.305482504969
19.313153705944
19.320879283695
19.328570691902
19.336216245842
19.343912414083
19.351629604136
19.359410216245
19.367144571849
19.374856877309
19.382561680237
19.390242991141
19.397967482910
19.405668175088
19.413413231793
19.421128793489
19.428862636084
19.436603558254
19.444382853710
19.452094260999
19.459780051904
19.467217760138
19.474775755637
19.482303728931
19.489817123089
19.497267113314
19.504712964310
19.512105673918
19.519554661940
19.527055213999
19.535155603036
19.738112225578
19.744361182287
19.751823559517
19.759524376723
19.767346105406
19.775238372075
19.783149957789
19.790976310057
19.798770995850
19.806552208274
19.814283428913
19.821994040374
19.829753692195
19.837468591652
19.845168100874
19.852887538173
19.860612820782
19.868364313998
19.876131373186
19.883910570583
19.891758052928
19.899675851622
19.907653077078
19.915789380061
19.923974940304
19.932371421649
19.940935641758
19.949649875258
19.958459875473
19.967334642517
19.976379735680
19.985199532569
19.994032879800

