Time_s
0.678615713117
0.685352293801
0.692543142695
0.699644958239
0.706585391429
0.713425015247
0.720122501239
0.726734684835
0.733248444137
0.739654243510
0.745974176116
0.752202717123
0.758364582890
0.764448959424
0.770461961577
0.776407964949
0.782290076237
0.788131825895
0.793926128586
0.799757647405
0.805728643584
0.811973085419
0.999845863539
1.007236748809
1.014618661073
1.021947078846
1.029363846859
1.036945506674
1.044669458614
1.052545122925
1.060562013951
1.068644022598
1.076815733982
1.084976070854
1.093144996568
1.101299816643
1.109368856918
1.117357453911
1.125244357703
1.133026408751
1.140879953051
1.148918102023
1.157224429134
1.330703177076
1.338450197702
1.347036616903
1.355739817891
1.364833516528
1.374023643773
1.383281285243
1.392610226159
1.402057617178
1.411560334678
1.421126929359
1.430680062321
1.440204515281
1.449751854659
1.459337176873
1.469014253066
1.478840784472
1.488799102292
1.498846331870
1.508937860613
1.519166317612
1.529665849397
1.540391478893
1.551417473314
1.562851154802
1.574345332261
1.586369963399
1.597316776697
1.609554638161
1.619296474776
1.630810840532
1.640292537805
1.649680694342
1.659204443409
1.668337847740
1.677290618624
1.686362304019
1.694502814677
1.703380349883
1.711492361646
1.720132372893
1.728268204667
2.166639713022
2.175117745891
2.185071482796
2.194811296837
2.203817989310
2.212844589628
2.221689432777
2.230378611164
2.238955104185
2.247451370279
2.255794293934
2.263927734458
2.271858586908
2.279696582645
2.287621722116
2.295416602260
2.303263227926
2.311630784347
2.319891736469
2.479421175679
2.486095820501
2.493365864983
2.500864990975
2.508674114450
2.516805673965
2.525239425540
2.533792391911
2.542356580198
2.550968989703
2.559689773155
2.568475912028
2.577377093185
2.586452557998
2.596401839959
2.606275805381
2.617061185034
2.628036958342
2.657977588522
2.666494921517
2.675858916158
2.686114003138
2.697133059994
2.709017408591
2.719311986386
2.756999418577
2.765003175225
2.774413536489
2.783062579564
2.791915035356
2.800754964460
2.809683285627
2.818705018340
2.827694329576
2.836580432666
2.845327217634
2.853983752284
2.862598853780
2.871227785508
2.879959382035
2.888854157709
2.898089425657
2.907491433548
2.916989023613
2.926550395595
2.936527443976
2.946474115820
3.057687271100
3.064956800707
3.072220349928
3.080242224365
3.088174896833
3.096041902256
3.103793700433
3.111455979577
3.119066533557
3.126596141477
3.134075031642
3.141477319062
3.148831669883
3.156091030800
3.163288934866
3.170380630061
3.177385542115
3.184325222941
3.191267807311
3.198265797216
3.205596401633
3.212911505110
3.220544878699
3.433512415342
3.439170974566
3.445865046052
3.452877965539
3.459925163414
3.466989837167
3.474103276445
3.481237219980
3.488337769371
3.495426106064
3.502487584221
3.509497362668
3.526518382844
3.539741037083
3.552897172735
3.565974207677
3.578629107796
3.590941381338
3.603179247143
3.615357994365
3.627622626420
3.640138817997
3.652923755189
4.306758948122
4.314683585955
4.323306612828
4.331890837453
4.340629461335
4.349371774696
4.358341533340
4.367699996539
4.378790236837
4.476348568092
4.484239575806
4.492683205323
4.501384624399
4.510030315847
4.518789735244
4.527632472546
4.536724032540
4.546067100389
4.555529371883
4.564942529571
4.574312914527
4.583665500073
4.593017855106
4.602386396767
4.611758328969
4.621137334715
4.630575394513
4.639986582526
4.649342936254
4.658753676058
4.668214524543
4.677754763170
4.687422148357
4.697221748945
4.706963679551
4.716608821310
4.726207283543
4.735655791417
4.744917414086
4.754628260462
4.764088422771
4.972338282301
4.981780497006
4.991155581643
5.000729124633
5.010307457598
5.019954380113
5.029684479744
5.040276406222
5.050133820664
5.060238186607
5.070212432103
5.080090439349
5.090283875770
5.100686164540
5.111725843986
5.123851485213
5.256070106057
5.265848308996
5.275970217196
5.286510777437
5.297225706968
5.307966769864
5.318802500581
5.329831442962
5.340862598861
5.351978751800
5.363194226375
5.374440119803
5.385755944033
5.397114924327
5.408605723377
5.420213950562
5.431906066871
5.443523549022
5.454053877982
5.465417502198
5.476247197475
5.487041674961
5.498117584243
5.508669628426
5.517846309189
5.527044938026
6.238565905193
6.245041197839
6.251017698687
6.257420829037
6.263823775194
6.270222856134
6.276613011270
6.283029570652
6.289566634871
6.296213345444
6.302980264533
6.309782993440
6.316652192184
6.323895913798
6.331316435448
6.338707024345
6.488417990527
6.494467095987
6.501001506496
6.507576170519
6.514140059139
6.520698654643
6.527280314353
6.533896081493
6.540533252858
6.547165924727
6.553794916373
6.560408248399
6.567008486315
6.573591591620
6.580167489187
6.586695882810
6.593212325537
6.599694045507
6.606161315130
6.612595819835
6.619004147667
6.625407728138
6.631762634306
6.638087568330
6.644399278732
6.650669075190
6.656930183851
6.663187845334
6.669421760548
6.675677451045
6.681979868840
6.688404376138
6.695001553406
6.701993717450
6.808981946638
6.816394741456
6.824922934482
6.833644540045
6.842902416459
6.852257342882
6.861734530177
6.871345301809
6.881155477714
6.891194623123
6.901641262113
6.912390079403
7.111094573759
7.118246110698
7.125552856818
7.132971612145
7.140488230287
7.148046100822
7.155634996844
7.163202719032
7.170752896586
7.178247418054
7.185761468965
7.193308238323
7.200789823520
7.208280980768
7.215794528702
7.223314438701
7.230850763143
7.238463822891
7.246085270123
7.253696107882
7.261353101363
7.268981666326
7.276563341184
7.284109803873
7.291534424474
7.298997941731
7.306614994619
7.314056631332
7.321654552066
7.329400378897
7.337582401472
7.479953273693
7.486987457244
7.494853904934
7.501985044999
7.509817090162
7.517652966778
7.525536301736
7.533454919692
7.541403808895
7.549373282720
7.557389104680
7.565392030159
7.573329084251
7.581268667395
7.589166032284
7.597015897519
7.604907696598
7.612810505632
7.620780044741
7.628957343868
7.637637874549
7.646790581822
7.656039059167
7.806302082846
7.813208127007
7.820149819996
7.827108726968
7.834041607522
7.840994149699
7.847966385908
7.854982288066
7.862057295766
7.869137869240
7.876254387001
7.883383902157
7.890500716802
7.897612475134
7.904772766064
7.911912657305
7.919108792184
7.926321146416
7.933571179520
7.940834348593
7.948086669587
7.955325359112
7.962522657247
7.969717973136
7.976871955943
7.983983670759
7.991113956822
7.998278870024
8.005498751473
8.012759187673
8.020116657504
8.027579161528
8.035183281122
8.042670494061
8.050348839624
8.680758301177
8.687955949498
8.695375132297
8.702736491810
8.710514114652
8.718118791875
8.725770569891
8.733461684346
8.741153584657
8.748760106117
8.756357922588
8.763850292732
8.771298937760
8.778692714447
8.786078948371
8.793353551322
8.800638655925
8.807939158867
8.815256331935
8.822539709539
8.830029155957
8.837499617794
8.845239860566
8.853358089543
8.861829008202
8.994708960393
9.001802644239
9.008861708364
9.016010931760
9.023189968355
9.030421931154
9.037709683215
9.045085110768
9.052641509019
9.060394367483
9.068299277045
9.076286325659
9.084356434364
9.092581204576
9.101442656836
9.300075582740
9.307099251076
9.314242618764
9.321464311916
9.328711357343
9.335981594754
9.343280688928
9.350502637667
9.357910827417
9.365444171708
9.372975182714
9.380598867687
9.388247925132
9.395939584898
9.403583073923
9.411207409189
9.418808548049
9.426464683430
9.434127398792
9.441812953015
9.449515400457
9.457202441743
9.464882634135
9.472563237086
9.480290986004
9.488011527475
9.495659559960
9.503345012242
9.511083114066
9.518840612984
9.526531377453
9.534218255169
9.541892216568
9.549438893319
9.556991048089
9.564637318865
9.572539375262
9.580736335879
9.589459884653
9.942426910676
9.951789492060
9.961259436743
9.970636305224
9.979753926062
9.988942553945
9.998164148059
10.007566378383
10.017214407088
10.026958271484
10.036817780827
10.046872446669
10.057216913295
10.067863332862
10.079316421976
10.090897911572
10.172324350625
10.180007520222
10.187838604289
10.195790652815
10.203558511444
10.211234588526
10.218763613103
10.226205407928
10.233537908823
10.240706328147
10.247795051964
10.254826808927
10.261843967672
10.268839013843
10.275831222725
10.282857837658
10.289913492183
10.297004955381
10.304179551991
10.311524265921
10.319559855583
10.328157807470
10.497170215842
10.504297853861
10.511493644719
10.518723802196
10.525988776210
10.533219721598
10.540463850053
10.547714828326
10.554997089183
10.562303813837
10.569602183946
10.576953992994
10.584278615567
10.591581663158
10.598877939669
10.606133290046
10.613383221242
10.620628447845
10.627845278587
10.635089907563
10.642320997182
10.649629906194
10.656849176418
10.664172575808
10.671595745029
10.679044590593
10.686596160153
10.694222112254
10.701935820998
11.514526775434
11.521898735715
11.531073989908
11.539971736345
11.549227522522
11.558456830713
11.568106045388
11.577184642324
11.586327145460
11.595456860766
11.604570787505
11.613544962809
11.622271279189
11.630810945131
11.639096888115
11.646880649930
11.654306521763
11.661865910422
11.669233506810
11.676460574321
11.683553806129
11.690518119782
11.697343381496
11.704020771518
11.710586219475
11.717011671039
11.723362311961
11.729627931192
11.735873331134
11.742108649121
11.748342614484
11.754645646647
11.761046483594
11.767668763121
11.774521918485
11.781458157538
11.788486502125
11.795590746840
11.802763920907
11.810013165544
11.817298861711
11.824684324424
11.832200943468
11.839871440126
11.847745539621
11.855866678027
11.864244720239
11.872866841947
11.881700843783
11.890760189691
11.899992562787
11.909301048989
11.918711382068
11.928379123418
11.938210096421
12.083287764898
12.092294349754
12.101214619622
12.109736194455
12.118883725248
12.128129960238
12.137442091990
12.146862839093
12.156344060624
12.165818037323
12.175325120517
12.184857027541
12.194354076633
12.203880088905
12.213443611240
12.222949917614
12.232570724186
12.242168433517
12.251685903248
12.261131028300
12.270548708512
12.279866785518
12.289273245299
12.299112825636
12.309510896256
12.321370104769
12.335489687801
12.507477698582
12.515750600874
12.524921899478
12.534391055035
12.544050863659
12.553970638503
12.563933534378
12.573991796259
12.584197315511
12.594383237152
12.604664664791
12.614980349395
12.625209910249
12.635273659635
12.645176113225
12.655094572250
12.665213514165
12.675730110553
12.686811809842
12.698517451102
12.709676477904
12.719954222366
12.730252184219
12.777038848139
12.785641417931
12.795482722306
12.805131862165
12.815014798034
12.824984931781
12.835083194321
12.845163331742
12.855194769996
12.865141907796
12.875155824438
12.885146361503
12.895191764365
12.905260507896
12.915470913925
12.925906701397
12.936393246427
12.946936213154
12.957731822422
12.969092970522
12.980978766624
12.993109070831
13.005419722988
13.017692921852
13.029693520521
13.041501679469
13.053293052104
13.063566581678
13.074444919103
13.084872502454
13.095768109540
13.107030225754
13.118763433872
13.130556990812
13.142617381255
13.154911827637
13.167483420393
13.172955548711
13.181193756932
13.184112886591
13.190038952985
13.193428250445
13.196352422605
13.199266415919
13.208726746134
13.211647316479
13.214550758470
13.217445819193
13.220269981908
13.222901908545
13.225830613908
13.228761742053
13.231574456526
13.239286718531
13.242268706812
13.245250459877
13.262657122516
13.272342794921
14.412643853313
14.420499522023
14.428142497782
14.435948233701
14.443577537921
14.451144676619
14.458582617398
14.465868086429
14.472957996319
14.479914459888
14.486732113475
14.493506323960
14.500223854319
14.506868703618
14.513541434518
14.520207012923
14.526740851574
14.533184169452
14.539433909337
14.545592887434
14.551533517193
14.557325213706
14.562925351304
14.568461352181
14.573874752631
14.579224449186
14.584519007530
14.589781321807
14.595100108432
14.600423918724
14.605686307411
14.610917014162
14.616224448723
14.621638603379
14.701052032841
14.705499619671
14.710915727885
14.716436122096
14.722158098670
14.728077102846
14.734113610920
14.740302693218
14.746612764438
14.753032175385
14.759576314590
14.766181819920
14.772851351441
14.779631341197
14.786571453981
14.793854692074
14.800951656264
14.808149227925
14.815445810952
14.822816927207
14.830255436640
14.837734535801
14.845242574456
14.852744563843
14.860083032332
14.867735127012
14.875421740143
14.883093671353
14.890814563950
14.898541956601
14.906316866409
14.914144226685
14.922048803968
14.930093691425
14.938282542965
14.946656234281
14.955212754393
14.963932255434
14.972731000745
14.981620143169
14.990609366650
14.999756383641
15.009212403121
15.018921319103
15.028962678166
15.164978584211
15.173078279556
15.182042456393
15.191078732304
15.200263366877
15.209519960674
15.218800719479
15.228057901483
15.236854957791
15.246106979851
15.255559549202
15.264985700584
15.274428725274
15.283815777986
15.293168548981
15.302485128026
15.311787911675
15.321088905559
15.330398202438
15.339722334431
15.349058368988
15.358415474072
15.367750856735
15.377100965803
15.386404808542
15.395606985074
15.404681481128
15.413677295028
15.422692824735
15.432156375346
15.442656928252
15.578760170357
15.586451276196
15.594879088612
15.603657822904
15.612699942708
15.622068245349
15.631566560650
15.641160742236
15.650803601824
15.660480136616
15.670185350094
15.679806613530
15.689478967680
15.699196103325
15.708918179742
15.718644210068
15.728345544103
15.737977099517
15.747546815086
15.757305882195
15.767462056404
15.894902733467
15.903711057320
15.913616487487
15.923870001741
15.934613212000
15.946684417282
15.959193311658
16.089066336267
16.098006374201
16.107186407065
16.116088180276
16.125676178042
16.135377111928
16.145078075982
16.154871479248
16.164681914479
16.174429351408
16.184069766774
16.193682798525
16.203272877472
16.212849822298
16.222436718890
16.232032243350
16.241671035752
16.251341245112
16.260989877240
16.270638879310
16.280286690190
16.289958772738
16.299665602496
16.309410651826
16.319195646609
16.328986735843
16.338767519499
16.348569807999
16.358421020011
16.368437455599
16.378721631688
16.389374446928
16.661724164082
16.670781912662
16.680262626544
16.689877168488
16.699519766961
16.709301640298
16.719319245412
16.730371970353
16.740700622339
16.751333918804
16.762305731593
16.773208258457
16.783732777308
16.795020741577
16.807107840972
16.819516681555
16.831871250404
16.843763804341
16.854605307163
16.887190367637
16.896156172602
16.904671128010
16.912850799148
16.921086226387
16.929425225904
16.937826999289
16.946215974950
16.954808006876
16.963867395982
16.973294389960
16.982808425459
16.992663007069
17.003181998041
17.158478423463
17.167036727863
17.175673488244
17.184685077601
17.193844150849
17.203153960408
17.212648164888
17.222085358645
17.231509454368
17.241017623738
17.250518542383
17.260135343440
17.269737386139
17.279308853680
17.288928769616
17.298697986200
17.308745584777
17.319332098005
17.330849925855
17.343053838932
17.448943799784
17.457815299711
17.467001262534
17.476436424041
17.485991558930
17.495836506503
17.505882981999
17.515990357399
17.526140488990
17.536292925628
17.546436249649
17.556647175612
17.566848569071
17.577078341181
17.587377085909
17.597668710631
17.607956764778
17.618320367454
17.628679544533
17.638985744999
17.649068803011
17.659065211162
17.668933480194
17.678900894082
17.689351295306
17.700510357352
17.926102134864
17.936721721811
17.946850504178
17.957407996038
17.968126477696
17.979772527470
17.991603336782
18.003942240832
18.015724499994
18.170521171836
18.179423824261
18.188884965364
18.198675045447
18.208834552676
18.219448153299
18.230602218265
18.242602448105
19.373382193238
19.380509813458
19.388005088290
19.395534115483
19.403175164045
19.410961911237
19.419168277461
19.484814684299
19.491190766415
19.498694820860
19.506791155948
19.515278410806
19.524137932497
19.533218433793
19.542583234850
19.552063868482
19.561626600390
19.571410588659
19.581383227279
19.591594653859
19.602429717048
19.797456766996
19.805023777008
19.812686956117
19.820300969306
19.827843821690
19.835325932363
19.842763243941
19.850104412439
19.857324864059
19.864411438089
19.871327014068
19.878101751888
19.884762051087
19.891303986801
19.897752818916
19.904119392219
19.910412605260
19.916640778005
19.922800109584
19.928927088572
19.934948902596
19.940958404274
19.946846303205
19.952745439719
19.958506249832
19.964304658318
19.970014792883
19.975843385791
19.981850262682
19.988084055898
19.994567657459

