Time_s
0.253422992929
0.260270010188
0.267461279668
0.431099745736
0.436821686339
0.443056334774
0.448974653403
0.454923356569
0.460594638221
0.466294401253
0.471606457438
0.476940639722
0.482191892880
0.487408581304
0.492551236478
0.497637679237
0.502660150251
0.507640482992
0.512574357256
0.517461355383
0.522303440546
0.527126814239
0.531914575889
0.536631055907
0.541295536330
0.545937724130
0.550538313003
0.555103630937
0.559627941813
0.564109409505
0.568601473311
0.573105737740
0.577636167049
0.582227996475
0.586811521610
0.591699678358
0.596719747976
0.811556470239
0.818045508970
0.824394724713
0.831059526335
0.837887997647
0.844795086113
0.851822045055
0.858834385196
0.865863805281
0.872898088919
0.879968228054
0.887008991440
0.894065565652
0.901109050605
0.908133050193
0.915143195649
0.922145643475
0.929114517664
0.936076033903
0.942997700852
0.949884555170
0.956698133645
0.963438724794
0.970314798508
0.977234394898
0.984411010653
0.991410687867
0.998368802375
1.005387338161
1.196382176846
1.204481341612
1.212819563205
1.222678290481
1.231345316726
1.240093523733
1.249046846005
1.258078387737
1.267236769854
1.276531552716
1.285975807269
1.295368534002
1.304718858885
1.314088787200
1.323623061812
1.333126457673
1.392546128084
1.401659769477
1.412626688181
1.421829470212
1.975371823365
1.983208710906
1.990553074274
1.997921019266
2.005248351364
2.012604294468
2.019891089570
2.027121579592
2.034106270616
2.041027193168
2.054977499941
2.061231043235
2.067361766579
2.073544253424
2.079774685924
2.086612697680
2.093014596423
2.219740358264
2.221864238649
2.223734475570
2.225800794844
2.227840270701
2.229906184852
2.232065741831
2.234047797903
2.236076319338
2.238176576958
2.240315133881
2.249103734106
2.253768534001
2.258481887474
2.263417182027
2.268481038301
2.273562476389
2.278722395331
2.283891812776
2.289074044149
2.294243085962
2.299444896253
2.304648185722
2.309858382757
2.315057103711
2.320239959769
2.325406814278
2.330548584557
2.335689797868
2.340773674869
2.345709412311
2.350628725436
2.355422521026
2.360323682214
2.365670852827
2.370723684476
2.376166668606
2.480569066845
2.487912627818
2.495558449550
2.503554986612
2.509917784952
2.517532402521
2.525499842425
2.622742315301
2.630091934406
2.638837466954
2.647228891022
2.655639963126
2.663992429763
2.672398679082
2.680668233399
2.688860051684
2.697154109756
2.705358396662
2.713575521727
2.721727234568
2.729846066315
2.738074784450
2.746230221408
2.754367972679
2.762571469109
2.770770432545
2.779054116719
2.787420491400
2.795951040577
2.805013250342
2.919006406579
2.926139197990
2.934042911750
2.941854988906
2.949436133331
2.956847251556
2.963997065122
2.971083250584
2.978103879866
2.985231521298
2.991972811717
2.998595234351
3.005229772072
3.011714457550
3.018033323273
3.024336604451
3.030522848883
3.036749695640
3.043068596609
3.049741624617
3.056457387898
3.241045259788
3.249291517569
3.257422906655
3.265086466659
3.272866242661
3.280755456441
3.288630827457
3.296548298646
3.304467078900
3.312381249349
3.320277436643
3.328126104966
3.336044164927
3.343931973228
3.351746716800
3.359609666001
3.367417591015
3.375162116334
3.382888334674
3.390551449515
3.398134150643
3.405915486744
3.413989927783
3.421633066882
3.429378417992
3.437107134484
3.578719105961
3.585474352952
3.593588252364
3.601856111296
3.609743343805
3.617680111449
3.625848286478
3.634270425853
3.642837519090
3.651127009607
3.659479206738
3.669081998791
3.677292714992
3.685351552722
3.693541431597
3.760346932061
3.768067422649
3.777915274314
3.787194426675
3.796724131662
3.806392275674
3.816065164816
3.825812907033
3.835427199730
3.845082169212
3.854665840071
3.864226716685
3.873796864139
3.883480787182
3.893033950288
3.904387648132
4.014786818004
4.023969911774
4.033081586892
4.042234283035
4.052065552123
4.061227432451
4.070193893179
4.079191213898
4.088310175068
4.097657536513
4.142196205055
4.150104704961
4.159601451268
4.168845821819
4.178044727085
4.187058185133
4.196121079956
4.205732036914
4.385867204800
4.394588080969
4.403555076698
4.412732189885
4.421928761827
4.431333169720
4.441057167640
4.450784757687
4.461972176400
4.472863476392
4.484071987133
4.495633115588
4.509135641389
4.520684644266
4.535789344282
4.547339312387
5.241899323620
5.246989865106
5.252014317300
5.256973300557
5.261847208220
5.266310022601
5.271378188203
5.276722671160
5.282830887450
5.288303766237
5.293286442838
5.298327882681
5.303305670051
5.308305652773
5.483026599949
5.489537253074
5.496030080817
5.502533719636
5.509135585018
5.515670316773
5.522313972336
5.528951943956
5.535593928836
5.542242280002
5.548830640841
5.555340628023
5.561789816353
5.568180071720
5.574495495416
5.580799055017
5.587083637446
5.593451639689
5.599792010500
5.606114798699
5.612653430791
5.619025620685
5.625440585251
5.631677415439
5.638076369106
5.718435645369
5.722127065792
5.725873075836
5.729612240126
5.733458972550
5.737396717180
5.741531250000
5.745089782439
5.748673241591
5.752600938909
5.756542515801
5.760333164596
5.763694525418
5.767515538572
5.771701642557
5.889101138292
5.892476619546
5.896291387248
5.900078792140
5.903940199927
5.907585699348
5.911127189374
5.914750651601
5.918260497517
5.921739583333
5.925156170953
5.928603400952
5.932119571944
5.935533496519
5.938917360250
5.942239122948
5.946154495995
5.949383278661
5.953211299336
5.956537122622
5.959792115764
6.183345315619
6.192091450827
6.200909784576
6.209979952292
6.219034021811
6.228092234097
6.237178149084
6.246430272958
6.255610581713
6.262495925775
6.269552270091
6.275249476613
6.282458165572
6.289681082175
6.387794613058
6.396480431732
6.405296539914
6.414215347277
6.423182037658
6.432180121995
6.441247880960
6.450282344358
6.459314857940
6.468292627402
6.477183688894
6.485915191980
6.494587929017
6.503194791059
6.511720346953
6.520697464536
6.529157922674
6.537846758794
6.918114311669
6.925746149570
6.933328301215
6.941010764881
6.948706611442
6.956454942241
6.964211036734
6.971948522275
6.979340878998
6.986697128855
6.994021841396
7.001212145252
7.008234648925
7.015082784453
7.021812102753
7.028564591606
7.035237833785
7.042032565037
7.048771949346
7.055496588656
7.061930245055
7.068342550329
7.074806745450
7.316451595110
7.323036689101
7.329288860470
7.335674135445
7.342075762861
7.348468252004
7.354974763529
7.361491911246
7.367651791493
7.374042915002
7.380437538062
7.386743716457
7.393060908248
7.400520643930
7.406868349665
7.599459703986
7.606114160572
7.614296984551
7.622685043971
7.631212936720
7.639703452465
7.648352097487
7.656894031915
7.665427241695
7.673835486343
7.682180533047
7.690404331899
7.698528982890
7.706658794751
7.713311594752
7.721499503513
7.737570052565
7.740969171880
7.744284509394
7.747520721089
7.750671652152
7.754012288442
7.757192904967
7.760378017526
7.763690330043
7.766640964200
7.825997986944
7.828696143184
7.831025559885
7.835873959804
7.837918926335
7.840229365415
7.842778847903
7.844719898918
7.846915764169
7.849061070557
7.851098119076
7.853081978440
7.857339176480
7.985311585168
7.994279701456
8.003361779161
8.012374475061
8.020772384955
8.029141745511
8.037807299774
8.046440524841
8.054760552644
8.062765793503
8.070677644402
8.078484348575
8.086081180631
8.093577516614
8.101142242899
8.108432822584
8.116176960216
8.123830763322
8.131345764778
8.250677926975
8.259431850294
8.268532555114
8.277756730588
8.287167728331
8.296693230867
8.306291090461
8.315942122866
8.325566935299
8.335199506513
8.344788663637
8.354309019300
8.363808971066
8.373195733202
8.382574675010
8.392038442066
8.401561416905
8.559786239509
8.562949778118
8.566423104054
8.569619314216
8.572908508367
8.576144779480
8.590082720238
8.598296362240
8.606525467054
8.614757654074
8.623134627926
8.631715122466
8.640180291304
8.648519564011
8.656778759398
8.665134299273
8.673659532014
8.682249696468
8.690902108968
8.699465519960
8.714920942473
8.723420415764
8.731857331274
8.740215845188
8.748782696093
8.757357792509
8.765733042274
8.774256531861
8.782489589124
8.790825850181
8.799480647571
8.808055917250
8.816335958803
8.824601240842
8.832106672080
8.840052063893
8.847994340043
8.856064109535
8.863998841862
8.872303860494
8.880385946607
8.888654590610
8.896592640449
8.904610850522
8.912814180238
8.920985042601
8.929168599183
8.937741977448
8.946052140000
9.105362814485
9.111784266029
9.119346238203
9.127184939148
9.134344889817
9.141541648417
9.149337896217
9.157199698421
9.164975800470
9.172780474544
9.180568062494
9.188382752539
9.196366183053
9.204476099602
9.212613910606
9.220722518842
9.228846754279
9.236966551327
9.245090628312
9.476178026404
9.483576860806
9.492779816725
9.502129030986
9.511594217941
9.523094523696
9.584609255229
9.593631338373
9.603114844943
9.612653000777
9.622317710068
9.633734078983
9.641327800159
9.696595127586
9.704865911239
9.714342885211
9.723603326526
9.732657438242
9.741671480996
9.750744303927
9.759708700920
9.768582707849
9.777587190603
9.786816095277
9.795424709212
9.806252011317
9.815516870706
9.850286982069
9.859177959607
9.868538488502
9.877925995608
9.887540730513
9.897132029794
9.906652135813
9.916220785152
9.925834048516
9.933461574309
9.940827812806
9.946837863442
10.003333684854
10.011043947958
10.020351486314
10.029790082656
10.039317563006
10.048991294635
10.058810622890
10.068732635026
10.078820261513
10.089185214979
10.099822733768
10.109058472318
10.120330012942
10.131773783846
10.143217614755
10.154422588611
10.164875597323
10.175253221262
10.195737018835
10.198737938142
10.201789638002
10.204620499645
10.207524717478
10.210493991301
10.213541737754
10.216439791469
10.219283931497
10.222451026997
10.225263111195
10.228215473041
10.231208222287
10.234122929602
10.237150882078
10.675307739519
10.682368734693
10.690249200880
10.697611070500
10.705021802195
10.712316057627
10.719657907103
10.726796185417
10.733849552744
10.740823728271
10.747546914847
10.754091804169
10.760765534748
10.767167319583
10.773495633313
10.779802958040
10.786283862357
10.792662455693
10.799044448536
10.805378853832
10.811688294146
10.818054983808
10.824345813031
10.830617959373
10.836807119664
10.842950110678
10.849039789242
10.865774492620
10.875288770338
10.883034858441
10.892300904156
10.981925381113
10.986368089590
10.990646863398
10.995000704653
10.999495936014
11.004038965104
11.008635493319
11.013343670735
11.017995179296
11.022562274474
11.027277667953
11.032230080486
11.037212736604
11.042136638485
11.047078413236
11.052056422855
11.056155319308
11.060895081983
11.066446109853
11.071803647783
11.077310268668
11.082996138079
11.088786205304
11.094663011990
11.101017644508
11.107235681773
11.113501267773
11.119987741147
11.126558668490
11.133385407783
11.140338380400
11.147328370348
11.154159516049
11.161228417464
11.168193404665
11.175197150835
11.182221698452
11.189241909954
11.196244549451
11.203221706062
11.210168471484
11.217056891810
11.223895395517
11.230670307203
11.237373665666
11.244004723327
11.250569728307
11.257085466248
11.263574992088
11.270058050238
11.276573379635
11.283180469851
11.316631050424
11.318846440885
11.321012873426
11.323357372537
11.325713182045
11.328005207622
11.330362590777
11.332823768603
11.335585612751
11.337849524926
11.339883117849
11.342025495404
11.344152877594
11.346235916890
11.348202869087
11.350376187320
11.352722549384
11.354714315978
11.356685664126
11.358732025362
11.360805185013
11.362915168094
11.364736701535
11.366605683442
11.369339435573
11.371316493672
11.373331415711
11.375504260198
11.377505035212
11.379729216879
11.382115265375
11.383869817585
11.386081042044
11.388231323109
11.390293198905
11.392384892936
11.394269725205
11.396502812708
11.398687536290
11.400767311769
11.402834260960
11.404928413408
11.407111589336
11.409302951938
11.411364800422
11.413450549729
11.415678629208
11.417865372916
11.419863434225
11.422034386831
11.424245469044
11.426475129832
11.428482722879
11.430703475203
11.432916936722
11.435102825727
11.437116666637
11.439339304666
11.441529233690
11.443699600715
11.445841010456
11.448057207836
11.450201850172
11.452332949876
11.454605422634
11.456918016778
11.461945528349
11.464722271896
11.467418157355
11.470148410127
11.639524043485
11.647086160791
11.654714458167
11.662459737022
11.670356258385
11.678380845698
11.685317279749
11.692426902943
11.700489160953
11.708418916515
11.716277626750
11.724022511117
11.731646225858
11.739138094634
11.746593945104
11.753741921344
11.760777906743
11.767741628876
11.774576602464
11.781323592697
11.788093559375
11.794858468416
11.801506283096
11.808093352730
11.814927315831
11.820395799951
11.827297110558
11.834205304421
11.841000410448
11.847704530742
11.854337023438
11.984249637979
11.991431419798
11.998663829987
12.005948382313
12.013270891173
12.020630154790
12.027945392669
12.033977320932
12.039917884477
12.047237684289
12.054522369310
12.061817206065
12.069212941445
12.153175883107
12.154939273346
12.157123367881
12.159206075880
12.161047463730
12.163656501091
12.165822929911
12.167859007039
12.169950079992
12.172025816260
12.174121449783
12.178902141478
12.181464068357
12.183957753502
12.192706313340
12.194591096066
12.196523705201
12.198670008389
12.200765626984
12.202416424999
12.204033983696
12.206123201352
12.388739327862
12.395767581488
12.403624382789
12.411165088978
12.418901995890
12.426422687693
12.434071544773
12.441549059162
12.448955041056
12.456377044956
12.463462525576
12.470392493912
12.477288861070
12.483800202081
12.490317235227
12.496881970693
12.503463982723
12.623257124285
12.624967659549
12.626884005812
12.628944844154
12.631011910041
12.633062065494
12.634984351753
12.636898440315
12.638615932910
12.720908314684
12.729395452728
12.737897115189
12.746367712461
12.754878285112
12.794621769497
12.802868631243
12.811751153678
12.820739125175
12.829994173607
12.837408104413
12.847305931990
12.856783237502
12.866060723244
12.874927608541
12.883937508078
13.010639112281
13.018771085918
13.026477851959
13.034070655177
13.041476340421
13.048827412669
13.055863773436
13.062901137122
13.069867790381
13.076789917375
13.083676950356
13.090690421559
13.097979809382
13.105340202550
13.112577373366
13.119823923794
13.127238129151
13.134400809411
13.254765499821
13.256928622410
13.259084910157
13.261213173106
13.263296044655
13.265414253962
13.267799543049
13.323489002186
13.330549907707
13.337959226682
13.345577985988
13.353244178152
13.360922433549
13.368587103661
13.376261251553
13.383995523495
13.391701495709
13.399393380659
13.409000638545
13.418549346425
13.426522500513
13.434589102894
13.442849380472
13.451171858172
13.459419469339
13.467790032834
13.476430077765
13.487106027675
13.495750838463
13.503901926953
13.512188227483
13.520295174068
13.614252703744
13.621224126163
13.629363562432
13.637578623726
13.645882500427
13.654204476150
13.662549417606
13.670917004268
13.679320533997
13.687799448805
13.696414714923
13.705277758102
13.714282237207
13.723319966305
13.732322132337
13.741503275657
13.750774651391
13.760357086191
13.770146670695
13.790567517933
13.798581896328
13.806740281981
13.814785147301
13.949263003792
13.956987415108
13.966458752283
13.975765524720
13.985232356799
13.994845469093
14.006221681891
14.013944575774
14.021662833080
14.056792458785
14.058772651434
14.060662854377
14.062564671060
14.064690353799
14.067009485827
14.069284994455
14.072109366021
14.074474739232
14.076794324122
14.078616779181
14.081415936677
14.083699067655
14.086094569114
14.088221475669
14.206616587663
14.208606772473
14.210539165328
14.212474911595
14.214512397559
14.216575574713
14.220548370006
14.222231408405
14.224352018258
14.226394005413
14.228395446316
14.230457495348
14.233114879593
14.235253166067
14.237385126118
14.239542083080
14.241246997718
14.243392877769
14.245444468715
14.247495059635
14.249548507086
14.251635290737
14.253727903100
14.255485887054
14.257595872243
14.259392168990
14.261536127753
14.263646812752
14.265396671285
14.267278195290
14.269146302841
14.271386646403
14.273125721875
14.274885131618
14.276644837373
14.278423932598
14.281161279495
14.283449183060
14.285250316349
14.287506026809
14.289798961237
14.291559038953
14.293342942318
14.295279565884
14.297420029119
14.299529699905
14.301430494678
14.303677609867
14.305941079682
14.308222925560
14.310283985111
14.312267320919
14.314438542833
14.316669946861
14.318770187136
14.320658508406
14.322441565986
14.325001011158
14.327426647550
15.006308111281
15.011789370607
15.018489408180
15.025079058753
15.031668855597
15.038140417111
15.044519555582
15.051429601900
15.057718231104
15.064550097702
15.071562818138
15.078411135796
15.084913520948
15.119569600235
15.126304668567
15.132908204362
15.139462648100
15.146121522466
15.152924002852
15.160022651734
15.167031250000
15.174167604899
15.181661257421
15.189131538809
15.195919529830
15.202842571183
15.363536243424
15.369650788054
15.374315405357
15.379856886289
15.385555429798
15.390809594576
15.395636857114
15.400382867449
15.405109688982
15.409781688532
15.414355259856
15.418855791107
15.423260762562
15.427701978613
15.432025910868
15.436405340816
15.440704950937
15.445031211464
15.449276257322
15.453556423663
15.457654426254
15.461982394400
15.466197148859
15.470451153212
15.474857589535
15.479289135493
15.650738582906
15.655596926994
15.660554667831
15.665479383961
15.670433327000
15.675405928126
15.680418434033
15.685475857924
15.690558212567
15.695671925204
15.700828515512
15.706024615533
15.711313849848
15.716710550855
15.722243880035
15.727771937041
15.733738111402
15.932462337814
15.938389873360
15.944391003376
15.950358214866
15.956359121816
15.962533518205
15.968784997349
15.975086867595
15.981477602700
15.987969573778
15.994626255015
16.001455780390
16.008588455161
16.016025824172
16.023812779787
16.031925441315
16.040288022371
16.048764506817
16.057493106271
16.066551866581
16.076451170492
16.086426784093
16.182892018612
16.191198440289
16.199839060548
16.208562818093
16.217185509110
16.226254255618
16.235665653529
16.281801610078
16.289581337950
16.297510463710
16.306298981215
16.315132708592
16.324070732710
16.333071145814
16.342373143702
16.475499793767
16.484380798521
16.492688734755
16.500955924460
16.509072430598
16.517234937733
16.525226760857
16.533142952469
16.541123798492
16.548907255164
16.556598006519
16.564326093485
16.571995753213
16.579849518926
16.587805666315
16.596033410553
16.604363500465
16.612642800336
16.621472283442
16.630156706540
16.638312244081
16.646383524744
16.654605217159
16.662903946091
16.671121219418
16.679673628746
16.688130212412
16.696650705435
16.705151716409
16.713819973876
16.722700945896
16.731902689594
16.735335305678
16.738813036022
16.742286113523
16.745907305743
16.749527131185
16.753044119917
16.764452205059
16.767978819882
16.771397296816
16.774703525804
16.778274729722
16.781791338072
16.785423083424
16.789354181758
16.793016809561
16.796503259441
16.800131738738
16.803588815848
16.806924604318
16.810390622909
16.875255085006
16.883976707992
16.892867794300
16.901699917811
16.910580075874
16.919494717193
16.928356523582
16.937237917758
16.946092242410
16.954837115009
16.963340305693
16.971711494364
16.979896203539
16.987781040606
16.995530183405
17.003067326781
17.010447942971
17.278914627110
17.284840440329
17.288228216893
17.291931410513
17.295244200872
17.298569765398
17.301947924138
17.305039226157
17.308226284893
17.311519651858
17.314788447718
17.323056841105
17.331340901694
17.339739273171
17.348082265795
17.356649918590
17.365448730279
17.374345525304
17.384499698267
17.393266413097
17.402103127801
17.411131543727
17.420152677955
17.429264494112
17.438685122590
17.446876588259
17.455362861040
17.463832204785
17.472359407009
17.480874141536
17.489293110189
17.497708094424
17.506131054932
17.514602271685
17.523134205510
17.531773187718
17.540425674589
17.549040932268
17.557674406856
17.566304310657
17.574974517102
17.583642562406
17.592306067692
17.601018371174
17.609768367136
17.618658261140
17.628312369400
17.637287029679
17.648269985746
17.714206192879
17.722776741452
17.731098127484
17.739500889989
17.747944361823
17.756444532515
17.765059859270
17.773760153298
17.782476094787
17.792761832766
17.801105353134
17.809619780976
17.818518837420
17.827278645996
17.836251250375
17.844765572699
17.853258381861
17.861627839833
17.869966265212
17.878037180075
17.885705536904
17.893900198742
17.901793811676
17.909551179579
17.917222238381
17.924833506698
17.932408702532
17.939984602693
17.947510922081
17.955160663097
17.962785778711
17.969497320959
17.977479995066
17.985370878369
17.993268085570
18.028662933952
18.035729707329
18.042895998574
18.049803026926
18.056637176684
18.063557474837
18.070449719492
18.077455574299
18.084610638838
18.091867359830
18.099250197149
18.106856783090
18.114668779662
18.131497609760
18.139647190459
18.147885460596
18.156685367188
18.164761422631
18.174045984465
18.182673177007
18.191157896865
18.199572510672
18.207726939610
18.215843213369
18.223789174961
18.231682130156
18.239654573490
18.247538254681
18.255478921306
18.263363811710
18.271487014436
18.279620699339
18.287671868069
18.295801996747
18.303806011357
18.311819464905
18.319910067961
18.328054669105
18.336097895213
18.440440071549
18.449759447586
18.459335162258
18.468895715084
18.480640729596
18.489249886666
18.502095491692
18.514701425286
18.525494144311
18.536377471506
18.548621306395
18.559912509514
18.569528200986
18.579178369840
18.590516796235
18.600042923122
18.607932659165
18.619162011710
18.628835273607
18.636880743622
18.646307820588
18.656378811627
18.665876128768
18.675339492500
18.686843820774
18.694458280847
18.703887901515
18.711507450268
18.804277123424
18.811763473727
18.820920631789
18.830078920502
18.839109147701
18.848155513210
18.857957620994
18.867039181253
18.876572141816
18.885617563298
18.894773793347
18.903895884813
19.018000948842
19.020132695189
19.023751525087
19.025889584365
19.028031138252
19.030154507371
19.032502176287
19.034639063310
19.036746481853
19.038894847878
19.040899418339
19.042964950887
19.045046138623
19.047125278567
19.051799034999
19.053857161778
19.055918465537
19.057997190063
19.060497831475
19.062436990804
19.064519423848
19.066590011092
19.068584730392
19.070819180627
19.072697682495
19.074773235110
19.076882929334
19.078976604359
19.081110486128
19.082906319828
19.084958372134
19.087020833345
19.089484867740
19.091583889380
19.094111129503
19.096132539102
19.098725281627
19.100839253157
19.102940365191
19.105043179388
19.106990117855
19.109561130069
19.112132355426
19.114177718699
19.115895595920
19.117870948679
19.119945649845
19.218508327719
19.220843329190
19.223171134768
19.225405451831
19.227401125001
19.229733144793
19.231590529802
19.233538865612
19.235693835089
19.237636328341
19.239484989687
19.241892289154
19.244249743359
19.246589875171
19.248924049900
19.253868807726
19.255733336524
19.257819581153
19.259897486005
19.262381030086
19.264806312260
19.266669758502
19.268977930586
19.271311739761
19.273770149439
19.276033884799
19.278326198983
19.280252858704
19.282579118672
19.284907418121
19.287368405477

