Time_s
0.696803046748
0.698695532985
0.700626493382
0.703074164676
0.705754430892
0.707866946417
0.709717706440
0.712224408715
0.714706327212
0.717114450307
0.743751116415
0.747281879009
0.750565955159
0.753830562809
0.757176139256
0.760429940459
0.763466530280
0.766621316270
0.770025560781
0.773412188363
0.776836757621
0.780332877022
0.783794738118
0.787309307723
0.790932007885
0.794428403539
0.797861851057
0.801357343420
0.804861830291
0.808358504437
0.811897671216
0.815423413162
0.818965383230
0.822496749543
0.825997480427
0.829476649457
0.833000360952
0.836471611816
0.839894327407
0.843278971867
0.846664388141
0.849990947462
0.853376819971
0.856701343888
0.860017758801
0.863174147216
0.866250745942
0.869186083566
0.872613080586
1.073954423982
1.075900786396
1.078166770022
1.080109641938
1.085713563942
1.087719558111
1.089787587725
1.092656809385
1.095389812263
1.128258846263
1.131770431102
1.135421340078
1.139080349791
1.142573702534
1.145974066953
1.149459007280
1.152957346906
1.156503250090
1.160138458797
1.163740083490
1.167330650402
1.170879474019
1.174429279823
1.177947970102
1.181411847672
1.184874329673
1.188309221234
1.191723971766
1.195122800059
1.198529490188
1.201941509563
1.205335401638
1.208740504885
1.212148176693
1.215536326796
1.218963657958
1.222379084811
1.225818904643
1.229166778687
1.232553122028
1.236019200986
1.239416107899
1.242769234300
1.246163403120
1.249470232802
1.252846985573
1.256143745164
1.259509856725
1.262882726752
1.266203734477
1.269593166052
1.276111506865
1.279357258007
1.282559362183
1.288706892012
1.291980167038
1.295242175011
1.298563428361
1.302112202421
1.305433020517
1.308362287261
1.311052857276
1.314670315240
1.317409026250
1.505644116025
1.510400193360
1.514882456546
1.519192985761
1.522993554373
1.527483862089
1.531148912322
1.535673025343
1.539882256573
1.544209593046
1.548570231290
1.552935842064
1.557255678953
1.561638740937
1.566016361404
1.570419625163
1.574829367325
1.579298283916
1.583789845962
1.588255847121
1.592802929934
1.597324178011
1.601810760088
1.606381606449
1.610879094097
1.615412930984
1.619989157560
1.624631135148
1.629275198951
1.633930229443
1.638679400253
1.643397844505
1.648157988303
1.652933113435
1.657868848291
1.662789158538
1.667696043145
1.672741272088
1.677906369717
1.682977795345
1.688062245574
1.693070636734
1.698174506148
1.703301376077
1.708528047602
1.713705959948
1.718952006995
1.724254508526
1.764445795858
1.804717217207
1.808559704250
1.812414410385
1.816540589619
1.820875611255
1.824204877386
1.852458925814
1.857095867240
1.861516546368
1.865883858872
1.870303214363
1.874809380361
1.879494161514
1.884062355828
2.386124991437
2.390635480367
2.394572877528
2.398610210552
2.402946086301
2.406567339506
2.410937216295
2.415188231765
2.419643685030
2.423953965055
2.428291672744
2.432561433627
2.436723959655
2.440864319076
2.444905632179
2.448902805019
2.452846965065
2.456712873368
2.460500039965
2.464254527069
2.467858594358
2.471379367249
2.474649617921
2.477939960812
2.481057789266
2.484059075574
2.487004580788
2.489927878678
2.492812378036
2.495720002425
2.498554688681
2.501386797264
2.504223037054
2.507139694657
2.851700729398
2.856610070900
2.860981512134
2.864500896144
2.868401120061
2.872389503805
2.876661014235
2.881035060421
2.885414066700
2.889717190754
2.894062146219
2.898387544311
2.902723662843
2.907084879152
2.911446978659
2.915820684789
2.920215842049
2.924610906324
2.928960144098
2.933455388166
2.937768437722
2.942276340638
2.946689525025
2.951182138284
2.955677533786
2.960174660104
2.964746618414
2.969320191015
2.973830216506
2.978353189197
2.982951085258
2.987571308169
2.992113633753
2.996596375061
3.001074590707
3.005566955723
3.010076450493
3.014307008861
3.019038707675
3.023321699100
3.028196022052
3.146830324607
3.150732341941
3.154738794753
3.159265821514
3.163844085806
3.168369010309
3.174088026407
3.179170421373
3.183588399048
3.188231092403
3.192946213001
3.197792208760
3.203047485610
3.208239039578
3.313023318652
3.321393293971
3.325452306192
3.329690611891
3.333991444144
3.338370491383
3.342815565306
3.347238337017
3.351638152501
3.356021831921
3.360382059379
3.364705551291
3.369001037495
3.373222931600
3.377396283075
3.381537059082
3.385663705495
3.389746983313
3.393771500130
3.397777738151
3.401779353634
3.405749336494
3.409699169237
3.413645050753
3.417549058279
3.421415036630
3.425266296442
3.429120810737
3.432947511905
3.436749926497
3.440509768516
3.444158300571
3.447814042416
3.451429438845
3.454945813586
3.458317324231
3.461616140645
3.464907586599
3.467993309096
3.471090249023
3.474138745845
3.477225865503
3.480215131045
3.483274993177
3.486426133033
3.489552460912
3.492593381241
3.495569649338
3.498497120220
3.501481790725
3.504487630720
3.507508535353
3.510518039283
3.513521915068
3.516530372961
3.519578185690
3.522628024200
3.525642656213
3.528646576124
3.531685501789
3.534734419147
3.537763446000
3.540764480172
3.543768499305
3.546783244725
3.549791049633
3.552792327469
3.555788358288
3.558764057222
3.561719223952
3.564732897299
3.567738737547
3.570736771292
3.573763872630
3.576779954730
3.579782539723
3.582828931573
3.585900911149
3.588977327642
3.592054002072
3.595170034813
3.598293529771
3.601433779575
3.604593806446
3.607783652809
3.610976035975
3.614146300116
3.617323696592
3.818912574055
3.822525320449
3.826706193630
3.830216533318
3.834568567430
3.839408765322
3.844082114806
3.848893895104
3.853697197601
3.858550849365
3.863384163678
3.868191726889
3.872998995657
3.877821481170
3.882609493142
3.887393253152
3.892127387210
3.896824353606
3.901448263292
3.906024852264
3.910567356025
3.915064286737
3.919518032562
3.923918411282
3.928308065558
3.932611051775
3.936909904079
3.941156998757
3.945402420278
3.949610911911
3.953797248315
3.957975149210
3.962119511939
3.966277643337
3.970427861684
3.974585036315
3.978734053333
3.982887444934
3.987086333618
3.991210178814
3.995379112961
3.999216378909
4.003160185962
4.267959680286
4.271955102988
4.275602312932
4.279948732906
4.284639353875
4.289406219614
4.294271840702
4.299117621182
4.303956541415
4.308779984808
4.313587676157
4.318379156342
4.323165695494
4.327936388615
4.332727377411
4.337526592082
4.342299738906
4.347082709067
4.351965231139
4.356891493716
4.361728860502
4.366495788957
4.371255858659
4.376162054050
4.381020652893
4.385858531800
4.390657474947
4.395492566772
4.400351282421
4.405236214010
4.409918099121
4.414675214465
4.419388996733
4.424109553185
4.428833650669
4.433525582605
4.438150170325
4.442769180703
4.447400902447
4.452032586923
4.456684885493
4.461326167427
4.465969452084
4.470624834989
4.475328086623
4.479965494430
4.484654208120
4.489347483423
4.494102703733
4.498832160975
4.503443731759
4.508071384859
4.512497292372
4.517042317328
4.521342996710
4.586999847206
4.590169271588
4.593735224326
4.597291840554
4.600083125755
4.605586952074
4.608508349022
4.611382894285
4.614929231256
4.618493330339
4.758916477820
4.764002126520
4.768973152190
4.773907956498
4.778898175504
4.783785359431
4.788690903473
4.793635784514
4.798556216476
4.803462962421
4.808440384678
4.818472431997
5.090430096279
5.095339715315
5.099097575595
5.102983370427
5.107019805255
5.111169953603
5.115633778441
5.120128253463
5.124482399855
5.128981033878
5.133427553514
5.137991984954
5.142543322239
5.147190874023
5.151709824826
5.156007716413
5.160033664334
5.163934833664
5.634086169492
5.638142698481
5.641943745356
5.645703436210
5.649417966645
5.653707391138
5.658094626179
5.662531153270
5.667012600571
5.671498279032
5.676109467449
5.680654822127
5.685292380871
5.690001155392
5.694677880924
5.699776100868
5.704347836122
5.709010978051
5.713640989012
5.718326123088
5.722996149427
5.727693722077
5.732373967136
5.737037829683
5.741694207945
5.746375939041
5.751125431009
5.755803889199
5.760450747938
5.765193839385
5.769885146170
5.774612969188
5.779269284827
5.784004454704
5.788624513875
5.793362602572
5.797932713633
5.802621694350
5.807345375890
5.812077531123
5.816778881243
5.821547822513
5.826306612668
5.831102389925
5.835853584411
5.840699253502
5.845464937766
5.850334591477
5.855073657598
5.860062606948
5.865037944287
5.870109872567
5.875023376074
5.880167922920
5.885218322466
5.889782615964
5.894327205988
5.898650114079
5.902628415105
5.906575221209
5.910898024001
5.915345449811
5.920007725901
5.924768890578
5.929637130396
5.934452168029
5.939320870447
5.944107884308
5.948832485833
5.953645076202
5.958356309706
5.963125347451
5.967866915096
5.972589529028
5.977310240781
5.982097299705
5.986840889338
5.991547417091
5.996443064640
6.001232142884
6.202408741136
6.206350490823
6.211089872454
6.216036912322
6.220915511431
6.225869468541
6.231098394947
6.235950890052
6.241179211378
6.246341037748
6.251605062832
6.256950439351
6.458467210500
6.462700819304
6.467474907514
6.472557511000
7.180024548664
7.190943319707
7.201433699264
7.208683742966
7.215933389741
7.667626453376
7.675829038387
7.683982744372
7.692154515648
7.700307977503
7.708489981300
7.716731263810
7.725150159389
7.733339819056
7.741664115737
7.750145448372
7.758481674741
7.767039412996
7.775512789287
7.783789605563
7.792046979272
7.796169785603
7.800320698530
7.804436108597
7.808545076468
7.812642049596
7.816898512858
7.821131173894
7.825294791330
7.829439386506
7.833600522871
7.837775099206
7.841935432714
7.846105258195
7.850266254295
7.854415458979
7.858567203225
7.862719698241
7.866859109234
7.871041711494
7.875183436894
7.879327022719
7.883448449763
7.887581142871
7.891682723416
7.895794419971
7.899848904881
7.903886383349
7.907928430613
7.911963857639
7.916018960736
7.920100862697
7.924132203648
7.928091815891
7.932013373897
7.935942509772
7.939855935742
7.943781002866
7.947931065476
8.133985994759
8.145390187023
8.155482325160
8.165954765966
8.176251528456
8.186685883401
8.196722076394
8.697774244365
8.701844425084
8.706392945581
8.710954586658
8.715497241607
8.720070593745
8.724615902219
8.729194322289
8.733784564124
8.738289031928
8.742791035084
8.747255716196
8.751693692928
8.756085269627
8.760524689645
8.764917643089
8.769342270210
8.773666908510
8.778019220355
8.782320408292
8.786609646388
8.790898163831
8.795140766574
8.799359551057
8.803523492052
8.807591067113
8.811661563562
8.815700450052
8.819641721019
8.823581325663
8.827452778132
8.831304033343
8.835102994546
8.838844712978
8.842569692468
9.223454133590
9.227293846718
9.231138174700
9.235353167930
9.239813826177
9.244384051867
9.249005979149
9.253690498706
9.258389724706
9.263113079239
9.267825911535
9.272547962441
9.277293130431
9.282041222933
9.286714853780
9.291455930018
9.296202149769
9.300914740477
9.305619620584
9.310295395322
9.314816367933
9.319318216515
9.323953388740
9.328606933577
9.333219159020
9.337860225082
9.342545794506
9.347230167340
9.351886050149
9.356582073582
9.361243436733
9.365918301863
9.370592976716
9.375242747656
9.379906417284
9.384580988295
9.389212707077
9.393863031174
9.398493324972
9.403135527536
9.407783139707
9.412409169016
9.417036509390
9.421673244937
9.426283150642
9.430932694438
9.435546425563
9.440189459449
9.444809526668
9.449503213136
9.454112619765
9.458759798239
9.463496393225
9.468034255685
9.472833535070
9.477471333227
9.482275421981
9.684721175692
9.688192204996
9.691523076588
9.694947877624
9.699255794620
9.703536657920
9.708524589862
9.714088853913
9.717818989606
9.722866478929
9.727244053206
9.731839836905
9.736151602391
9.754154777657
9.815811971121
9.819338954132
9.823207580657
9.827234293658
9.831156124612
9.835178092511
9.839404212790
9.843446970718
9.847451363882
9.851367653558
9.855443281522
10.676973957516
10.681629544059
10.686004777989
10.690559334824
10.694952587468
10.699573851522
10.704150838683
10.708633119461
10.713310981516
10.717823041207
10.722453661285
10.727042896668
10.731688577452
10.736297845082
10.740705984424
10.745245320811
10.749832686028
10.754332838375
10.758713521359
10.763363637113
10.767726868300
10.772165247999
10.776544871316
10.780974691915
10.785306590092
10.789677068419
10.793942045140
10.798197174298
10.802416646573
10.806554972378
10.810680045114
10.814754931281
10.818799388941
10.822764898507
10.826715622620
10.830641440654
10.834569546734
10.838449961021
10.842241817440
10.845986394216
10.849763083405
10.853488537673
10.857052642812
10.860588189879
10.863819416550
11.038919962649
11.042733082468
11.046873375452
11.051012151553
11.055471061697
11.059988631328
11.064668061064
11.069436613662
11.227616554358
11.231551420480
11.235199332425
11.239302231394
11.243971788963
11.248526758075
11.253098727132
11.257645910492
11.262203584703
11.266751782137
11.271298712411
11.275835243532
11.280355125697
11.284917640712
11.289441533884
11.293968028208
11.298537166663
11.303015256285
11.307438560567
11.312169767448
11.316713397066
11.322045694349
11.667027943004
11.670840887576
11.674522720006
11.678198732066
11.682383373728
11.686809796547
11.691351158539
11.696394818771
11.701176100112
11.706034895236
11.710865423477
11.715663382530
11.720517370015
11.725365436459
11.730220746766
11.735132228534
11.740009194513
11.744802660113
11.749476393743
11.754055276306
11.758605309991
11.763199632033
11.767849030108
11.772574945487
11.777338283668
11.782127077799
11.786995483301
11.791851208063
11.796812209559
11.801747802549
11.806707321839
11.811600447504
11.816461303317
11.821328307382
11.826243029148
11.831088678421
11.835818213645
11.840507756969
11.845456348621
11.850215799364
11.855102019678
11.859934190832
11.864825109794
11.869540157838
11.874385062619
11.879146413077
11.883943199290
11.888721070732
11.893472935466
11.898267681656
11.903140607051
11.908061832136
11.912603943369
11.917840372017
11.922402977088
12.121209309366
12.126160837560
12.130637569245
12.134278462046
12.138316116802
12.142428297547
12.146902388043
12.151810605179
12.156895437335
12.161974892517
12.167156726095
12.172480730734
12.177933834607
12.463893340927
12.467430891221
12.471362759692
12.475521406721
12.479978970576
12.484591202848
12.489233431223
12.493929055862
12.498690743064
12.503480329870
12.508236499918
12.512925789886
12.517658974549
12.522312812096
12.526986988258
12.531630036164
12.536257229529
12.540884028908
12.545457090563
12.550008333169
12.554518592997
12.558985554749
12.563425987160
12.567831692722
12.572203038045
12.576532823642
12.580815761758
12.585061013294
12.589287829291
12.593489090552
12.597670055808
12.601781645139
12.605890089138
12.609962424379
12.614021510402
12.618041812950
12.622031835985
12.626008787335
12.629979845146
12.633969022710
12.637897881056
12.641820521782
12.645736087009
12.649582208709
12.653429063274
12.657269104997
12.661072329598
12.664843312616
12.668575500825
12.672282558779
12.675978036575
12.679663620566
12.683328430174
12.686975575861
12.690570184345
12.694179227486
12.697843755252
12.701553123659
12.705037621123
12.709333937544
12.713713574528
12.991681641065
12.995908598979
12.999739098853
13.007535701784
13.011367759898
13.015311024675
13.018524948551
13.021929292067
13.025476395309
13.040378378374
13.053641383677
13.854754260247
13.859498525509
13.864400070037
13.869319011707
13.874239547387
13.879145626017
13.884071648469
13.888990815649
13.893891117064
13.898815240336
13.903754917788
13.908625167838
13.913489949355
13.918476010840
13.923603296445
13.928355097010
13.933174224024
13.937985367323
13.942861076428
13.947794634381
13.952652753476
13.957400212227
13.962096062202
13.966703457441
13.971058156741
13.975196730008
13.979337049958
13.983291932404
13.986951779904
13.990182909053
14.053108058263
14.057029403332
14.061342099574
14.066228539029
14.071041065292
14.075846264954
14.080733196025
14.085593925877
14.090467224547
14.095328848480
14.100212613704
14.105114872757
14.110030194703
14.115010764138
14.119988050596
14.124972723939
14.129942577966
14.134985617905
14.140010887497
14.145036633149
14.149706553526
14.154625628514
14.159576800009
14.164495804360
14.169371868130
14.174245665080
14.179096844306
14.183888547541
14.188739811600
14.193427287343
14.198150845862
14.202834444289
14.207415085531
14.211997882242
14.216517314358
14.220956631770
14.225395987756
14.229751305829
14.234056095392
14.238377037974
14.242643166726
14.246872112752
14.251080724734
14.255262168127
14.259386420214
14.263500479976
14.267606473736
14.271722584466
14.275811072728
14.279807774321
14.283883827709
14.287832838510
14.291822791608
14.295788733943
14.299760688714
14.303719715406
14.307675780639
14.311695047749
14.315674245819
14.319428983507
14.323088329845
14.326697396704
14.330222983376
14.333658448914
14.337053629712
14.340479162464
14.343824744794
14.347088715241
14.350264735626
14.353458530442
14.356706239484
14.359887562968
14.363082860314
14.366342660264
14.369739562599
14.373261012384
14.376748322060
14.380210661403
14.383741884910
14.387275280264
14.390849408237
14.394484588319
14.398098508943
14.401747970259
14.405422844942
14.409098194814
14.412831185976
14.416577738083
14.420286277019
14.424037276530
14.427638282505
14.431416706352
14.434807645718
14.438521212712
14.441744712043
14.444637539392
14.448684376043
14.596312197410
14.601386221876
14.606405051090
14.611616431927
14.616766150113
14.622018272758
14.627294254093
14.632552158880
14.637787714014
14.643046380496
14.648348601657
14.653603315843
14.658810483401
14.664063003284
14.669304542218
14.674567971322
14.679967611932
14.885550769898
14.889745659124
14.893904237663
14.898110369976
14.902467968689
14.907081182704
14.911859810045
14.916781471048
14.921786079283
14.926695624689
14.931643928908
14.936629850546
14.941655054222
14.946671455846
14.951645249985
14.956597263054
14.961628798899
14.966667083523
14.971688498041
14.976624367059
14.981516176575
14.986535340738
14.991556915838
14.996435840340
15.001553433130
15.006602501983
15.011657814671
15.016708164272
15.021744448136
15.026774635867
15.031849193418
15.036900402449
15.041870104150
15.046956487955
15.051895889173
15.056840923337
15.061874277229
15.066790453631
15.071731304198
15.076575269454
15.081347707041
15.086239012844
15.091001931809
15.095691869742
15.100407928921
15.105002303923
15.109564939792
15.114076491475
15.118613638832
15.122899436221
15.127417483423
15.131698877285
15.136099770233
15.140498781941
15.144828447711
15.149262490077
15.153469868516
15.372423319853
15.375513845820
15.378583728477
15.382370356290
15.386344456861
15.390441158922
15.394134844332
15.397847141594
15.402100190964
15.406730929328
15.411583443340
15.416616468609
15.421680850411
15.426793295895
15.431858798089
15.436955217118
15.441998453340
15.447082369261
15.452106966531
15.457164794167
15.462191127973
15.467209114139
15.472196068070
15.477163866270
15.482074584509
15.487012521446
15.491971494405
15.496922191493
15.501729754840
15.506249750118
15.511146764512
15.516023581923
15.520252388718
15.525132425322
15.530769814948
15.535567910842
15.550256260902
15.556927769160
15.564113756757
15.570806624927
15.615595193174
15.620059310755
15.624400611618
15.629006017418
15.633578086517
15.638474485651
15.643288250151
15.648213801424
15.653093698739
15.658039449774
15.663080163372
15.668098533105
15.673089048346
15.678253622459
15.683305234041
15.688457855861
15.693656472151
15.698945261889
15.704184411834
15.709436248137
15.714772791805
15.719997063833
15.725381981144
15.730743617433
15.736058613990
15.741510145062
15.746929860746
15.752426084366
15.758012070869
15.763614527383
15.769064144649
15.901343288814
15.905998245204
15.911130072711
15.916684768586
15.922085514107
15.927417206228
15.932771341397
15.937988918316
15.943279044079
15.948545079108
15.953812934226
15.964139833301
15.974178574311
15.983842796920
15.993475538216
16.003168985260
16.013073237753
16.022608799368
16.027401121585
16.032161651084
16.036873638904
16.041411092065
16.045858471441
16.050100832703
16.054274168546
16.058485975767
16.062614039733
16.066884138038
16.071223918777
16.075585866789
16.079967798586
16.084425037786
16.088937763054
16.093461549021
16.097990463629
16.102470029433
16.106778103817
16.110695890046
16.114590134589
16.118424464740
16.122356383209
16.126480970880
16.130675265099
16.134886210654
16.139008964365
16.143138121171
16.147253562765
16.151312585727
16.155416218378
16.159533431558
16.163692361008
16.167798195335
16.172030716577
16.176144276739
16.180465888956
16.184753048753
16.189083676508
16.193569604612
16.198377166027
16.202861391420
16.207303207977
16.211930796019
16.216753845870
16.355771055797
16.359686303513
16.363439051966
16.367359142675
16.371291978392
16.375420707302
16.379389935252
16.383438919408
16.387425267984
16.391380694340
16.395363429976
16.399336734279
16.403330935430
16.407284406881
16.411221791406
16.415177231258
16.419142013944
16.423082847001
16.427025443989
16.430969415300
16.434900138452
16.438827193054
16.442735412901
16.446643405971
16.450505064717
16.454399261222
16.458277467133
16.462150013649
16.465981755153
16.469824181091
16.473703348764
16.477575731080
16.481462395826
16.485317463995
16.489210685842
16.493104094081
16.497010322366
16.500916512047
16.504813383494
16.508688820616
16.512509914834
16.516343573580
16.520085828031
16.523885628578
16.527452886444
16.535039974453
17.476176304255
17.480889715615
17.485186290288
17.489415203103
17.494208335423
17.498253262723
17.502711690776
17.507409792739
17.512074018639
17.516693849468
17.521339273168
17.525991512702
17.530673801608
17.535339434617
17.539975389869
17.544629566411
17.549332273336
17.553902509199
17.558442563312
17.562761027779
17.678600330521
17.686640193364
17.694877353448
17.702940704577
17.707411500778
17.711527397616
17.715620690892
17.719656146540
17.723668973407
17.727593276777
17.731485078278
17.735274296398
17.738991424010
17.742649005608
17.746279664274
17.749753733272
17.753229444386
17.756622403899
17.759932774012
17.763057108654
17.765988872591
17.768869884375
17.771717155975
17.774562517171
17.777324598585
17.780097615796
17.782783635622
17.785517073880
17.788186009570
17.790871986721
17.793547855389
17.796127368049
17.798829363391
17.801475928373
17.804092343221
17.806715248349
17.809127270740
17.811863093500
17.814453635062
17.816866946389
17.819402818484
17.821989768908
17.824297471866
18.113840210895
18.118786290666
18.129017308264
18.133075341926
18.137427860647
18.142492705405
18.148120530654
18.153306687143
18.158878987559
18.164290849690
18.169809285055
18.175207377499
18.180635650436
18.186044051482
18.191529186762
18.196971377559
18.202411151314
18.207848838606
18.213268207543
18.218687532001
18.224077142581
18.229475866066
18.234749813974
18.240160867848
18.245423057639
18.250781635106
18.256024370244
18.261332264563
18.266641289891
18.271889473890
18.277127922473
18.282403534938
18.287660405987
18.292873759584
18.298137606051
18.303349224123
18.308581489617
18.313825314284
18.319062746301
18.324247930403
18.329493722738
18.334723113788
18.339953747522
18.344995755227
18.350201764721
18.355545601929
18.360714676178
18.365864224365
18.371192614963
18.376354140064
18.381535917628
18.386733204393
18.392012101646
18.397200380273
18.402579451870
18.407786276205
18.413176838911
18.418392468239
18.423796255775
18.429223159913
18.434420620134
18.439649193707
18.444814472856
18.630883728836
18.636678170618
18.641956131923
18.647201998829
18.652380175305
18.657598338395
18.662842025444
18.668087994338
18.673395792415
18.678800855865
18.684198600191
18.689621858451
18.694983918816
18.700502622391
18.877502121322
18.881084554384
18.885272058312
18.889853973481
18.894652136578
18.899692285375
18.904711755844
18.909853245199
18.914964669957
18.920090646290
18.925232427737
18.930387793725
18.935559869792
18.940698111568
18.945807260662
18.950905118006
18.956018223617
18.961093175354
18.966107770777
18.971117959252
18.976026511550
18.980838433778
18.985823787809
18.990381365075
18.995191784764
18.999774331163
19.004348468205
19.008836684807
19.013287631084
19.017672059314
19.021947792151
19.026120932214
19.030237408501
19.034321062733
19.038317368279
19.042272055208
19.046199293180
19.050032813595
19.053805239833
19.057494929591
19.061037530453
19.064463128990
19.067712145569
19.070865473285
19.074042326334
19.077192562639
19.080322847042
19.083206345482
19.114068396666
19.116732807569
19.118694591268
19.121359024753
19.123992312352
19.126035079100
19.128029095677
19.129977805197
19.132171937761
19.167338326177
19.170777483071
19.174673112011
19.178364921318
19.182096125059
19.185898129070
19.189607381712
19.193142005661
19.196938840807
19.200741538604
19.204522970105
19.208204408737
19.212037717646
19.215882471342
19.219859132232
19.223798270218
19.227811133455
19.231853837175
19.235968304708
19.240133631912
19.244247422133
19.248342605066
19.252409140611
19.256512241794
19.260559037492
19.264757030026
19.268960581926
19.273206116780
19.277582157654
19.282073966886
19.286599868952
19.291264931155
19.295942964950
19.300626999118
19.305296981920
19.310000327964
19.314729953113
19.319441937592
19.324074666527
19.328753093526
19.333403651570
19.338025406940
19.342656059348
19.347237194406
19.351916932500
19.356483342629
19.361026739847
19.365568437631
19.370091748576
19.374510726022
19.378943151079
19.383373236089
19.387752679914
19.392156717467
19.396607059827
19.400996481145
19.405438583620
19.409842864277
19.414145511078
19.425900405559
19.428033594049
19.429777432358
19.431700986415
19.433631037831
19.435397415401
19.437979774335
19.440545761590
19.442630733296
19.445150244156
19.447671436854
19.450211960095
19.451932896995
19.454430343641
19.456168752883
19.458530576884
19.461045550910
19.463552708929
19.465436125088
19.467958566031
19.470431910744
19.472114821649
19.474001995212
19.866824772130
19.870822765024
19.875229559908
19.879853875758
19.884474482589
19.889141525193
19.893867775466
19.898596664925
19.903290548303
19.907950961077
19.912648691942
19.917327110105
19.922001829869
19.926671559475
19.931328253544
19.935938346229
19.940553803089
19.945183847688
19.949825459506
19.954412511638
19.958889545448
19.963320417841
19.968010197984
19.972763691544
19.977533709712
19.982345958081
19.987272131727
19.992181580846
19.997246153005

