Time_s
0.641858182781
0.645110169469
0.648423763651
0.651759418838
0.655142010897
0.658541277562
0.661970197177
0.665418036987
0.668877615775
0.672334687617
0.675775957935
0.679173937781
0.682522736690
0.685789883008
0.689002719669
0.692220862916
0.695406488186
0.698581274119
0.701699321893
0.704832743916
0.707922793258
0.710964473321
0.714006827844
0.717033482391
0.720038154059
0.723060673159
0.726125715247
0.729260604815
0.732512062813
0.735710461165
0.738766128203
0.741980540762
0.745165671408
0.748231582674
0.750712164460
0.753017474931
0.755674753512
0.821108301999
0.823576711206
0.826114540688
0.828679670861
0.831278919939
0.833492733022
0.836275537916
0.886442818327
0.889234919702
0.892425087870
0.895442111249
0.898683584254
0.901847618043
0.905037623419
0.908271101576
0.911603722379
0.915027795372
0.918522002715
0.922067364569
0.925665755329
0.929298653036
0.932953612783
0.936642103285
0.940350179076
0.944086857597
0.947844533277
0.951610466248
0.955402291658
0.959203113087
0.963016810980
0.966843259187
0.970673993220
0.974517506501
0.978345122226
0.982169953318
0.985967770143
0.989727491530
0.993490450357
0.997265166949
1.001020765512
1.004755942580
1.008412379639
1.011974398891
1.015539908758
1.019045172888
1.022617866930
1.208735018727
1.212969132083
1.217214857266
1.221469736294
1.225706789287
1.229983596240
1.234373145373
1.238788707055
1.243212606474
1.247614831637
1.252042233168
1.256488907448
1.260971147605
1.265473773630
1.269992130183
1.274470686035
1.278946904124
1.283404967850
1.287863739359
1.292326764579
1.296782201993
1.301220820064
1.305676964342
1.310154933200
1.314662703898
1.319165199593
1.323678111186
1.328209789824
1.332742675331
1.337281399821
1.341795506339
1.346350585873
1.350931821433
1.355531885684
1.360191117837
1.364887013960
1.369655924616
1.374442576073
1.379181723091
1.384007773730
1.388987970286
1.393958152920
1.398956709283
1.404038434167
1.409170502687
1.414370779720
1.419669008214
1.425001401095
1.430392943832
1.435882236154
1.441476880027
1.447192121156
1.452990202105
1.458534183768
1.463532614348
1.468432339598
1.473341985329
1.478239257023
1.482897825057
1.487590345625
1.491970486409
1.496728708059
1.722306027079
1.725802827185
1.729303071212
1.732743573130
1.736095869009
1.739347663772
1.742618220922
1.745830942594
1.748984552146
1.752111897876
1.755196024713
1.758293409688
1.761399882726
1.764513025631
1.768167183206
1.842390758795
1.845327620775
1.848254732355
1.851165048437
1.854162508957
1.857205182215
1.860284771843
1.863412698413
1.866559654556
1.869747075251
1.872984404586
1.876252207583
1.879593313983
1.883159482263
1.886727076902
1.922317369292
1.926043387733
1.929766891140
1.933479205847
1.937220083528
1.940829192028
1.944396219534
1.947957292688
1.951603360408
1.955365983497
2.054875682592
2.059074362594
2.063274806442
2.067402554696
2.071408851221
2.075347915293
2.079248032304
2.083227925488
2.087194862369
2.091137862579
2.095141054691
2.099178044404
2.103203416357
2.107218081706
2.111245835239
2.115290979833
2.119325958342
2.123365622625
2.127414232085
2.131459759855
2.135509792270
2.139521120883
2.143553131861
2.147583750670
2.151631981380
2.155677430774
2.159700240360
2.163711101748
2.167722434643
2.171715605469
2.175683805719
2.179638034709
2.183608040975
2.187570338462
2.191517284678
2.195458385453
2.199377071655
2.203280417853
2.207180874776
2.211073423451
2.214956761783
2.218838401503
2.222736583612
2.226633242547
2.230504082523
2.234390075856
2.238268511127
2.242167644624
2.246063382653
2.249930087274
2.253773249243
2.257620638259
2.261459928303
2.265336698086
2.269229003014
2.273183746016
2.306442840340
2.310534457562
2.314471960394
2.318357943922
2.322202389254
2.325990567254
2.329781699752
2.333587679697
2.337399194059
2.341217391338
2.345038813326
2.348869295646
2.352704635353
2.356530924214
2.360356634415
2.364181849266
2.367995361757
2.371797612246
2.375598309229
2.379394315818
2.383177483972
2.386972747013
2.390702942969
2.394362345257
2.397952407780
2.401524352590
2.405099383716
2.408769836409
2.412459633665
2.416125697205
2.419584876075
2.423300534664
2.427505331674
2.586175045941
2.590911262519
2.594824707538
2.598774015583
2.602758337965
2.606749147850
2.610767296133
2.614819225030
2.618892964923
2.622984020018
2.627097418047
2.631227350633
2.635365197952
2.639503309915
2.643662681110
2.647807182267
2.651890027934
2.656005318109
2.660130629228
2.664250068555
2.668366532288
2.672479197805
2.676608044320
2.680716790988
2.684838707647
2.688950899286
2.693054217058
2.697127835369
2.701211166656
2.705295692561
2.709373615879
2.713424514719
2.717429357785
2.721492970841
2.725482707878
2.729525224280
2.733637901226
2.843026900346
2.847516979023
2.851737314595
2.856167963516
2.860449586662
2.864709669332
2.868919178221
2.873090148050
2.877298372093
2.881548977034
2.885809115129
2.890062015237
2.894300014321
2.898523722097
2.902753014330
2.906940953929
2.911112445642
2.915235792653
2.919351494316
2.923447516463
2.927489539797
2.931582657419
2.935671613092
2.939586394159
2.943392815098
2.947362533175
3.124717975288
3.128338652134
3.132100524850
3.136059546340
3.140075101950
3.144207067708
3.148430385708
3.152685242544
3.156998378046
3.161335531117
3.165668359275
3.169990747376
3.174320969746
3.178663410388
3.182997271935
3.187317560891
3.191632657670
3.195937050287
3.200233878347
3.204511242504
3.208737532431
3.212935825472
3.217164334026
3.221482073374
3.225838523665
3.315948458011
3.319142008854
3.323072642265
3.327039185539
3.331054609833
3.335132310610
3.339268144743
3.343469236911
3.347695158002
3.351968155524
3.356291577935
3.360678004909
3.365173196052
3.369626793704
3.374135760664
3.382652380845
3.387064395605
3.391462494511
3.395915360479
3.400370330228
3.404826986595
3.409306000587
3.413783178099
3.418280991481
3.422742681105
3.427215520810
3.431696471492
3.436176986775
3.440715922865
3.445294238335
3.449894071764
3.454514261737
3.459135871070
3.463677990962
3.468235131252
3.472701972066
3.477150276971
3.481562999136
3.486065950906
3.635410139840
3.639231293687
3.643739020331
3.648433095359
3.653167541856
3.657923184571
3.662742730206
3.667730088265
3.672749891882
3.677754869912
3.682797482751
3.687873152116
3.692936615201
3.698039309027
3.703104752156
3.708177092020
3.713293062978
3.718383842196
3.723497785729
3.728622008737
3.733760541998
3.738857630886
3.744055144418
3.749250995640
3.754525970643
3.759795228003
3.765125941425
3.770423615853
3.775784264286
3.781173983901
3.786610585727
3.792061617247
3.797542508134
3.803087495109
3.808581933983
3.814041207130
3.819431289395
3.824791079644
3.829850134237
3.834974065784
3.840000744426
3.845165444404
4.374998008836
4.378696354340
4.382171135522
4.385696288685
4.389242329834
4.392822640255
4.396410829774
4.399999977771
4.403582945418
4.407111587847
4.410537895401
4.413912938675
4.417347395869
4.420766264028
4.424188701973
4.427660275867
4.431159082445
4.434729597980
4.438390582425
4.442139040126
4.445636538886
4.629000892269
4.632894639839
4.636728272283
4.640570427003
4.644400427896
4.648253212306
4.652171348340
4.656096337095
4.660002511058
4.663913699623
4.667818993805
4.671729344292
4.675642523783
4.679547976058
4.683445814779
4.687358053021
4.691253284215
4.695144905108
4.699041193568
4.702930159579
4.706809968090
4.710672076061
4.714549110723
4.718419745865
4.722298609306
4.726181960972
4.730052195336
4.733916940725
4.737775967144
4.741628425972
4.745474556677
4.749311537897
4.753136814403
4.756983814791
4.760821525116
4.764649299352
4.768467857258
4.772277998428
4.776098514913
4.779908761474
4.783688131845
4.787410307579
4.791039489865
4.794730660951
4.798495123502
4.802389851600
4.806273788676
4.954355652984
4.958715629991
4.962809644963
4.966988988692
4.971176447171
4.975381540189
4.979599326090
4.983829865646
4.988082231891
4.992337633286
4.996629455824
5.000949393849
5.005279079038
5.009631147380
5.013963112484
5.018304816176
5.022610425168
5.026911392402
5.031197026131
5.035440789382
5.039752998579
5.044090148204
5.204071896468
5.207497734574
5.211279534284
5.215560901948
5.219711601655
5.223873314299
5.228075453113
5.232305054661
5.236598840270
5.240923431527
5.245284372606
5.249685264465
5.254154507351
5.258657817955
5.263215681556
5.267780068617
5.272366108831
5.276979897520
5.281583875457
5.286186891131
5.290819806602
5.295417235274
5.300033569402
5.304640573795
5.309215344025
5.313789197262
5.318330683459
5.322828950786
5.327265004091
5.331702718799
5.336099812088
5.340414984658
5.344710989340
5.348996327562
5.353076171359
5.357290222677
5.361646541928
5.365674794175
5.445994514348
5.448610405517
5.450539489877
5.453132331062
5.455054274188
5.457593554790
5.460115798870
5.462282811923
5.464854363727
5.466633729416
5.469095482329
5.470874185902
5.474985769966
5.476903890045
5.479004802420
5.481379738580
5.484142356449
5.486927554392
5.488720481353
5.490531787704
5.493158580672
5.495765893776
5.556043230047
5.564464820432
5.568816782533
5.573141362624
5.577486860191
5.581845587065
5.586218423948
5.590591530908
5.594987147447
5.599382989518
5.603828107095
5.608274001877
5.612717017779
5.617197285110
5.621708574315
5.626172663948
5.630651407682
5.635163136085
5.639719621818
5.644236573573
5.648703104595
5.653182852921
5.657720007830
5.662318250923
5.666991674653
5.671627300377
5.676230800538
5.864926315376
5.868546440581
5.872272511824
5.876083194103
5.879934517448
5.883864830696
5.887839978743
5.891873049102
5.895929360740
5.900008118936
5.904127048731
5.908225640604
5.912361684810
5.916473192582
5.920608790614
5.924729071364
5.928860816622
5.932980099524
5.937083342734
5.941144165100
5.945193145792
5.949201582723
5.953202177477
5.957158498682
5.961074771896
5.964949762438
5.968790073085
5.972563728726
5.976313449677
5.980042669491
5.983767922096
6.432602552494
6.435737363662
6.439039529717
6.442433044376
6.445845610648
6.449315783756
6.452827669657
6.456369199829
6.459933365994
6.463518817674
6.467107899064
6.470703614952
6.474313533568
6.477910800321
6.481524627302
6.485124036831
6.488737383744
6.492331455768
6.495930644648
6.499519269486
6.503093393014
6.506670832150
6.510217818876
6.513747521152
6.517266372233
6.520742794057
6.524200281117
6.527609248803
6.530972367927
6.534369872457
6.537792170832
6.541267060016
6.544800908423
6.548395050057
6.687017043567
6.690275142665
6.694166598550
6.697960559015
6.701769441362
6.705603549502
6.709493893968
6.713399556969
6.717337316201
6.721283033865
6.725248684034
6.729248919979
6.733254062771
6.737275577169
6.741294919036
6.745274426290
6.749165542776
6.752918034863
6.756730884345
6.760569101370
6.764466396719
6.768267053996
6.772109123496
6.803400177868
6.805042969615
6.806704428214
6.808402517382
6.810474340963
6.812357337779
6.814038050063
6.815659244123
6.967329717504
6.971626850342
6.975911600648
6.980235204527
6.984577752470
6.988949294423
6.993361743469
6.997775468542
7.002170631828
7.006590333057
7.010942761740
7.015376095147
7.019851367582
7.024318812141
7.028780458264
7.033267811893
7.037743764172
7.042271737541
7.046783856140
7.051291921823
7.055775384232
7.060274733112
7.064747473179
7.069259188151
7.073695673517
7.078163270637
7.082550620496
7.086939618856
7.091335994131
7.095666601520
7.099964122136
7.104223137586
7.108444192518
7.112614990525
7.116755738586
7.302669539918
7.306990408564
7.311142431024
7.315287800983
7.319387116318
7.323473547800
7.327573337729
7.331671450254
7.335775801742
7.339897008095
7.344035197539
7.348194083359
7.352367482630
7.356540843048
7.360684271823
7.364821328619
7.368942356127
7.373090917280
7.377307944386
7.543153618855
7.547236623084
7.551306677335
7.555343799470
7.559371657507
7.563458147293
7.567555931537
7.571457783712
7.575499544271
7.579619413325
7.583709165701
7.587809706394
7.591935146690
7.596075349016
7.600222632040
7.604367112313
7.608495455053
7.612606934675
7.616667147567
7.620702071053
7.624557392924
7.628432223843
7.632332973642
7.636213925905
7.640081736445
7.643943704371
7.647782351531
7.651606534944
7.655418607628
7.659217813940
7.662995748465
7.666754938478
7.670515095867
7.674260462184
7.677999700935
7.681737824622
7.685525575651
7.833699183472
7.837129728232
7.840840010560
7.844598422560
7.848469721448
7.852482079573
7.856670074565
7.861002204269
7.865504541567
7.870247771692
7.875233487957
7.880417827020
7.885355390333
7.890876388405
7.896585764408
7.902375026482
7.907862538424
7.912605278937
7.917952931287
7.922783398693
7.927777526723
7.932703537673
7.937542292710
8.392986240258
8.396979391284
8.400937440595
8.404870537743
8.408781926849
8.412698915241
8.416591760050
8.420485031049
8.424359602174
8.428237026398
8.431915798877
8.435844587820
8.439694035796
8.443546405298
8.447425333806
8.451328707135
8.455267106575
8.459237001202
8.463249302500
8.467534628172
8.486802325866
8.490679405727
8.494680315014
8.498924099624
8.503218492604
8.556238891881
8.560354084899
8.564473118683
8.568609746977
8.572770981622
8.576932247200
8.581101776622
8.585278442570
8.589449152148
8.593487742709
8.597654215898
8.601819604298
8.606007429278
8.610201043305
8.614380493690
8.618512822471
8.622616334931
8.626661810887
8.630657009512
8.634622823103
8.638557284746
8.642435988051
8.646297591118
8.811137881269
8.815944149583
8.820580011274
8.825632658739
8.830813327725
8.836079340063
8.841386220186
8.846712344686
8.852074032695
8.857474275291
8.862824794321
8.868107862793
8.873308002340
8.878413124432
8.883445001644
8.888403018420
8.893252021558
8.898010671156
8.902646072871
8.907234558142
8.911740080442
8.916224394027
8.920600382568
8.924917661301
8.929246408828
8.933588764531
9.063891171380
9.068585771884
9.076469835117
9.080262045401
9.084199730286
9.088148567019
9.092104512622
9.096055755195
9.099984756136
9.103916985557
9.107841956239
9.111762200257
9.115669000533
9.119556536055
9.123421118511
9.127268641382
9.131082863095
9.134886502123
9.138645467166
9.142372032541
9.146086587962
9.149796332810
9.153491888765
9.157149993767
9.160816866173
9.164497166199
9.168137990394
9.171814013844
9.175491361229
9.179211468531
9.182963377160
9.186761188106
9.190620582227
9.194520878245
9.198459284435
9.202456856521
9.206507292146
9.210598974054
9.214745137518
9.218947498517
9.223167579706
9.227494539151
9.231895538891
9.341162773349
9.345338133361
9.350229249685
9.354730646195
9.359256235154
9.363774245389
9.368425772897
9.373059424934
9.377733425253
9.382453198225
9.387173548474
9.391890265364
9.396627959403
9.401347812608
9.406048548977
9.410766125969
9.415442563349
9.420085989709
9.424709335717
9.429329968928
9.433957491772
9.438583933224
9.443195117126
9.447815683788
9.452459997512
9.457100231014
9.461694176810
9.466282682029
9.507636699827
9.512111712543
9.516482543139
9.520725025805
9.524938795349
9.529170397236
9.533419333667
9.537705916012
9.542387169771
9.658684736952
9.663657918649
9.668589306464
9.673623764256
9.678790609900
9.683978832675
9.689208770294
9.694486045116
9.699849813713
9.705346346347
9.716381883856
9.718990522739
9.722289856507
9.724917244865
9.727563953865
9.729703622528
9.732349318167
9.734771473115
9.737409121562
9.740068771632
9.742644028008
9.745313392703
9.753867028410
9.756586418458
9.759376822320
9.762121694097
9.764979624832
9.768176403744
10.506210435685
10.509893772856
10.513476373975
10.517165498921
10.520857193486
10.524487876965
10.528097728418
10.531707795414
10.535288839908
10.538892980664
10.542542451322
10.546293724883
10.550147635740
10.554018430973
10.557898736912
10.561556847968
10.564814519843
10.569135077726
10.573551075013
10.576441526097
10.579144888156
10.581719799170
10.584410754463
10.587036937718
10.590049326880
10.592532831975
10.594978006829
10.597526143973
10.599987083928
10.602330382731
10.604637406906
10.606979452184
10.609396198297
10.611670261544
10.613912564015
10.616395746195
10.618622738322
10.620875814266
10.623149057388
10.625364878391
10.627574562422
10.629945088849
10.632045024874
10.636269068040
10.643473187370
10.647367490291
10.651267505067
10.655289365926
10.659121446283
10.662931983658
10.666690573764
10.670411112803
10.674099738881
10.677762086529
10.681374412431
10.684930251701
10.688425635537
10.691870908567
10.695270215501
10.698643681718
10.701974857764
10.705254233284
10.708510264463
10.711729827037
10.714891769742
10.718019754292
10.721024226975
10.724052297266
10.727038674449
10.730066261319
10.733189178854
10.813026495327
10.818923408096
10.822006796181
10.825136371327
10.828320360650
10.831512114186
10.834735793618
10.838000411545
10.841291468735
10.844589419973
10.847903561523
10.851237755843
10.854573892889
10.857912668758
10.861248161862
10.864580639062
10.867916737426
10.871226112503
10.874522056253
10.877810619276
10.881073845588
10.884313693354
10.887607181818
10.890900700612
10.894189353410
10.897501986650
10.901026966995
10.904323773294
10.907649848653
10.910973454688
10.914272491308
10.917585038603
10.920901175847
10.924224576182
10.927537074922
10.930857856373
10.934193803547
10.937538854918
10.940895999474
10.944272171253
10.947625948898
10.950823951790
10.954195619965
10.957545517140
10.960866280257
10.964196649242
10.967522507312
10.970852651600
10.974187548113
10.977517701608
10.980862090652
10.984199586789
10.987538663106
10.990872155051
10.994215712933
10.997561150191
11.000910579223
11.004271652893
11.007631164887
11.011007966323
11.014383009376
11.017770833340
11.021171158274
11.024610603685
11.028103040690
11.031729733524
11.035478313899
11.075273288949
11.078686020009
11.082080127062
11.085479403837
11.088902472209
11.092323257175
11.095742237991
11.099164941791
11.102585666611
11.105994076163
11.109396468899
11.112786371321
11.116165178086
11.119533942099
11.122869228196
11.126171856067
11.129410625826
11.132635232832
11.135899326856
11.280810759817
11.285170393168
11.289554874172
11.293923324345
11.298300983663
11.302661899893
11.307057061344
11.311440289477
11.315823661862
11.320218758000
11.324651546997
11.329035377206
11.333516363052
11.338116700610
11.342696746856
11.347323222279
11.351983783682
11.356677538133
11.361372074868
11.366079588975
11.370770313153
11.375429054072
11.380080739312
11.384722762474
11.389356947304
11.393974123440
11.398548179345
11.403078055739
11.407559839751
11.412038880183
11.416501861475
11.420953997855
11.425410937099
11.429838554856
11.434228294413
11.563070760052
11.567050895311
11.571148952266
11.575396226071
11.579702939718
11.584105056960
11.588541364763
11.593033734773
11.597529043374
11.602019083068
11.606501139204
11.610925750001
11.615307686971
11.619643905324
11.623895724328
11.628077519762
11.632224623529
11.636233226645
11.640166958881
11.644060771649
11.647922952784
11.651837687665
11.655916909382
11.662160810732
11.668920564213
11.671780873610
11.673696946546
11.675612992238
11.677614094893
11.679530158963
11.682302010507
11.684253778969
11.686827602637
11.688639652416
11.690334612982
11.695316288761
11.786855626053
11.790078420342
11.793953359093
11.797967937030
11.802033193140
11.806191384147
11.810417681789
11.814723204006
11.819072773939
11.823457779650
11.827847361302
11.832242492151
11.836672383406
11.841166737008
11.845793126441
11.850581308934
12.046724190053
12.050388208647
12.054443279994
12.058631584135
12.062877015313
12.067266957289
12.071758443999
12.076341718836
12.080965928600
12.085645742511
12.090395713433
12.095158468547
12.099965015013
12.104775148768
12.109572101371
12.114408899612
12.119266808351
12.124097262208
12.128933672650
12.133818998637
12.138691306631
12.143566331726
12.148451645573
12.153332470466
12.158164246235
12.162947213265
12.167701194595
12.172425599663
12.177079860749
12.181722380259
12.186307093115
12.190873612233
12.195412219417
12.199926196386
12.204377145936
12.208826894731
12.213237528629
12.217658982647
12.222043912377
12.226455270968
12.230863491654
12.235339938545
12.239857128956
12.244624349467
12.406386170870
12.419026155728
12.442778340004
12.447136068644
12.451365127689
12.455934093587
12.460315769142
12.464651361942
12.468972200930
12.473303996951
12.477622440595
12.481945334943
12.486267839203
12.490591305225
12.494919910450
12.499276256444
12.503679354170
12.508085621628
12.512449896328
12.516809008668
12.521175903924
12.525568948897
12.529969405873
12.534354873939
12.538771844175
12.543118428199
12.547464688082
12.551928068105
12.556410644900
12.560901601194
12.565423244211
12.569966104665
12.574536409850
12.579101210910
12.583650820145
12.588184465182
12.592705678137
12.597224778173
12.601724608340
12.606237545512
12.610724413207
12.615231179344
12.619756064377
12.624286555582
12.628846295588
12.633462623601
12.638216477607
12.647521168808
12.781412357090
12.785543121401
12.789914199196
12.794397366696
12.798787062411
12.803148587159
12.807512802028
12.811891948845
12.816280928850
12.820680551960
12.825079795917
12.829472994782
12.833849046037
12.838213351263
12.842576502033
12.846962112200
12.851319884972
12.855700008837
12.860075115220
12.864536027121
12.869144953822
12.874365571372
13.075300436493
13.078982561245
13.082665590927
13.086427441311
13.090351136236
13.094421749775
13.098581043742
13.102845072802
13.107198618084
13.111597950526
13.116032355505
13.120505309740
13.125022236327
13.129548620813
13.134064877537
13.138541316826
13.143044356186
13.147577328795
13.152134669113
13.156699122291
13.161261835026
13.165828895459
13.170367630982
13.174907377395
13.179425894597
13.183877052300
13.188283022960
13.192655713095
13.197039320798
13.201320534132
13.205562600066
13.209672221659
13.213733516910
13.217733196508
13.221528944181
13.225878248911
13.347788384289
13.351976475005
13.356174233081
13.360373807536
13.364590993710
13.368861617559
13.373169666348
13.377463635073
13.381793981470
13.386164120725
13.390571430226
13.395005135334
13.399418467268
13.403852160884
13.408257865290
13.412641954038
13.417019593465
13.421389821173
13.425757617372
13.430124236754
13.434498096536
13.438887956016
13.443385954503
13.447862963896
13.583857163797
13.588170955693
13.592523777262
13.596939258720
13.601341142966
13.605757509014
13.610171107045
13.614584018398
13.619001006746
13.623472354336
13.628656984649
13.633053358305
13.898263408179
13.901449089061
13.905359902011
13.909014878432
13.912901461071
13.916713584321
13.920600965210
13.924722575234
13.928974158482
13.933352335102
13.937896133858
13.942589903826
13.947404078968
13.952316413450
13.957472535491
13.962678065633
13.968234119622
13.981854520314
13.991913913126
14.001976237957
14.646197876521
14.648802618494
14.651063706946
14.653095646303
14.655069952236
14.657332317725
14.659177384995
14.661101846119
14.663636634345
14.755873526438
14.758776306343
14.761692407962
14.765017808139
14.768345201253
14.771709711120
14.775070812750
14.778450429768
14.781834258575
14.785228985004
14.788626360518
14.792034080534
14.795434920934
14.798826328117
14.802218477628
14.805601085602
14.809030462714
14.812609308671
14.886226840608
14.889906079883
14.892924328357
14.895633103986
14.898639254605
14.901677735796
14.904845133850
14.908084112520
14.911481134753
14.914959649037
14.918510715774
14.922123564266
14.925779568228
14.929459032587
14.933191931102
14.936940506556
14.940711564552
14.944515034113
14.948324898104
14.952153256045
14.956000654513
14.959851973858
14.963691666344
14.967537084018
14.971367871733
14.975191957623
14.979003943707
14.982842936782
14.986665068603
14.990475733664
14.994240694766
14.998003551201
15.001757534652
15.005506313535
15.009315438200
15.013239769782
15.148069944463
15.152065572895
15.155899212915
15.159685156227
15.163466909104
15.167256576792
15.171063769124
15.174888009673
15.178708376362
15.182501663115
15.186292568688
15.190077601168
15.193861101309
15.197636615407
15.201404127949
15.205156526627
15.208891050678
15.212608353812
15.216306150415
15.219997439005
15.223677331169
15.227349462388
15.231022868361
15.234693703762
15.238386841737
15.242107258200
15.245795539228
15.248761885523
15.253172550884
15.256149458250
15.262740396545
15.267164443884
15.365013579085
15.371968182664
15.375814498235
15.379660920221
15.383453869868
15.387222664236
15.391013613249
15.394823918147
15.398623857430
15.402416574910
15.406205833502
15.409987153352
15.413764686480
15.417532137364
15.421294518160
15.425049606941
15.428784504906
15.432504302915
15.436205618054
15.439896416399
15.443565143160
15.447208907935
15.450842735094
15.454467416439
15.458092505393
15.461649087477
15.465157657746
15.468610887403
15.472034695375
15.475466947683
15.479029554514
15.482667246103
15.485962201816
15.489271324072
15.493043512020
15.663425149082
15.667717394279
15.671810578185
15.676008060998
15.680142160303
15.684290799388
15.688417079745
15.692551673050
15.696698404744
15.700841309537
15.704994525198
15.709135849302
15.713283087603
15.717437672371
15.721566971357
15.725711619085
15.729843689462
15.733951129795
15.738044314269
15.742127499675
15.746200122971
15.750257126675
15.754317781329
15.758366115814
15.762407983028
15.766442757782
15.770478559129
15.774508529868
15.778528451818
15.782536841717
15.786524795845
15.790491256121
15.794428683232
15.798313028358
15.802137635286
15.805947525337
15.809741188659
15.813519580862
15.817287330218
15.821068929600
15.824907684720
15.828655511847
15.972397629113
15.976355605472
15.980230548414
15.984274021138
15.988274255076
15.992229271808
15.996175872522
16.000139595333
16.004119635184
16.008113745571
16.012150881322
16.016494842958
16.020460593943
16.024406554405
16.028400416539
16.032388314382
16.036371034153
16.040367027292
16.044350859812
16.048386498568
16.052442975244
16.108485517104
16.112209313729
16.115839897245
16.119531145039
16.123286827767
16.127104184473
16.131006045280
16.134948622584
16.138936775343
16.142957381979
16.147000327418
16.151069419307
16.155140043721
16.159168458816
16.163156612425
16.167144677467
16.171148311857
16.302247429309
16.306939198998
16.311450384036
16.316037003610
16.320581465997
16.325219652565
16.329571620355
16.333796045655
16.337974332806
16.342144225190
16.346225393989
16.350283672650
16.354348938065
16.358507575516
16.362639198854
16.366801820498
16.370974686757
16.375141181022
16.379312018682
16.383480507574
16.387649304539
16.391795434517
16.395940777261
16.400095178162
16.404244967902
16.408401227011
16.412564025572
16.416718514111
16.420857851259
16.424953135607
16.428960721532
16.432888957940
16.436888145939
16.441032729971
16.480024289571
16.488739492020
16.497280800621
16.505681343916
16.514388024128
16.523083554558
16.528152372864
16.532478962495
16.536728528454
16.540942823023
16.545071409959
16.549154092119
16.553159292264
16.557125225997
16.561111887911
16.565177000118
16.569285652785
16.573461229564
16.577663857680
16.581896941940
16.586183615187
16.590556054315
16.594914992424
16.599293706112
16.603660759964
16.608009164799
16.612343473610
16.616644785598
16.620931321129
16.625225783014
16.629535821542
16.633846345601
16.638159815559
16.642481886774
16.646840119011
16.651909587156
16.862992915218
16.870985955580
16.879913133154
16.890152863878
16.901771511640
16.913025315598
17.281637761982
17.285565659070
17.289839535270
17.293883154875
17.297912922092
17.301909390914
17.305885522895
17.309823955354
17.313764466374
17.317693441856
17.321595688561
17.325492183866
17.329387134524
17.333275010975
17.337156054657
17.341028436381
17.344898563982
17.348780941899
17.352666785509
17.356573981003
17.360496887954
17.364430225919
17.368364929567
17.372313963323
17.376252919721
17.380185377843
17.384111492756
17.388039127784
17.391960608596
17.395879023666
17.399797912055
17.403724467125
17.407679295617
17.411663099826
17.415655838136
17.419633164487
17.423606779173
17.427539403325
17.431477172207
17.435405722245
17.439337616466
17.443290568467
17.447247264523
17.451208610492
17.455186331699
17.459196589521
17.463212411209
17.467303462726
17.471355764336
17.475441827418
17.479513039786
17.483451330719
17.487481170529
17.491464805833
17.495386968560
17.499316836067
17.503287499103
17.507261279774
17.511249238815
17.515247376198
17.519264650670
17.523299958274
17.527336428207
17.531382987533
17.535434512227
17.539483485006
17.543524329178
17.547557537077
17.551601045082
17.555646713839
17.559699737271
17.563764915573
17.567819409039
17.571858355073
17.575907898577
17.579940467782
17.583925592822
17.587842650123
17.591734318880
17.595646579679
17.599560823997
17.603476711795
17.607409489370
17.611323747974
17.615238758763
17.619184186037
17.623133865905
17.627087087530
17.631054274544
17.635034380104
17.639022004468
17.643020783574
17.647060876402
17.651157748365
17.655254927158
17.659364063992
17.663484983687
17.667624348960
17.671808577194
17.675985595266
17.680175754359
17.684356894150
17.688559288037
17.692761362905
17.696954687056
17.701154021211
17.705347130155
17.709544891543
17.713742956370
17.717938416013
17.722134586493
17.726346720551
17.730560508595
17.734787101787
17.739025772210
17.743323356721
17.747689845730
17.752057156927
17.855868172533
17.859595676017
17.863626661493
17.867624551967
17.871598152675
17.875610621401
17.879615303936
17.883599084374
17.887589909586
17.891592782231
17.895616851300
17.899647903098
17.903689116642
17.907731346850
17.911755986825
17.915755078978
17.919740101186
17.923722178402
17.927708001737
17.931683887540
17.935651703676
17.939612286274
17.943566416651
17.947512088406
17.951433205735
17.955338246502
17.959241468785
17.963136362894
17.967018000666
17.970886442204
17.974743889582
17.978592927016
17.982438587854
17.986277818099
17.990104621631
17.993956539063
17.997827390572
18.001541480955
18.005264709797
18.012115830181
18.015886626976
18.019647898807
18.023394054063
18.027131564803
18.030871943598
18.034637337226
18.038414845657
18.042204757915
18.045978459669
18.049748295853
18.053513826322
18.057270842745
18.060913275158
18.064699852458
18.068451423014
18.072167579407
18.075880669935
18.079598678665
18.083313161662
18.087035490734
18.090767153906
18.094502077448
18.098249762638
18.101993841381
18.105745044820
18.109491606582
18.113229598583
18.116969600928
18.120716168805
18.124479420157
18.128267023397
18.132114980951
18.135963372729
18.328598124796
18.332101464523
18.335589944606
18.339054742183
18.342621110414
18.346254434609
18.349953135568
18.353699781431
18.357522909248
18.361401244629
18.365338153485
18.369339660970
18.373379261748
18.377458842782
18.381558475541
18.385674661630
18.389818194689
18.393961850760
18.398123968132
18.402292710657
18.406468041571
18.410641488549
18.414822393814
18.418995581520
18.423171579202
18.427350449946
18.431521006723
18.435702000741
18.439878340116
18.444035252168
18.448187642542
18.452312799368
18.456444112824
18.460557363405
18.464660935079
18.468776203451
18.472866101332
18.476950762536
18.481043528980
18.485124412048
18.489198649390
18.493298486664
18.497448287898
18.501677824277
18.505982562746
18.510061562462
18.514062457331
18.644514760259
18.649137135182
18.653575610207
18.658029931077
18.662487672611
18.667015077322
18.671538692613
18.676041559146
18.680565943429
18.685081497716
18.689565488118
18.694040995583
18.698501802512
18.702961361520
18.707411620893
18.711861172199
18.716283389969
18.720707155382
18.725116706249
18.729495703854
18.733863813325
18.738221095515
18.742573490958
18.746895391968
18.751214219740
18.755481986109
18.759741599463
18.763974874253
18.768136131360
18.772299354708
18.776425653351
18.780493508249
18.784498175256
18.788436677461
18.792348445717
18.796421635209
18.905550151852
18.909091951952
18.913235759479
18.917456693158
18.921689891314
18.925940729423
18.930215370088
18.934480011955
18.938759673805
18.943045218171
18.947313351194
18.951584870009
18.955873527141
18.960169830333
18.964498720304
18.968866328516
18.973262912444
18.977859308134
18.982443995103
18.997845739353
19.011013443000
19.026103664099
19.036516389610
19.052706335653
19.056489896811
19.060642980038
19.064674208373
19.068683874910
19.072681003285
19.076692755914
19.080726365668
19.084882006298
19.089075195343
19.093073455400
19.097093045537
19.101098770180
19.105097494209
19.109127247866
19.113167456996
19.117226444419
19.121245976845
19.125188537855
19.129190771418
19.133352388388
19.137491265627
19.141638332155
19.145795641115
19.149962504811
19.154143962869
19.158326270577
19.162529940969
19.166734351805
19.170974426453
19.281025159514
19.282913267960
19.285009766610
19.286938477971
19.289018175683
19.291420974279
19.293073814594
19.294736201429
19.296493912023
19.298164938770
19.300711401992
19.302698401504
19.304361555262
19.305982804797
19.317543901748
19.320842291961
19.324538514408
19.328633888130
19.332853550198
19.337157746061
19.341611504464
19.346167816567
19.350805788826
19.355526094275
19.360276003367
19.365086917831
19.369877861832
19.374752625921
19.379629532625
19.384507935921
19.389373311604
19.394171369627
19.398938597867
19.403658354283
19.408335335091
19.413026762908
19.417656412421
19.422184737107
19.426711021839
19.431198058833
19.435700538284
19.440123648513
19.444464434061
19.585932773463
19.596406737840
19.607038180465
19.617869818824
19.625073902327
19.630380312752
19.635468293078
19.640309810829
19.645272460817
19.650110607636
19.654924546625
19.659703746165
19.664440421396
19.669169710699
19.673850809330
19.678416691966
19.682871411924
19.687349445838
19.691950000666
19.696725981847
19.795835486837
19.799625632272
19.804071673449
19.809100014762
19.814278919604
19.819474742926
19.824832457760
19.830342714626
19.835894724356
19.841568412101
19.847288550448

