Time_s
0.487709677585
0.491090468465
0.494511681302
0.497814022702
0.501350838747
0.504927687630
0.508596750415
0.512270476319
0.515996392745
0.519693677207
0.523472608069
0.527184668579
0.530959617612
0.534717015384
0.538508468137
0.542306226150
0.546109966865
0.549931671827
0.553763741215
0.557512501576
0.561331071877
0.565151174498
0.568919216237
0.572695509131
0.576436789199
0.580183311612
0.583866449315
0.587586856222
0.591277818894
0.594969092647
0.598702756003
0.602470241587
0.936682800572
0.940192606274
0.943809959855
0.947701362475
0.951613862507
0.955534752363
0.959449735015
0.963431054352
0.967396410027
0.971407400918
0.975373542208
0.979366274340
0.983353038119
0.987351556090
0.991357729880
0.995363417624
0.999433576009
1.003419783260
1.007490063669
1.011510628981
1.015516966860
1.019514163634
1.023514692101
1.027529262827
1.031555717709
1.035587194793
1.039625230504
1.043656237276
1.047694924743
1.051713711049
1.055713756352
1.059727928509
1.063730801286
1.067733936565
1.071824299762
1.306992876058
1.311390670116
1.315626172589
1.319974158565
1.324309950262
1.328629670831
1.332932269956
1.337286971432
1.341611204819
1.345969418298
1.350296416093
1.354617588456
1.358935947316
1.363277900717
1.367613607592
1.371977861099
1.376316611228
1.380662049078
1.385009107482
1.389362456497
1.393726056983
1.398099081907
1.402486388257
1.406864578683
1.411274400642
1.415666399612
1.420068927439
1.424478616827
1.428898831513
1.433327714284
1.437764074406
1.442206208427
1.446657597235
1.451132795241
1.455609437028
1.460079437819
1.464559715197
1.469035594821
1.473525062765
1.477998984076
1.482520188458
1.486991551354
1.491534633037
1.495985871448
1.500524668758
1.505010185784
1.509508904658
1.513909688443
1.518424026472
1.522890787286
1.527354780848
1.531836430081
1.536331934265
1.540824810626
1.545345603422
1.549865054102
1.554389456942
1.558923941705
1.563470955442
1.568028727837
1.572596907189
1.577162037510
1.581762774411
1.586352067656
1.590955786745
1.595567317887
1.600155827307
1.604787862659
1.609376622707
1.614003588522
1.618610067455
1.623210122066
1.627821354729
1.632421265542
1.637006544009
1.641593725478
1.646112819188
1.650699472966
1.655197463039
1.659657161822
1.664074222206
1.668507685511
1.672868876275
1.677199371514
1.681549301395
1.685926180634
1.690321173471
1.694649049196
2.198153482066
2.202595218602
2.207048237604
2.211498064210
2.215943670655
2.220377503345
2.224805070726
2.229227719905
2.233639901110
2.238022542508
2.242378228878
2.246739301670
2.251070874511
2.255385726090
2.259691397011
2.263991052243
2.268293412032
2.272565603360
2.276835830220
2.281091439925
2.285315931489
2.289516982197
2.293709993075
2.297881324440
2.302027118902
2.306240723694
2.310378274655
2.314553897584
2.485783612200
2.488770427792
2.491805276990
2.495373519185
2.498830615195
2.502315425190
2.505799130164
2.509317930267
2.512840241349
2.516410159434
2.519979448162
2.523581709066
2.527308634405
2.530934623883
2.534775925694
2.665268103798
2.668849868477
2.672857983591
2.677058156430
2.681328706640
2.685674433979
2.690128846019
2.694608823506
2.699123577750
2.703642130309
2.708217283756
2.712770983887
2.717379760387
2.721944601200
2.726562380937
2.731178116193
2.735764737242
2.740416630321
2.745033075152
2.749690795996
2.754302417130
2.759132812956
2.763761583214
2.768398144676
2.773040995062
2.777698680475
2.782361153306
2.787028680199
2.791694778543
2.796351595932
2.801008563058
2.805652821829
2.810289959624
2.814911514600
2.819531219365
2.824145630308
2.828836474245
2.833592791642
2.838231883803
2.843196253202
2.847734755878
3.024992326244
3.028745194659
3.033010063508
3.037256186331
3.041549533946
3.045853232139
3.050242996059
3.054668651678
3.058908763042
3.063841260440
3.068133794915
3.072716980293
3.077106161164
3.081838605880
3.086328897732
3.221871500568
3.225886265640
3.229437478087
3.233754646749
3.238226607608
3.242681416024
3.247128715251
3.251610196438
3.256094232637
3.260593146478
3.265088020109
3.269595798769
3.274129309625
3.278656912918
3.283202363173
3.287726312871
3.292268760673
3.296816788113
3.301383339788
3.305930949595
3.310449816612
3.314960759877
3.319505372052
3.324042881660
3.328583211786
3.333117297707
3.337669415087
3.342221510260
3.346773630201
3.351336812730
3.355899085676
3.360471630425
3.365047254087
3.369633993931
3.374217373011
3.378791611751
3.383356928150
3.387933737007
3.392569254530
3.397200154565
3.401844003768
3.406474937984
3.411111651411
3.415761224219
3.420372193634
3.425067390560
3.429720731909
3.434365092178
3.438988400434
3.443656111966
3.448275223089
3.452910690723
3.457516723071
3.462173363783
3.466851975934
3.471473356898
3.476150302014
3.480764295931
3.485431314602
3.490066575171
3.494714309592
3.499366506245
3.504008893801
3.508759301838
3.513188317104
3.517968810315
3.522490086131
3.527289040202
3.531955348141
3.536433082984
3.577725443965
3.581924167754
3.586386871673
3.590962513814
3.595554199389
3.600150746553
3.604757610949
3.609381778846
3.614033317184
3.618691176341
3.623365603088
3.628035241176
3.632724747833
3.637428200401
3.642141011709
3.646845777429
3.651559850516
3.656283491205
3.661003157675
3.665717328301
3.670384202500
3.675094760867
3.679750026536
3.684641961318
3.688862538046
3.977811850719
3.983084065404
3.987168384367
3.991410061167
3.995637270632
3.999874385523
4.004110684612
4.008345490818
4.012582294122
4.016824604194
4.021059066400
4.025301501887
4.029527835611
4.033744551349
4.037956302094
4.042184816995
4.046411314083
4.050622075911
4.054831841559
4.059044664127
4.063253647282
4.067461690946
4.071674726325
4.075881023946
4.080074117106
4.084276306472
4.088482762862
4.092690763679
4.096895102801
4.101115711280
4.105404792814
4.109631563792
4.113855208871
4.118101854698
4.122346266942
4.126591753436
4.130822032893
4.135059019851
4.139284417962
4.143504988928
4.147721924479
4.151913283960
4.156106748964
4.160300051039
4.164485283999
4.168613630294
4.172767130402
4.176863788650
4.180998959296
4.185144593001
4.189239219843
4.193259512298
4.197371412812
4.201607047452
4.205713287877
4.209811101167
4.214131495128
4.437606733103
4.441219342881
4.444910212891
4.449228834880
4.453523472398
4.458032178267
4.462444470111
4.466921371984
4.471416300803
4.475933877405
4.480478486652
4.485053277302
4.489630480620
4.494226444647
4.498826483990
4.503427935582
4.508029579849
4.512644234634
4.517263286914
4.521872531763
4.526492901815
4.531121238132
4.535908102391
4.540934484354
4.545751319010
4.550399700489
4.772923602401
4.777036844241
4.781569738160
4.786074984848
4.790677767178
4.795282960012
4.799949895278
4.804615160429
4.809337237248
4.814074208676
4.818836809060
4.823629898567
4.828436782774
4.833264514490
4.838098872898
4.842956162868
4.847819947999
4.852698956855
4.857579484208
4.862439179043
4.867309323077
4.872192813957
4.877068555940
4.881944566200
4.886833632913
4.891713516804
4.896612308220
4.901500235102
4.906383278758
4.911274206405
4.916158027087
4.921047741877
4.925938604950
4.930811649609
4.935679704312
4.940547386446
4.945366187030
4.950198592207
4.954982491011
4.959770209535
4.964545125719
4.969322909368
4.974148195575
4.979017431525
4.983678067982
5.159229326649
5.163893717790
5.168387628881
5.173036058246
5.177661254322
5.182314394470
5.186980068365
5.191661385995
5.196364301867
5.201106075934
5.205848975309
5.210621505538
5.215408729265
5.220207362574
5.225006701821
5.229822214207
5.234659929554
5.239477130437
5.244307750897
5.249139375970
5.253979119952
5.258826992561
5.263670053103
5.268533203776
5.273407871412
5.278282468681
5.283087891551
5.287954129845
5.292799925597
5.297627297309
5.302472753769
5.307313473592
5.312160926896
5.317018304933
5.321837772152
5.326681353224
5.331516999957
5.336364560258
5.341199753383
5.346005569317
5.350830490902
5.355637055877
5.360485710378
5.365279428068
5.370176446351
5.375005962164
5.454955594976
5.459786928555
5.464610453882
5.469451327367
5.474310556609
5.479178274436
5.484077728520
5.488976236392
5.493871436403
5.498774773315
5.503684392822
5.508564988307
5.513388580613
5.518218342854
5.523066381244
5.528026541388
5.532843228231
5.738165591412
5.742696498646
5.747163359818
5.751708514234
5.756203725376
5.760754734276
5.765271854661
5.769797947864
5.774305275836
5.778802088137
5.783323092132
5.787827939176
5.792334689707
5.796843513130
5.801369255892
5.805911835178
5.810471031442
5.815021418797
5.819592371605
5.824192730737
5.828785421357
5.833406680702
5.838023911333
5.842680876009
5.847335356246
5.852034892660
5.856735124862
5.861461217167
5.866183284401
5.870927000879
5.875672232002
5.880452965808
5.885262131913
5.890097185594
5.894970325875
5.899871627761
5.904799929375
5.909759347355
5.914733007640
5.919711399878
5.924726184131
5.929763003174
5.934810253810
5.939873430038
5.944918303362
5.949974329075
5.955036480560
5.960102261100
5.965139091627
5.970154285606
5.975144754660
5.980140189023
5.985139072722
5.990094658721
5.994965600464
5.999805956824
6.004648121768
6.607316180449
6.611001388435
6.614808973509
6.618642330566
6.622469877996
6.626310971320
6.630181436124
6.634047905336
6.637921222894
6.641791536338
6.645663009110
6.649540093433
6.653401800488
6.657266701416
6.661125073578
6.664970977861
6.668802826834
6.672631132734
6.676448168967
6.680272041872
6.684129933675
6.688185963261
6.692371265413
7.110766044905
7.115001913394
7.119529958893
7.123937840071
7.128430111743
7.132865998046
7.137357455270
7.141772905087
7.146281444526
7.150764517213
7.155218064786
7.159688405084
7.164150929309
7.168647717363
7.173118632484
7.177592984976
7.182071565116
7.186576342239
7.191063403450
7.195518292954
7.199994762781
7.204498666045
7.209005634379
7.213512937765
7.218041399570
7.222555944215
7.227082879595
7.231625223662
7.236170526306
7.240721881787
7.245327433767
7.249909273103
7.254499278775
7.259055361494
7.263627837835
7.268231811197
7.272833292720
7.277441468108
7.282040972921
7.286701024883
7.291344492704
7.295977968204
7.300621802189
7.305265444380
7.309943914164
7.314630396930
7.319306019818
7.324016622334
7.328691188304
7.333353730919
7.338020803740
7.342703657219
7.347400098222
7.352158823433
7.356853429732
7.361513981166
7.366142416981
7.370785082202
7.375371402507
7.380040917845
7.384675150670
7.389214002048
7.393835568312
7.398339335819
7.402930370271
7.407435923416
7.411965575328
7.416467841891
7.420930802238
7.425413850760
7.429836861735
7.434305249254
7.438685537033
7.443124770969
7.447421412144
7.451920117077
7.456209002099
7.460866517222
7.464947836730
7.761246485793
7.766052026560
7.770863829558
7.775646771464
7.780452882135
7.785246697521
7.790030882667
7.794832586043
7.799634915187
7.804497722313
7.809353364291
7.814210779982
7.819066310843
7.823896697022
8.032735881710
8.037644296204
8.042246293793
8.046854695020
8.051389098562
8.055985338039
8.060542839541
8.065111080836
8.069689155167
8.074220857860
8.078772747668
8.083318426402
8.087870848452
8.092449124361
8.097017477569
8.101594471697
8.106157558296
8.110709477715
8.115281609846
8.119855250230
8.124416677627
8.128979076454
8.133548659335
8.138098515503
8.142624611346
8.147135460605
8.151643833456
8.156122787063
8.160583929159
8.165021652933
8.169437169043
8.173830637253
8.178178434378
8.182534306899
8.186859271220
8.191175652970
8.195455644687
8.199696425666
8.203862729322
8.208017151599
8.212223059965
8.216543218568
8.512644958916
8.517060054330
8.521377226039
8.525790469295
8.530186868481
8.534622466379
8.539059473873
8.543578569141
8.548024642791
8.552558058166
8.557078812403
8.561691537145
8.566238443157
8.570787345020
8.575362657612
8.579956010407
8.584624011635
8.589080632321
8.593305357532
8.597958316191
8.602549033353
8.607187938762
8.611832417857
8.616481935821
8.621149319000
8.625820005560
8.630510644451
8.635196963979
8.639888881720
8.644596796966
8.649311301542
8.654026930820
8.658755218865
8.663501632962
8.668240485013
8.672984085046
8.677727447593
8.682475385172
8.687227793643
8.691991449192
8.696769272474
8.701552042864
8.706351814908
8.711172638831
8.716001437149
8.720849387238
8.725711136102
8.730543771855
8.735422163445
8.740309670545
8.745164724289
8.750043362401
8.754943986353
8.759780326384
9.017796765129
9.022258503835
9.026789638926
9.031391138161
9.036000751310
9.040657748608
9.045340933049
9.050016031757
9.054756724312
9.059477773107
9.064231468297
9.068987991448
9.073743162322
9.078519754707
9.083303874948
9.088110698869
9.092908927811
9.097722113637
9.102531988150
9.107337502668
9.112151998271
9.116954182041
9.121753609838
9.126531799561
9.131319128996
9.136122542919
9.140905022267
9.145690132256
9.150456740363
9.155199153390
9.159919519263
9.164589210213
9.169227211844
9.173823191183
9.178387410976
9.182886278824
9.187384727188
9.191826033241
9.196246483829
9.200647548441
9.205035564303
9.209375680869
9.213751808339
9.218174863399
9.222311921549
9.848585975031
9.852273307541
9.856421228311
9.860485415590
9.864574776551
9.868680037486
9.872842390775
9.877006976863
9.881208373687
9.885454592474
9.889708557209
9.893989909826
9.898298340960
9.902626413051
9.906955346411
9.911287012048
9.915629127394
9.919972004318
9.924313152015
9.928667795776
9.933035639141
9.937379989656
9.941729271886
9.946063229132
9.950379888381
9.954697199573
9.959000804601
9.963298874332
9.967578259134
9.971858468548
9.976105485841
9.980354654767
9.984601702452
9.988800445760
9.993017738933
9.997205011106
10.001373042048
10.005540194784
10.009684260388
10.013831058193
10.017966984824
10.022074266861
10.026171369436
10.030233118001
10.034279083678
10.038294602680
10.042289098671
10.046275057296
10.050294841899
10.054230994877
10.058206601633
10.062228091263
10.296472713159
10.299643233520
10.303646020066
10.307545349826
10.311435233571
10.315347163193
10.319291419636
10.323236469970
10.327209595411
10.331193634839
10.335172703593
10.339168538808
10.343152682740
10.347151489690
10.351120520874
10.355122034374
10.359101264534
10.363064612369
10.367032681431
10.370975363697
10.374920535223
10.378838423896
10.382754873037
10.386643008241
10.390530931080
10.394395822091
10.398271692405
10.402127915647
10.405996463397
10.409854658261
10.413737223379
10.417651327290
10.421604817058
10.678181788216
10.682082159188
10.686366504925
10.690478612955
10.694735745572
10.698946176643
10.703287258863
10.707536021620
10.711844675571
10.716122719358
10.720448771979
10.724843243243
10.729226435183
10.733629040157
10.738053994251
10.742491892041
10.746926603181
10.751393470778
10.755838112895
10.760325107115
10.764822496312
10.769344698939
10.773862826716
10.778413939968
10.782997239857
10.787567816494
10.792185356963
10.796840760251
10.801535088543
10.806244244758
10.810975850327
10.815752152666
10.820536823296
10.825336533125
10.830151477973
10.834986138187
10.839848054039
10.844705211283
10.849594360675
10.854493152285
10.859400833554
10.864331840089
10.869272363303
10.874237267586
10.879204562237
10.884204884660
10.889207532397
10.894211263167
10.899232050105
10.904258237726
10.909262377468
10.914283820393
10.919298528865
10.924320638542
10.929351770534
10.934390631845
10.939430075489
10.944469550457
10.949494414325
10.954510712392
10.959484552708
10.964461114215
10.969385968880
10.974296389338
10.979177981071
10.984031950123
10.988823776199
10.993628080913
10.998343048533
11.003066525843
11.007795802581
11.012627122386
11.017432233941
11.022267141460
11.027142643142
11.031972660045
11.424671366279
11.429539312107
11.434412604688
11.439259111369
11.444098683429
11.448929191341
11.453763811310
11.458577761101
11.463349697670
11.468145096110
11.472935220608
11.477750844495
11.482607501494
11.487431646555
11.492252295516
11.497122704049
11.501924151738
11.713059408543
11.716773978247
11.721322361530
11.725993348873
11.730609499575
11.735240791819
11.739888376812
11.744531437793
11.749168305286
11.753779842669
11.758396853337
11.763043286762
11.767686844914
11.772331646017
11.776982774266
11.781618153909
11.786269287032
11.790906232710
11.795572922316
11.800221143695
11.804902168358
11.809546968454
11.814191303884
11.818799425028
11.823322631938
11.827806849859
11.832319624753
11.836860790052
11.841413946564
11.845947523673
11.850464427534
11.854961019646
11.859446843251
11.863930569843
11.868407779753
11.872857964604
11.877298714648
11.881667041225
11.886073366235
11.890444816844
11.894782402692
11.899075382876
11.903332780012
11.907570933455
11.911767471321
11.915960781038
11.920122496624
11.924262331548
11.928374097587
11.932447603818
11.936522278445
11.940747712047
11.944871332167
11.949043336068
11.953189778317
11.957368664120
11.961874250731
12.167199003677
12.171446401826
12.175931621715
12.180327907496
12.184929687792
12.189478777233
12.194201249514
12.198829026062
12.203600623675
12.208386824942
12.213107000983
12.217899843230
12.222736459450
12.227514281356
12.232390573911
12.237264031287
12.242152563919
12.247033668016
12.251973874611
12.256909834309
12.261845094433
12.266820541278
12.271734329710
12.276681699207
12.281659918591
12.286644615402
12.291657921027
12.296634035277
12.301616585189
12.306597906279
12.311540055684
12.316467530338
12.321338919290
12.326216127850
12.331034059704
12.335801523990
12.340533300543
12.917234005793
12.922006485812
12.926824502278
12.931610690651
12.936389207960
12.941186116865
12.946056020043
12.950891631726
12.955704079999
12.960615629919
12.965440050719
12.970290445006
13.039494282585
13.044249191212
13.048887788357
13.053516916758
13.058155884435
13.062843961875
13.067553347772
13.072329847508
13.077018451565
13.081689234296
13.086360212807
13.091035356336
13.095706191982
13.100381284075
13.105082837044
13.109755440838
13.114461641818
13.119124261661
13.123803680089
13.128465476922
13.133119162020
13.137792969914
13.142455793977
13.147102240245
13.151692103787
13.156319278642
13.160900439804
13.165093766869
13.169663951560
13.174301856757
13.178928887234
13.183555013309
13.188185924026
13.192811350683
13.197458698126
13.202097565881
13.206702015681
13.211316567819
13.215910893153
13.220493593837
13.225054414892
13.229597304610
13.234123880688
13.238642027229
13.243148238674
13.247620507176
13.252081148688
13.256523495614
13.260961310632
13.265404699692
13.269804132426
13.274217893556
13.278717902694
13.283130431294
13.287803344750
13.292203159082
13.296821269112
13.301036405751
13.355182932248
13.358753311191
13.362981229461
13.367303187702
13.371413048290
13.375601735321
13.379761321881
13.383921845995
13.388078509516
13.392240197946
13.396397061769
13.400538288457
13.404685646078
13.408842147710
13.412995927738
13.417140063377
13.421286047321
13.425444909959
13.429623058499
13.433796574385
13.438010592768
13.442248121699
13.446483720139
13.450750576539
13.455007162667
13.459287082166
13.463554937656
13.467836401252
13.472109946910
13.476366707956
13.480638806374
13.484878260483
13.489088139862
13.493334400628
13.497568878435
13.501810809919
13.506050267785
13.667505434996
13.671725642732
13.675306418072
13.679717523744
13.684224656165
13.688730930442
13.693161617848
13.697684231170
13.702276592394
13.706819174705
13.711405898603
13.716009848461
13.720635229842
13.725272545621
13.729997516799
13.734564289275
13.739245690033
13.743958574910
13.748690383435
13.753436077321
13.758196819904
13.762967133073
13.767737272307
13.772527796500
13.777340935329
13.782156571644
13.787005893136
13.791851895277
13.796720785370
13.801618726795
13.806540228666
13.811484392633
13.816445104802
13.821452922707
13.826470285959
13.831505626947
13.836538437273
13.841594494194
13.846667067500
13.851762900675
13.856841703037
13.861956392591
13.867038117897
13.872181773694
13.877288741222
13.882469927607
13.887611448642
13.892769232170
13.897937577641
13.903082544417
13.908220098184
13.913338341997
13.918432928572
13.923483252492
13.928515920705
13.933454437685
13.938337351585
13.943142893925
13.947912260988
13.952751574165
13.957583587741
13.962445191600
13.967282914625
13.972182660864
14.477622785333
14.482221994965
14.486993869442
14.491799734926
14.496589619179
14.501363283960
14.506170747307
14.510973466686
14.515764660175
14.520583273510
14.525388328066
14.530190723402
14.534992114303
14.539874765812
14.544720113557
14.549494931230
14.554308409769
14.559212966364
14.564038790189
14.690531805146
14.695208508913
14.699739668387
14.704364761286
14.708973100452
14.713680186922
14.718383632368
14.723138042512
14.727931474001
14.732742466368
14.737562898445
14.742417253109
14.747308791474
14.752190866965
14.757105577366
14.762034189451
14.766970595027
14.771832023997
14.776746850976
14.781681472657
14.786594099019
14.791461074263
14.796412501762
14.937020874064
14.942286120446
14.947359364765
14.952377039252
14.957392305895
14.962392919672
14.967358787570
14.972298128554
14.977238274842
14.982223348178
14.987212405359
14.992219060546
14.997226726519
15.002230991954
15.007234490044
15.012222534975
15.017222278702
15.022224440145
15.027245024762
15.032236489434
15.037250510160
15.042253012351
15.047244489019
15.052262520822
15.057252803944
15.062250105729
15.067206591063
15.072218123353
15.077180708782
15.082151518161
15.087096979611
15.092047285877
15.096975451332
15.101922164615
15.106823711117
15.111749261135
15.116631386193
15.121510752314
15.126436782105
15.131318421979
15.136226521545
15.141145354550
15.146053601992
15.204962048199
15.209706950423
15.214142900392
15.218659043577
15.223115858798
15.227578420015
15.232040099995
15.236468607148
15.240878526115
15.245281192854
15.249660909578
15.254032622885
15.258411016261
15.262780132970
15.267139184636
15.271507628045
15.275874097326
15.280269332983
15.284667859252
15.289077600986
15.293515601753
15.297903856681
15.302332646085
15.306753600046
15.311225505211
15.315634339098
15.320169491187
15.324499370749
15.328993997802
15.445517818322
15.455052186767
15.464651593784
15.474377018520
15.484217563735
15.494156076179
15.504205160887
15.514358049091
15.524615539076
15.534893202487
15.545278453760
15.555709479181
15.566245764837
15.576814266093
15.587395700916
15.597896136067
15.608375901823
15.618830869040
15.624017698205
15.629237785243
15.634400891744
15.639595389177
15.644773949436
15.649951092165
16.245536927075
16.250254539621
16.255034346825
16.259650409524
16.264306111839
16.268857940958
16.273444280030
16.278043041230
16.282494895761
16.286664445891
16.290579328368
16.294185149880
16.297682033968
16.301083036478
16.304484616734
16.307756818844
16.311107960702
16.314167131867
16.417072358668
16.420918595036
16.425538191118
16.430097347216
16.434485725221
16.438881481798
16.443331006107
16.447711859413
16.452058847056
16.456408102683
16.460742019593
16.465074722431
16.469414085926
16.473730399327
16.478001797481
16.482250100085
16.486470256226
16.490690175148
16.494890848323
16.499068958620
16.503208309398
16.507336035123
16.511404810410
16.515413571057
16.519401272983
16.523330558334
16.527291494285
16.531153252796
16.535037160440
16.538852744705
16.542669879536
16.546440824870
16.550173682704
16.553873411208
16.557546644501
16.561205350969
16.564826912883
16.568432821371
16.572041079528
16.575585857922
16.579180195702
16.582781359995
16.586438723954
16.725727337698
16.728481158964
16.731467308391
16.734563927197
16.737771668635
16.740971059139
16.744206656412
16.747438652775
16.750694271294
16.753974667461
16.757262542486
16.760546586991
16.763835038139
16.767128476942
16.770445294917
16.773759342831
16.777083402610
16.780414601703
16.783745759790
16.787106146685
16.790469697275
16.793839140357
16.797214485802
16.800583746503
16.804000710377
16.807427837816
16.810799014881
16.814263361947
16.817672333974
16.821162824719
16.824559971809
16.828008467335
16.831519853627
16.834957371424
16.838491874441
16.841954843712
16.845474216226
16.848989423251
16.852512843588
16.856136834528
16.859690156359
16.863312486270
16.866967541703
16.870673131525
16.874387413784
16.878118417315
16.881822606952
16.885616748308
16.889414466038
16.893233224647
16.897083240784
16.900958316521
16.904865384690
16.908779501767
16.912720629637
16.916700030862
16.920666326143
16.924662279353
16.928687422925
16.932713178773
16.936761230473
16.940821069109
16.944897083629
16.948975598114
16.953062568315
16.957144728180
16.961241152675
16.965331471412
16.969417707241
16.973539597241
16.977687101831
16.981914247587
16.986169640952
16.990422295839
16.994724601168
16.999082636277
17.003283305875
17.007598242247
17.011680354493
17.155240561935
17.159624196086
17.164088780781
17.168914333136
17.173656632717
17.178207033126
17.183025871099
17.187609217825
17.192295919825
17.197050663470
17.201664681084
17.206397149310
17.211079641746
17.215737141866
17.220393780257
17.225077675503
17.229776280415
17.234449720951
17.378440622195
17.382239833877
17.386883986622
17.391486185546
17.396091037014
17.400656980796
17.405273247448
17.409876861041
17.414545075561
17.419174974519
17.423863056931
17.428534167855
17.433228203156
17.437932464770
17.442633401302
17.447379811219
17.452081062743
17.456843262604
17.461614040725
17.466329443822
17.471049723311
17.475786463367
17.480501993519
17.485246267938
17.489959512357
17.494712415151
17.499435743952
17.504176425916
17.508951020950
17.513725052335
17.518498998980
17.523291788744
17.528077498907
17.532849874276
17.537653123119
17.542460165038
17.547286572316
17.552108167699
17.556936570864
17.561781951752
17.566608023257
17.571442350589
17.576262685629
17.581076812388
17.585878958418
17.590668723886
17.595443952488
17.600202234278
17.604968339722
17.609838753933
17.614657883483
17.619500959283
17.624372936519
17.629200670899
17.634038838224
17.848746141034
17.852646597539
17.856477146935
17.860107301344
17.863914289769
17.867897571881
17.871888462082
17.875888389798
17.879891060714
17.883919313582
17.887925466650
17.891962875404
17.896007234397
17.900033749679
17.904096868196
17.908130656204
17.912164285072
17.916191560036
17.920208825347
17.924230196813
17.928236469041
17.932235846255
17.936228114750
17.940191008490
17.944109512774
17.948027634801
17.951908958384
17.955754871478
17.959544811362
17.963317915163
17.967044445419
17.970764413013
17.974453868498
17.978065412258
17.981704134895
17.985290829115
17.988981817127
17.992668370757
18.214848570221
18.218408712297
18.222537359202
18.226997618981
18.231463327344
18.236002543713
18.240569303323
18.245205142484
18.249891597941
18.254548665021
18.259236302543
18.263938919542
18.268667590811
18.273368639271
18.278091825970
18.282773594009
18.287430036096
18.292422345049
18.297140836341
18.301981003230
18.591296822472
18.595493841054
18.600220385673
18.604941374119
18.609650302348
18.614399392709
18.619153081069
18.623909959670
18.628709078617
18.633499050178
18.638294021090
18.643084112979
18.647861082017
18.652695750739
18.657477657068
18.662312585404
18.667198977734
18.672032481403
18.676754709059
18.681555981323
18.686328289267
18.690980500981
18.695721422663
18.700466041602
18.705170846668
18.709844511535
18.714473967630
18.719076550090
18.723646722074
18.728178845564
18.732691239869
18.737165832779
18.741593104351
18.746004464767
18.750335045220
18.754690281942
18.758998790744
18.763310441700
18.767602083404
18.771898723278
18.776178425321
18.780496091056
18.784812986649
18.789171871709
18.793517070435
18.797923464341
18.802354669416
18.806843220374
18.811332565988
18.815893675276
18.820477173390
18.825155619218
18.829842964272
18.834680525877
18.839474944704
18.844379833843
18.849283119699
18.854339049561
18.859358730087
18.864459880786
18.869609185810
18.874679438259
18.880020423120
19.502530441434
19.507462179296
19.512316473873
19.517130142594
19.521973365995
19.526806600514
19.531634502823
19.536455729302
19.541333445649
19.546157229708
19.551020167995
19.555861440488
19.560692001053
19.565519467337
19.641899936870
19.646699206721
19.651691252902
19.656512990211
19.661441352228
19.666321566100
19.671246642732
19.676166715774
19.681086349175
19.686057968616
19.691013853740
19.695872904606
19.700844049344
19.705788769876
19.876020109936
19.880461258631
19.885173411033
19.889702022948
19.894195654184
19.898637875035
19.903010278748
19.907401481242
19.911750136220
19.916073390218
19.920330490346
19.924571165587
19.928775098509
19.932932686403
19.937060665724
19.941170439316
19.945259646352
19.949283713016
19.953325922406
19.957325476200
19.961322123873
19.965388705775
19.969553810711
19.973704144078
19.977859788204
19.982133943985
19.986300967125
19.990387784302
19.994753273557

