Time_s
0.566665952065
0.571425219284
0.577355223910
0.582130380234
0.586728752107
0.591504582547
0.596424342472
0.601334072335
0.606201616382
0.610998270224
0.615746636841
0.620383777496
0.625005724883
0.629592290428
0.634099991651
0.638525224810
0.642918033006
0.647198874322
0.651439979667
0.655602663532
0.659608046574
0.663641899020
0.667640178088
0.671597713851
0.675539514399
0.679451395935
0.683404929754
0.687368427253
0.691407888570
0.695494955222
0.699687069772
0.703965122505
0.708408805426
0.713260281705
0.865979098068
0.871017780334
0.876190764344
0.881877394157
0.887670716000
0.893521911965
0.899365074049
0.905255844198
0.911182050734
0.917159564314
0.923156284287
0.929183721871
0.935255909993
0.941333074800
0.947414517499
0.953488253153
0.959533520775
0.965566567476
0.971597761722
0.977642932841
0.983686913742
0.989750530257
0.995847342022
1.001961817863
1.008017021844
1.014021232318
1.020091611092
1.026122213280
1.032392884079
1.162927363354
1.168692606057
1.175609890351
1.182557521177
1.189599227994
1.196734667907
1.203943062328
1.211182492300
1.218416590811
1.225654358913
1.232882223073
1.240127730083
1.247397348349
1.254691752240
1.261957942592
1.269190496901
1.276412233274
1.283710840337
1.291015389869
1.298398098426
1.305844966606
1.313341895640
1.320819918436
1.328360262563
1.336030560500
1.343836630773
1.351697854031
1.359783958803
1.367965072177
1.376377515483
1.384765259279
1.393304721479
1.401892602629
1.410683719466
1.419631218054
1.428566993845
1.437604557738
1.446883199769
1.456289454233
1.465854495118
1.475484739208
1.858595329153
1.864370017579
1.870416322160
1.876355867097
1.882095733502
1.887793026394
1.893380877661
1.898871355609
1.904300275220
1.909647921949
1.914906088782
1.920099671936
1.925299421896
1.930434877792
1.935540012904
1.940605875294
1.945631792968
1.950694331561
1.955866901899
1.961015516223
2.159290896239
2.165052952755
2.169629874278
2.174303463312
2.179119463435
2.183968229134
2.188854126241
2.193790438700
2.198754474625
2.203775444032
2.208858185808
2.213962325633
2.219102927129
2.224266563830
2.229441171445
2.234685258019
2.239949548665
2.245196562298
2.250437570457
2.255700981650
2.261120893688
2.266606188083
2.271697020624
2.276850787303
2.282360192982
2.287909261988
2.293514340714
2.298939459406
2.304255924046
2.309725601174
2.315324652373
2.320734088116
2.327188188420
2.332918604018
2.338563996309
2.344193944528
2.349797059456
2.355602484186
2.361657384608
2.367907595341
2.374104347311
2.380302321920
2.386971835214
2.393464461110
2.405894005423
2.412154589319
2.418817770054
2.425486057070
2.432254142541
2.438628045686
2.444629846969
2.449511205500
2.455346015234
2.461358654987
2.467328861577
2.473229622869
2.479066157829
2.484920286262
2.490790942463
2.496681455843
2.502531330076
2.508358494888
2.514182653664
2.520000022686
2.525825303417
2.531666750391
2.537541856288
2.543420268100
2.549270598240
2.555125125742
2.560976646896
2.566818777721
2.572683607535
2.578565062803
2.584455466529
2.590363669702
2.596275387079
2.602222589988
2.608305851644
2.614383431383
2.620473878725
2.626567513121
2.632770934603
2.639193969526
2.645599304553
2.652112280342
2.658505300318
2.664931358770
2.671065741806
2.677404399934
2.683843582639
2.690186312752
2.696434247362
2.702653770763
2.708838259776
2.714997897615
2.721191607912
2.727343219899
2.733510255546
2.739636055890
2.745790204331
2.751953283466
2.758131760981
2.764317676730
2.770506930192
2.776739561118
2.783034615947
2.789350100111
2.795666299663
2.801977267394
2.808312316278
2.814512088645
2.820591143709
2.826718558003
2.833130532376
2.839365800429
2.845870010925
2.852423323455
2.859012653880
2.865483717810
2.871945773601
2.878468189130
2.884658539954
2.890918976253
2.897117905321
2.903330278654
2.987033144299
2.992638572608
2.998333123220
3.004086936133
3.009897223516
3.015777823275
3.021678712522
3.027600919346
3.033564793600
3.039552216125
3.045563151472
3.051577433948
3.057616980437
3.063661716074
3.069694120836
3.075726093568
3.081744613312
3.087775772230
3.093813297005
3.099844163695
3.105873144147
3.111955180459
3.118162107355
3.124456049736
3.131751192386
3.138209244534
3.144505986757
3.150734531634
3.157102908160
3.163116622397
3.169115171958
3.175528624935
3.181544665713
3.187828948517
3.194208790279
3.200653353858
3.207689556195
3.214578608419
3.221573392808
3.228666000936
3.235559794415
3.242566339731
3.249392392905
3.256168790284
3.262931575384
3.269623644552
3.276341331124
3.283146357322
3.289952257887
3.296778268865
3.303654258114
3.310541787918
3.317444123943
3.324365887064
3.331354535283
3.338781330696
3.346194443218
3.353381218503
3.360112463425
3.367450721611
3.374300340387
3.380835349747
3.388110890555
3.395532582181
3.402790310625
3.409625492229
3.417571789075
3.425033071290
3.432140729297
3.438892951155
3.445102936045
3.451474546776
3.457812273488
3.464043970410
3.470328820613
3.476649190354
3.482961622203
3.489281671300
3.495638198585
3.502004819464
3.508393313779
3.514801084160
3.521199584224
3.527575249447
3.533987347714
3.540405360375
3.546860640413
3.553323244580
3.559677274228
3.566054066617
3.572393632332
3.578807702725
3.585188829010
3.591586517715
3.597975896809
3.604426921273
3.610821045826
3.617242077131
3.623766355694
3.630231385066
3.636832167272
3.676272519108
3.681750467576
3.687935108195
3.694232005087
3.700562462324
3.706908074932
3.713295284716
3.719730076358
3.726222081861
3.732734229673
3.739267685846
3.745791067902
3.752292696199
3.758783766179
3.765312101578
3.771898574316
3.778527858274
3.785919482156
3.792444999474
3.798936965199
3.805397857661
3.811889458483
3.818365632428
3.824795237703
3.831198766804
3.837624048634
3.844053441482
3.850466103260
3.856770346108
3.863140988742
3.869341679862
3.875645072716
3.881939947497
3.888205028610
3.894476448646
3.900757321330
3.907106870227
3.913557409296
3.920175016953
3.926993460480
3.933267956785
3.939460955084
4.120889376900
4.129344774698
4.138125306774
4.147357432626
4.156819291409
4.166404791515
4.176007293224
4.185565508177
4.195116439501
4.204744336009
4.214504943237
4.224181374714
4.233865454864
4.243650497392
4.253458479327
4.263596022457
4.273841551952
4.284499058299
4.295248628203
4.305849366383
4.316505625496
4.326887575260
4.336923509370
4.346671597364
4.355998557155
4.365627307036
4.373821070466
4.382617270719
4.976228723907
4.980665235673
4.985109577523
4.990136987664
4.995146401043
5.000156276191
5.005169900264
5.010182529815
5.015141991446
5.020076465233
5.024983658280
5.029853744028
5.034745563879
5.039808210933
5.044846653622
5.050090722491
5.056371256129
5.061699142116
5.066452118683
5.071509781499
5.076847623124
5.286501260408
5.292756057400
5.298050618160
5.303084403766
5.308356751036
5.313617233172
5.318874478604
5.324084317234
5.329311445790
5.334578748456
5.339848251879
5.345120437190
5.350412125466
5.355645270242
5.360891858469
5.366153675340
5.371397483180
5.376632025245
5.381870141114
5.387137034294
5.392450357380
5.397841727244
5.403243315019
5.408638906533
5.414083927190
5.419604002320
5.425098938427
5.430779702344
5.436502332490
5.442125278790
5.448058690104
5.453976038253
5.459546673961
5.465186974264
5.470852388460
5.477028463764
5.483007920779
5.488892570251
5.494868479428
5.500911175655
5.507022877282
5.513211001703
5.519447967103
5.525831531134
5.532257207244
5.538804095352
5.545284984456
5.552025044376
5.563627501802
5.570019665386
5.576523249603
5.582924426120
5.589693395859
5.596284764154
5.602660761406
5.609239106449
5.615698071031
5.622136968133
5.628732825986
5.679513941080
5.685454087031
5.691041243417
5.696885728851
5.702878352431
5.708853733459
5.714963928940
5.721095967912
5.727295741255
5.733495772535
5.739773294260
5.745981779349
5.752203992143
5.758366395202
5.764493050290
5.770521181473
5.776574438813
5.782526962532
5.788538884441
5.794579876580
5.800717189801
5.806898079583
5.813151768389
5.819365709872
5.825426756415
5.831562742072
5.837638167055
5.843927938442
6.051180864612
6.057789295989
6.063536276581
6.069458502339
6.075747976824
6.082006054951
6.088174751586
6.094191573744
6.100488272697
6.106821470227
6.113147305321
6.119514175567
6.125910442018
6.132311025889
6.138698238358
6.145047647990
6.151381412882
6.157738535227
6.164091452243
6.170421188044
6.176679763369
6.182881302168
6.189016039616
6.195089517241
6.201125850211
6.207196075459
6.213455661584
6.219559369898
6.225698979676
6.231879339103
6.238073190584
6.244155109567
6.249891866994
6.255929970824
6.262224333416
6.268482279654
6.274762272740
6.281029522037
6.287288522961
6.293565511314
6.299879269966
6.337925743763
6.343616768686
6.349554627564
6.355529790955
6.361454701489
6.367362184161
6.373258323134
6.379179014490
6.385131079476
6.391120939822
6.397149873063
6.403228377350
6.409384497493
6.415650410842
6.422059747222
6.428559492216
6.435153542335
6.441873722726
6.448699882820
6.455714344732
6.462932206500
6.470292291735
6.478021492523
6.485850821139
6.494130483964
6.502377811108
6.511305774437
6.520053571781
6.528876099202
6.537947908625
6.547042224579
6.556021136950
6.565362404228
6.575297345212
6.585092731289
6.594618722542
6.603922501852
6.613060111181
7.136940055575
7.142712128720
7.147771290550
7.152749434257
7.157884285682
7.163133828430
7.168478009883
7.173889304949
7.179302840840
7.184744932660
7.190178165875
7.195584298353
7.200956056226
7.206303373734
7.211638569188
7.216956606262
7.222262871808
7.227472097152
7.232631965035
7.237769507586
7.242875302828
7.247990812129
7.253155987630
7.258389858453
7.263912211016
7.269558545716
7.274715728847
7.279862891344
7.285090367656
7.290374357480
7.295681235027
7.300976424805
7.306319149631
7.311686232932
7.348499633475
7.353667653252
7.358929671675
7.364178265609
7.369510900605
7.374864559063
7.380229322697
7.385460683792
7.459200045948
7.464423637877
7.469651451435
7.474895482427
7.480186557189
7.485527288451
7.490891771849
7.496321852524
7.501774379428
7.507240486268
7.512713355291
7.518189521583
7.523675393039
7.529159314006
7.534657631076
7.540137322871
7.545567021053
7.550980587096
7.556490165445
7.561945981462
7.567396449296
7.572894148631
7.578398959612
7.583819791767
7.589152286606
7.594580713341
7.600030887255
7.605483088032
7.610924531246
7.616396564638
7.621816884034
7.627252911219
7.786596982182
7.792407181395
7.798267623299
7.804336078601
7.810462037901
7.816585337643
7.822699941988
7.828823267296
7.834948374815
7.841194788550
7.847443852010
7.853739424853
7.860083035717
7.866467909879
7.872909437364
7.879431366190
7.886054255785
7.892658239142
7.899227862253
7.905858032133
7.912510909999
7.919139290605
7.925796983881
7.932448522501
7.939093661342
7.945764191614
7.952492683196
7.959231039569
7.965770631065
7.972386465422
7.979030057103
7.986025049622
7.992563565399
7.998975293510
8.005511983974
8.012154182433
8.018843583549
8.025468271990
8.032008210901
8.038632733780
8.045383691116
8.052136879139
8.058750877673
8.128305643682
8.135433316509
8.142478629072
8.149387802003
8.156384578643
8.163392877543
8.170445508500
8.177550938547
8.184841616372
8.192731354166
8.199064471350
8.206051230250
8.213212168920
8.220402369927
8.227649675663
8.234903219393
8.242225948737
8.249372598909
8.256593867125
8.263987155781
8.271240862184
8.278480790620
8.285635077623
8.292468257887
8.299005012399
8.305794147825
8.312936193949
8.319972043076
8.326932896950
8.333871590001
8.340732148558
8.347467334339
8.354136156066
8.360922080183
8.367646609340
8.374348140912
8.381033158824
8.387704157305
8.394359751384
8.401014793888
8.407673122738
8.414328434707
8.420983838233
8.427654576526
8.434331122573
8.441005595043
8.447692325779
8.454359220709
8.461104873391
8.467733418616
8.474289698538
8.480890149549
8.487541823552
8.494300243370
8.501154346291
8.507862498485
8.514502609613
8.521165200383
8.596177382960
8.601930313306
8.608153230408
8.614487086223
8.620805247001
8.627208062583
8.633673622342
8.640258521170
8.646909857331
8.653642559998
8.660407748407
8.667212565623
8.674036108831
8.680943255153
8.687935019884
8.695137014935
8.702538004801
8.710048084479
8.717755299733
8.725884353741
8.734078685657
8.742538927831
8.751090719949
8.759770317438
8.768518740122
8.777293842001
8.786279512062
8.795354108171
8.804515577918
8.813705649312
8.823476826084
8.832927372906
8.842652806771
8.852110910054
8.861155704642
9.370709195602
9.377231705078
9.383608484724
9.390088801178
9.396611202289
9.403184649423
9.409768060282
9.416286401101
9.422857869282
9.429439787918
9.436448026611
9.442962094796
9.449356203728
9.455747908126
9.462167594572
9.468561834444
9.474883807033
9.481140165464
9.487376006635
9.493592327194
9.499864984054
9.506131014725
9.512376101103
9.518554167616
9.524699596518
9.530758841229
9.536731215083
9.542682943025
9.548596892393
9.554443662615
9.559819176495
9.565571126836
9.571236907815
9.576848006943
9.582434729670
9.588001004907
9.593561234774
9.599132129418
9.604694655821
9.610281854172
9.615860714576
9.621434426846
9.627008016514
9.632587417653
9.638159313748
9.643716974505
9.649273300247
9.654843590273
9.660418938418
9.666035891444
9.671661644457
9.677221207815
9.682863309631
9.688482561647
9.694512765211
9.700084425360
9.705682865301
9.711696712958
9.717296506439
9.723014122929
9.728778724049
9.734569361709
9.740336485241
9.746118025261
9.751934206590
9.757743371213
9.763540292808
9.769336985063
9.775122456440
9.780887087919
9.786627425590
9.792340484271
9.798045216436
9.803704078693
9.809352783589
9.814990224250
9.820620647264
9.826256396885
9.831910490267
9.837582560270
9.843290056866
9.849018959273
9.854882176057
9.860913438852
9.866640115306
9.872223499589
9.877893505282
9.883572506961
9.949864721164
9.955522280356
9.961261517327
9.966886480468
9.972534219914
9.978041458753
9.983584950043
9.988560979648
9.994313681398
10.000039809825
10.005761560670
10.011465147506
10.017222327010
10.022864331739
10.028421386610
10.034030360766
10.039744661206
10.045456240559
10.051187148611
10.056950680779
10.062762550237
10.068606078625
10.074482441646
10.080397467742
10.086349478913
10.092343060111
10.098379537369
10.104478599866
10.110691481391
10.117074131494
10.123672617607
10.130431896024
10.137439313060
10.144582760387
10.151799101858
10.159113937330
10.166735058731
10.174661293926
10.181948219349
10.189333832050
10.195308176209
10.202581117266
10.402234732234
10.407339821848
10.413474379844
10.419663787412
10.425901183585
10.432161480124
10.438413139009
10.444755627664
10.451142774277
10.457598663131
10.464070324261
10.470632391547
10.477273220453
10.483971481505
10.490823537402
10.497624424216
10.504362446174
10.511029320151
10.517668112856
10.524286273122
10.530825236405
10.537370235894
10.543776687495
10.550236237592
10.556799585596
10.563467301194
10.570242137190
10.585555268739
10.592150240165
10.598819830359
10.605526787856
10.612265996497
10.619128494874
10.625819632810
10.632513540820
10.639225000125
10.645941936568
10.652572504592
10.659316808583
10.666110521993
10.673079982602
10.679829210785
10.687845606948
10.694020772329
10.700702286051
10.707252265190
10.713721519199
10.720149377977
10.726613174927
10.733081971854
10.739532389013
10.745990636607
10.752441390531
10.758892871144
10.765413724495
10.771995346875
10.778603526875
10.785247237177
10.791928478976
10.798660264469
10.805383226186
10.812087586834
10.818799819521
10.825516690254
10.832266888959
10.839069764019
10.845939443918
10.852931857899
10.860080596199
10.867298084035
10.874233547662
10.881425850221
10.888540167240
10.895863702734
10.903052555668
10.910332832313
10.917605293072
10.925065870915
10.932702968270
10.940568311797
10.947134454703
10.955348086051
10.962752913594
10.970332289814
10.979575921419
10.987501871438
10.995299934325
11.004484774762
11.012315583610
11.019981481002
11.027296663438
11.034758099782
11.048623090112
11.055583966928
11.062495756794
11.068813696334
11.075534620554
11.082272072034
11.089133012711
11.096039662559
11.102915923496
11.109766658943
11.116641175691
11.123571246908
11.130551170991
11.137638061309
11.144823041021
11.152058258192
11.159488182213
11.167159721775
11.175034037057
11.183125653676
11.191551742759
11.200255525574
11.209224406957
11.218452935841
11.227949260585
11.237643851065
11.247587197366
11.257641591692
11.267687473494
11.276149884729
11.867148864427
11.871954673652
11.877518229705
11.883479086927
11.889453254153
11.895504275870
11.901649060064
11.907868091581
11.914114284547
11.920380600481
11.926567020669
11.932677602550
11.938704496628
11.944661533805
11.950535819816
11.956363491946
11.962129011247
11.967857142857
11.973443549321
11.978924942701
11.984331560779
11.989610780154
11.994816753860
11.999903223603
12.004967581026
12.010043511360
12.015071013210
12.020114819381
12.025313611973
12.030454003110
12.035624160108
12.040826947849
12.046022722051
12.051235617867
12.056482365197
12.061946556303
12.119959853330
12.125006193284
12.130399575010
12.135471326322
12.140641040942
12.145796668076
12.151011167019
12.156256770270
12.161580951544
12.166969365088
12.172384667729
12.177869552173
12.183354863086
12.188927020850
12.194531996445
12.200171756078
12.205713459807
12.211404276811
12.217108078986
12.222802741142
12.228449979349
12.234053496808
12.239721988858
12.245281053118
12.250830802566
12.256358215918
12.261874818082
12.267378932750
12.272891409426
12.278376651016
12.283849589550
12.289340015401
12.294822772275
12.300302728277
12.305813513996
12.311412585515
12.317065484533
12.322969393925
12.328741346442
12.334391399515
12.340115899653
12.345768585714
12.351282564995
12.356831630012
12.362478715039
12.368313127189
12.374256917728
12.380321296806
12.530610336151
12.536010602404
12.540960863121
12.546567292243
12.552240012643
12.557902172674
12.563640686174
12.569360898862
12.575109967147
12.580876585254
12.586711827724
12.592541888354
12.598374414007
12.604063736246
12.609827450430
12.615586155884
12.621261656800
12.626908889518
12.632550629353
12.638179527464
12.643784514600
12.649352312239
12.654881186527
12.660376939419
12.665861851229
12.671319215141
12.676748778909
12.682155783342
12.687511137336
12.692911737448
12.698401657690
12.703914705202
12.709537144853
12.715134359361
12.720672237351
12.726167922901
12.731641067757
12.737119547089
12.742719915079
12.748208056329
12.753744796761
12.759263841226
12.764760642665
12.770251829216
12.775639579030
12.781115249101
12.786371616254
12.791862274670
12.797350690435
12.802755151938
12.808212233456
12.813551311562
12.819062996514
12.824729376074
12.830357554165
12.836020928755
12.841667323030
12.847388991843
12.853101904822
12.858830009277
12.864490231679
12.870259013142
12.876037779035
12.881836820031
12.887701195562
12.893603218416
12.899482000038
12.905379746248
12.911289401054
12.917246915383
12.923213669927
12.929179751086
12.935119998861
12.941010977380
12.946887464009
12.952720760697
12.958523905948
12.964346595522
12.970156635679
12.976019734438
12.981965813527
12.987904989212
12.993858789692
12.999758425985
13.005493606734
13.011456701876
13.177037777849
13.182351629335
13.187527648492
13.193025285258
13.198669693658
13.204532006090
13.210476771362
13.216567541039
13.222693699242
13.228852073862
13.235061236449
13.241386705927
13.247525995528
13.253798728679
13.259978714528
13.266082133039
13.272138117829
13.278413774388
13.284609682301
13.291129767422
13.297774295623
13.304131095435
13.310618605574
13.446006147831
13.451526088774
13.456738681698
13.462753337351
13.468747269322
13.474838306101
13.480928992490
13.487022118332
13.493125889405
13.499191353978
13.505361386441
13.511582908901
13.517777040547
13.523980334097
13.530177710583
13.536324249003
13.542439615803
13.548530620193
13.554559479726
13.560583091976
13.566596558177
13.572579378422
13.578466240570
13.584341557071
13.590204829294
13.596058204455
13.601863132479
13.607647095236
13.613435589381
13.619183972634
13.624939195461
13.630688926382
13.636431322982
13.642223943860
13.648097472297
13.654135905510
13.660281311331
13.666219874691
13.672046487289
13.677901961097
13.683740320557
13.689641869044
13.695436600100
13.701478669684
13.707270126309
13.713091299680
13.739651471134
13.745164725598
13.750833474163
13.756618478174
13.762903380686
13.769299741887
13.775584120600
13.782079256943
13.788603518383
13.795348652227
13.801870314852
13.808322244124
13.814688865627
13.821058366638
13.827520046254
13.834091047989
13.840872007997
13.847829292604
13.854797436838
13.861704812594
13.868625054432
13.875536136646
13.882530323175
13.889381059793
13.896051640276
13.902714337553
13.909350252937
13.916017813700
13.922763801296
13.929212942637
13.935955404532
13.942784556523
13.949639999035
13.956597568194
13.965150749253
13.972138290141
13.979016244824
13.986042634693
13.993083806675
13.999982558138
14.007178312113
14.014119228349
14.021097060086
14.028054182681
14.034864251818
14.041738515492
14.048830504074
14.054725266421
14.060776847888
14.066949812706
14.073136237920
14.079339645582
14.085548184947
14.091743810764
14.097880610259
14.103981036624
14.110024330728
14.116041827815
14.121991739506
14.127958634428
14.133996437722
14.140152800562
14.145827697599
14.151794735198
14.157846163108
14.163892328924
14.169992277794
14.176042286789
14.182093412905
14.188318380171
14.194514277108
14.200756429659
14.206883337880
14.213001355185
14.219132019766
14.289788832620
14.295196511521
14.300303792064
14.305976853385
14.311894847164
14.317839961352
14.323720468211
14.329680831487
14.335777802103
14.341954757516
14.348125328643
14.354347140655
14.360638867402
14.366930522313
14.373210413470
14.379444299828
14.385684325278
14.391947630716
14.398163855495
14.404350935680
14.410504533506
14.416645555630
14.422788577694
14.428845950853
14.434896679658
14.440988235905
14.447052938632
14.453142537482
14.459233586595
14.465261398002
14.471157369041
14.477124548193
14.483147431911
14.489257626010
14.495336863225
14.501431638936
14.507495785720
14.513797469150
14.519967486114
14.526114412115
14.532296284797
14.538396944686
14.544459382476
14.550832273292
14.556965595754
14.563019961266
14.569415890389
14.600905059960
14.607326242015
14.613919727583
14.620695616864
14.627660260789
14.634710764377
14.641940473054
14.649268942410
14.656557323836
14.663928250449
14.671436224241
14.679030903003
14.686652909903
14.694282631839
14.701927715728
14.709612201451
14.717306172170
14.725008877790
14.732697097183
14.740367068510
14.747977126178
14.756070595041
14.764179572737
14.771793860517
14.779449923220
14.787091481033
14.794788682636
14.802457479675
14.810176197518
14.817884185219
14.825351655874
14.831992621260
14.839864965092
14.847572139770
14.969646349827
14.976183222024
14.982853839915
14.989639582562
14.996626942763
15.003734727184
15.010983368957
15.018296401463
15.025598605766
15.033000295091
15.040418587667
15.047760077648
15.055119291913
15.062579878105
15.069929477578
15.077306913135
15.084737867140
15.092209089827
15.099758143903
15.107638167398
15.115067632439
15.122440934726
15.130042943083
15.137768681735
15.144938885362
15.152697774928
15.160209010180
15.167974628722
15.250810695804
15.255571772759
15.261143976745
15.266740346250
15.272402315110
15.278230981466
15.284236415475
15.290445059078
15.296731718062
15.303207907825
15.310175792091
15.317291277767
15.324632718782
15.332233856204
15.339924308169
15.347917798350
15.356551438990
15.364539437774
15.373470849979
15.382171579414
15.390580734411
15.399941560056
15.409317682273
15.419072701782
15.428956660807
15.438544130974
16.202062124454
16.206879445600
16.211546902601
16.216228833116
16.220908305561
16.225554105270
16.230187831303
16.235154456503
16.240616217672
16.245976418969
16.251602958750
16.257982856804
16.262777140187
16.267441581495
16.272114449434
16.276816405099
16.281236079395
16.316822049071
16.320928786862
16.324969798752
16.329286542178
16.333596900319
16.337929368507
16.342288557718
16.346687279415
16.351116707068
16.355568819356
16.360064673954
16.364581050659
16.369188583002
16.373924165350
16.378752574745
16.384229189579
16.526239107192
16.530465885094
16.535325619848
16.540230977805
16.545098626366
16.550076287080
16.555171869021
16.560350273038
16.565587640909
16.570909161316
16.576282571023
16.581687713119
16.587095860354
16.592522424164
16.597993153299
16.603526663634
16.609193129235
16.615057883232
16.621257694247
16.627192716299
16.632862408545
16.638597801325
16.644333181265
16.650013173448
16.655621005430
16.662145922593
16.668631143775
16.674841732667
16.681700998846
16.688530585067
16.694685374770
16.701159030770
16.707798830753
16.715627838240
16.722195135845
16.729248288763
16.736214974714
16.743113247915
16.750285089257
16.756986088209
16.763574085816
16.770111833140
16.776571980270
16.782878385435
16.789063873853
16.795228353318
16.801354170181
16.807488846103
16.813613889900
16.819761154497
16.825930135108
16.832080178781
16.838224022808
16.844352011935
16.850472773259
16.856693737942
16.863161829239
16.869553801718
16.875877954814
16.882078199958
16.888271741905
16.894345739457
16.900577467777
16.906810602983
16.913116311925
16.919636202340
16.925921556663
16.932351322345
16.938589928360
16.944931924268
16.951621130970
16.958026632030
16.964326199319
16.970492994980
17.072394821391
17.077935203643
17.083551354648
17.089250121787
17.095021143342
17.100839512945
17.106698974278
17.112659409953
17.118610971198
17.124599308005
17.130576269909
17.136566980554
17.142571349613
17.148620176631
17.154732005244
17.160833934899
17.167000117802
17.173128901150
17.179210802824
17.185271307574
17.191377902715
17.197465981769
17.203560306438
17.209680530556
17.215862228919
17.222331269621
17.228854292175
17.235456649127
17.241847981771
17.248130226290
17.254570567533
17.260845883048
17.267322025410
17.273477303373
17.279886789667
17.286365766942
17.292818261295
17.299248123401
17.305552653107
17.311945997159
17.318358783363
17.324769728738
17.331178721565
17.337618449890
17.344002355000
17.350395271476
17.356793178335
17.363051564408
17.369309283011
17.375661419309
17.381965718943
17.388316504269
17.394606637417
17.400957302236
17.407376721728
17.413851185076
17.420331094149
17.426753931689
17.432749941233
17.439291466591
17.445432569539
17.502982086397
17.508680204254
17.513393635623
17.519017178400
17.524820173764
17.530746156833
17.536739156829
17.542803591619
17.548865696516
17.555053912361
17.561199371894
17.567352826966
17.573510174670
17.579721480026
17.586128496541
17.592791163016
17.598928168786
17.605194627559
17.611354318176
17.617503414068
17.623562708832
17.629954735847
17.636232016162
17.704334147984
17.708920502526
17.714131473165
17.719354315230
17.724601584775
17.729849642279
17.735128924038
17.740408513987
17.745671374074
17.750929419715
17.756172848639
17.761392285144
17.766593764733
17.771799245945
17.777030691327
17.782257884316
17.787489790833
17.792747368454
17.798013376383
17.803304772217
17.808598520429
17.813919263556
17.819242172217
17.824615615273
17.829976804597
17.835345926315
17.840749133416
17.846179011815
17.851648064903
17.857180171764
17.862853438968
17.868634260468
17.874504762920
17.880362543331
17.886362763653
17.892545821368
17.898672375041
17.904955730928
17.911619164272
17.918435892197
17.925008502017
17.931541080940
17.938564577499
17.945419685580
17.952262092821
17.959129816183
17.966048055345
17.972932371806
17.979760286686
17.986583885360
17.993429788323
18.000346111832
18.007327046219
18.014293088578
18.021293321370
18.028327098569
18.035373039519
18.042449791272
18.049633277048
18.056850066557
18.064076036425
18.071386852250
18.078736119558
18.086081593214
18.093492180784
18.101045880070
18.108546154641
18.115998565124
18.123497204189
18.130991860686
18.139125426041
18.145224625569
18.152460955769
18.159801088074
18.167174435437
18.174626346441
18.182819277340
18.190333219991
18.197761449196
18.205311685609
18.213008271074
18.220583883080
18.228062138870
18.235521634362
18.242363238981
18.249217862024
18.256164544177
18.263183599121
18.270578160820
18.277740241541
18.284836008464
18.291900256860
18.299058136137
18.306180163901
18.313333838248
18.320559499978
18.327854343240
18.335335066191
18.343104549161
18.351097492281
18.359447805775
18.368221804409
18.377371619121
18.389962325721
18.399952238655
18.410038156189
18.418524447318
18.428430261409
18.438332404377
18.448346092750
18.458339586986
18.468761187740
19.123826349606
19.129514409234
19.134746433260
19.140875542879
19.146738975240
19.152706310773
19.158660247014
19.164661461055
19.170634657125
19.176610669236
19.182659138282
19.188678555486
19.194695029391
19.200681231984
19.206701280024
19.212711265254
19.218717747400
19.224778033780
19.230893974509
19.236981502515
19.243175706528
19.249391036017
19.255645558198
19.261905763655
19.267993479402
19.273973451525
19.279828287584
19.285496593907
19.291077209011
19.296519290088
19.301836729964
19.307106065858
19.312306680196
19.317453148121
19.322602375666
19.327730070891
19.332864255891
19.337934326966
19.343061382522
19.348190492514
19.353331712093
19.358505227422
19.363653404313
19.368816812354
19.374056660583
19.379252200097
19.384438935624
19.389608519398
19.394803209356
19.399934219268
19.405092633055
19.410209233053
19.415277473199
19.420361706822
19.425403981406
19.430426758158
19.435416490829
19.440368231813
19.445310822900
19.450259329584
19.455257081568
19.460309266195
19.465416229482
19.470623849268
19.475944531583
19.481394587374
19.486912480767
19.492438567765
19.498184807713
19.504000995369
19.509919035006
19.515886198842
19.521819184787
19.527877972928
19.533862705469
19.539486851254
19.546596023308
19.553155688657
19.559061225558
19.565018208175
19.570729396278
19.577330244393
19.580813910838
19.584397029036
19.588002565721
19.591700474729
19.595365284933
19.598657652502
19.602059080007
19.605631242004
19.615134608958
19.620610048168
19.625993274105
19.631461697076
19.636852330171
19.642196949943
19.647582709701
19.652931354371
19.658270855818
19.663625536431
19.668969291152
19.674306234529
19.679643552962
19.684992366800
19.690362662718
19.695726666965
19.701094957578
19.706478572710
19.711871486320
19.717290616018
19.722721925968
19.728171172612
19.733655144688
19.739182907352
19.744751345771
19.750989857573
19.756486047148
19.762035043541
19.767585923528
19.773100661867
19.778656674664
19.784208200744
19.789944171688
19.795928061110
19.802158542640
19.808255088727
19.814566893933
19.820861475817
19.827123732709
19.832776826750
19.839101952962
19.845460943756
19.851617359162
19.857789346437
19.863924784925
19.870006928095
19.876076706262
19.882114033283
19.888163954939
19.894205427536
19.900235401407
19.906272765914
19.912313068383
19.918443343144
19.924628208647
19.930846884082
19.937300345732
19.943839382366
19.950201437815
19.956557747319
19.962734816542
19.968877312754
19.974970332868
19.981418535745
19.987707999062
19.993912666698

