Time_s
0.275971553532
0.279598994909
0.282610584575
0.286161668480
0.289501714542
0.292845705482
0.296018769582
0.299269315230
0.302402641213
0.305551879156
0.308719451752
0.311857118209
0.314998058515
0.318133765430
0.321287236963
0.324452445208
0.327630018894
0.330839480488
0.334058050629
0.337301466071
0.340577270033
0.343869393528
0.347188850337
0.350543415832
0.353909170209
0.357291207412
0.360675580951
0.364078688334
0.367499106512
0.370921984222
0.374370140422
0.377827994519
0.381282955830
0.384749742261
0.388208022060
0.391658163316
0.395065282833
0.398449257391
0.401824986409
0.405210146198
0.408601585627
0.411984770289
0.415369173111
0.418755399679
0.422174989177
0.425606552255
0.429024094350
0.432508974292
0.435981129324
0.439472996855
0.442970549366
0.446486162358
0.450016309233
0.453638458700
0.457167644522
0.460826634240
0.464473076410
0.735736911587
0.739360815846
0.743148789147
0.746887719412
0.750719061894
0.754558031981
0.758377348059
0.762290648760
0.766236726221
0.770329424147
0.774463192788
0.778611027126
0.782795528391
0.787020133536
0.791282294195
0.795577722318
0.799867368123
0.804161181573
0.808464302335
0.812762880809
0.817082768989
0.821395300914
0.825710249019
0.830062637602
0.834386088703
0.838705793119
0.843042297673
0.847374710124
0.851694954944
0.856041231729
0.860395389182
0.864765084167
0.869127191331
0.873534603778
0.877925794712
0.882346075384
0.886815638934
0.891333930841
0.895797209075
0.900268929793
0.904742905926
0.909194609617
0.913686037744
0.918221758292
0.922786516606
0.927376389746
0.931768680561
0.935803483594
0.940430326539
0.945171450596
1.219011795905
1.223500635627
1.228176282519
1.232845363068
1.237435595035
1.242000447381
1.246676894830
1.251384516528
1.256154495139
1.261029941899
1.265967953717
1.270958930045
1.275944699579
1.280994091323
1.286181258620
1.291455598440
1.296862023677
1.302350557490
1.307964802558
1.313803563337
1.319860411047
1.325775190204
1.331346286540
1.337193764598
1.343082402146
1.348954742315
1.354729056654
1.360560757753
1.366210101820
1.372057170506
1.377960943590
1.383912012348
1.389969556250
1.396156043433
1.402093092443
1.408489103810
1.922312969192
1.927011324627
1.931503413211
1.935987855633
1.940427345531
1.944801737156
1.949147046134
1.953453678285
1.957681233977
1.961896083140
1.966088062666
1.970241024839
1.974396139416
1.978500899888
1.982665454936
1.986861055163
1.991067369256
1.995254296177
1.999528576780
2.003704578203
2.218103400843
2.222042826533
2.225945153826
2.229905976540
2.233870211789
2.237876169144
2.241938815230
2.246005724027
2.250124588829
2.254260460723
2.258445867172
2.262632498669
2.266828440639
2.271046778072
2.275240668127
2.279419141405
2.283598500537
2.287758674000
2.291922924559
2.296077242845
2.300211425266
2.304321642535
2.308450837659
2.312594604260
2.316796984933
2.321230092532
2.462855173543
2.466480266588
2.470196426347
2.474381574704
2.478641565339
2.482963596035
2.487368388531
2.491769177765
2.496169257528
2.500573311359
2.505135131785
2.510062812116
2.514693658985
2.519222968592
2.523675808510
2.528551770576
2.533563678457
2.538607502806
2.543722525976
2.548627030626
2.553762282905
2.559529089212
2.564462815266
2.569502730442
2.574480130325
2.579098329500
2.584584357310
2.589102303866
2.593974450364
2.598707801261
2.603554037936
2.608433000592
2.613163966955
2.618008865965
2.622749771324
2.627452727209
2.632154089634
2.636900602468
2.641575890595
2.646234178831
2.650959396148
2.655619321963
2.660370431755
2.664991834294
2.669671898800
2.674346499879
2.679000177821
2.683616058929
2.688245587957
2.692901891456
2.697547932117
2.702188225202
2.706836707674
2.711433892570
2.716072995269
2.720692177062
2.725289852893
2.729930196504
2.734571203339
2.739188773070
2.743815229361
2.748373388588
2.753032917535
2.757645108693
2.762228110956
2.766822028227
2.771381857629
2.775941289440
2.780499071301
2.785088472222
2.789666847775
2.794208083092
2.798878008785
2.803425293120
2.808020218299
2.812652553025
2.817295425715
2.821964110318
2.826618127400
2.831376413545
2.836049641823
2.840880724896
2.845753009058
2.850492455505
2.855469746070
2.860487717218
2.865407279253
2.870509820466
2.875549685646
2.880468121157
2.885303963908
2.890109539241
2.894884430935
2.899660237486
2.904403170686
2.909168343399
2.913885614870
2.918623920826
2.923327301157
2.928059735982
2.932779267429
2.937408823537
2.942033643794
2.946601055780
2.951182947294
2.955658419845
2.960273063921
2.964916865237
2.969426701469
2.974076549593
3.167326412113
3.171391197334
3.175453094958
3.179613090254
3.183913158209
3.188200944417
3.192477310501
3.196830497581
3.201264252892
3.205799098793
3.210436306042
3.215109292210
3.219857561232
3.224608946981
3.229407545079
3.234208231629
3.239007254754
3.243831357769
3.248693709260
3.253558914804
3.258394281965
3.263281027455
3.267954362487
3.272857736260
3.277837744893
3.282976368310
3.287936299275
3.292871338094
3.297653227167
3.302360997739
3.307230126859
3.312092518458
3.316636424043
3.321354336767
3.325974772967
3.330584128034
3.335396480626
3.536412459658
3.540695723273
3.545291025846
3.550343199575
3.555112728586
3.559819399709
3.564512945296
3.569136665658
3.573819167422
3.578432142686
3.583040223796
3.587689065203
3.592344917027
3.597057001549
3.601783928722
3.606500832148
3.611211323037
3.615905040625
3.620621838624
3.625351515941
3.630337969708
3.635270391670
3.640001485047
3.644522479617
3.649269606270
3.653805168083
3.658566637082
3.786531755808
3.791114213136
3.795784972425
3.800452955061
3.804969634005
3.809582205284
3.814182329203
3.818740334825
3.823325726466
3.827951360523
3.832630744935
3.837399632412
3.842245812500
3.847156560070
3.852122528037
3.857073724572
3.862120028893
3.867131474593
3.872275513947
3.877338717335
3.882543742871
3.887744873116
3.893094892377
3.898346634524
3.903763234673
3.909185605562
3.914424950277
3.920086905705
3.930741076821
3.941288204207
3.951418695562
3.961462293049
3.971650407903
4.165525446144
4.169846534494
4.174348643600
4.178918852333
4.183560380730
4.188276465221
4.193068445338
4.197919231246
4.202785599148
4.207742712078
4.212741562782
4.217789958372
4.222883153793
4.228026376671
4.233110650183
4.238229064197
4.243334267925
4.248472364177
4.253654226591
4.258976343974
4.264735269809
4.269963832601
4.275120995275
4.280262319610
4.285489174093
4.290722683078
4.295971104547
4.301236825800
4.306611087900
4.311876606376
4.317235835584
4.322620541044
4.328040660639
4.333375784232
4.338691085996
4.344119731139
4.349396714467
4.354778375838
4.360075049109
4.365387545205
4.370621153724
4.375870475185
4.381083193748
4.386338183780
4.391558153580
4.396799174441
4.401959832701
4.407342665119
4.412855004520
4.418270188354
4.434154757542
4.444655099440
4.455518112495
4.466718418850
4.478132635500
4.489739503493
4.501164679137
4.724618504593
4.734801409276
4.744670864861
4.755048163910
4.765607161167
4.776537249265
4.787196164906
4.798282164040
5.505476954448
5.508652180185
5.512078834885
5.515519128842
5.518947168564
5.522401682714
5.525868674412
5.529363325129
5.532857339813
5.536396989714
5.539945920941
5.543614304984
5.547410544146
5.551343724157
5.555176759125
5.558485211841
5.561455603514
5.564835248270
5.568104344269
5.571562257086
5.575065443335
5.578800195361
5.582090390198
5.686786129358
5.689809626663
5.693372757510
5.696982703191
5.700733165417
5.704582908193
5.708311167666
5.712038048506
5.715760966346
5.719487688847
5.723231795998
5.726979136783
5.730788764773
5.734560521107
5.928085506741
5.931691107738
5.935409228683
5.939185825677
5.942965483378
5.946756838578
5.950582135241
5.954438195901
5.958311248992
5.962181302927
5.966078914037
5.970006397097
5.973933023244
5.977850266217
5.981743292435
5.985677623190
5.989609130688
5.993548828966
5.997471620742
6.001385793925
6.005321895848
6.009267999083
6.013180597145
6.017109375527
6.021000932698
6.024893226323
6.028816121754
6.032745633513
6.036823280836
6.040779349521
6.044686509767
6.048624816072
6.052611760986
6.056549375708
6.060518289189
6.064458989790
6.068419774661
6.072465993541
6.076492237829
6.080479970968
6.084393222822
6.088414558768
6.092460556423
6.096294127276
6.161015810069
6.164677804762
6.168269127792
6.171972600884
6.175650524180
6.179269754130
6.183649450398
6.241311126946
6.246097714112
6.250599028344
6.255161048062
6.259748867807
6.264388409376
6.268970784133
6.273681998361
6.278340016019
6.282989594887
6.287618856952
6.293316255226
6.297780394794
6.302335545038
6.306842889035
6.311551071803
6.499057541703
6.502658353714
6.506734751514
6.510758795042
6.514826186153
6.518930720909
6.523091142143
6.527314142436
6.531579394639
6.535859420196
6.540164221808
6.544498339817
6.548849043158
6.553214685190
6.557590528424
6.561986161903
6.566383758900
6.570775520135
6.575143591530
6.579482556152
6.583833447148
6.588126902604
6.592413884549
6.596601838496
6.600816718005
6.604937499671
6.609053042507
6.613144105236
6.617250915489
6.621388285236
6.625559357987
6.629801890830
6.634057959027
6.638403778867
6.642595392669
6.646699126434
6.976697635799
6.980333690020
6.984602559124
6.988954460182
6.992905311658
6.997336222001
7.001810724649
7.006139936295
7.010550698153
7.014893217318
7.019292014034
7.023699757825
7.028105307536
7.032552793789
7.036968251983
7.041445439787
7.045906665238
7.050407572910
7.054914567686
7.059461588083
7.063910557416
7.068443637242
7.072903650486
7.077396943608
7.081894591942
7.086613040516
7.091324697550
7.095937256657
7.100617946231
7.105428266046
7.109971570833
7.114568325831
7.215504544158
7.219515029191
7.223962773687
7.228494365935
7.233126986663
7.237801090076
7.242513613867
7.247300110869
7.252067905363
7.256894211705
7.261752884194
7.266625668930
7.271548869089
7.276473328412
7.281473769033
7.286502488533
7.291561214063
7.296594095850
7.301620092313
7.306673677251
7.311603017744
7.316724394806
7.321737622611
7.326799503909
7.331867896628
7.336812269968
7.341888509250
7.346801837737
7.351725501300
7.356499015731
7.361349214787
7.366038688557
7.370759726779
7.375472658170
7.380285261454
7.385209169653
7.836357285883
7.839781207083
7.843425012725
7.847083166355
7.850868588719
7.854691912129
7.858491752925
7.862382200504
7.866319549727
7.870395805321
7.874430855231
7.878653749045
7.882794352456
7.887044444973
7.891152641897
7.895425749707
7.899547112111
7.903729578788
7.907838440297
7.912039491988
7.916125712256
7.920295626055
7.924343057717
7.928473049910
7.932459595038
7.936474141801
7.940379033105
7.944267387838
7.948154283142
7.952000422056
7.955911902905
7.959863718715
7.963863756706
7.967982548797
7.972165969694
7.976275228945
7.980351050909
7.984431847526
7.988454423911
7.992464119608
7.996562252860
8.000635386489
8.004683211824
8.008767183769
8.012748018638
8.016812547171
8.177740744338
8.181303233540
8.185074765799
8.188819420763
8.192606731572
8.196406617543
8.200269812723
8.204189699204
8.208139844651
8.212174479510
8.216254413656
8.220351951731
8.224481198377
8.228674517680
8.232823722648
8.237050347748
8.241283214770
8.245520100844
8.249746552682
8.254055802339
8.258371363962
8.262641781611
8.266679209947
8.270686160747
8.274805053237
8.504964028716
8.509478876810
8.513773435888
8.518359368839
8.522870242515
8.527458593013
8.532077797921
8.536721075393
8.541173714671
8.545565166406
8.550147840403
8.554946763645
8.559761205941
8.564612510513
8.569484246797
8.574418602356
8.579342391999
8.584358771367
8.589361698613
8.594371592595
8.599466435036
8.604575969719
8.609753967665
8.614925075986
8.620142113457
8.625378104085
8.630680189419
8.635984454723
8.641261634304
8.646544947909
8.651854420554
8.657102026867
8.662344655526
8.667789327218
8.673497546017
8.862882474198
8.867668242131
8.872596403817
8.877656514797
8.882481318052
8.887526850862
8.892512506420
8.897585021996
8.902672756765
8.907765661093
8.912981471785
8.918379561149
8.924258127655
8.929364037595
8.934427867505
9.138689385653
9.143315356148
9.148172451551
9.152988911062
9.157724520934
9.162463701646
9.167153972203
9.171817523376
9.176459295552
9.181130238939
9.185818000136
9.190532067156
9.195263373436
9.199919863822
9.204634777844
9.209288835037
9.213992575648
9.218714348213
9.223496204744
9.228302185702
9.233129063723
9.237995211193
9.242884148206
9.247762792980
9.252608192713
9.257458411203
9.261762469836
9.266365188356
9.271075261372
9.275786244936
9.280631940809
9.285393454139
9.290291439501
9.294913039468
9.299455838592
9.386790813026
9.391095682626
9.395651152289
9.400259812276
9.404935429001
9.409758465466
9.414671102662
9.419674051842
9.424757209681
9.429919033262
9.435170920834
9.440451363764
9.445801397176
9.451203592516
9.456714237080
9.462174605278
9.467713672490
9.473204898411
9.478777379020
9.484326492383
9.489915030072
9.495490460141
9.500981857446
9.506492594889
9.511757954320
9.517305015817
9.522276359337
9.527620023112
9.532383382663
9.537713901841
9.961783810456
9.966283954023
9.970838045681
9.975355433009
9.979842318104
9.984290119232
9.988578210050
9.992898823887
9.997153816796
10.001386624594
10.005605808703
10.009790017788
10.013945103955
10.018113882432
10.022811094080
10.026680770025
10.030800568621
10.035033660661
10.039167440105
10.043239681109
10.047322261596
10.051576373175
10.055721030014
10.059867471647
10.063987346038
10.068044889562
10.072245046671
10.076436703056
10.080595325134
10.084803598603
10.088992851355
10.093140359824
10.097391975011
10.101679904442
10.105883524852
10.110201462802
10.114471714196
10.118724621151
10.123030530685
10.127339523318
10.131641323221
10.135932427219
10.140261436992
10.144677005395
10.149086267679
10.153048116801
10.157233363403
10.161475073330
10.165672225697
10.169868224295
10.174068655300
10.178243911347
10.182452827429
10.186668914954
10.190890210738
10.195142525502
10.199394584613
10.203634293267
10.207929786624
10.212189461446
10.216506020700
10.220799567110
10.225068136692
10.229404334552
10.233691128147
10.237918271155
10.242154168490
10.246381800347
10.250622283087
10.254780670995
10.258998258250
10.263188998205
10.267398339588
10.271565847804
10.275739448083
10.279954392636
10.284217308287
10.288531213097
10.292843234112
10.297077764966
10.301393817872
10.305845506943
10.310694010785
10.315157854128
10.319790192767
10.324283258798
10.328801256005
10.333331298304
10.337778655832
10.342141910589
10.346383421537
10.350573942280
10.354349464805
10.358191282917
10.362145662110
10.366069959932
10.370047581086
10.374088031399
10.378115767476
10.382181515538
10.386249363082
10.390318297484
10.394441405665
10.398578052610
10.402802220332
10.407133125173
10.510469757491
10.515355990800
10.520214034231
10.524848121582
10.529714654299
10.534619795172
10.539504732873
10.544472811444
10.549618985387
10.554530508621
10.722497761487
10.726356214694
10.730687586680
10.734976299303
10.739308165116
10.743640807226
10.747980615333
10.752397448133
10.756819606542
10.761245695916
10.765609862098
10.770000709898
10.774407036376
10.778819775166
10.783266074450
10.787750603085
10.792270921476
10.796777181698
10.801299292336
10.805875607016
10.810446509150
10.815013902170
10.819582902146
10.824137150050
10.828667190428
10.833188669167
10.837725854942
10.842289677061
11.120730210253
11.124629463113
11.129030787823
11.133273352673
11.137566362552
11.141948253413
11.146379323757
11.150883408017
11.155538194295
11.160143063319
11.164770324584
11.169412808956
11.174116615429
11.178871478169
11.183618016773
11.188404767666
11.193223307791
11.198108352398
11.203001605172
11.207908686295
11.212836966229
11.217783980847
11.222773776470
11.227743320091
11.232684012669
11.237616574722
11.242412529951
11.247301993830
11.252230715135
11.257166859264
11.261943460002
11.266761703833
11.271733778544
11.276623374778
11.332221671312
11.336988360718
11.341714132507
11.346613013403
11.351377690802
11.356197866644
11.360903707673
11.365541998212
11.370231301982
11.374968993175
11.379777252936
11.384645672266
11.389559129564
11.394514441315
11.399532000705
11.404602315011
11.409711451578
11.414901309932
11.420096156281
11.425436539009
11.430906186249
11.436680542079
11.442040044242
11.447214936766
11.527998794021
11.533080104569
11.538334271964
11.543643879336
11.548999851855
11.554357791749
11.559694846524
11.564987524263
11.570252015642
11.575499844638
11.580668849915
11.585821538492
11.590981917202
11.596215596191
11.601493859496
11.606789187762
11.612107120301
11.617500917920
11.622918393897
11.628382246533
11.633843268983
11.639313692645
11.644836852752
11.650344682176
11.655857482769
11.661263794813
11.666752572821
11.672278287862
11.677882621086
11.683636128890
11.689215715732
11.694766453582
11.700318088884
11.705829143395
11.726239809172
11.732376123467
11.738028919000
11.743403829224
11.748682429264
11.754053313554
11.759426052032
11.764839274242
11.770285051962
11.775781308565
11.781244094357
11.786741272031
11.792258242576
11.797845374644
11.803461985805
11.809092934258
11.814883658844
11.820637948015
11.826514348929
11.831982602829
11.837457498746
11.842870642366
11.848205918874
11.957340658611
11.963454728406
11.969319931682
11.975147552257
11.981030801932
11.986965563208
11.993106786818
11.999125971348
12.005082214505
12.010973430896
12.016949815428
12.725730348025
12.729191414105
12.733392863512
12.737158420838
12.741036500366
12.744767019738
12.748525512447
12.752229433291
12.755889176298
12.759518470221
12.763147015066
12.766757255766
12.770364816874
12.773940582566
12.777499103981
12.781062779416
12.784610412213
12.788154718470
12.791599336026
12.795104244506
12.798604200255
12.802092289398
12.805575998145
12.809034513154
12.812470436317
12.815914800479
12.819339783260
12.822743790774
12.826111349497
12.829489388651
12.832852404332
12.836234189373
12.839590865846
12.842953144652
12.846315802083
12.849663587295
12.853035784817
12.856416338428
12.859841334140
12.863307440751
12.866828820484
12.870350767998
12.873898921807
12.877475249928
12.881058186858
12.884662257350
12.888293758352
12.891952575952
12.895616973317
12.899290879809
12.902981947009
12.906680893940
12.910382466304
12.914061831510
12.917726989299
12.921401063908
12.925056893885
12.928696230513
12.932321323720
12.935941557289
12.939550845916
12.943187227030
12.946800504342
12.950413514554
12.954000210062
12.957575909616
12.961120616846
12.964651035903
12.968194764441
12.971777330774
12.975385924244
12.979035299792
12.982768697175
12.986340021740
13.086160905767
13.089209634135
13.092676525870
13.096110006395
13.099551980832
13.103041220585
13.106577930117
13.110186161297
13.113872624127
13.117755965136
13.121581282496
13.125401140626
13.129235193088
13.133069422669
13.136928929039
13.140860260542
13.144768211428
13.148679639227
13.152549911518
13.156429165428
13.160311957673
13.164314506293
13.168310361945
13.172297635574
13.176314073030
13.180352465500
13.184403177722
13.188319933802
13.192333193612
13.196338088419
13.200318786195
13.204286228913
13.208271768146
13.212240416427
13.216212501386
13.220182561825
13.224154080410
13.228118684189
13.232082026695
13.236045316978
13.240012492727
13.243972618895
13.247934338946
13.251911661859
13.255905617180
13.259906701176
13.263997377886
13.268172158670
13.272358499036
13.276567387453
13.283276829589
13.287504442943
13.291758387375
13.295989697947
13.300054056048
13.307328025164
13.324078830531
13.336204064898
13.348008895966
13.359770801273
13.371792410416
13.383590836862
13.405396123499
13.410750623248
13.415346467385
13.419894208368
13.424313146495
13.428668302516
13.433084423804
13.437526952896
13.441957657674
13.446442333327
13.450947979663
13.455530706208
13.460221428040
13.464582118974
13.596203450042
13.600553399491
13.605033185207
13.609334425214
13.613932141686
13.618282546063
13.622790147804
13.627228755844
13.631648153268
13.636049224508
13.640457637233
13.644901438072
13.648706624516
13.652622216472
13.657040583405
13.661364790336
13.665694715764
13.670048206263
13.674412612640
13.678761959023
13.683128495453
13.687494286071
13.691877175690
13.696257378146
13.700646609267
13.705045937831
13.709435336044
13.713829242605
13.718208575026
13.722572248193
13.726947267533
13.731325193591
13.735682865230
13.740042526744
13.744396632740
13.748735332540
13.753068122443
13.757383201849
13.761688532231
13.765981118920
13.770229391121
13.774472899826
13.778697201667
13.782900882595
13.787078739883
13.791222946925
13.795335635540
13.799413484550
13.803476532461
13.807469759319
13.811420464988
13.815327070172
13.819209480828
13.823063741395
13.826953822387
13.830827553635
13.834701540360
13.838588365667
13.842494714858
13.846444752965
13.850444117985
13.854416110011
13.858456761678
13.862582510911
13.866896015609
13.988736764383
13.992612057401
13.996636521977
14.000669001389
14.004754821199
14.008968878617
14.013250617383
14.017703752908
14.022258153974
14.026980627718
14.031819894090
14.036782169157
14.041895236205
14.046802017098
14.051834758654
14.056810661592
14.061769296835
14.066663771047
14.071578406585
14.076453336800
14.081244536713
14.233753891609
14.238422590859
14.243035659929
14.247697049057
14.252543690644
14.257651890089
14.262601460972
14.484265887024
14.489304328146
14.494152211567
14.499002731592
14.503885619239
14.508744569530
14.513466218133
14.518295917689
14.523439873824
14.528521531178
14.533651511107
14.538897407285
14.544205621594
14.549480997574
14.559645284116
14.569470088242
14.579720375452
14.589946869695
14.600403756470
14.610976248251
14.621801483870
14.631982135901
15.146285990540
15.150514128010
15.154969340207
15.159382273220
15.163759392077
15.168080203301
15.172367515892
15.176638009339
15.180860965557
15.185076912805
15.189301993843
15.193472210001
15.197756562976
15.201879127457
15.206043689618
15.210354821981
15.214683894158
15.219017401367
15.223389673879
15.227822929613
15.232300478379
15.236825752423
15.241407332625
15.246027773795
15.250710913207
15.255465205587
15.260294583064
15.265184434575
15.270246222598
15.275354710827
15.280531704732
15.285828680125
15.291194708370
15.296608929043
15.302064604932
15.307650086997
15.313013982042
15.318852202201
15.322882437790
15.327324969299
15.331531041378
15.336310506149
15.341117624395
15.345166647859
15.349450511213
15.353941030467
16.472522393531
16.477223730523
16.481652825180
16.486209454889
16.490763884424
16.495326841342
16.499862218166
16.504383883104
16.508939239533
16.513484083873
16.517994117457
16.522379485214
16.527044749424
16.531714226324
16.536423614824
16.541149199854
16.545936373527
16.550765704262
16.555632172702
16.560545615472
16.565506217026
16.570506966858
16.575571820649
16.580707254272
16.585907218790
16.591185729844
16.596535584510
16.601933108954
16.607431653259
16.613090694324
16.618757091798
16.624311746371
17.104790162875
17.109794109786
17.114747591853
17.119664636863
17.124462382397
17.129308217963
17.134154842825
17.138988089260
17.144336002756
17.149144744561
17.153895849249
17.158724713585
17.163562747278
17.168369288799
17.173206611102
17.178033509926
17.182901030225
17.187784945218
17.192625225380
17.197480832540
17.202463243949
17.207587634322
17.212660793909
17.217403628118
17.222167424409
17.226930887689
17.231634668389
17.236333633405
17.241036911572
17.245752241769
17.250456562193
17.255157921634
17.259909949851
17.264806901849
17.269825031489
17.274804901352
17.279721362131
17.284538151392
17.289543462266
17.294692786451
17.299788532766
17.304846699930
17.310058132061
17.315253058935
17.320647738162
17.325717903249
17.466183797688
17.470350618038
17.474432714004
17.478686415965
17.482944130834
17.487229070777
17.491519090233
17.495823093305
17.500105668804
17.504400670874
17.508660217345
17.512907589289
17.517110598014
17.521350497030
17.525545743587
17.529729087788
17.533904716341
17.538064992185
17.542244813931
17.546392274985
17.550549193840
17.554671169935
17.558851700308
17.562932816227
17.567052709574
17.571156364987
17.575292291331
17.579448331699
17.583645871357
17.587927435033
17.592242057454
17.596570092753
17.600768762987
17.604878251740
17.609023385274
17.612999744494
17.617248197342
18.045376075143
18.048704409659
18.051972401877
18.055808509334
18.059816512909
18.063890893412
18.068035453307
18.072315385321
18.076611066229
18.080964331313
18.085337736061
18.089768749708
18.094239953704
18.098788205568
18.103396517931
18.108029235285
18.112594315254
18.117292860222
18.122062745302
18.126894709276
18.131697897590
18.136487008801
18.141396346509
18.146250018821
18.151060639426
18.155933399515
18.160750976237
18.165649026916
18.170461380377
18.175340878899
18.180182941649
18.185038807408
18.189878241855
18.194698597894
18.199556141886
18.204399231624
18.209219413512
18.214047882550
18.218808637203
18.223608570935
18.228404765491
18.233197083621
18.238008587599
18.242886020405
18.247688179339
18.252517232309
18.257354879642
18.262182303671
18.267039986504
18.271910663691
18.276769327798
18.281618663365
18.286499101527
18.291405125236
18.296250148859
18.301132681769
18.305990566020
18.310748491938
18.315525200638
18.320259227122
18.324914626435
18.329525078006
18.334169287426
18.338824006152
18.344040393994
18.348804230837
18.353468674148
18.358447960432
18.363142605311
18.367929905441
18.372866437155
18.377674940350
18.511286513842
18.515288854633
18.520191253652
18.525048275724
18.529972923168
18.534883378859
18.539878653228
18.544945886079
18.550050832468
18.555221411650
18.560465975532
18.565720606229
18.571065229993
18.576366179570
18.581676732953
18.587036161025
18.592388022933
18.597713869364
18.603034704411
18.608422062499
18.613812135296
18.619157277601
18.624500045438
18.629826486636
18.635144004830
18.640435724348
18.645743220962
18.651031973092
18.656329018760
18.661616484133
18.666924935419
18.672257156512
18.677671770804
18.683011976966
18.688409800447
18.693829882395
18.699402492621
18.918207474714
18.923540432438
18.928506750954
18.933494601833
18.938563187619
18.943598457117
18.948653507309
18.953767696354
18.958870249323
18.964024847634
18.969184834508
18.974414773992
18.979738682483
18.985091108275
18.990459404148
18.995922748323
19.001893583206
19.007306902445
19.012612846607
19.018037186089
19.023752253935
19.029579555428
19.101127794993
19.107088876862
19.112675750855
19.118248788174
19.123815974431
19.129473718393
19.135067439197

