Time_s
0.635789459119
0.639536078063
0.643005819168
0.646431940622
0.649834033688
0.653211239181
0.656531856093
0.659873979820
0.663238582492
0.666700021896
0.670171282072
0.673687102926
0.677257439247
0.680738786103
0.684287606821
0.687877529611
0.691492743247
0.695076161827
0.698685272673
0.702240465022
0.705867461843
0.709489860814
0.713130384252
0.716758791362
0.720370129925
0.723994904078
0.727638617060
0.731252318326
0.734823971187
0.738405843105
0.741962347222
0.745495202906
0.749030330013
0.752568039017
0.756131554817
0.759650663300
0.763146843585
0.766675270342
0.770177048804
0.773703457574
0.777195874394
0.780726109520
0.784262559192
0.787794056061
0.791338912802
0.794879921538
0.798436573829
0.802027742719
0.805552582728
0.808891922411
0.812300766970
0.815799548033
0.819350610088
0.822815370650
0.826378906008
0.829958670588
0.833218099752
1.044213281880
1.048214731887
1.052111024764
1.056102242851
1.060064640564
1.064082153806
1.068114329277
1.072149412274
1.076201583577
1.080327397185
1.084444550411
1.088578736978
1.092721041907
1.096881166216
1.101027946116
1.105252335473
1.109391243735
1.113621509735
1.117798589921
1.122029076699
1.126237158364
1.130495926512
1.134756924319
1.138994697361
1.143268584711
1.147549911601
1.151875226194
1.156230287828
1.160509481018
1.165072968386
1.169415959108
1.173660792707
1.177933889489
1.182129314196
1.186390557731
1.190632471599
1.194888724195
1.199090710895
1.203359698727
1.207682529364
1.211971755034
1.216218890671
1.224904059410
1.229168095118
1.233511378205
1.237666862199
1.241815109017
1.245963473615
1.250062326879
1.254162606198
1.258290915992
1.262427984672
1.266661178439
1.270972414901
1.275264324232
1.279350551135
1.283640089997
1.287931955341
1.292192114311
1.296418217960
1.300799235586
1.304794285488
1.483806770945
1.488001561843
1.491167440613
1.494691340754
1.498268526084
1.502238157141
1.506223216547
1.510376380311
1.514468534712
1.518596892065
1.522758109594
1.526902917157
1.531046104646
1.535261155804
1.539469156237
1.543667756636
1.547895899422
1.552079871849
1.556345922578
1.560562405916
1.564800387782
1.569023791690
1.573264178447
1.577513939218
1.581795989336
1.586080078961
1.590377017373
1.594647044416
1.598933367871
1.603246995885
1.607562931203
1.611884097285
1.616262342449
1.620599480743
1.624964112094
1.629361761137
1.633847228898
1.638355901958
1.643011195765
1.647544115025
1.652108616029
1.656668664444
1.661201735552
1.665758450581
1.670430873672
1.675313275148
1.680152758446
1.684757344880
1.689428014112
1.694317974347
1.699304109470
1.704391301953
1.709260268488
1.714384234020
1.719427465997
1.724693894046
1.730071004955
1.735740585184
1.741270606236
1.746792576483
1.752239499530
1.757364341007
1.762612215375
1.767696008147
1.772732965721
1.777834249661
1.782782116446
1.787805951655
1.792883166553
1.797921847781
1.803016369239
1.808091762340
1.813201871981
1.818231911020
1.823320275888
1.828309640203
1.833311368292
1.838148688988
1.847453296929
1.856649124508
1.865808282739
1.870332003511
1.874733969342
1.879119382531
1.883623477164
1.888346850103
1.892998818909
1.897199132517
1.901619842166
1.905818924087
1.910230701913
1.915195005367
1.919304195917
1.924353223715
1.929174046285
1.933589062024
2.544771108813
2.548246439937
2.551361991135
2.554910468741
2.558503101911
2.562130449162
2.565801061769
2.569535350752
2.573244203884
2.576974618789
2.580722999318
2.584516828520
2.588399825762
2.592310520619
2.596105005888
2.599930128572
2.603790351845
2.607644263068
2.611478017675
2.615335751967
2.619170304158
2.623010720415
2.626781151491
2.630576603577
2.634333942357
2.638087130918
2.641866621894
2.645621636105
2.649310441133
2.653007064212
2.656697694944
2.660362289356
2.664041797067
2.667625935666
2.671249260657
2.674926803493
2.678562003124
2.682205353515
2.685772212594
2.689315305253
2.692919913206
2.696582471656
2.700168244589
2.703905341282
2.707634521074
2.711377238507
2.715024306963
2.718722652603
2.722529382385
2.726348700001
2.730205840881
2.733809563115
2.737551345313
2.741249459138
2.745054802161
2.787798176981
2.791498341450
2.795235848354
2.798883323351
2.802594854645
2.806310812307
2.810099726637
2.813773976563
2.878381893435
2.882266329595
2.885444870312
2.888577492446
2.891723031515
2.894893540026
2.898090132971
2.901362258602
2.904686488198
2.908055731651
2.911386695917
2.914771559133
2.918119047919
2.921504418181
2.924880595272
2.928234488848
2.931594269484
2.934931990912
2.938302162881
2.941699657191
2.945113203181
2.948508833693
2.951891023306
2.955295340093
2.958711925664
2.962137068565
2.965574486916
2.969026588881
2.972471333364
2.975927641705
2.979412329162
2.983068466217
2.986651657053
2.990135791765
2.993550379317
2.996976357315
3.000396112905
3.003858992323
3.007350433790
3.010843512536
3.014375877946
3.017840246685
3.021182956575
3.024576622169
3.028059841548
3.031560700711
3.034962369519
3.038341205163
3.041704883602
3.045085539350
3.048997828876
3.052818589159
3.056206666075
3.059585684595
3.062998034761
3.066507611590
3.069988772012
3.073378560165
3.076757549692
3.080180022055
3.083586627898
3.086919914489
3.090334435498
3.093866185861
3.097139960011
3.100656005209
3.104105209949
3.108062661406
3.110839532024
3.114312757105
3.117559369461
3.120935318495
3.124289913274
3.127619328822
3.131025276221
3.134373581346
3.137767573112
3.141119942236
3.144500973132
3.147913843983
3.151302376589
3.154705526630
3.158122786721
3.161538051545
3.164960396223
3.168432422981
3.171932566386
3.175437628737
3.179012254497
3.182581234759
3.186163994767
3.189775348445
3.193364673928
3.196963859740
3.200605869812
3.205198575762
3.208986950515
3.212776663132
3.216473581101
3.220194077988
3.223961670284
3.228644703575
3.232439830067
3.236238333818
3.240096024703
3.243825305536
3.247605209554
3.251669488124
3.256056510684
3.260122339197
3.263914341535
3.267673957317
3.271433617451
3.276049244736
3.279743531332
3.283349066079
3.287212499869
3.290542163268
3.293957563550
3.297517766703
3.300755307754
3.304402616041
3.308472271478
3.312617625763
3.316689064271
3.320719459984
3.324782360790
3.328805750506
3.332794884893
3.336820687830
3.340853935486
3.344892672715
3.348950511003
3.353013127714
3.357078744656
3.361118714104
3.365182727381
3.369243900085
3.373315431088
3.377438034103
3.381545524060
3.385653497710
3.389736634491
3.393795843506
3.397843943506
3.401859422788
3.405912263911
3.409936568876
3.413964324988
3.417989198049
3.421992491320
3.425997695076
3.430041104278
3.434066722844
3.438071387230
3.442067297146
3.446082168477
3.450158158217
3.454152589884
3.458100826988
3.462026978882
3.465971322588
3.469962241739
3.473934280298
3.477872123837
3.481811174340
3.485734330467
3.489670206544
3.493598549554
3.497507749768
3.501439145584
3.505353787999
3.509271482408
3.513194135475
3.517120282865
3.521044853356
3.525003557938
3.528966112720
3.532933904688
3.536923084364
3.540860231396
3.544900567779
3.548975124414
3.553044579278
3.557116894968
3.561254312064
3.565405551259
3.569468930159
3.573536574864
3.577671020261
3.581924685506
3.586206824276
3.590448825508
3.594655755505
3.598721463598
3.602757657020
3.606731995528
3.610823375267
3.618791873610
3.622638305233
3.629032726506
3.633195664992
3.637231071953
3.641363580599
3.645499164526
3.649605701175
3.653668509261
3.657750102329
3.661853879288
3.665937642207
3.670018496745
3.674132982029
3.678241947536
3.682305464546
3.686376119878
3.690481750228
3.694631914576
3.698755260091
3.702904123261
3.707031160180
3.711229516608
3.715311857350
3.719571978105
3.723749181685
3.728008433319
3.732099974614
3.736258211762
3.740289052508
3.744326060536
3.748295273128
3.752402671463
3.756416369482
3.760543195509
3.764561594147
3.768657070097
3.772717885425
3.776687046800
3.780784885320
3.784976328107
3.788836832659
3.793324295514
3.797147030842
3.801148556413
3.805264743987
3.809256183660
3.813352783764
3.817348224058
3.821437259167
3.825543924717
3.829605525926
3.833822577866
3.837812863759
3.841802611643
3.845866278984
3.849958171567
3.853926596987
3.857947942624
3.862015721156
3.865983857793
3.870176267975
3.874172561914
3.878195042604
3.882282646082
3.886231099998
3.988472133916
3.992051593272
3.995722644258
4.000023125390
4.003635873242
4.007406271464
4.011208036881
4.015267843599
4.019373964838
4.023368826350
4.027384205698
4.031364930664
4.035321584806
4.039358935875
4.043408101856
4.047446461379
4.051508633571
4.055582036311
4.059632422874
4.063721867387
4.067790420597
4.071852510571
4.075904002023
4.079913938035
4.083960242724
4.088002041518
4.092015412484
4.096020107844
4.100006805887
4.103988118383
4.107952772594
4.111916583467
4.115876351148
4.119803592684
4.123732944289
4.127659024380
4.131567124565
4.135443148856
4.139327303843
4.143159289837
4.147002600912
4.150856343069
4.154638921809
4.158372505180
4.162095064431
4.165845518857
4.169611651725
4.173402628954
4.177189055496
4.180975548524
4.184744098833
4.188538168970
4.192317872023
4.196072772513
4.199806709789
4.203491623343
4.207112943720
4.210710141448
4.214334022270
4.217993036170
4.221677499368
4.225423358497
4.229193634305
4.233083742948
4.236910100751
4.240700522374
4.245393115166
4.249219310295
4.253043599774
4.256890997736
4.260765208485
4.264796001786
4.268712930152
4.272499195933
4.276288296053
4.280056523756
4.283810745188
4.287582592234
4.291244327839
4.295009679354
4.298596410932
4.302312997537
4.305985156040
4.309364760832
4.313162046786
4.317154113040
4.321103379587
4.324881232841
4.328709864821
4.332595809339
4.336480319816
4.339836735276
4.344368867740
4.348463499649
4.352256355752
4.356114080344
4.359780362516
4.363790653804
4.368093504720
4.376696801672
4.416114393386
4.420054471202
4.424122588185
4.428152990019
4.431984479825
4.435944483581
4.440218419092
4.444424377927
4.448607400100
4.452777212807
4.457017252784
4.461346842045
4.465618263956
4.469903938432
4.474168913306
4.478451252443
4.482728337246
4.487003532161
4.491280986761
4.495602311305
4.499930123816
4.504344969352
4.508632462533
4.512910993357
4.517336265969
4.521803005412
4.526154607475
4.530458920886
4.534758053666
4.539019868707
4.543344854678
4.547801415820
4.552123979330
4.556346190681
4.560650591010
4.564870192232
4.569206966513
4.573380024292
4.578045312738
4.582402440812
4.587009205718
4.591637170086
4.595975335572
4.600424734009
4.604703645267
4.608934841426
4.658370873757
4.662248118226
4.666073840450
4.669966974160
4.674341796370
4.678824676333
4.683295511728
4.687814406365
4.692374573161
4.697018343745
4.701601093736
4.706267118403
4.710936934274
4.715628918094
4.720343939118
4.725061242544
4.729826768209
4.734614699950
4.739368761728
4.744119236146
4.748891620635
4.753704315849
4.758545628965
4.763294441883
4.768054984746
4.772820983910
4.777588289827
4.782343929647
4.787090731295
4.791835491248
4.796573107974
4.801292040865
4.806009921008
4.810698819655
4.815374827855
4.820043139191
4.824692009447
4.829338546913
4.833942863450
4.838492602203
4.843014294383
4.847559448823
4.852076380192
4.856601975718
4.861105210671
4.865565857588
4.869984663291
4.874397120274
4.878716104172
4.883099638630
4.887533231915
4.891982619166
4.896436706417
4.900933087741
4.905391678658
4.909786825596
4.914225175150
4.918734574425
4.923268887555
4.927729322165
4.932217567011
4.936724681129
4.941186407651
4.945659456427
4.950158290213
4.954749549064
4.959356643278
4.963927791619
4.968530692806
4.973095301990
4.977659737963
4.982267931735
4.986833984712
4.991402311908
4.995964195852
5.000613448136
5.005521795783
5.010362802695
5.014839706708
5.018405015858
5.021939870669
5.025981029723
5.030195676227
5.034478460374
5.038718648956
5.042958385234
5.047248083439
5.051611161479
5.055941847010
5.060327122676
5.064722350458
5.069919679938
5.074283118722
5.078573686550
5.083019953448
5.087537630769
5.091984721356
5.096464482310
5.100987181716
5.105519104694
5.110025667919
5.114537588645
5.118966355834
5.123503123071
5.128037496997
5.132487656887
5.136990038849
5.141494359425
5.146070144534
5.150590917026
5.155122650661
5.159740513717
5.164324799226
5.169016519826
5.174143980080
5.178525936119
5.187236595677
5.191259063060
5.194746923064
5.198720101434
5.202822190145
5.207202750159
5.211686499038
5.216219851230
5.220708349477
5.225257222353
5.229853944729
5.234474312254
5.239037342381
5.243629274596
5.248201739734
5.252826913471
5.257441926508
5.262009447394
5.266752940979
5.271588385236
5.276236754578
5.280869821182
5.285383032135
5.290037362009
5.294709321222
5.346229410027
5.350840346635
5.355519037109
5.360235011160
5.364884166539
5.369369579531
5.374151242203
5.378482566427
5.383001344567
5.525083185444
5.528633557803
5.532289483857
5.536500041264
5.540679897884
5.544898389400
5.549095807175
5.553388416705
5.557630524662
5.561917310256
5.566156724799
5.570406013557
5.574673955959
5.578965985867
5.583236041506
5.587489606973
5.591764191684
5.596029671298
5.600352240580
5.604670193410
5.608997497444
5.613361340820
5.617767528080
5.622194923212
5.626669673331
5.631138710747
5.635595916696
5.640144826823
5.644752534768
5.649445315559
5.654088494791
5.658748187230
5.663259656626
5.668080576773
5.672736027631
5.677830212661
5.682505668934
5.687561043218
5.692575749910
5.697839166408
5.702830334923
5.708357725836
5.713588509537
5.719105229334
5.724372207979
5.729818118929
5.735130223548
5.740823952358
5.746013650622
5.751383268606
5.756498471559
5.761723175861
5.767007252323
5.771851542477
5.776642827309
5.781665113935
5.786587785616
5.791363042168
5.795937668971
5.800645592654
5.805586116204
5.810444873330
5.815249714180
5.819549477723
5.824008066991
5.829020966195
5.834106623123
5.838197665294
5.843272811795
5.848456910537
6.735239974838
6.738994369107
6.742318627428
6.745335052029
6.748793102522
6.752420528010
6.755973128082
6.759608505980
6.763255674146
6.766900792671
6.770555187912
6.774226320249
6.777926511632
6.781605321016
6.785305111265
6.788997952702
6.792693709688
6.796362864801
6.800018647858
6.803702499019
6.807380003674
6.811097903269
6.814746037144
6.818438801255
6.822193530530
6.825770783345
6.829407016829
6.832996208004
6.836829796839
6.840480025203
6.844188426044
6.847966079363
6.851712986747
6.855450455099
6.859108035825
6.862808714359
6.866495523880
6.870092734867
6.873750931904
6.877403066528
6.881042117566
6.884687478461
6.888423395358
6.892077727801
6.895679440454
6.899307018510
6.903028813014
6.906424352464
6.940289226851
6.947321701769
6.954558874745
6.961800263396
6.965708561351
6.970264730696
6.973960498500
6.977545310536
6.981212740259
6.984708431335
6.987988694538
6.991372320264
6.994969351948
6.998325689029
7.001645902484
7.005013133020
7.008441668207
7.012123274045
7.015887358643
7.019821771241
7.024034042392
7.028254237170
7.032512167606
7.036681682872
7.040860623192
7.146588185115
7.149786584494
7.153102862222
7.156955050162
7.160987287717
7.165194653853
7.169058453317
7.172821428096
7.176638288119
7.180512562881
7.184793862557
7.262667927927
7.266114854801
7.269375296672
7.272333855652
7.275453930188
7.278936983644
7.282492484044
7.286138094798
7.289853898731
7.293597018123
7.297351333490
7.301136294955
7.305010100503
7.308843250838
7.312616816347
7.316405404422
7.320189950824
7.323986430222
7.327779985573
7.331599552516
7.335419162462
7.339224027737
7.343055017982
7.346898969676
7.350697319027
7.354512688194
7.358316869504
7.362115968727
7.365929020081
7.369731841074
7.373554205411
7.377364176644
7.381164248256
7.384988840736
7.388817767011
7.392670773260
7.396505631264
7.400349395202
7.404217137767
7.408135387656
7.412039357866
7.415906442272
7.419762802491
7.423603223134
7.427407704348
7.431243367025
7.435019327761
7.438870276267
7.442721492291
7.446401080000
7.449966110435
7.453768103653
7.457492784462
7.461278614394
7.465063634274
7.468911535049
7.472753547742
7.476662408608
7.480423974045
7.484207815604
7.488082237014
7.491893371776
7.495752065655
7.499459445834
7.502735220903
7.506021115866
7.509532274652
7.513168032313
7.516850431829
7.520521958439
7.524225118570
7.527949542793
7.531675851418
7.535523707518
7.539272908586
7.543043346524
7.546816426012
7.550603156895
7.554412159205
7.558217582108
7.562071706916
7.565890684345
7.569668700885
7.573553602220
7.577379287822
7.581206427191
7.585079167753
7.588985681370
7.592768424708
7.596541834740
7.600371223795
7.604167289285
7.608033691886
7.611765938028
7.615548645795
7.619356936304
7.623337389670
7.627087644140
7.630782519399
7.634485405301
7.638322617630
7.642085300882
7.645881461874
7.649598671277
7.653303062678
7.657109462201
7.660881420934
7.664642734912
7.668436773041
7.672156699355
7.675996207188
7.679874341191
7.683701506480
7.687487522596
7.691291217950
7.695043818112
7.698794885703
7.702571905472
7.706338935253
7.710094667935
7.713844851297
7.717629390259
7.721438331205
7.725385613957
7.729185135563
7.732995449575
7.736780862839
7.740551183536
7.744434474228
7.777583717602
7.781777920455
7.785909992244
7.790294107088
7.794596272306
7.798954222684
7.803271257516
7.807616920824
7.812038507549
7.816456868995
7.820893975047
7.825339119573
7.829787133298
7.834243390924
7.838699903710
7.843185961772
7.847631843184
7.852089459513
7.856511466134
7.860925516893
7.865309408116
7.869689509293
7.873998053700
7.878244974311
7.882526771095
7.886715630290
7.890903656118
7.895088518589
7.899239852794
7.903370249799
7.907353129704
7.911072474919
7.915062463766
7.919143619771
7.923266306517
7.927347202236
7.931165899443
7.935218009076
7.939404409175
7.943611956547
7.947873032482
7.951927908927
7.955974772370
7.960055485527
7.964218054824
7.968364728597
7.972609227934
8.078087934682
8.082433554716
8.086499546605
8.090568032576
8.094743568836
8.099046036644
8.103286824830
8.107550135096
8.112233044869
8.115946159481
8.119638719536
8.123404366710
8.127007489212
8.130617232939
8.133917411963
8.137715243059
8.141920917827
8.146396843708
8.150778875459
8.155127222257
8.159661000097
8.164204030145
8.168742400507
8.173311473434
8.177968968246
8.182607933792
8.187323551768
8.192033249960
8.196765326899
8.201477769138
8.206150264310
8.210863117810
8.215558304717
8.220288020404
8.225021823742
8.229764983615
8.234505323731
8.239229551836
8.243979706364
8.248714882977
8.253451096453
8.258207585034
8.262951391562
8.267735474780
8.272531392242
8.277296512124
8.282189552441
8.287021781757
8.291890088694
8.296656630695
8.301501387140
8.306255788300
8.311033685826
8.315785811718
8.320569411368
8.325279995239
8.330026684851
8.334867379999
8.339666340731
8.344452622554
8.349231569476
8.353967798613
8.358745007157
8.363499877718
8.368270124733
8.373008043094
8.377735146447
8.382529059967
8.387277436920
8.392025598652
8.396780983223
8.401537684769
8.406348372044
8.438821361789
8.443134353658
8.447740684536
8.452245481844
8.456828711044
8.461359150660
8.465945488754
8.470410838553
8.474937524772
8.479406961738
8.483853767977
8.488414082736
8.492923509186
8.497439541425
8.501937275745
8.506430744816
8.510898527475
8.515323053569
8.519763192849
8.524199715748
8.528571552837
8.532993422309
8.537296889008
8.541639462623
8.545945965557
8.550236590734
8.554521562121
8.558729389530
8.562983719385
8.567195506669
8.571417821506
8.575663630864
8.579871771957
8.585018783105
8.589179818452
8.593321993082
8.597433145545
8.601245812046
8.605110275090
8.609249747457
8.613407459256
8.617624741635
8.621847969269
8.626016915300
8.630370293112
8.634541745646
8.638710128859
9.351753766199
9.356090472867
9.360232080476
9.364480534202
9.368683946084
9.372915710993
9.377159007793
9.381393441829
9.385680103374
9.389939455978
9.394201852677
9.398451095147
9.402684368857
9.406897612045
9.411050227820
9.415188715650
9.419304485149
9.423415490899
9.427478652158
9.431544098266
9.435599671815
9.439648799418
9.443647215517
9.447637256196
9.451635070678
9.455587251606
9.459544549203
9.463479291110
9.467373396510
9.471294361530
9.475234726647
9.479193880885
9.483171929193
9.487320064767
9.491229070201
9.495175904402
9.499252346240
9.503376032160
9.507520939461
9.511521234988
9.515594657289
9.519589126665
9.523618101090
9.527661546748
9.531589361329
9.535521480071
9.539479959325
9.543464225361
9.547483627865
9.551426686606
9.555451290318
9.559598990249
9.563711784626
9.567776636361
9.571803145525
9.575740919598
9.579672361755
9.583600063514
9.587614661331
9.591547278855
9.595464105084
9.599374210632
9.603343092609
9.607372590609
9.611317728822
9.615373611861
9.619355570204
9.623173726919
9.627286777955
9.631391632464
9.635521843727
9.639665126315
9.643751669519
9.647791685931
9.651863344936
9.655829991398
9.659915971671
9.664073125712
9.668276831999
9.672337202185
9.676453424880
9.680475604464
9.684671526355
9.688754456511
9.692836937800
9.696855513348
9.768752171929
9.772862778351
9.776661408005
9.780210255471
9.783983226319
9.787551963901
9.791219676744
9.794933044965
9.798687094108
9.802506103815
9.806310263973
9.810137875946
9.813972693986
9.817808347781
9.821637055758
9.825456268610
9.829270946057
9.833098764907
9.836929745156
9.840746629907
9.844562132645
9.848391346323
9.852233645003
9.856067687943
9.859944672069
9.863825110148
9.867723463171
9.871668300915
9.875516946788
9.879320878417
9.883144657781
9.886999120910
9.890859359310
9.894695421924
9.898510791653
9.902365339896
9.906169789255
9.910027102651
9.913925121439
9.917819500332
9.921686017141
9.925526588188
9.929302896747
9.933085947710
9.936833799651
9.940687757568
9.944444294151
9.948275678447
9.952020608764
10.132707438563
10.136933809648
10.140977119016
10.145281596340
10.149445050568
10.153715921004
10.157995629405
10.162346171446
10.166687058148
10.171015282710
10.175364226867
10.179791474600
10.184243376458
10.188693183954
10.193120152065
10.197571963669
10.202007325774
10.206440680516
10.210891045714
10.215317612605
10.219772937067
10.224209564825
10.228607324122
10.232984892157
10.237358887661
10.241663958625
10.246005248185
10.250307705653
10.254524459520
10.258704076852
10.262881476394
10.267075414618
10.271303983182
10.275590540666
10.280001374009
10.284485720881
10.288641975386
10.292859838768
10.297089128697
10.301449304269
10.305830243778
10.310061128612
10.314353942390
10.318694081309
10.323101237455
10.327452752204
10.331768605692
10.336051700340
10.340388762457
10.344686235007
10.348888975136
10.353060389817
10.357173663994
10.361463508719
10.365545181422
10.369801655103
10.374140390759
10.378481582262
10.382758519325
10.442648740086
10.446985684207
10.451135426557
10.454334339408
10.457708177430
10.461412047699
10.465364400115
10.469338719049
10.473351583920
10.477355475097
10.481349865665
10.485374556366
10.489432976115
10.493512702282
10.497604605856
10.501825967965
10.506645177338
10.510879904261
10.514960819220
10.519304791598
10.523686861937
10.527934682610
10.532110767197
10.536199479778
10.540214498929
10.545441329933
10.549692096404
10.553965512478
10.558332120601
10.562856071308
10.567391493942
10.571798203162
10.576005143401
10.580271657873
10.584659060368
10.588770976241
10.592868302280
10.597138944903
10.601175213410
10.605234759537
10.609467453154
10.613660394278
10.617807431700
10.622007258704
10.630089539253
10.633869215004
10.637856493503
10.642006258390
10.646136102983
10.650289234584
10.654430572610
10.658661203314
10.662898164885
10.666938489751
10.670911769245
10.674882480599
10.678793768393
10.682859092794
10.686846568350
10.690873002407
10.694879229755
10.698831200525
10.702855538102
10.706709776673
10.710246501675
10.714296724869
10.718634714698
10.723068926448
10.727528081224
10.731989293610
10.736409748506
10.740879421488
10.745299964560
10.749748638761
10.754184160834
10.758625277431
10.763050502813
10.767435388264
10.771816684474
10.776236831462
10.780674908060
10.785090169996
10.789518652493
10.793963082466
10.798395903254
10.802807219788
10.807188464458
10.811625492694
10.816001538290
10.820353376159
10.824694354091
10.829061077648
10.833433375424
10.837786207341
10.842158794288
10.846493626644
10.850834322569
10.855171479126
10.859527976470
10.863879596762
10.868123793941
10.872416752049
10.876786265955
10.881183035539
10.885594521685
10.889969172725
10.894313138360
10.898638586114
10.903071159313
10.907445121677
10.911832132495
10.916199702538
10.920560403863
10.924911475625
10.929258095354
10.933660724320
10.938088249133
10.942376712134
10.946777078685
10.951138177200
10.955477875455
10.959863934563
10.964269664454
10.968712335560
10.973093909700
10.977507467360
10.981953079760
10.986332496104
10.990649193198
10.995006921524
10.999338582239
11.003671289598
11.007967654507
11.012367809319
11.016784317162
11.021009108088
11.062717810814
11.066778998958
11.071441242264
11.075826150012
11.080358025065
11.084788533459
11.089308192599
11.093802124161
11.098318049082
11.102816832163
11.107339495040
11.111907062852
11.116386550193
11.121016453584
11.125559057013
11.130146534314
11.134724374907
11.139293659477
11.143854847485
11.148432835411
11.153002937609
11.157555468485
11.162167324512
11.166758237328
11.171351499245
11.175938778582
11.180474826540
11.185009420555
11.189540780279
11.194004802243
11.198501315940
11.202983160474
11.207478378057
11.211807474267
11.216242992571
11.220560986709
11.224912438157
11.229238075285
11.233531796414
11.237773977561
11.241750524296
11.246058737841
11.250406594961
11.254763081621
11.259031189797
11.263225334448
11.267512726351
11.271885546845
11.276357280046
11.280818386792
11.955015104329
11.957803638397
11.960635130545
11.963578339120
11.966604342326
11.969633352777
11.972729744807
11.975890572698
11.979156452459
11.982500473672
11.985921552994
11.989397292681
11.992831291339
11.996638535623
12.000349034672
12.003724886505
12.008726815489
12.012793345993
12.016756931556
12.020729537303
12.024682502377
12.028566452590
12.032389944865
12.036209687421
12.039990653074
12.043772697539
12.047587279923
12.051457103097
12.055252009225
12.059029836897
12.062757938666
12.066501846740
12.070244395759
12.073997911452
12.077717135887
12.081435340632
12.085143282648
12.088819868102
12.092515130480
12.096245124307
12.099925122033
12.103586713234
12.107230916706
12.110841811238
12.114473925619
12.118117423852
12.121736778202
12.125365106686
12.128998029750
12.132672520098
12.136336347830
12.140011810634
12.143703721641
12.147412925809
12.151127851773
12.154857611789
12.158610300232
12.162377824467
12.166168919205
12.169969433742
12.173768426109
12.177612621936
12.181460592427
12.185325480959
12.189252331672
12.193206418181
12.197189624293
12.201179492605
12.205140667360
12.209100422249
12.212978818675
12.216857147017
12.220794162269
12.224763582638
12.228759958660
12.232765049974
12.236766256053
12.240787379999
12.244829109799
12.248880891274
12.252962707553
12.257042826865
12.261154267038
12.265265335040
12.269382761087
12.273507066494
12.277642733290
12.281779536044
12.285921740714
12.290105122063
12.294328400825
12.298546694696
12.302789065225
12.307031091032
12.311288707906
12.315545668160
12.319822021416
12.324101742041
12.328418243191
12.332684046237
12.336932405688
12.341237104016
12.345566720766
12.349839391896
12.354118179387
12.358598042455
12.363150026803
12.367747031602
12.372131153196
12.376368870826
12.380607818437
12.384843438311
12.389081514008
12.392835113312
12.396843432173
12.400792665226
12.404756666266
12.408740595759
12.412726257114
12.416700937263
12.420688565840
12.424683922584
12.428703840572
12.432712031815
12.436724057641
12.440707595624
12.444718596200
12.448666723913
12.452750923057
12.456715568501
12.460766884317
12.464768164084
12.468816425728
12.472852007077
12.476900848514
12.480973880623
12.485002713030
12.489041235374
12.493083918232
12.497128655958
12.501163830332
12.505179387413
12.509201468384
12.513228497420
12.517258273595
12.521285876320
12.525316618248
12.529334665287
12.533333382124
12.537346278364
12.541387354849
12.545393755847
12.549394282760
12.553407314407
12.557448999922
12.561508216436
12.565577509370
12.569654536680
12.573749735640
12.577829870028
12.581895488479
12.585955588894
12.589968242013
12.594002628834
12.597999224934
12.602036623242
12.606069778685
12.610102502009
12.614157383408
12.618221741572
12.622250241912
12.626412165373
12.630474173230
12.634397055520
12.638411997430
12.642445526671
12.646488454171
12.650513094478
12.654638847996
12.658673803802
12.662762893524
12.666727913324
12.670678401268
12.674741018851
12.678460556413
12.682661785319
12.738263331321
12.742275314419
12.746291158309
12.750286206099
12.754299553537
12.758230721425
12.762328957088
12.766362623879
12.770410054133
12.774386402882
12.778421101584
12.782445441479
12.786415444552
12.790464756705
12.794462612290
12.798572683782
12.802581879366
12.806576889942
12.810634962069
12.814643283917
12.818724988479
12.822779319400
12.826543789634
12.829830015474
12.833604231193
12.837865504437
12.842385502649
12.846798263757
12.851344004354
12.855877040920
12.860488297029
12.865078122591
12.869645080122
12.874185683829
12.878817575556
12.883438939421
12.888057092614
12.892707236002
12.897368456431
12.902047940043
12.906756451701
12.911347448641
12.915894272452
12.920457296878
12.924956694150
12.929424931139
12.933856661521
12.938304488190
12.942698887494
12.947075044563
12.951395469804
12.955682048225
12.959967588055
12.964217360753
12.968441197192
12.972665587253
12.976811817223
12.980976366060
12.985080616580
12.989176710710
12.993246622215
12.997285083449
13.001285721910
13.005333578815
13.009347015410
13.013382257395
13.017403751373
13.021517330262
13.025609965565
13.029637955850
13.033814815436
13.037608877732
13.041931184428
13.046180257923
13.050329942059
13.054548781339
13.058753308474
13.062831910647
13.066912068720
13.071105977785
13.075249982406
13.079351285107
13.083410742698
13.087493458063
13.091684785626
13.095837577045
13.143203564166
13.147179117666
13.151138388792
13.155222239413
13.159297440187
13.163481484982
13.167406742307
13.171473256602
13.175529456600
13.191099382152
13.194681635684
13.198157080241
13.202065803707
13.206172879611
13.210335476444
13.214492535680
13.218673515908
13.222866697565
13.227106133226
13.231346792513
13.235609169034
13.239889143327
13.244188518127
13.248481230426
13.252787020980
13.257084935156
13.261391649861
13.265731214268
13.270118436280
13.274493367594
13.278869910269
13.283243737259
13.287662606079
13.292101596709
13.296505195509
13.300944693442
13.305365228933
13.309835833844
13.314308708106
13.318765803210
13.323181700818
13.327541652015
13.332023467758
13.336400161719
13.340767128733
13.345014488109
13.349485398307
13.354068058249
13.358671482848
13.363248780045
13.367825392401
13.372427788646
13.377031456322
13.381597941558
13.386150547541
13.390656512221
13.395190996058
13.399772991007
13.404437485403
13.409034527991
13.413632454775
13.418222777846
13.422823874078
13.427466321659
13.432122061749
13.436786980836
13.441433464691
13.446136537744
13.450829375982
13.455553535880
13.460238687528
13.464960833227
13.469682431103
13.474453174677
13.479196987938
13.483971033292
13.488718979851
13.493444541151
13.498203077115
13.502931143713
13.507677622945
13.512409938041
13.517172178875
13.521957705637
13.526661242237
13.531352339663
13.536144832897
13.540892090021
13.545527959361
13.550071143975
13.555022288994
13.559675975128
13.563337270078
13.567819747807
13.572605877427
13.577645047082
13.582492082264
13.587516007614
13.592654662156
13.597703715898
13.602751398288
13.607824672130
13.612943458227
13.618038897069
13.623156073315
13.628252293249
13.633414138790
13.638613216887
13.643782429449
13.649014031725
13.654208358854
13.659405400750
13.664612270142
13.669836219632
13.675153567016
13.680332204554
13.685674696496
13.697496136683
13.700820639186
13.703651171467
13.706468708180
13.709371019463
13.712290264357
13.715172073471
13.718067014897
13.720800089021
13.723834083758
13.790087243161
13.794522377104
13.799278735370
13.804223155726
13.808923525997
13.813841715922
13.818903035206
13.823903054700
13.829012289175
13.834093061479
13.838952574695
13.844018924028
13.849011645280
13.854013527578
13.858710609766
13.863330415892
13.868100204099
13.872361552647
13.876823405085
13.881671106966
13.886188805488
13.891245715451
13.895832668614
13.900232963099
13.904178908590
13.908780229249
13.913557141917
13.918291371114
13.923202042763
13.928072679396
13.933043400537
13.937963768555
13.942994156071
13.948044516386
13.953023849451
13.958019748459
13.963043721510
13.968062242747
13.973109465998
13.978184746085
13.983289546485
13.988400809751
13.993575232314
13.998758939436
14.003924011171
14.009084832311
14.014249524412
14.019492577665
14.024743458135
14.029969300767
14.035219879958
14.040459104217
14.045768231227
14.051082108632
14.056224396777
14.062059743438
14.067253409075
14.072400681834
14.077666211163
14.082890152777
14.088055840865
14.093327543678
14.098558760212
14.103785674092
14.115151243985
14.119987611753
14.125019057174
14.130069798867
14.135044835793
14.140147049724
14.145124110449
14.150128660112
14.155135718637
14.160146989483
14.165057329525
14.170037279519
14.174887397076
14.179809960283
14.184581006593
14.189378427382
14.194180268210
14.198945542694
14.203717731269
14.208448766188
14.213210358929
14.217948367039
14.222613463918
14.227357189822
14.232076994818
14.236843400605
14.241656387782
14.246408433777
14.251161077760
14.255949833397
14.260794554085
14.265638606588
14.270433000622
14.275243059079
14.280053940449
14.284927156125
14.289675847051
14.294528985650
14.299343336860
14.304210371971
14.309032540562
14.313852576020
14.318695043819
14.323557127350
14.328334927082
14.332954182934
14.337136492777
14.342252390345
14.347476995047
14.352629481583
14.357937120967
14.363253720535
14.368633643138
14.374046546461
14.379498831456
14.384936689631
14.390407218407
14.395913675596
14.401437434397
14.407010578610
14.412548318896
14.418194917060
14.423928611879
14.429668783565
14.435340767121
14.439584037273
14.442458552796
14.445404260341
14.448024128449
14.450865724757
14.453690749657
14.456513295151
14.459237547754
14.462121897929
14.464978735233
14.468138782047
14.471039056387
14.473933570245
14.476797715404
14.479820909096
14.482948337620
14.485316409463
14.488117190528
14.491225837386
14.494177487361
14.497223866053
14.500392529340
14.504094679487
14.524992391137
14.529613811022
14.539078231600
14.544098779135
14.548493763536
14.552685064637
14.556960628710
14.561228233520
14.565412913346
14.569817292242
14.573797274409
15.456935829487
15.467160711559
15.476992194384
15.484021249297
15.491303677345
15.498592201265
15.505645298335
15.512550062104
15.524993092742
15.528300035402
15.531629593274
15.534941367157
15.538252186294
15.541548056756
15.544826346406
15.548090305583
15.551313938991
15.554567325191
15.557824933779
15.561069042174
15.564353566984
15.567678165672
15.570998524138
15.574372360257
15.577714427040
15.581107375831
15.584486852969
15.587855016895
15.591257539689
15.594665720603
15.598110072798
15.601539040627
15.604967324711
15.608405609688
15.612011945762
15.615526120307
15.618989876509
15.622458415921
15.625997354003
15.629661164646
15.633236086513
15.636697935974
15.640101745951
15.643466388354
15.646904414617
15.650286543548
15.653734803423
15.657169859381
15.660615539900
15.664038213210
15.667400398192
15.670860287123
15.674228904272
15.735312679344
15.738853684272
15.742233184668
15.745699390222
15.749189891930
15.752652144490
15.756192766280
15.759557780100
15.762944794620
15.766204128999
15.768881668964
15.771483804734
15.774314518095
15.777443452678
15.780635811950
15.783753410267
15.786910782483
15.790097765070
15.793272707708
15.796422559440
15.799585032938
15.802778994494
15.805990104450
15.809195022044
15.812416746868
15.815667574862
15.818921464493
15.822177065391
15.825450485333
15.828754226869
15.832049919697
15.835375350549
15.838683494169
15.842015267082
15.845337158450
15.848727474241
15.852203098855
15.855617856760
15.859072941546
15.862521230544
15.866007393073
15.869536429298
15.873104770672
15.876698184578
15.880345756181
15.884004330175
15.887677634708
15.891374266911
15.895077447098
15.898963448284
15.902862548164
15.906755671211
15.910509918544
15.914259028289
15.918049310800
15.921943970905
15.925740808843
15.929601328750
15.933525571840
15.937437868851
15.941368628583
15.945298433235
15.949223356401
15.953122279985
15.957019518430
15.960952330107
15.964912898260
15.968920240429
15.972861009846
15.976764772482
15.980684144604
15.984655274865
15.988590498465
15.992545920503
15.996491334704
16.000439574239
16.004298084447
16.008185830605
16.012071457494
16.015998775598
16.019893858554
16.023783098043
16.027647682060
16.031497218067
16.035385405889
16.039279136633
16.043217996637
16.047161002589
16.051338664057
16.055380137034
16.059348866884
16.063358281961
16.067334224087
16.071236206750
16.075134198261
16.079005885090
16.082881436559
16.086796023677
16.090673792168
16.094624036899
16.098639414628
16.102619602214
16.106632977060
16.110693426216
16.119306485494
16.123152790355
16.127048030375
16.130984166282
16.134882555647
16.138802565519
16.142722160518
16.146657196395
16.150571711477
16.154465824685
16.158361085845
16.162266671358
16.166155077913
16.170056391294
16.173956076778
16.177858838406
16.181771699660
16.185715162922
16.189670831280
16.193679862367
16.197758212776
16.201803606622
16.205771632994
16.209627240400
16.213629207801
16.217552916002
16.221475749233
16.225358773284
16.229198921796
16.233080161655
16.237067676525
16.241009625515
16.244915689699
16.248833652573
16.252816339863
16.256710929024
16.260676816805
16.268918152295
16.272659778682
16.276533502781
16.280595631687
16.284652411253
16.288686944456
16.292750234487
16.296919453691
16.300979835612
16.304950083130
16.309011400419
16.313080410759
16.317021758313
16.321060469381
16.325329220135
16.329379486372
16.333452439894
16.337528507237
16.341591593029
16.345561940026
16.349639055427
16.353602327616
16.357548471359
16.361394186923
16.365639899240
16.369437633723
16.373091668209
16.376982102680
16.381037058020
16.384891141433
16.388386733263
16.392106345135
16.396047800840
16.400246784538
16.404600538879
16.408908428812
16.413252780694
16.417615832511
16.422014005846
16.426432776296
16.430904129390
16.435248667065
16.439666572958
16.444139050302
16.448502859997
16.452847422257
16.457184228558
16.461529436713
16.465953154245
16.470329487913
16.474774131315
16.479133521573
16.483535888924
16.487907020057
16.492303671091
16.496647544851
16.501001220583
16.505341449508
16.509652371412
16.513976484291
16.518250468575
16.522538435023
16.526777248929
16.531025277294
16.535246534781
16.539492197225
16.543704750487
16.547912062669
16.552090934978
16.556251686526
16.560382548144
16.564498214979
16.568645322962
16.572807198689
16.576953322329
16.581088557804
16.585249675335
16.589418089002
16.593566148878
16.597664876119
16.601770382316
16.605870158501
16.609951051286
16.614097352804
16.618241527490
16.622315807298
16.626427366444
16.630593810185
16.634689538219
16.638755230070
16.642844703619
16.647016204109
16.651178771289
16.655318387413
16.659464219421
16.663632086570
16.667790444603
16.671964151159
16.676131695648
16.680296855248
16.684482086924
16.688646272496
16.692760204597
16.696930114040
16.701111418280
16.705294128263
16.709464354321
16.713637261967
16.717798632271
16.721941971357
16.726132503985
16.730281749927
16.734489341655
16.738597907547
16.743097481395
16.746425325395
16.750538903832
16.754679901476
16.758541910718
16.762629016766
16.766875979351
16.773571794946
16.777491495667
16.781244977319
16.785101616793
16.788875154444
16.792611677610
16.796462852466
16.800364469269
16.804373107806
16.808407175293
16.812397979693
16.816415236239
16.820437289404
16.824485179038
16.828559076204
16.832612127805
16.836678221176
16.840757118475
16.844879481996
16.848996562457
16.853128228600
16.857267110869
16.861418967801
16.865612510392
16.869846313109
16.874071373332
16.878377451148
16.882680370921
16.886931511494
16.891160425324
16.895414486564
16.899725244560
16.904128176316
16.908506495396
16.912867296298
16.917081358863
16.921252851983
16.925524358172
16.929740984897
16.933992657726
16.938206685309
16.942580330467
16.946825374800
16.951061370869
16.955304014490
16.959482078374
16.963699788720
16.967903437853
17.004552689638
17.008790036780
17.012897978858
17.017135404350
17.021396623875
17.025736591688
17.030043570645
17.034267102872
17.038616668972
17.042881085967
17.047049034992
17.051306702308
17.055486246406
17.059818998024
17.063984844609
17.068605256691
17.072792506167
17.076750748116
17.080338508949
17.083713529363
17.086954978365
17.090948472663
17.094750827606
17.098661032704
17.102610918431
17.106502008146
17.110426594698
17.114428131951
17.118423581209
17.122488494777
17.126611998358
17.130726606385
17.134596339336
17.138483488409
17.142427923760
17.146244148752
17.150215777544
17.153644775606
17.157702040118
17.161664468410
17.165612387942
17.169633810959
17.173496488066
17.177454885300
17.181397530970
17.185249354262
17.189308604659
17.193038328376
17.308556308287
17.312402294216
17.316755725476
17.320630339928
17.324308947265
17.328316471250
17.332400610676
17.336441037327
17.340385295569
17.344201469806
17.347930754507
17.351460867260
17.355013016185
17.358891712257
17.363171250504
17.367688743885
17.372102338785
17.376551711535
17.381092302294
17.385626512518
17.390162155188
17.394827488970
17.399487985740
17.404202057041
17.408929161525
17.413669808992
17.418536881854
17.423411349276
17.428371023669
17.433359227770
17.438389201711
17.443400951039
17.448466344616
17.453461587165
17.458510525608
17.463513214292
17.468526513064
17.473551302305
17.478578846059
17.483600729217
17.488602186856
17.493592779345
17.498565562093
17.503509843610
17.508440406745
17.513324406433
17.518183133484
17.523048330125
17.527886705080
17.532694510213
17.537474179140
17.542258412317
17.547031021087
17.551812155377
17.556509517159
17.561169896750
17.565860713617
17.570415578454
17.574983816170
17.579570400708
17.584247761546
17.588882777134
17.592589581283
17.596317187912
17.600981888056
17.605818600616
17.610560245782
17.615359126688
17.620107212045
17.624881295579
17.629692477484
17.633932352917
17.637950157617
17.642768257650
17.965403220496
17.969244193236
17.972091422331
17.975156870493
17.978707818339
17.982696593298
17.987055886542
17.991527704783
17.996005212907
18.000545952672
18.005146812142
18.009674263268
18.014207578621
18.018799221363
18.023384247800
18.027981407602
18.032580407894
18.037195141323
18.041797430154
18.046381324627
18.051076297489
18.055720815924
18.060392492725
18.065044797282
18.069707319859
18.074345986658
18.079007793265
18.083690486703
18.088334547716
18.093086455240
18.097769390201
18.102454609802
18.107128916145
18.111849174438
18.116538623304
18.121177792356
18.125854541098
18.130499825869
18.135156624947
18.139795106563
18.144415700574
18.149071339620
18.153738700517
18.158380788682
18.163009900691
18.167099287942
18.170917466752
18.174654509371
18.208205231491
18.212817959905
18.217308391800
18.222194405387
18.226896279744
18.231607952799
18.236040402851
18.240721634861
18.245428720571
18.369366800874
18.373525111673
18.377700135239
18.381982500027
18.386304951974
18.390593754865
18.394852583635
18.399087439545
18.403352147898
18.407614258348
18.411911679516
18.416200877641
18.420509102611
18.424834466087
18.429173808448
18.433540691082
18.437925037091
18.442302507450
18.446710264726
18.451134070667
18.455583725652
18.460066702814
18.464524603010
18.470047113583
18.474454519941
18.478924707520
18.483358144566
18.487702089282
18.491836628480
18.496134169502
18.500574119360
18.505112997443
18.509525169792
18.514018854991
18.518582388097
18.523225816162
18.527745413243
18.532233794941
18.537020374687
18.542518442913
18.547015122213
18.551801179567
18.556285547156
18.560860219620
18.565404712912
18.569914919509
18.574504930792
18.579041257156
18.583740452990
18.588578275519
18.593480599614
18.597991774694
18.602462995917
18.606826646021
18.611271235400
18.615995948896
18.619921405969
18.623655219167
18.626912233905
18.630922647587
18.635242390252
18.639551183858
18.643854088145
18.648142610823
18.652480738020
18.656802866593
18.661115187515
18.665387499933
18.669649224799
18.673915041269
18.678148328978
18.682366528572
18.686559946524
18.690754719362
18.694940205971
18.699099927651
18.703213270564
18.707314954248
18.711427383148
18.715522655019
18.719621235807
18.723677536779
18.727713577439
18.731751800202
18.735788169355
18.739809591593
18.743828810837
18.747804099133
18.751784174764
18.755797821558
18.759881042868
18.763949584610
18.768015507634
18.772069885859
18.776168569568
18.780342795111
18.784549979277
18.788753032302
18.792988133997
18.797268695916
18.805940924488
18.809976111657
18.814383894045
18.818684511111
18.823073879323
18.826973167589
18.830863297267
18.834831516447
18.838891998534
18.842943343973
18.846955606261
18.851014172463
18.855069978910
18.859172406498
18.863266230582
18.867364758907
18.871508044368
18.875567766727
18.879662523104
18.883723194023
18.887835940815
18.891834680834
18.895739213132
18.899692900089
18.903670666249
18.907696866298
18.911821983201
18.915992468223
18.920039099138
18.923986956966
18.927965752260
18.932055930729
18.936107770128
19.388432211916
19.392344639736
19.395849476416
19.399616250338
19.403695481369
19.407852731568
19.412030926722
19.416155191971
19.420327481365
19.424478402438
19.428644666434
19.432858515869
19.437079968946
19.441329258964
19.445579870773
19.449891284128
19.454191270477
19.458472910655
19.462753525226
19.467009797843
19.471340390848
19.475674467778
19.479998615817
19.484321706606
19.488652864600
19.492976742584
19.497271566056
19.501606293322
19.505924340509
19.510210653491
19.514490137622
19.518790289492
19.523084871936
19.527379936448
19.531647583593
19.535939911454
19.540208806554
19.544499490998
19.548762926311
19.553044325914
19.557306961803
19.561572555345
19.565844163989
19.570105039212
19.574374649864
19.578647792565
19.582920901268
19.587163045608
19.591425029067
19.595668373391
19.599904659632
19.604143450682
19.608377049531
19.612637716520
19.616902277188
19.621166353103
19.625431204744
19.629681741638
19.633927533561
19.638178259703
19.642432853753
19.646702575389
19.650964906884
19.655217962488
19.659457190670
19.663685927348
19.667932208409
19.672160619710
19.676373002701
19.680586866972
19.684830131867
19.689040690085
19.693235799903
19.697437740502
19.701638862828
19.705809946397
19.709980432437
19.714165615017
19.718354613313
19.722555849317
19.726734312212
19.730873880101
19.735080302999
19.739245931421
19.743405968014
19.747533475559
19.751621091356
19.755716736176
19.759766224420
19.763869640524
19.767984975180
19.772097783018
19.776193272703
19.780259387022
19.784377415114
19.788486147352
19.792570434733
19.796649155849
19.800773452515
19.804879829081
19.809028092802
19.813169577654
19.817307195042
19.821432456061
19.825556030000
19.829641253796
19.833767550806
19.837890398158
19.842004596059
19.846110324977
19.850246315015
19.854392629138
19.858505309151
19.862641199419
19.866815163301
19.870958411134
19.875125309555
19.879354100711
19.883531485787
19.887741146801
19.891911713744
19.896064339500
19.900218853454
19.904392925294
19.908548500071
19.912720066674
19.916885058791
19.920977146673
19.925130848013
19.929244625467
19.933378778838
19.937508581757
19.941641897613
19.945794541793
19.949961150849
19.954074416282
19.958179794153
19.962281806758
19.966387292221
19.970497717386
19.974564696666
19.978654412496
19.982720379026
19.986797038276
19.990861511269
19.994965322071
19.999068065244

