Time_s
0.984985490449
0.988594886190
0.992198977796
0.996043040681
0.999852400628
1.003570249664
1.007318215583
1.011115525892
1.014998181420
1.018905389397
1.022883362589
1.026874418282
1.030871466086
1.034835181539
1.038695807927
1.042424085526
1.046025000984
1.049600021772
1.053147379819
1.056710031313
1.060256323499
1.063790762706
1.067340464604
1.070886960114
1.074408301891
1.077913549133
1.081387730663
1.084855363154
1.088329088711
1.091809146125
1.095281801450
1.098747167930
1.102178440665
1.105616867817
1.109017870458
1.112375935921
1.115680824408
1.118880357408
1.122167778092
1.125458358564
1.128745289569
1.131986704703
1.135209170195
1.138418884080
1.141619961004
1.144671627858
1.147833337366
1.151017045158
1.154210674723
1.157418722499
1.160634265561
1.163832030972
1.166773003781
1.169911578152
1.173327544441
1.176665256846
1.179972388941
1.182687613849
1.186048258236
1.189267621212
1.192801979672
1.196059409919
1.199383350824
1.202934349013
1.237565078933
1.240941933397
1.244240523452
1.247642171668
1.250956650929
1.254255565808
1.257221287290
1.325155882647
1.328955784072
1.333037928886
1.337216864168
1.341157557858
1.344806402813
1.348387043309
1.352065878872
1.355809695548
1.359681517943
1.363583596799
1.367566413232
1.371605512618
1.375728986143
1.379878890586
1.384102045429
1.388325308554
1.392534252598
1.396767160959
1.400978323140
1.405228269409
1.409437989286
1.413685720345
1.417912029792
1.422121100779
1.426384991474
1.430613382108
1.434840784066
1.439062071391
1.443305350203
1.447587608490
1.451925968218
1.456268398250
1.460596336946
1.464984942435
1.469401381348
1.473796980640
1.478274754555
1.482880448679
1.487560873746
1.492571875564
1.497201252417
1.506543735823
1.510767959710
1.514951249083
1.519449285867
1.523759913260
1.528077550229
1.532414545285
1.536718090439
1.541159983795
1.545637279669
1.550237130688
1.554640466331
1.559023805952
1.563141409688
1.567337696880
1.571949244464
1.576397344030
1.581088823032
1.585760633459
1.590166028299
1.594544274426
1.599032399754
1.679011095873
1.682790085040
1.686575138536
1.690522948947
1.694409785025
1.698320593677
1.702346030662
1.706613547753
1.710980641484
1.715370830651
1.719709443033
1.724063554567
1.728461252608
1.732870824025
1.737322763726
1.741768730494
1.746218784246
1.750651342699
1.755111932970
1.759616296154
1.764145532631
1.768710440239
1.773310809837
1.778262597878
1.783053001202
1.787589019228
1.792458571166
1.797301414783
1.802070625904
1.806880940144
1.811731892539
1.816690047092
1.821721083059
1.826737609658
1.831819136695
1.836751053392
1.841754661286
1.846801878817
1.851900512636
1.857017720661
1.862176143905
1.867307278831
1.872456098986
1.877603977531
1.882755252080
1.887952263996
1.893146245914
1.898375976191
1.903626522588
1.908879797495
1.914157433942
1.919434504634
1.924699433355
1.929963861738
1.935217875386
1.940470577159
1.945713354742
1.950840607543
1.955838489460
1.960725055454
1.965491498500
1.970150421226
1.974808356329
1.979408426558
1.983863882907
1.988380706665
1.993028820388
1.997620578789
2.002371881866
2.007160511778
2.011753492110
2.016709580461
2.021712179645
2.025623182048
2.030375715111
2.035308312506
2.040271267890
2.044741526985
2.049445691282
2.054209428465
2.058872873659
2.063545822926
2.068029988541
2.072803592654
2.077552115034
2.082188732678
2.086737110308
2.091555419536
2.096334386592
2.592479017228
2.595710649516
2.599068071025
2.602481662377
2.605808608463
2.609260483241
2.612780756018
2.616540777826
2.620278849426
2.624078792492
2.627924652323
2.631797782514
2.635678296831
2.639577404830
2.643494900288
2.647431352321
2.651394695396
2.655366768848
2.659348346029
2.663336880712
2.667314487123
2.671297208367
2.675264031827
2.679230004626
2.683200536101
2.687177592114
2.691156312006
2.695119981409
2.699099895175
2.703082770640
2.707043631705
2.710976490466
2.714895379877
2.718763285740
2.722621027464
2.726424342333
2.730186011526
2.733936077496
2.737642560490
2.741295235695
2.744921204182
2.748551620830
2.752170427114
2.755794467007
2.759478485032
2.763211100700
2.766967030215
2.770756697282
2.774621022656
2.778448667140
2.782260220546
2.786045646272
2.789846332848
2.793762006613
2.797825942375
2.801278914870
2.804906133260
2.808884733970
2.812630115828
2.816264166409
2.819900341049
2.823623967379
2.827440821076
2.831302732670
2.835068383078
2.839144983368
2.842901943358
2.847076587330
2.850665839346
2.854201325123
2.857829866424
2.861657434145
2.865576383623
2.869646894292
2.873451265923
2.877492258356
2.881075457480
2.925802114884
2.929887361404
2.934168249647
2.938044139179
2.941728254103
2.945393146643
2.949085839531
2.952819929566
2.956657737779
2.960555361311
2.964423177945
2.968301070817
2.972177741062
2.976059530476
2.979956599935
2.983862931647
2.987778009507
2.991718068349
2.995664661755
2.999611116389
3.003576665401
3.007591402717
3.011658897559
3.015774785047
3.020395382686
3.024578632148
3.028728422530
3.033156523009
3.038629350473
3.043243576018
3.047603976584
3.051837657101
3.059714869906
3.063826698112
3.067910922281
3.071911058342
3.075895594714
3.079845326619
3.083744566716
3.087851013560
3.118535695756
3.122517932695
3.126346264643
3.130201783725
3.134109243345
3.138025221284
3.141978067503
3.146054018443
3.150170110402
3.154302218708
3.158594268887
3.163497102772
3.167996388436
3.172531061496
3.177358813299
3.182326972108
3.187164606708
3.192089108829
3.197494331066
3.202368494447
3.207108730827
3.216558957324
3.221844436621
3.227037337972
3.231133734020
3.235152359337
3.239767361063
3.244775035816
3.249817740623
3.254767549347
3.259953863991
3.265062535509
3.269446013074
3.273896237636
3.278526361204
3.297416396588
3.301702154479
3.306006362889
3.310376668586
3.314776277485
3.319206840016
3.323655642278
3.328104216812
3.332669842193
3.337203415250
3.341786859234
3.346346564313
3.350855016446
3.355348585424
3.359847758132
3.364383859567
3.368914633960
3.373452356423
3.377947219643
3.382491937960
3.387014642703
3.391527743538
3.396000231586
3.400419387086
3.404857853244
3.409281589813
3.413709075012
3.418112640182
3.422512015299
3.426944327519
3.431404688885
3.435880564981
3.440383163193
3.444908045350
3.449434131195
3.453978451710
3.458519468151
3.463115048452
3.467727435288
3.472303351000
3.476872432765
3.481475872929
3.486082757567
3.490701562812
3.495333811331
3.499994817071
3.504644064304
3.509388719568
3.514135483278
3.518913662423
3.523792592573
3.528691630764
3.534916293251
3.540194724246
3.545248913979
3.550246313088
3.555039718651
3.559132314007
3.563656110331
3.568721481826
3.573522380136
3.578213721830
3.582755948186
3.587379314185
3.591948163563
3.596502802139
3.601060236948
3.605666097074
3.610230132687
3.614823894575
3.619422467322
3.624071632134
3.628790845602
3.633522271983
3.638263271622
3.643038577342
3.647814133093
3.652610188004
3.657388233234
3.662216452576
3.667029532411
3.671901170508
3.676689781592
3.681499603668
3.686296614280
3.691037774525
3.695674930621
3.700402081793
3.705224984083
3.710348183696
3.715540215609
3.721051534767
3.726029425077
3.730896228720
3.735655031639
3.740450516623
3.745350676448
3.749917617859
3.754688996033
3.759463990646
3.764247494525
3.768884723841
3.773804820690
3.778374420069
3.783178835881
3.787930543534
3.792869296793
3.797516981087
3.848761089710
3.853252158851
3.857415049621
3.861658549004
3.865532249943
3.869425334047
3.873204886118
3.876863454352
3.880460360716
3.884375062715
3.888478406614
3.892641929870
3.896764294084
3.900806003413
3.905125765491
3.909527971825
3.913939345287
3.918332967548
3.922764560931
3.927185544844
3.931592399803
3.936035610567
3.940461784505
3.944920553452
3.949354353787
3.953842853869
3.958330168103
3.962812236028
3.967293385935
3.971810313892
3.976334467828
3.980875617951
3.985430240706
3.989980442603
3.994546665120
3.999120447571
4.003657418961
4.008157866130
4.012693686985
4.017225069867
4.021751038954
4.026254756160
4.030763624704
4.035263995549
4.039778690772
4.044330565254
4.048841047026
4.053412511190
4.058050277086
4.062701470505
4.067389371099
4.072071172332
4.076841518471
4.081525950166
4.086304772725
4.091107371271
4.095860482818
4.100142692516
4.104378699821
4.108870521529
4.113520783296
4.117586797725
4.121929311132
4.126700800357
4.131494143694
4.136204952006
4.141140425515
4.145901681556
4.150622652271
4.155257623732
4.159985519296
4.164575967786
4.169502173691
4.174495381897
4.179365525290
4.183863728358
4.188383736865
4.192561618647
4.196588274456
4.200521219639
4.204588448866
4.208715135565
4.212792869197
4.216967629082
4.221131372993
4.225308622055
4.229565169615
4.233908210965
4.238324055547
4.242815516939
4.247332910599
4.251897629698
4.256573043878
4.261470370332
4.266395029788
4.271444431607
4.276904838627
4.281723818888
4.286273826826
4.290472215611
4.294787553644
4.298808917005
4.302195815210
4.310070201101
4.314283868732
4.318473374129
4.322320798981
4.330464625248
4.334549352932
4.338353404414
4.342520373168
4.397045388512
4.401895207613
4.406132789578
4.410410885246
4.414630773825
4.418825336720
4.423030953327
4.427288085513
4.431564848602
4.435891120961
4.440199649137
4.444511364493
4.448847034315
4.453205089114
4.457605458583
4.461990162882
4.466382651833
4.470776779541
4.475178325793
4.479589104862
4.483975171119
4.488350124123
4.492724839260
4.497117086043
4.501508760999
4.505899701495
4.510319764357
4.514769168771
4.519194889672
4.523670308891
4.528111178292
4.532649716497
4.537276745043
4.542015915701
4.546669385715
4.551344147618
4.556048582175
4.560638538395
4.565233991676
4.569784350432
4.574079721229
4.578217201904
4.582470467463
4.586969583314
4.591357741978
4.595935613988
4.600523676603
4.605456183671
4.610395432555
4.615552206283
4.620178488478
4.625015022839
4.629971459164
4.634554029913
4.639217358980
4.643632625281
4.648009706288
4.652481313747
4.676774788882
4.680693973136
4.683967722875
4.687546930405
4.691195579816
4.694859450990
4.698597394003
4.702852042360
4.706803509897
4.710816361879
4.714978009375
4.719201884302
4.723498111890
4.727822309503
4.732182868301
4.736587221119
4.741025070915
4.745448684703
4.749875642111
4.754364339327
4.758877999566
4.763449479411
4.768084971741
4.772807484153
4.777665335799
4.782354993403
4.787112836389
4.791960593390
4.796748223790
4.801504160135
4.806386773549
4.811481281251
4.816592405879
4.821677278945
4.826618126124
4.831527499693
4.836450129243
4.841384617619
4.846333308443
4.851303054606
4.856228608447
4.861259059672
4.866258984399
4.871246994057
4.876000959917
4.880269524388
4.884090372558
4.889432134411
4.894670963092
4.899893328798
4.905058538575
4.910180781824
4.915333712990
4.920498502318
4.925663299575
4.930874413787
4.936295306904
4.941891685285
4.947688716263
4.952950878799
4.958413382814
4.963760135145
5.139273788286
5.143265000284
5.147138517384
5.151099333563
5.155206304700
5.159418059754
5.163654425414
5.168016500988
5.172414578946
5.176834011839
5.181366757332
5.185908808098
5.190534240203
5.195143898383
5.199802048623
5.204538100989
5.209284768227
5.214051126385
5.218804707185
5.223550550470
5.228378551044
5.233211667755
5.238083575474
5.242973587059
5.247906480372
5.252868484242
5.257828457700
5.262785224935
5.267707195851
5.272667805240
5.277588020557
5.282507456012
5.287391174138
5.292281668855
5.297159307830
5.302027651317
5.306856774164
5.311679991734
5.316510003552
5.321315214005
5.326103589072
5.330895090359
5.335675368083
5.340416166794
5.345151861707
5.349914075552
5.354676994801
5.359483694883
5.364320120486
5.369622863659
5.374691952412
5.379900313347
5.384747510302
5.389283168517
5.394265598738
5.399099843563
5.404104077815
5.408984400309
5.413796967861
5.418537723402
5.423213410904
5.428138277135
5.432771374044
5.437367750050
5.442250748650
5.447006061853
5.451782090002
6.116705621920
6.120822283108
6.124003470744
6.128312307189
6.131906826429
6.135330520495
6.138945128296
6.142679493167
6.146401597624
6.150131842307
6.153856299480
6.157604413744
6.161383969790
6.165169116386
6.168966383773
6.172759072070
6.176597989181
6.180513186678
6.184448628609
6.188318045305
6.192069293894
6.195887626477
6.200042826014
6.204183589446
6.208073608259
6.211525001399
6.215462604769
6.219304450316
6.223082745546
6.226810698801
6.230610913648
6.234340378949
6.238256170864
6.242137630201
6.245932146572
6.249777837928
6.253485283860
6.257226522620
6.260957354482
6.265008040693
6.438714031964
6.442667953310
6.446586410858
6.450091539087
6.453718318907
6.457422800042
6.461271592355
6.465221514549
6.469194847870
6.473195121066
6.477269542593
6.481391552544
6.485541991974
6.489707941006
6.493904209457
6.498101817342
6.502291920792
6.506507980691
6.510732123819
6.514987771835
6.519248124146
6.523528520413
6.527875834269
6.532288025708
6.536613860812
6.540919510515
6.545237726020
6.549576960235
6.553920297531
6.558308673484
6.562708148049
6.567153450020
6.571581638131
6.575981063830
6.580404646444
6.584854776615
6.589319507514
6.593767786146
6.598247642645
6.602711180781
6.607234771524
6.611807426277
6.616470127608
6.621143538349
6.625837121168
6.630555701102
6.635284334633
6.640010094709
6.644750054054
6.649512359738
6.654295168896
6.659036335668
6.664000001322
6.670020150142
6.674895571672
6.679714392818
6.684508652761
6.689232254266
6.693884859645
6.698459454136
6.702964431475
6.707413507242
6.711811751747
6.716209823341
6.720651842196
6.725128616780
6.729645188123
6.734194064807
6.738760977783
6.743330109274
6.747913392344
6.752520401772
6.757162420091
6.761828108676
6.766569735793
6.771368038498
6.776210557879
6.781052811938
6.785958332311
6.790677239903
6.794629588910
6.799107361905
6.803938279374
6.812747733908
6.817634970796
6.822518985483
6.827058681687
6.831570342621
6.836525067200
6.841536054674
6.846244789675
6.850674580239
6.855232234405
6.860204166990
6.865169904224
6.869860874042
6.874173602678
6.878944666669
6.883928972998
6.888666541464
6.892955542186
7.028733992886
7.032915372619
7.037109482086
7.041193640074
7.045312368972
7.049464774117
7.053637469917
7.057847615464
7.062109603197
7.066355435529
7.070582250036
7.074794594829
7.079035686522
7.083290538317
7.087587140843
7.091866817430
7.096166527622
7.100461398831
7.104748664163
7.109044426368
7.113351671186
7.117646953543
7.121934198710
7.126210035179
7.130462283102
7.134752769954
7.139032101962
7.143299040605
7.147590583204
7.151874785003
7.156136013424
7.160427283258
7.164691412654
7.168965958022
7.173217309029
7.177492611297
7.181750400622
7.185971876465
7.190237685437
7.194633305887
7.198989497506
7.203601591157
7.208143791452
7.212756545494
7.217184067225
7.221231236593
7.225362591431
7.229767748334
7.233901598151
7.238443942793
7.242911122118
7.247213959418
7.251467714237
7.255595746726
7.259852997353
7.264348958159
7.268808339655
7.273283873020
7.277450019100
7.281921561692
7.644770535142
7.648845619585
7.652890485829
7.656924032772
7.660954923414
7.665131820652
7.669455432476
7.673959045725
7.678669751089
7.683332147421
7.687976970052
7.692706929402
7.697359308175
7.702024052497
7.706685437114
7.711315417743
7.715963944864
7.720606173226
7.725256640391
7.729876358549
7.734497542962
7.739156020974
7.743802722178
7.748430184765
7.753079453192
7.757736841062
7.762361379688
7.766978225680
7.771590997442
7.776172944456
7.780782465306
7.785439063477
7.790147506041
7.794923304121
7.799725358895
7.804407025254
7.808888568016
7.813309425215
7.817945684704
7.822769469064
7.827264081555
7.831762152743
7.836300079284
7.840911899481
7.845674574171
7.850313506759
7.854974525427
7.859741115108
7.864495610637
7.869280818964
7.874001113071
7.878580810330
7.883584436190
7.888152300228
7.892718485779
7.897167281929
7.901862550628
7.906283970048
7.910922812969
7.914934419218
7.919675779845
7.924427155070
7.933800030424
7.937763329747
7.941942919044
7.945997688000
7.950179466791
7.954506006030
7.959008142147
7.963566848700
7.968150808238
7.972677709757
7.977295877423
7.981955679401
7.986626615261
7.991307856046
7.995959853191
8.000685106542
8.005403104110
8.010118649017
8.014762402774
8.019418991137
8.024146427702
8.028831764403
8.033483330328
8.038120308348
8.042796710209
8.047462148564
8.052119163717
8.056779800293
8.061435515480
8.066077608445
8.070726460999
8.075372181273
8.080000670002
8.084606725212
8.089196492368
8.093757239755
8.098293779608
8.102799127086
8.107283652446
8.111716498312
8.116131027674
8.120495685194
8.124884934105
8.129223042253
8.133414115790
8.137616256354
8.141914643660
8.146248450842
8.150674154758
8.155085497286
8.159551246006
8.164050939987
8.168554449755
8.173020686151
8.177617935993
8.182068799971
8.186352432625
8.190410041470
8.194337268244
8.198651453304
8.203032462927
8.207483318926
8.211952751433
8.216406277139
8.220690803802
8.225253019297
8.229813787254
8.234373361762
8.238881413413
8.243425531449
8.879165773026
8.883471392146
8.886777692436
8.890260846896
8.893847768839
8.897477374916
8.901209295340
8.905083765065
8.909054018001
8.913061577899
8.917128020791
8.921229384453
8.925359231762
8.929615896965
8.933862177841
8.938115208804
8.942401432732
8.946721583188
8.951063420710
8.955444501899
8.959816449075
8.964153624092
8.968505220708
8.972867987847
8.977224200448
8.981602606603
8.985961591126
8.990322619960
8.994672421559
8.999026775246
9.003387088300
9.007727161880
9.012067856568
9.016403708448
9.020722726836
9.025027432040
9.029325756325
9.033631234079
9.037940669424
9.042227786748
9.046515236947
9.050788738719
9.055038536885
9.059278278070
9.063485644139
9.067667952986
9.071814647763
9.075927892783
9.080012955109
9.084056695246
9.088063276601
9.092055996204
9.096051243968
9.100005315846
9.103941809042
9.107952336795
9.112045720717
9.116222769393
9.120433065801
9.124579083711
9.128790740677
9.132979751451
9.137023766052
9.141199416327
9.145255481505
9.149298166608
9.153389199260
9.157341746153
9.161340403624
9.165336941760
9.169314636158
9.173270591706
9.177395398456
9.181365511679
9.185481760333
9.294998667684
9.298268369648
9.301843141892
9.305405114519
9.309184700013
9.313075074815
9.317005718119
9.320945158861
9.324922667250
9.328904032044
9.332956165886
9.337057436301
9.341259051505
9.345556397425
9.349932683877
9.354589694089
9.359307360569
9.364391054123
9.369337516306
9.374157618760
9.378187385816
9.382288159338
9.386229236052
9.390284193232
9.394501721417
9.398574369998
9.402620980112
9.406738079578
9.410857526168
9.415054075006
9.419412238830
9.423890363871
9.428177291342
9.432782260355
9.437623154266
9.442131837989
9.451491975696
9.456357837650
9.460883628342
9.465305645806
9.470242071438
9.474509022162
9.572981002692
9.577246806971
9.581670039798
9.586042503186
9.590158051199
9.594188975787
9.598364890168
9.602644536402
9.606902653316
9.611290243671
9.615668053106
9.620068057978
9.624444194261
9.628839222029
9.633297522595
9.637789877905
9.642269810698
9.646760282173
9.651318285453
9.655631610842
9.660023346978
9.664300967903
9.668681001043
9.673070248799
9.677411068348
9.681744806240
9.686098224326
9.690479213731
9.694857104055
9.699258555220
9.703647123372
9.708089894538
9.712520194688
9.716985967589
9.721444251845
9.725944482932
9.730444433227
9.734968012136
9.739489873661
9.744009155140
9.748546428587
9.753060885665
9.757600288299
9.762151243519
9.766682201529
9.771205525464
9.775738329632
9.780258769604
9.784789160298
9.789331816510
9.793862969378
9.798348141593
9.802796038274
9.807225424536
9.811649087479
9.816062739088
9.820451726037
9.824875275605
9.829335690852
9.833755348711
9.838331318077
9.842925988385
9.847598740845
9.852539305015
9.857396505857
9.862086374826
9.866602009711
9.870553399894
9.875245199894
9.880536122057
9.885320805742
9.889933618031
9.894191953582
9.902802961287
9.907575207635
9.912661012730
9.917502070602
9.922618639060
9.927584365368
9.932658235851
9.937796369286
9.942827768905
9.948063329228
9.953342146575
9.958418841003
9.963633830132
9.968887808292
9.974107271802
9.979440236980
9.984673954121
9.989962649331
9.995152841300
10.000167858811
10.005127605020
10.009945743989
10.014720677059
10.019452746500
10.024099307800
10.028776652155
10.033435255724
10.038111437657
10.042761706957
10.047468687299
10.052216170401
10.056969341614
10.061747858508
10.066609126223
10.071578522884
10.076630650961
10.081949171191
10.087386720490
10.092679314166
10.097913941611
10.103210274195
10.112817421879
10.118089994960
10.123280419424
10.128635108864
10.134360801065
10.141023080077
10.146382368825
10.151794996642
10.157075429107
10.197502236758
10.203102263338
10.207957465186
10.213649292557
10.219114848965
10.223471995447
10.228057913672
10.232628016762
10.237213655604
10.241810926741
10.246406750020
10.251129075018
10.255838310906
10.260574721568
10.265316760895
10.270069172638
10.274832467860
10.279582040590
10.284384878995
10.289250131681
10.294118157605
10.298976689141
10.303776118624
10.308394949975
10.312872871358
10.317241043894
10.321545232810
10.325828094627
10.330068218646
10.334320284572
10.338624088493
10.342891156463
10.347119058332
10.351152603861
10.355144338101
10.359241206603
10.363401570299
10.367548528425
10.371685996487
10.375647442631
10.379258968721
10.383083453935
10.387010998649
10.390954769940
10.394848005713
10.398669875052
10.402422271905
10.406154593646
10.409822846383
10.413510083836
10.417077591227
10.420839069627
10.424825406208
10.428772510198
10.432722660541
10.436531827346
10.439911469810
10.443658238279
10.447596919249
10.451403726424
10.455388554430
10.459320129664
10.463135570681
10.466839878995
10.470709518645
10.474469670635
10.478317993839
10.481810482834
10.485705517134
10.489711272551
10.493423826095
10.597249522000
10.600843403344
10.604827230425
10.609005887834
10.613018496633
10.617104183467
10.621313991602
10.625626991333
10.630121125390
10.634679873988
10.639267437723
10.643895218106
10.648572523938
10.653375001738
10.658089276476
10.662835447158
10.667672440766
10.672531164487
10.677332043714
10.682091432841
10.686947208183
10.691971061511
10.697018991567
10.702238044027
10.707252362738
10.712165592582
10.717064396212
10.722026128222
10.726961284190
10.731909666284
10.736858757038
10.741785817502
10.746693734126
10.751566248566
10.756474816116
10.761345588424
10.766222000145
10.771135937040
10.776022355842
10.780844931927
10.785619359329
10.790374813667
10.795070124871
10.799710608384
10.804285978787
10.808735850559
10.813050747039
10.817191534153
10.821315632558
10.825578049559
10.829967525498
10.834380381091
10.838929635092
10.843663952276
10.848888264288
10.853708458105
10.858558171656
10.863211810848
10.867812909633
10.872385610563
10.876975863189
10.881586844572
10.886028407740
10.890666646262
10.894579355159
10.899051733312
10.903295273969
10.908103917227
10.912158454523
10.916789905292
11.516154100743
11.519562958809
11.523181482293
11.527116570110
11.531141495559
11.535268962259
11.539436065670
11.543638297032
11.547903937296
11.552215527758
11.556534859087
11.560868455536
11.565196176826
11.569531902623
11.573897555882
11.578282883752
11.582669103137
11.587079362032
11.591520566036
11.596225166992
11.600632603209
11.605156679926
11.609715561043
11.614395034434
11.619037570059
11.623697014631
11.628336702895
11.633023378364
11.637655265607
11.642255617171
11.646904857993
11.651562606451
11.656207731563
11.660871932466
11.665533725643
11.670197920041
11.674903317137
11.679573731940
11.684237874705
11.688938357484
11.693594437884
11.698268026514
11.702913412595
11.707539898225
11.712198567007
11.716808356527
11.721449907045
11.726009050482
11.730523112367
11.735115132485
11.739706260352
11.744241460471
11.748805202472
11.753382910643
11.757956952352
11.762529224909
11.767092287696
11.771665068214
11.776235704852
11.780775593403
11.785290351701
11.789811389659
11.794305324207
11.798765328999
11.803194078349
11.807611065242
11.812018463369
11.816393225225
11.821219533872
11.825707660557
11.830347058706
11.835142649937
11.839927823072
11.844645317217
11.849401510332
11.854174228362
11.858975055806
11.863878625931
11.869023266194
11.874149728411
11.879017979213
11.883770786806
11.888418295163
11.892836360108
11.897191903540
11.901530579695
11.905847199004
11.910163566927
11.914494420226
11.918833158928
11.923176557986
11.927528052359
11.931871940824
11.936225599147
11.940566237008
11.944902607009
11.949234128654
11.953568317701
11.957916884064
11.962274131086
11.966620088339
11.970972432468
11.975314812978
11.979662521194
11.984004812936
11.988360653000
11.992741712793
11.997145296413
12.001593183704
12.006060559381
12.010539111921
12.015020410435
12.019490285585
12.023947292841
12.028377421391
12.032813551778
12.037231001673
12.041655721136
12.046142643163
12.050636511918
12.055217395001
12.059779732713
12.064458373655
12.069332567591
12.074568373479
12.079453376339
12.083529977329
12.088057520553
12.092771845454
12.097123292833
12.101161584751
12.105479497694
12.109849969488
12.114437179993
12.119208481006
12.123546157925
12.128396009874
12.132973454434
12.137762854449
12.143206038868
12.148774741622
12.153687679892
12.158146191681
12.162766707148
12.167243676339
12.172407539314
12.177549444560
12.209017518895
12.212473397589
12.216451709795
12.220531649542
12.224677505394
12.228821711924
12.233077922570
12.237467614025
12.241969899704
12.246536547707
12.251026670991
12.255528928271
12.260039067638
12.264619368147
12.269240404374
12.273768910336
12.278361387245
12.282739542046
12.287390933546
12.291983182588
12.296530444127
12.301068569940
12.305640378852
12.310218053227
12.314795041074
12.319368583151
12.323932521195
12.328499749857
12.333029016774
12.337530259564
12.341994277741
12.346482053878
12.350963649602
12.355450098817
12.359931860741
12.364431650463
12.368946591456
12.373487865698
12.378055365207
12.382642827947
12.387241736707
12.391837748105
12.396429568674
12.401029869969
12.405606139605
12.410206618053
12.414853972654
12.419578070482
12.424390955283
12.429161146793
12.433759006249
12.438261385031
12.442679799661
12.447237524376
12.451789294094
12.456075455194
12.460541441230
12.465247321793
12.469844571225
12.474470066868
12.479002053909
12.483935845909
12.488646546847
12.493362531382
12.498010718453
12.502781171181
12.507747509148
12.512359768502
12.517059680804
12.540600570298
12.545385457609
12.549552260157
12.553723439919
12.557793856497
12.561841837198
12.566008983356
12.570299887273
12.574627179164
12.578938193462
12.583236907314
12.587561321015
12.591881825210
12.596238664983
12.600587072450
12.604966776201
12.609350015584
12.613733220010
12.618128895002
12.622534425644
12.626975926127
12.631444464208
12.635960773478
12.640509430246
12.645141600313
12.649812380268
12.654538055402
12.659397651466
12.664197357186
12.669098367873
12.674083894159
12.678348208093
12.683584175339
12.688436083402
12.693676045807
12.700401913061
12.705672898441
12.717807068104
12.723370886197
12.729192558438
12.735947820289
12.741531354021
12.746833503945
12.751999710238
12.757007614353
12.761660566924
12.766278292164
12.770845299676
12.775316208090
12.779701141008
12.784037390863
12.788426705446
12.792784875433
12.797162603803
12.801560745753
12.806003438568
12.810463139335
12.814920444594
12.819410685886
12.823926639325
12.828451608234
12.832959192216
12.837840733847
12.842600152822
12.847472490869
12.852430771611
12.857248386590
12.862037831944
12.867969094211
12.872627823369
12.877509310525
12.882368322980
12.886617062639
12.890999417937
12.895869245750
12.900912271796
12.906100091667
12.911681568022
12.917335840099
12.922332517954
12.927035545007
12.931594583138
12.936115676381
12.940572113392
12.945079315393
12.949613853015
12.954168718777
12.958698773945
12.963238399434
12.967760063877
12.972315153716
12.976881204868
12.981435881460
12.985977492564
12.990519017135
12.995071929353
12.999642869270
13.004222301921
13.008782314933
13.013343289201
13.017939627420
13.022503532129
13.027109300018
13.031701255531
13.036296700248
13.040924580821
13.045555007702
13.050368713679
13.055229318744
13.060036601320
13.064866247385
13.069517610040
13.074024015569
13.078930656294
13.083734637374
13.088431533430
13.093068506888
13.097811917250
13.102521324652
13.107127326097
13.111869631557
13.116478271030
13.121015503165
13.125558791304
13.130114416573
13.134686707801
13.139261869849
13.143849999048
13.148461538089
13.153086168248
13.157737066238
13.162392745217
13.167138296274
13.171866171821
13.176629857032
13.181362943136
13.186080078556
13.190753764061
13.195412111157
13.200047049890
13.205163341868
13.210225510420
13.215337728168
13.220657620659
13.225942250144
13.231142327976
13.236109348014
13.241023364528
13.249152949273
13.254048001431
13.259053056406
13.263957864460
13.268886766200
13.273720862187
13.278045496876
13.282043276125
13.287308078460
13.292294278260
13.297201398233
13.302278531345
13.307220002817
13.311894346493
13.316237828854
13.320560166866
13.324901152725
13.329345624458
13.333807007514
13.338285602135
13.342778421196
13.347321056456
13.351886867280
13.356469110116
13.361084882810
13.365718827156
13.370372274650
13.375038802457
13.379711290778
13.384391911775
13.389076328347
13.393776618169
13.398474569313
13.403192400589
13.407907686034
13.412636412007
13.417364872015
13.422093686998
13.426844410540
13.431606583429
13.436363002331
13.441122619912
13.445889664631
13.450679363856
13.455505054230
13.460353191330
13.465221426511
13.470118440347
13.475013319566
13.479920261633
13.484832295760
13.489746631075
13.494679061037
13.499639813813
13.504601700373
13.509582210048
13.514532565809
13.519485811062
13.524493873451
13.529494690276
13.534562590128
13.539706695527
13.545023413686
13.550475710612
13.560729420472
13.565904185864
13.571239197712
13.576612719745
13.581852387787
13.587207867684
13.592442739386
13.597759027079
13.603183844922
13.608402549561
13.613759364887
13.618938688342
13.624152625892
13.629546299327
13.635655365622
14.902184912721
14.906333676856
14.910455364779
14.914651806747
14.918767623035
14.922911541402
14.927054497949
14.931149200635
14.935194763524
14.939257473169
14.943316136665
14.947239566079
14.951133431881
14.954995464156
14.958778407326
14.962538354889
14.966230995885
14.969923534048
14.973585855678
14.977171542249
14.980709419558
14.984153212797
14.987583883223
14.991080019652
14.997151002226
15.000692281705
15.004155911450
15.007497670065
15.010734655676
15.013715485264
15.017031987223
15.020272196565
15.023671175444
15.027100037568
15.030686085768
15.034205844647
15.037500328376
15.040792782379
15.044184052578
15.047507739895
15.050883155266
15.054249301188
15.057607689502
15.060953225049
15.064287752224
15.067637023152
15.071013949217
15.074431339183
15.077922908774
15.081474617785
15.085078572676
15.088725467350
15.092434502084
15.096221588359
15.100095040714
15.104141021729
15.108061273008
15.111989716803
15.115915775704
15.120031508559
15.124069244474
15.128267150132
15.132320474538
15.136537537936
15.140617187724
15.144696950566
15.148809342257
15.152852499216
15.156885409242
15.160842302835
15.164815822924
15.168733762496
15.172644476693
15.176529402852
15.180378037287
15.184265469624
15.188246390721
15.192204315585
15.196173209694
15.200265960223
15.204214268434
15.208291668173
15.212325906231
15.216262282290
15.220114534084
15.224113097396
15.227997194403
15.231948505161
15.235948205004
15.239879968229
15.243877787699
15.247891583635
15.251756525904
15.286051054737
15.290040170682
15.294030981350
15.297107111547
15.300418242275
15.303553470347
15.306723581752
15.309976309952
15.313218845176
15.316453575599
15.319740728221
15.323046979491
15.326336417759
15.329603161903
15.332910647887
15.336228971856
15.339518260322
15.342852310226
15.346240041557
15.349651441310
15.353041015475
15.356789370437
15.360302291598
15.363816176871
15.367366318266
15.370969108542
15.374619457847
15.378306827752
15.382002451664
15.385706227692
15.389410275421
15.393115633319
15.396868232311
15.400640485364
15.404395144919
15.408127227620
15.411871168795
15.415612988358
15.419276587911
15.422996247731
15.426732682117
15.430495929897
15.434237863407
15.437970403245
15.441727536918
15.445465096259
15.449220976253
15.452987697599
15.456789867987
15.460568120197
15.464323922252
15.468122300576
15.471899298652
15.475687412213
15.479455452692
15.483194512469
15.486949926775
15.490695663735
15.494452108983
15.498216490282
15.501950119177
15.505692810763
15.509460428926
15.513328288818
15.517251785808
15.521194712091
15.525139867422
15.529175365052
15.533333889992
15.537577186757
15.542401520742
15.546637194750
15.550742694432
15.554695174092
15.558635082790
15.562566139153
15.566436318683
15.570324311223
15.574184690660
15.578040089050
15.581869196060
15.585749269121
15.589676033031
15.593623337766
15.597576389302
15.601601913902
15.605651723670
15.609743599415
15.613962456531
15.618520198088
15.623018150810
15.627273940765
15.631438478422
15.635466507176
15.639424940906
15.643411104913
15.647611617185
15.651475185236
15.655381221492
15.659102744352
15.663049001817
15.667032129515
15.671158274603
15.674878012222
15.761457067412
15.766502963465
15.769800539893
15.773573409918
15.777583260944
15.781714419098
15.785870188679
15.790080936433
15.794404499977
15.798816059776
15.803291455949
15.807741349734
15.812160531476
15.816579596311
15.821030268860
15.825515908472
15.829952242773
15.834411923166
15.838772060312
15.843129674900
15.847466989846
15.851845805384
15.856189887447
15.860588501653
15.864925373757
15.869294834875
15.873730588732
15.878145922281
15.882610298668
15.887074075988
15.891542877562
15.896039305389
15.900533320692
15.905021169786
15.909524938503
15.914011883254
15.918503999991
15.922985925220
15.927467543934
15.931923662633
15.936400817189
15.940879678834
15.945323390209
15.949761942665
15.954195086763
15.958633821811
15.963060247149
15.967477328124
15.971885132361
15.976283953217
15.980697719838
15.985090253022
15.989493570463
15.993894161541
15.998276487040
16.002689268806
16.007085232244
16.011447756203
16.015831730968
16.020202797616
16.024571225639
16.028930642078
16.033289486545
16.037610135021
16.041903077177
16.046180737361
16.050442418952
16.054705273635
16.058960851626
16.063192148828
16.067581144659
16.072112731343
16.076548325054
16.080981213692
16.085447873473
16.089869343966
16.094072677999
16.101948269728
16.106363507199
16.110706982937
16.115188727924
16.119478558398
16.123792454969
16.128126502163
16.132497539771
16.136892557953
16.141321105900
16.145693036326
16.150185045436
16.154633178546
16.159168200938
16.163090551947
16.215797235319
16.219580210234
16.223632707662
16.227627251113
16.231604716766
16.235606974534
16.239686278147
16.243787721423
16.247896292689
16.252003374059
16.256149857071
16.260351254606
16.264565130057
16.268815098648
16.273099130653
16.277381843602
16.281712493858
16.286049584736
16.290477497210
16.294853663536
16.299209591538
16.303533386392
16.307858868805
16.312191674851
16.316547127738
16.320940277793
16.325338870212
16.329758081455
16.334189263868
16.338637496614
16.343119650232
16.347620415519
16.352090536321
16.356533773187
16.360967385775
16.365397220218
16.369858020836
16.374320118895
16.378852568155
16.383519672216
16.388290356267
16.393092236063
16.397932138234
16.402765407674
16.407576607679
16.412094570683
16.416352135785
16.420868198803
16.425447247658
16.429872637530
16.434164755030
16.439012874947
16.443540119391
16.448192113414
16.452732820198
16.457279896395
16.462491722012
16.472752728328
16.477554346613
16.482263899718
16.487128006469
16.527474280878
16.530090182518
16.533284308200
16.536526261911
16.539667911063
16.542819143925
16.546272272697
16.549826700595
16.553499812965
16.557212930562
16.560964390403
16.564769157918
16.568626500551
16.572607912309
16.576652822965
16.580791271242
16.585203488409
16.590057771181
16.594537576477
16.599005871230
16.603769039003
16.608986380951
16.613892677047
16.618222065497
16.622311723470
16.625565540241
16.629129612886
16.633013012182
16.636978687543
16.641066410678
16.645280115931
16.649332237831
16.657026815306
16.661254219179
16.665691302466
16.670055123484
16.674924578119
16.826794388148
16.831977841361
16.836246160588
16.840534575335
16.844620037851
16.848743936566
16.852994491651
16.857356658671
16.861873559043
16.866428957888
16.870962764499
16.875497561493
16.880050007930
16.884639893737
16.889186537667
16.893734268182
16.898305118441
16.902878156308
16.907472636902
16.911985511315
16.916583998153
16.921141725136
16.925677172829
16.930191301841
16.934748226645
16.939289977894
16.943829611764
16.948401217121
16.953003107507
16.957637715968
16.962283970648
16.966959253498
16.971636874941
16.976324703793
16.981024917540
16.985742108753
16.990482745461
16.995217055523
16.999942218828
17.004664972600
17.009374131608
17.014068092343
17.018765743164
17.023430203470
17.028102639510
17.032764061300
17.037414793319
17.042082976623
17.046739398075
17.051404863196
17.056079216632
17.060741221794
17.065412322424
17.070070587540
17.074706618165
17.079344193389
17.083958401491
17.088563124014
17.093145205959
17.097742394205
17.102329936494
17.106923610508
17.111531146742
17.116197394613
17.120885785306
17.125646634106
17.130323626565
17.134980405072
17.139668130945
17.144224806351
17.148767332035
17.153349551103
17.157841358380
17.162452762181
17.167054353058
17.171753325215
17.176364282955
17.181065622296
17.185699588636
17.190479317789
17.195212075372
17.199993657255
17.204551413607
17.209215549504
17.213961508721
17.218565452587
17.223403682635
17.228017439943
17.232661900919
17.237752961029
17.242197207543
17.246403868394
17.249408054140
17.252641319238
17.256128087469
17.259577319745
17.263107673331
17.266664623696
17.270232662267
17.273813553316
17.277352620397
17.280862054237
17.284410343235
17.288052978268
17.291746450239
17.295519588541
17.299443937916
17.303557147802
17.307604861366
17.311678287687
17.315781698461
17.320243376779
17.324584992048
17.329163380036
17.333843811111
17.338371019404
17.342981155007
17.347727920351
17.352474639032
17.357138146326
17.361982752052
17.366851535201
17.371622403378
17.376423365593
17.381218554402
17.385951966648
17.390709983335
17.395468297525
17.400158870451
17.404856644318
17.409478457143
17.414045689176
17.418611604862
17.423143155555
17.427664626859
17.432241218148
17.436798925202
17.441426906476
17.446023046254
17.450659859303
17.455356745729
17.460205230624
17.464993963413
17.469830458579
17.474769927430
17.479712265208
17.483862602542
17.487751056941
17.492619375669
17.497638794486
17.502537807262
17.507104725957
17.516521991933
17.521597311178
17.526655033676
17.531921006053
17.541600540120
17.546623736021
17.551688087853
17.556850912194
17.562002102944
17.574552027647
17.579658249080
17.584518826872
17.589497018518
17.594385741076
17.683107548305
17.687250950198
17.691124313623
17.695177974980
17.699294848062
17.703545245861
17.707871496822
17.712216142689
17.716607589279
17.721000713396
17.725482104625
17.729951442520
17.734444159731
17.738924234751
17.743397163565
17.747885069332
17.752381692685
17.756895951632
17.761387749960
17.765913421078
17.770452917622
17.774972834902
17.779506471633
17.784017252770
17.788563953478
17.793116786533
17.797662487261
17.802215126354
17.806764803026
17.811333443599
17.815882285676
17.820450888029
17.825013502721
17.829559777988
17.834125420755
17.838718189493
17.843334150674
17.848005508830
17.852689133168
17.857431640572
17.862221951527
17.867032592167
17.871824707384
17.876655106595
17.881566225654
17.886525429026
17.892395334329
17.897189115999
17.902010575233
17.906846003085
17.911625890747
17.916474075603
17.921333942876
17.926172797528
17.930890146583
17.935543731360
17.940112581901
17.944862556327
17.949062495496
17.953368065229
18.318348065815
18.322559080411
18.326996902790
18.331397846376
18.335551407045
18.339757707473
18.344010443137
18.348245920805
18.352460112374
18.356666944230
18.360823313969
18.365001135295
18.369215084297
18.373442546307
18.377694521285
18.381946366720
18.386240639305
18.390534075789
18.394860373111
18.399222932029
18.403556232444
18.407895014763
18.412232763760
18.416567963838
18.420896992811
18.425206236229
18.429528034616
18.433865469359
18.438172586939
18.442483189383
18.446791283156
18.451094325976
18.455408101865
18.459713836187
18.464006113351
18.468282574065
18.472554776520
18.476843409394
18.481134332534
18.485408355658
18.489702873651
18.494011399598
18.498309495121
18.502624628570
18.506940264115
18.511281479789
18.515599300957
18.519903562918
18.524234056381
18.528554099096
18.532841328301
18.537161905557
18.541493873067
18.545930746159
18.550339755540
18.554929976559
18.559556603996
18.564149783564
18.569106401352
18.573666809053
18.578143559791
18.582549063677
18.586939347591
18.591333550841
18.595842358687
18.600099125380
18.604191925014
18.608648399453
18.612906534167
18.617563715483
18.622086912443
18.626155382492
18.630469798227
18.634993753364
18.639225664930
18.642883899850
18.711355497049
18.715673526062
18.719741619244
18.723912751380
18.728038084562
18.732608617972
18.737045297012
18.741640823551
18.746391202408
18.751214652733
18.755991060691
18.760788448751
18.765649800571
18.770458829110
18.775229680513
18.779954043095
18.784608543560
18.789255649105
18.793855621114
18.798450656663
18.803049206479
18.807659968285
18.812304989069
18.816971646353
18.821678558318
18.826406139504
18.831139671553
18.835916461195
18.840690949423
18.845483564958
18.850301807749
18.855153158850
18.860032237084
18.864949380987
18.869871494891
18.874806399934
18.879767294672
18.884724289734
18.889687978547
18.894644936055
18.899543440803
18.904391198124
18.909215996432
18.914052528972
18.918872633696
18.923710105568
18.928556390718
18.933427801396
18.938305162938
18.943188813360
18.948070119571
18.952959207699
18.957840747686
18.962717567673
18.967605367107
18.972473367373
18.977322013971
18.982148730457
18.986956974015
18.991768853677
18.996545255205
19.001323789050
19.006068349222
19.010858850553
19.015644630932
19.020396423220
19.025192713110
19.029994702161
19.034818213814
19.039749274757
19.044720187490
19.049698433396
19.054815333274
19.059838598837
19.064849860773
19.069846731953
19.074658902815
19.079512003887
19.084380591033
19.089149721749
19.093741857345
19.098474550486
19.103222198569
19.108334644740
19.113242076991
19.117802687193
19.122316801661
19.126610031178
19.131477981270
19.136391310526
19.141097449429
19.145962356809
19.284780097226
19.288795110647
19.292941754220
19.297156364703
19.301329234506
19.305538653383
19.309810084154
19.314200657078
19.318641562114
19.323116542132
19.327593201819
19.332069953940
19.336571016952
19.341110640768
19.345691483334
19.350301996115
19.354954533011
19.359657052894
19.364394599418
19.369131613192
19.373833072728
19.378568343994
19.383362465511
19.388354334778
19.393594938604
19.400227637993
19.405411343490
19.417126108295
19.422146451576
19.427322896541
19.432638287650
19.437599928077
19.442215082455
19.446674238348
19.451966936730
19.457105769231
19.461938497402
19.466694801810
19.471288400117
19.475809083058
19.480372362157
19.485008449111
19.489735392551
19.494516619300
19.499496312737
19.504631821197
19.509400167593
19.514007828999
19.518435221381
19.523336339265
19.528292399370
19.534254657868
19.539115947973
19.543831621103
19.548369425572
19.553041438180
19.557765706280
19.562328694210
19.567034943800
19.571871889287
19.576781980052
19.581571014027
19.586379359710
19.590722815168
19.595282790421
19.600081577354
19.605143180144
19.657013964943
19.660505916761
19.664043597546
19.667574919224
19.671207459831
19.674888773114
19.678578693632
19.682272473623
19.685976221672
19.689679143519
19.693395863355
19.697113984002
19.700848227790
19.704629321531
19.708453268372
19.712310654509
19.716194348503
19.720096130934
19.724017319730
19.727954336540
19.731915283373
19.735911600062
19.739960476557
19.744071642475
19.748288215313
19.752549946151
19.756843993263
19.761217907954
19.765615961476
19.770345381192
19.775003414051
19.779798741343
19.784249662708
19.789521032007
19.794237689445
19.799517205960
19.804800325359
19.811232966801
19.816997379726
19.822610437609
19.828814474850
19.833990859424
19.839835006219
19.846613116803
19.852366737362
19.858524197951
19.865022153388
19.871085387735
19.876981627201
19.882780039581
19.888974534114
19.894570442217
19.900117422532
19.906504713092
19.912759086591

