Time_s
0.429150590403
0.433133352670
0.437217232942
0.441425836029
0.445949446078
0.450445116914
0.454815885450
0.458889002555
0.463183397822
0.467414569436
0.471544411866
0.475628071007
0.479716701175
0.483810180501
0.487914995092
0.492032793731
0.496146269503
0.500266620096
0.504391367678
0.508526734269
0.512662179464
0.516788558245
0.520937687167
0.525075076742
0.529205371630
0.533339772927
0.537478846526
0.541597418059
0.545716852000
0.549817054087
0.553926019379
0.558030119422
0.562083415158
0.566142683423
0.570213543262
0.574305147057
0.578414360534
0.582514566107
0.586622799609
0.590744065284
0.594643112906
0.778097795720
0.781776775257
0.785677593940
0.789630295765
0.793821036291
0.798059408969
0.802329848585
0.806630623834
0.810945489919
0.815302769700
0.819696292315
0.824156147963
0.828693584138
0.833234069877
0.837799664866
0.842424880188
0.847085688318
0.851764285543
0.856439301947
0.861166735975
0.865925791296
0.870697368541
0.875521568453
0.880308003088
0.885137869253
0.890004656511
0.894850274947
0.899682929819
0.904542954613
0.909422195891
0.914295364767
0.919110283602
0.923954763063
0.928779647919
0.933558225684
0.938341147894
0.943140412817
0.947889812073
0.952697288044
0.957580923115
0.962493413675
0.967312923081
0.972144831112
0.976939220733
0.981696229744
1.177482122118
1.182013019770
1.187105400924
1.192224641904
1.197551377853
1.202983688566
1.208483757822
1.214087424214
1.219732908516
1.225486796694
1.231316889271
1.237174749272
1.243267248941
1.249379060935
1.255540650604
1.261861912860
1.268254035784
1.274915317017
1.281724284169
1.288084620513
1.294315309224
1.300781483410
1.307429695167
1.314157725046
1.320765012178
1.327233529937
1.333709933296
1.340529106196
1.347211381026
1.374678400590
1.387927817942
1.400991675509
1.414295017598
1.649883897168
1.655402409380
1.661042135926
1.666625026587
1.672286885270
1.677913050345
1.683564472309
1.689192511175
1.694812489733
1.700389735101
1.705943109206
1.711451405089
1.716897923530
1.722260872093
1.727559026015
1.732788756878
1.737997954192
1.743116449931
1.748126651892
1.753021648321
1.757886851494
1.762610618695
1.767284991908
1.771829666734
1.776295406441
1.780704863115
1.784991016164
1.789210481488
1.793553868781
1.797851866128
1.802031017408
1.967221006529
1.970466444212
1.973711342547
1.976998960120
1.980341683269
1.983754439954
1.987160847991
1.990574549440
1.993999177676
1.997423994142
2.000870094823
2.004346129762
2.007830782389
2.011321958486
2.014821092266
2.018309739045
2.021799537550
2.025274123757
2.028758582167
2.032222693331
2.035674325463
2.039117732030
2.042556637837
2.045988487315
2.049417564630
2.052855154664
2.056345802222
2.059852610805
2.063307444273
2.066734974304
2.070194173920
2.073654484037
2.077099882274
2.080556108816
2.084012787188
2.087478937500
2.090950985923
2.094464031044
2.097920976789
2.101376795952
2.104829236551
2.108256081993
2.111718766632
2.115136543040
2.138424134118
2.141321557408
2.144193035428
2.147347058422
2.150902539829
2.154340037836
2.157954944255
2.161531095445
2.165210926041
2.168899430048
2.172642236118
2.176487406008
2.180387601247
2.184312878205
2.188452663868
2.192858088135
2.197314286337
2.201529879271
2.205280170724
2.210426293977
2.215045829776
2.219951278966
2.224690737054
2.229742752236
2.234970139628
2.239742408670
2.276544005436
2.281479708355
2.286165144614
2.291053078355
2.295993375854
2.300964422499
2.305534980789
2.310156059106
2.314803815030
2.319418113971
2.323988374434
2.328529925586
2.333135646064
2.337768931116
2.342397223693
2.347048712138
2.351702120025
2.356367945270
2.361041592928
2.365734711416
2.370440225168
2.375160535775
2.379886729516
2.384605936051
2.389332440225
2.394061020051
2.398803951955
2.403507420456
2.408216607952
2.412912209805
2.417634304977
2.422366133676
2.427164258124
2.431861230874
2.436549867134
2.441219304627
2.445898692980
2.450556344566
2.455214054579
2.459902072764
2.464569851435
2.469207350562
2.473849843856
2.478518841054
2.483237998542
2.487972411370
2.492786163238
2.497602355915
2.502313444712
2.506925513949
2.511526953610
2.516139708401
2.520757958175
2.525396678043
2.530019487158
2.534676801653
2.539345592819
2.544021513741
2.548683512888
2.553363806066
2.558044430578
2.562714446786
2.567380722266
2.572053351813
2.576745461574
2.581417668850
2.586130309280
2.590402197018
2.727120279320
2.731259961324
2.735956666158
2.740736457462
2.745582190543
2.750450566034
2.755343245373
2.760273978943
2.765236167192
2.770210894132
2.775198396523
2.780184151315
2.785205688580
2.790242743981
2.795256182219
2.800277161943
2.805284944067
2.810321234292
2.815347238659
2.820363490597
2.825332582504
2.830321625870
2.835289129053
2.840256347060
2.845194067336
2.850130184289
2.855079400068
2.859992418861
2.864887526210
2.869852149325
2.874813020415
2.879801024660
2.884818177949
2.889827875172
2.895003434064
2.900152829429
2.905460074214
2.910599173820
2.915636845979
2.920766216438
2.925785144267
2.930803746957
2.935780237930
2.940778855965
2.945787403076
2.950812353650
2.955856899679
2.960903821429
2.965959062717
2.971021364242
2.976089135930
2.981158295253
2.986229871582
2.991316637885
2.996443331517
3.001597226743
3.006636653510
3.011374983267
3.016740647469
3.022423097573
3.075197467151
3.080508115142
3.085254424485
3.089810302284
3.094651894681
3.099767861352
3.104911815336
3.110100635639
3.115357666884
3.120675878833
3.125989535386
3.131275947612
3.136582180907
3.141909013492
3.147242245951
3.152561520010
3.157882602748
3.163263322861
3.168594953133
3.173928689341
3.179288296191
3.184634576249
3.189978707430
3.195317298206
3.200653902473
3.205980756508
3.211303530451
3.216589766982
3.221832115346
3.227149404324
3.232506378071
3.237792414479
3.243122905509
3.248453642091
3.253828362169
3.333298306937
3.338086848762
3.343423150855
3.348675443132
3.354065518731
3.359477035850
3.364944060362
3.370486324194
3.376153041624
3.381787646586
3.387419240450
3.393103186997
3.398729599261
3.404290406817
3.409849510657
3.415412427165
3.420923314300
3.426425044424
3.431952100544
3.437479910208
3.442999968128
3.448521213967
3.454069299710
3.459693622647
3.465336422145
3.471033791642
3.476859230019
3.482685000484
3.488491398203
3.494044289515
3.499827719673
3.505749860193
3.511723699446
3.517677562304
3.523627869448
3.529543252946
3.535524808993
3.541467683487
3.734057154029
3.745879683411
3.755634334313
3.762038280490
3.768367341955
3.774818424136
3.781329325329
3.787924761180
3.794669470312
3.801428807121
3.808449608467
3.813460495850
3.818333685784
3.821717287071
3.824941547351
3.828127738687
3.831400108299
3.834727101031
3.838201151246
3.841307179273
3.844541874390
3.847638513879
3.850796812235
3.854086161497
3.857328545647
3.860421325782
3.863411606002
3.866420600714
3.869483406533
3.872518958381
3.875600021836
3.878686785697
3.881418417752
3.884338856030
3.887331941644
3.890284458422
3.893621543378
4.525250089395
4.529194329368
4.533801999086
4.538046835078
4.542460765480
4.546851247215
4.551222985909
4.555591903580
4.559936416369
4.564257067380
4.568495265282
4.572633100093
4.576803843785
4.580966399216
4.585127970356
4.589337045057
4.593677850953
4.598174291386
4.602706718145
4.607223843001
4.611779142205
4.616155413534
4.620334344181
4.624474948881
4.628744493964
4.633153490852
4.637439643638
4.641792115070
4.831646716992
4.835568909853
4.839342119930
4.842936343509
4.846796855556
4.851037671072
4.855121635252
4.859218031407
4.863328355029
4.867555582584
4.871745481866
4.875927475757
4.880076771448
4.884277489892
4.888493057368
4.892741877649
4.897006410248
4.901272132184
4.905550304192
4.909861069924
4.914173828835
4.918483015161
4.922804720301
4.927120866563
4.931460126828
4.935768508616
4.940078524307
4.944422092170
4.948666519523
4.952858701355
4.957081252193
4.961293639619
4.965499141550
4.969727315448
4.973967546033
4.978203736233
4.982516331514
4.986801612081
4.991078904986
4.995452262157
4.999833949877
5.004376918353
5.008893840538
5.013475351425
5.017912319863
5.022330950793
5.026953490119
5.031336930955
5.035856402740
5.040554583462
5.045078693313
5.049661094095
5.054934809398
5.059614434382
5.063924852609
5.068392275876
5.072759002305
5.077203160553
5.081721005920
5.086296284046
5.090922277647
5.095576983300
5.100273504678
5.105011598557
5.109761639158
5.114531369426
5.119361727312
5.124288686661
5.129445511850
5.134216985542
5.139001500389
5.143812812889
5.148590521493
5.153322299852
5.157976811118
5.162624510813
5.301763597119
5.306789978656
5.311708880922
5.316627740689
5.321610571359
5.326604140581
5.331645094808
5.336702184600
5.341783899960
5.346885635470
5.352002273465
5.357111641209
5.362245176980
5.367403628118
5.372573980548
5.377730385760
5.382862732927
5.387992131477
5.393083430855
5.398086477752
5.402997164513
5.407847183125
5.412699010852
5.417586076667
5.422645833344
5.427757668560
5.432853831888
5.437932551985
5.443039672931
5.448000869816
6.522554149222
6.526331875073
6.530692235084
6.535434341288
6.540256698617
6.545139256866
6.550096430634
6.555085614268
6.560029626275
6.565159001339
6.570388991163
6.575645197724
6.580956765265
6.586248607132
6.591557152839
6.596887587135
6.602162576277
6.607498487858
6.612784259399
6.618053132017
6.623312067624
6.628556162455
6.633771233541
6.638990025014
6.644219493029
6.649479432745
6.654769107114
6.660135414534
6.665387232741
6.670749059580
6.676155483769
6.681428246782
6.686740417850
6.692027878865
6.697272775528
6.702483597100
6.707707342403
6.712923067662
6.718165912183
6.723387118490
6.728646905193
6.757138681314
6.761932805809
6.767049565424
6.772286993550
6.777571901824
6.782993309031
6.788473793427
6.794063649657
6.799734280536
6.805450649353
6.811224870135
6.817033769824
6.822879664409
6.828784044384
6.834728565482
6.840726724973
6.846806544018
6.852847303936
6.858956379795
6.865052974868
6.871154529917
6.877244842020
6.883341141359
6.889427923421
6.895505902060
6.901567068122
6.907547111063
6.913486893454
6.919345784146
6.925070807871
6.930680372562
6.936130570955
6.941557785862
6.946846570862
6.952044422904
7.368257835487
7.373066045578
7.378103109555
7.383217205219
7.388490611647
7.393935293180
7.399442824503
7.405039154626
7.410739858808
7.416458325850
7.422191632333
7.427929934468
7.433685490405
7.439471982363
7.445249361645
7.450993973160
7.456729639762
7.462373127121
7.467908247213
7.473399085681
7.478804337309
7.484192986308
7.489479006899
7.494661310832
7.499969732222
7.504817690855
7.509643105147
7.514413529138
7.519148406285
7.523734355041
7.528417249919
7.533060179076
7.655969950786
7.658834753943
7.662615355864
7.665760794901
7.669099162057
7.672896524389
7.676760514828
7.680723326041
7.684713609277
7.688746695959
7.692799823007
7.696865152778
7.700954625800
7.705051509049
7.709155590662
7.713287011255
7.717417429447
7.721577009468
7.725746873809
7.730208142955
7.734307404048
7.738408875568
7.742515627560
7.746637418046
7.751527317858
7.755585692968
7.759696048724
7.763765591210
7.767849304702
7.771824080886
7.775906025757
7.934732577365
7.938512397795
7.942955330789
7.947231446054
7.951614565242
7.956056101304
7.960526033267
7.965021293185
7.969597954136
7.974199609190
7.978855641362
7.983538412566
7.988260805422
7.992988747573
7.997677465735
8.002428902329
8.007298891408
8.012121835765
8.016968868345
8.021847494431
8.026743955448
8.031675218984
8.036623517134
8.041572730805
8.046562707864
8.051587306817
8.056605032894
8.061633633318
8.066685752420
8.071723231816
8.076789375718
8.081849077971
8.086908794983
8.091981469142
8.097051466274
8.102114897468
8.107170695080
8.112254476083
8.117331328110
8.122458724935
8.127584281576
8.132652467947
8.137737792551
8.142796582231
8.147862442978
8.152937604750
8.158015009670
8.163062020777
8.168112886375
8.173185132409
8.178245079712
8.183316028640
8.188360818853
8.193408459898
8.198456673727
8.203520687439
8.324374847982
8.329265066127
8.334257930578
8.339615506797
8.345154138292
8.350688532677
8.356457153784
8.362226354137
8.368087737130
8.373968595406
8.379824992944
8.385810103633
8.391910584455
8.398008698048
8.403920649615
8.409685590883
8.545093672783
8.549959142552
8.555408048148
8.561182314100
8.566980107355
8.572773858792
8.578602024483
8.584421492397
8.590293063165
8.596175348624
8.601990041147
8.607844500670
8.613359925892
8.619149432013
8.625148941599
8.631046651913
8.636912413030
8.642751560214
8.648542689115
8.654303905978
8.659921061767
8.665446534194
8.670898834375
8.676329883236
8.681681010745
8.687007795609
8.692292153541
8.697560421834
8.702791429028
8.708049345068
8.712957040867
8.743999106232
8.746695252762
8.749388110947
8.752139311664
8.754838249024
8.757705454072
8.760419737828
8.763179932068
8.844122443485
8.849951002917
8.855474484222
8.861409674330
8.867418604811
8.873505728434
8.879666606306
8.885913713308
8.892214149320
8.898522835542
8.904885073547
8.911342576969
8.917769700614
8.924325749773
8.930882319232
8.937494610423
8.944079917319
8.950699005859
8.957318069687
8.963928372117
8.970513642997
8.977095374376
8.983676988809
8.990217330998
8.996703400490
9.003137955866
9.009512488438
9.015748064664
9.021864260025
9.432800420858
9.444366376203
9.454688170840
9.465959345979
9.474715493665
9.480408625301
9.486097244575
9.491822091059
9.497545990631
9.503481500610
9.508982630629
9.514367988312
9.519998912289
9.525593306675
9.531194618238
9.536795112448
9.542316107551
9.547892651103
9.553485228690
9.559025311427
9.564578341001
9.570056035973
9.575555920506
9.580923104380
9.586281053896
9.591613302631
9.596934908926
9.602254108639
9.607519837238
9.612629324507
9.617959711801
9.623258280025
9.628549789008
9.633812549278
9.639057490795
9.644302632566
9.649529682285
9.654743278248
9.659942515199
9.665130999117
9.670308643784
9.675454342130
9.680569985571
9.685665669968
9.690752690232
9.695834435133
9.700924601650
9.706054029269
9.711198566619
9.715935413004
9.721353655112
9.726488182144
9.731637285656
9.736714218759
9.741826222122
9.746945133653
9.752078514617
9.757171985176
9.762251855237
9.767093804860
9.771332193971
9.775825584249
9.780184801948
9.784593335126
9.789002180045
9.793427227556
9.797839723975
9.802237959440
9.806625700993
9.810994151166
9.815355257170
9.819709873194
9.824066427782
9.828417891322
9.832778388500
9.837131703112
9.841499955531
9.845868631934
9.850232599488
9.854604968961
9.858963378174
9.863330119679
9.867694308632
9.872059441790
9.876440248476
9.880806336048
9.885213636414
9.889608536028
9.894029395171
9.898500834196
9.903021848325
9.907646848513
9.912318878979
9.917189638203
9.921933361053
9.946554198056
9.949905739556
9.953496865548
9.956854947942
9.960077888816
9.963489406318
9.966658854997
9.969884637913
9.973139387368
9.976369408704
9.979607283457
9.982672615744
9.985666207716
9.992833566708
9.998061575573
10.003320962733
10.008566868422
10.013859473918
10.019188864143
10.024523803474
10.029874522569
10.035159755028
10.040482394498
10.045750742397
10.051213898022
10.056512088873
10.061778651357
10.216727481487
10.221551678571
10.226855318925
10.232016757660
10.237452837629
10.242716572508
10.248197903472
10.264926089004
10.276369511465
10.287990034341
10.299667319815
10.311277533437
10.322898519750
10.334485822680
10.345979460568
10.351613826474
10.357155625700
10.362699906062
10.368175844093
10.535093045003
10.540212804620
10.545298498870
10.550455300441
10.555662148387
10.560983859606
10.566328585932
10.571609471074
10.576992323656
10.582351763973
10.587728231391
10.593035819487
10.598444707550
10.603763648637
10.609054536244
10.614197826601
10.619211125981
10.624205568857
10.629307680562
10.634551324405
10.639909096410
10.645370112706
10.650976475692
10.656803739194
10.662657267420
10.668450932696
10.674228058320
10.679980458439
10.685943725357
10.691823237803
10.697816903994
10.703532546377
10.709247442921
10.715006844647
10.720985164108
10.726819827833
10.732722210160
10.738527140478
10.744483589859
10.750466783843
10.756479193311
10.793668285637
10.799812317599
10.805645102327
10.811578116012
10.817557040662
10.823661383872
10.829770816512
10.835919026358
10.842121495538
10.848394714365
10.854705555987
10.861053969106
10.867469727709
10.873902148846
10.880330084041
10.886761106001
10.893230673017
10.899748066500
10.906319271255
10.913052144548
10.919496342659
10.925975748475
10.932465140066
10.938854336111
10.945412824158
10.951999840740
10.958609356695
10.964958974909
10.970879342981
10.977029194103
10.983160800732
10.989348043003
10.995588152599
11.001851356240
11.008105301276
11.014379373591
11.020726427491
11.027065772942
11.033390787073
11.039823649332
11.046272717539
11.052743149509
11.059369988148
11.065950568656
11.072500304197
11.079211427915
11.085600609886
11.092027438129
11.098526232277
11.104918671446
11.111268294245
11.149441387158
11.155292843306
11.161862402648
11.168282296926
11.173067543498
11.176516333080
11.179693208848
11.183042595218
11.186140006187
11.189230230498
11.193018936445
11.196468860977
11.199465211289
11.202517540423
11.205549928507
11.208457162859
11.211760623512
11.214654628593
11.218018883188
11.220847971841
11.223441581946
11.226195825088
11.229042744519
11.232516122281
11.235433329688
11.248270363000
11.256061412112
11.263950789918
11.271545495509
11.279186561215
11.286752368316
11.294308374283
11.301903120854
11.309372446192
11.316825955613
11.324284298481
11.330373320565
11.335008700109
11.339671084392
11.344594503024
11.349521248307
11.354889930951
11.359703246297
11.364430449820
11.369073035204
11.373592121635
11.877882137109
11.883156379119
11.888239218114
11.892998036614
11.898522375772
11.903460698636
11.908913114359
11.914239429264
11.919540798548
11.924856973947
11.930182610418
11.935488307749
11.940791205691
11.946085344756
11.951298765860
11.956487392366
11.961722215098
11.966896685313
11.972076468050
11.977203209643
11.982388997793
11.992867262057
12.003345133014
12.013802299805
12.024195421797
12.034521558139
12.043257959201
12.048319678143
12.053327492837
12.058289855305
12.063205068862
12.068081707101
12.072950218307
12.077838759962
12.082677972042
12.087470546964
12.092184400061
12.097039731081
12.102133011549
12.107139297674
12.112238211453
12.117271851814
12.122236663786
12.208032374867
12.211298562258
12.214695547261
12.218212162754
12.222119501880
12.225915109050
12.229833477743
12.233686873970
12.237592802918
12.241526739647
12.245464106767
12.249468802736
12.253549109134
12.257316002787
12.261281936613
12.265317349249
12.269285557804
12.273294841608
12.277301632254
12.281327512031
12.285300202951
12.289361613450
12.293474841357
12.297632788225
12.301729371514
12.305822471072
12.309994618847
12.314104614917
12.318199749784
12.322506786135
12.326714163124
12.330958407335
12.335231569905
12.339477962659
12.343787692737
12.348039886370
12.352347450546
12.356646527869
12.360945221695
12.365269683172
12.369592985585
12.373928911799
12.378274697755
12.382611184737
12.386950318210
12.391320431167
12.395674632973
12.400057731740
12.404458412773
12.408864865253
12.413304605928
12.417798423097
12.422495640707
12.427318370873
12.432069871578
12.436772019408
12.441468986174
12.446119453710
12.453113141520
12.462787070507
12.472633200894
12.482693177377
12.492903823546
12.503101564117
12.513270997778
12.523337012220
12.533504540535
12.678465352294
12.682845722782
12.686900726481
12.691707554669
12.696824110442
12.701877305430
12.707042833581
12.712292822647
12.717572942352
12.722937439692
12.728318761747
12.733618190669
12.739152731264
12.744802977658
12.750358659073
12.756002113336
12.761619070089
12.767357301973
12.772981441392
12.778780426139
12.784386779437
12.790220752750
12.795795057208
12.801582430280
12.807167816218
12.812854732853
12.818483148318
12.824090173106
12.829643041670
12.835199913482
12.840682508329
12.846118581101
12.851477800893
12.856792422145
12.862047328795
12.867259206420
12.872388938570
12.877444215824
12.882414290868
12.887418813145
12.892325034313
12.897155828432
12.901912568253
12.906647462905
12.911219242045
12.915749954802
12.920439960110
12.925075586075
12.929781596935
12.934888043055
12.940049652133
12.944930747712
12.949850365617
12.954575580064
13.005652705927
13.009661015023
13.014636223562
13.018620646912
13.022854160877
13.027350578266
13.031867634408
13.036478705375
13.041105482003
13.045814608461
13.050539106569
13.055318705895
13.060108074653
13.064923675611
13.069732987065
13.074677008692
13.079656551042
13.084706095927
13.089797673328
13.094974143046
13.100195023816
13.105442102937
13.110719739890
13.116066463773
13.121411854103
13.126788729091
13.132228901409
13.137660706082
13.143126525328
13.148622337637
13.154171422892
13.159634477847
13.164962736491
13.170217097838
13.175543986019
13.180905561396
13.186268432071
13.191651997436
13.197045946572
13.202503281398
13.332906100441
13.343292272210
13.353946477585
13.364659411920
13.613621036076
13.618991233532
13.624465151356
13.630083160751
13.635761481141
13.641407570143
13.646881635704
13.652824892750
13.658803297354
13.664814668588
13.670908694112
13.677076259118
13.683272528525
13.689543756043
13.695859801362
13.702223813636
13.708617574583
13.715092380353
13.721591045961
13.728175822140
13.734758146299
13.741353096422
13.747951701323
13.754529217295
13.761039553497
13.767477266686
13.773859860847
13.780393992052
13.786832760647
13.793384347480
13.799981425630
13.806565914710
13.813165651030
13.819667003774
13.826194706521
13.832742983495
13.839281180685
14.002566158959
14.008228982436
14.013968672835
14.019730214181
14.025500937565
14.031293408140
14.037189265093
14.043331849625
14.049048286459
14.054833628010
14.060710933309
14.066593751269
14.072453356840
14.078170701569
14.084138001832
14.090134143750
14.096187801649
14.102232646678
14.108284383912
14.114382309588
14.120506646206
14.126725142829
14.133222306161
14.139293973972
14.145464270039
14.151597461629
14.157729270460
14.163817394467
14.169978348280
14.176133319076
14.182355178600
14.188533768564
14.275796566870
14.281567663345
14.287223416125
14.292839258974
14.298464683474
14.304084322392
14.309683794141
14.315256712790
14.320788816136
14.326278278413
14.331736087904
14.337131890133
14.342507884290
14.347818328574
14.353102659767
14.358299637963
14.363424217703
14.368514747130
14.373548522526
14.378632569468
14.383507461482
14.388071399082
14.393279068722
14.398625694546
14.404176123434
14.409633518342
14.414846216316
14.420235703324
14.425594880151
14.617718070228
14.621937578262
14.625867909110
14.630536699553
14.635379293709
14.640328366400
14.645303988225
14.650378597403
14.655502608292
14.660619276196
14.665806303649
14.671102057119
14.676456893316
14.681842002820
14.687272414323
14.692750040794
14.698232597599
14.703787818669
14.709376063600
14.714946247848
14.720515912479
14.726111606261
14.731698301022
14.737288032551
14.742844071291
14.748429546320
14.754011488782
14.759607201185
14.765220004001
14.770838263688
14.776445146337
14.782065454611
14.787679317090
14.793274378322
14.798861566610
14.804421612470
14.809953570717
14.815436341423
14.820897563565
14.826306120511
14.831726215262
14.837156936435
14.842527752140
14.847776505060
14.852962218889
14.858244443702
14.863705055554
14.869284695232
14.874865380543
14.880485685895
14.885982157110
14.891538110421
14.897025838339
14.902585865502
15.026233615979
15.031619924957
15.036989621798
15.042231032662
15.047628641140
15.053064136356
15.058704493107
15.068724482292
15.081571088724
15.094632230447
15.106373710692
15.118304954414
15.130431000243
15.142619625285
15.148750150231
15.154915587187
15.161070471779
15.167232914749
15.173401460028
15.179567678045
15.185752779110
15.191909866760
15.198106439159
15.204318027388
15.210453019239
15.216591085475
15.222766559049
15.228932785979
15.235061325797
15.241199263936
15.247379977182
15.253587026601
15.259840587182
15.355370310581
15.362707050402
15.368514905990
15.374453295677
15.380467424556
15.386550858231
15.392737892691
15.399014006640
15.405324742188
15.411649095636
15.418038909901
15.424378767190
15.430701119835
15.437064057253
15.443490613720
15.450177001911
15.456707561237
15.463154338577
15.469807522729
15.476146227658
15.482445554603
15.488865796754
15.494865167186
15.500891301242
15.506840620200
15.512837202868
15.518753229348
15.524759025452
15.530832367973
15.647742511577
15.653691413970
15.659732785401
15.665912812157
15.672312177858
15.678777939974
15.685364416795
15.692031227865
15.698745133075
15.705506337282
15.712310494432
15.719132418246
15.726130725590
15.733119015230
15.740105072636
15.747302004685
16.455810219326
16.460483106482
16.464838919486
16.469178516828
16.473594647117
16.478060665253
16.482597042504
16.487164228120
16.491784452618
16.496455177187
16.501158436055
16.505672821515
16.510234282399
16.514789085190
16.519333621731
16.523895992299
16.528458100139
16.533163386763
16.537876507624
16.542527087964
16.547175668074
16.551647037030
16.556068889793
16.560624446906
16.817810126177
16.821506847712
16.825234183534
16.829486014199
16.833588810689
16.837729157988
16.841865315710
16.846023553665
16.850188055709
16.854338471374
16.858474694895
16.862586800224
16.866686011474
16.870777703658
16.874847338714
16.878933015510
16.883036544666
16.887205569585
16.891634762049
16.896034566888
16.900272977678
16.904438307112
16.908497916935
16.912609314530
16.916733725342
17.031551937509
17.035758631506
17.038490695016
17.041466428971
17.044917402012
17.047953450147
17.051128628114
17.054384617996
17.058253288068
17.061890961542
17.065667147671
17.069432657754
17.073191056546
17.076955621840
17.080752426287
17.084552534265
17.088340115385
17.092126799270
17.095912237746
17.099692318745
17.103472596612
17.107238161333
17.111005595178
17.114767858429
17.118523381615
17.122272081717
17.126022665182
17.129771077577
17.133514856186
17.137293270434
17.141022872490
17.144780455612
17.148540105694
17.152335051164
17.156138127245
17.159864350773
17.163944840701
17.325644189765
17.329459010774
17.333746183275
17.338023744987
17.342375758577
17.346804433956
17.351306817491
17.355859064782
17.360408713201
17.364965487012
17.369562109155
17.374194757945
17.378862308269
17.383551736472
17.388267220078
17.393007365867
17.397725082029
17.402473252842
17.407181141798
17.411914582573
17.416669917762
17.421418684364
17.426258738986
17.431018765047
17.435794923168
17.440545765913
17.445301808492
17.450104258579
17.454957401230
17.459842484993
17.464679670242
17.469484185805
17.474343047365
17.479154982141
17.483926031790
17.488793683996
17.493751008997
17.498725283332
17.503710661845
17.526755185534
17.531878136758
17.536884840507
17.541964627495
17.546941407283
17.551932586067
17.556908502601
17.561929310792
17.566954208776
17.572012010317
17.577105373717
17.582254124538
17.587432608432
17.592664061683
17.597911099507
17.603202554891
17.608530801679
17.613956849525
17.619066460629
17.624252087617
17.629406072786
17.634532772272
17.639641103415
17.644818602091
17.649401900577
17.654762680228
17.660053413255
17.665350848009
17.707480551405
17.711371306048
17.716267165115
17.721312210482
17.726433788303
17.731634422470
17.736925816182
17.742205849805
17.747625958936
17.753070313404
17.758370796326
17.762689985570
17.768107437084
17.773883421084
17.779857807365
17.785486810396
17.790812511880
17.796130183358
17.801377119838
17.806689149773
17.926865110595
17.930757306170
17.935597081719
17.940681558843
17.945532885324
17.950436160235
17.955282536099
17.960190158754
17.965091851399
17.970000056818
17.974913458499
17.979818859495
17.984727479416
17.989635917254
17.994543110092
17.999440635387
18.004322413115
18.009185394602
18.014037973689
18.018875369536
18.023710561011
18.028521975912
18.033350493554
18.038194866399
18.043055640440
18.047981687512
18.053021976617
18.058125894463
18.063268585483
18.068435328780
18.073629452814
18.078805585870
18.083982490120
18.089092894511
18.094019140885
18.099093701057
18.104045651172
18.109028672286
18.113984085020
18.118906691508
18.123897286948
18.128890197257
18.133930506999
18.138973809606
18.144043589866
18.149146724541
18.154282962616
18.159416575476
18.164550801584
18.169732151049
18.174905703355
18.180099859782
18.185279620689
18.190485083093
18.195699477831
18.200928830419
18.206185720360
18.211532982779
18.216787394931
18.222014059827
18.227249975854
18.232486472896
18.237710576805
18.242923297023
18.248130786089
18.253350607122
18.258575980329
18.263827843958
18.269090258436
18.274287552272
18.279604229519
18.284810835114
18.290020152467
18.371298080066
18.377310535614
18.383489249606
18.389556151454
18.395848793701
18.402130159278
18.408621109076
18.415132287889
18.421799896639
18.428518203631
18.435342134980
18.442145719128
18.449027105161
18.455901719099
18.462771477540
18.469748250102
18.476757273084
18.483803614950
18.490843584829
18.497942098006
18.505051220147
18.511975538212
18.518927450014
18.525748107930
18.532617319334
18.539387498299
18.546069499325
18.552681426954
18.559129445723
18.565890387136
18.572253123096
18.578790641337
18.585146139546
18.591491669246
18.597799677753
18.604109546121
18.610564173837
18.617328397387
18.623953645887
18.630288594432
18.636438439640
18.641804111298
18.647594398501
18.652993191498
18.659209064412
18.789396543475
18.795390643525
18.800779242349
18.806265891376
18.811832298627
18.817494017142
18.823342052265
18.829143021649
18.834976114062
18.840881463160
18.846841688476
18.852914693244
18.858717812754
18.864599154121
18.870405175256
18.876226843273
18.882053880931
18.887841064196
18.893663947909
18.899447833270
18.905237667978
18.910973672239
18.916751347857
18.922694898093
18.928574258097
18.934449665427
18.940339836970
18.946245159639
18.952150045971
18.958071764747
18.964002626454
18.969892709611
18.975783347158
18.981671095584
18.987558544633
18.993442237898
18.999305600018
19.005167898901
19.011013708956
19.016794905994
19.022570504711
19.028405690797
19.034295895685
19.040198064073
19.046111177973
19.052065239146
19.058029865983
19.064015802116
19.069980969743
19.075883305038
19.081707970292
19.087472153080
19.093148939705
19.098776726971
19.104353135314
19.109926795038
19.115525896119
19.121167355690
19.126859426344
19.132554796980
19.138286382601
19.144068086363
19.149762575568
19.155451893390
19.161228863525
19.166995194035
19.172769476852
19.178553870915
19.184358189625
19.190100397433
19.195873774410
19.201780124809
19.207662235256
19.213533299191
19.219511791051
19.267674947719
19.274092804195
19.279079670670
19.284519140032
19.290056248862
19.295506758203
19.300941449059
19.306356600431
19.311720260757
19.317104426244
19.322484079068
19.327844414025
19.333221044261
19.338553135862
19.343867181510
19.349153409444
19.354418058649
19.359652474020
19.364858801561
19.370034560993
19.375152989135
19.380225904778
19.385297651119
19.390363189202
19.395401252286
19.400417150372
19.405403015041
19.410377081332
19.415370504713
19.420378880151
19.425465393077
19.430440998289
19.435312907193
19.440090381195
19.444902646106
19.449678701819
19.454439645893
19.459243725813
19.464051967035
19.468853178687
19.473690080768
19.478597259787
19.483505235851
19.488441888374
19.493421927464
19.498441891804
19.503526311504
19.508607365717
19.513784745272
19.519087535393
19.524389178444
19.529691752197
19.535030508702
19.540409412122
19.545798852669
19.551207691110
19.556617321104
19.562028666846
19.567435353300
19.572836867678
19.578233620612
19.583609680014
19.588972871254
19.594367577573
19.600051830849
19.605449536883
19.610774862646
19.615780786665
19.621555083693
19.627272265841
19.632791908515
19.638109781944
19.643994434781
19.649298172919
19.655104688800
19.660467876200
19.665571523284
19.669984082382
19.674764465773
19.679756896224
19.684854935543
19.689944664768
19.695128611098
19.700337658166
19.705661305991
19.711025251051
19.716409974098
19.721818575101
19.727256522157
19.732695769989
19.738169888101
19.743698156805
19.749208298830
19.754753149403
19.760327934029
19.765965765893
19.771633440057
19.777284985346
19.783034958934
19.788886490196
19.794708327579
19.800547472969
19.806426588967
19.812309733615
19.818170000144
19.824002144480
19.829913968017
19.835854568997
19.841810754533
19.847720477233
19.853654457139
19.859573195106
19.865515857277
19.871472881108
19.877373578831
19.883339990946
19.889297802157
19.895289972862
19.901286446607
19.907294116195
19.913265109685
19.919265093631
19.925285953876
19.931308992979
19.937351709907
19.943385288251
19.949345856810
19.955293994365
19.961202279922
19.967068469204
19.972984493843
19.978820611091
19.984587454742
19.990294988375
19.995997458970

