Time_s
1.650735162317
1.655120403329
1.659013556645
1.663588380519
1.667347261391
1.671603646018
1.675658393536
1.679653049494
1.683722250202
1.688028062156
1.692396712575
1.696865579796
1.701411972077
1.705992067084
1.710496122339
1.715016049682
1.719491252090
1.723991681764
1.728488103615
1.733007474090
1.737542525571
1.742038764071
1.746547375455
1.751057868483
1.755561551009
1.760048122508
1.764576146177
1.769050846716
1.773588246944
1.778150090666
1.782662625041
1.787232947959
1.791765680895
1.796364362159
1.800924489444
1.805471295746
1.810019065756
1.814607446221
1.819171953033
1.823741846890
1.828307693785
1.832899911730
1.837447699784
1.842008579323
1.846580943373
1.851122089938
1.855702421958
1.860309826668
1.864858545929
1.869407048763
1.873995007495
1.878579314229
1.883164967199
1.887722642984
1.892272024565
1.896833160360
1.901350041716
1.905887640576
1.910422231476
1.914951701151
1.919451933509
1.923993710243
1.928540078685
1.933078327683
1.937592803403
1.942145175348
1.946732743343
1.951300372360
1.955846084847
1.960449548495
1.965040874236
1.969631590411
1.974233842922
1.978853797603
1.983457003127
1.988066031650
1.992702575653
1.997297686361
2.001893422227
2.006516233752
2.011112767044
2.015716479677
2.020346864640
2.024893898897
2.029484124530
2.034079568757
2.038707761687
2.043299497315
2.047913213093
2.052485687628
2.057024553689
2.061619005876
2.066172806763
2.070749937880
2.075318360004
2.079867393152
2.084444979341
2.089057853680
2.093660215881
2.098251071729
2.102833785568
2.107397614700
2.112003735166
2.116587400628
2.121210268308
2.125832405774
2.130367217689
2.134953757923
2.139564791909
2.144149939196
2.148746734775
2.153302764815
2.157911914307
2.162474948048
2.167011553322
2.171550982910
2.176118685009
2.180673040343
2.185266645443
2.189855839226
2.194468147054
2.199299561419
2.203898773755
2.208895020393
2.344139415403
2.348352957226
2.351998915108
2.355733908298
2.359448028979
2.363320959367
2.367355226437
2.371451794372
2.375505973815
2.379534088080
2.383605968827
2.387610264321
2.391614461711
2.395700335264
2.399725974076
2.403743497752
2.407776417090
2.411720326842
2.415675365865
2.419624800303
2.423602521105
2.427521233099
2.431373231426
2.435208276549
2.439035465445
2.442843512163
2.446657551316
2.450381457393
2.454075127499
2.457780007175
2.461416439867
2.465042382952
2.468699619120
2.472391440104
2.476032978877
2.479679000891
2.483312984377
2.486958869468
2.490682040866
2.494469085594
2.498370392958
2.502112359067
2.506518987186
2.510142418384
2.513950130168
2.518188952244
2.522476999456
2.526086053954
2.647835071888
2.651688556293
2.655544474158
2.659196299367
2.662947704176
2.666703399307
2.670523668318
2.674358898528
2.678267791645
2.682210547048
2.686166469618
2.690065387679
2.693969853955
2.697887562253
2.701784012198
2.705726087978
2.709629640447
2.713563530323
2.717497845857
2.721414890499
2.725359851130
2.729360314329
2.733370298637
2.737503650804
2.741579413847
2.745559252009
2.749508219310
2.753468635831
2.757419794784
2.761393191498
2.765377585693
2.769376500837
2.773374392459
2.777385797447
2.781413504157
2.785483425952
2.789563279139
2.793615311921
2.797638667917
2.801744261076
2.805875150586
2.810044136252
2.814284938077
2.818623971057
2.822989798008
2.827399385000
2.831833533442
2.836349055912
2.840910992552
2.845430182835
2.849926716982
2.854525400125
2.859180029590
2.863988766618
3.011793887557
3.016125410241
3.020216214949
3.024052479371
3.028092891899
3.032581980901
3.037384240205
3.042171837120
3.046933736741
3.051647171204
3.056405665265
3.061212201777
3.065976010681
3.070807779884
3.075626728371
3.080480139505
3.085397836023
3.090423038633
3.095509482588
3.100318477318
3.105227106425
3.110165683116
3.115121246565
3.120102711453
3.125104045757
3.130129528383
3.135072469604
3.140070657189
3.145081196765
3.150121701811
3.155146049652
3.160178380769
3.165199300352
3.170192385278
3.175242528137
3.180214955476
3.185177132317
3.190011728322
3.194830394422
3.199653760627
3.204350497955
3.209102083006
3.213897442868
3.218674949500
3.223438179153
3.228222250231
3.232972534635
3.237795766285
3.242638242351
3.247501431335
3.252353952030
3.257242026073
3.262077349284
3.266982001476
3.271840354255
3.276613320709
3.281378162619
3.286048146541
3.290670425195
3.295243520311
3.299840651072
3.304395621002
3.308975073862
3.313572642904
3.317857854475
3.322324093301
3.326647990582
3.331298281090
3.335907866205
3.340529006945
3.345302931541
3.349562917009
3.354973828004
3.359445260544
3.723040594020
3.727377895420
3.730661148010
3.734694339859
3.738778643665
3.742888453239
3.747107637268
3.751340300981
3.755539228003
3.759757411488
3.763977415287
3.768193983799
3.772399101336
3.776568462612
3.780751450580
3.784915356627
3.789075500464
3.793240901785
3.797406991706
3.801566584476
3.805738560132
3.809889615420
3.814044920024
3.818189350004
3.822325949339
3.826440460762
3.830535653818
3.834607853013
3.838659413293
3.842679148559
3.846698049745
3.850672568268
3.854616857945
3.858579807194
3.862560407009
3.866534459866
3.870545000480
3.874490718972
3.878487292579
3.882553211993
3.886654511729
3.890696331716
3.894678464480
3.898830360876
3.902632666025
4.085960580539
4.089910670487
4.094217979844
4.098351300298
4.102380842473
4.106336249349
4.110293714010
4.114421937327
4.118651821772
4.122837709055
4.127008943684
4.131192496310
4.135368306435
4.139541172574
4.143738226368
4.147920317824
4.152105231424
4.156314265245
4.160514213602
4.164734619752
4.168952241169
4.173190003288
4.177405831565
4.181634834462
4.185852697192
4.190053805952
4.194294489026
4.198606073524
4.202875875159
4.207092071896
4.211335070685
4.215597467732
4.219885500049
4.224267235490
4.228553346680
4.232693293588
4.237018261719
4.241289675671
4.245446470272
4.249646170531
4.253944058048
4.258137047652
4.262260457468
4.266649773177
4.270819601706
4.274978680527
4.279321993934
4.283625098519
4.287591726372
4.292116262738
4.295986095603
4.345923713280
4.349786854282
4.353926947925
4.358459366377
4.362680120321
4.366893307844
4.371230566098
4.375869587889
4.380838316599
4.385963392977
4.390947165464
4.395982949589
4.401000735510
4.405785773961
4.410440003749
4.415140297944
4.419864400601
4.424595233730
4.429274608147
4.433956938694
4.438619928951
4.443333845021
4.447982027987
4.452638661912
4.457454541095
4.462394656010
4.467029834162
4.527524867194
4.531808353670
4.535488748966
4.539212063632
4.543032380122
4.547543643330
4.552335260790
4.557087865266
4.561899222096
4.566673247948
4.571378640706
4.576132890235
4.580870548973
4.585664540305
4.590474035221
4.595296598727
4.600134242614
4.604971876513
4.609692442748
4.614398435018
4.619132902867
4.623840380170
4.628502873627
4.633144403217
4.637771973083
4.642383877053
4.646963533870
4.651542351348
4.656160682254
4.660647838590
4.665136921020
4.669620777600
4.674052981058
4.678463767258
4.682857622512
4.687228150541
4.691592922883
4.695891182668
4.700175681967
4.704424469005
4.708637814514
4.712781606308
4.716910534852
4.720978190051
4.725085766746
4.729136464225
4.733160533611
4.737135154122
4.741117576860
4.745089453463
4.749033307283
4.752975596605
4.756879641496
4.760713860652
4.764554234041
4.768431559032
4.772301652900
4.776098935754
4.779886106395
4.783610717283
4.787337610425
4.791041768615
4.794715930915
4.798407635050
4.802115593001
4.805832389397
4.809589437348
4.813338673095
4.817125221106
4.820857679185
4.824672519377
4.828493364690
4.832312187236
4.836140833582
4.840015515748
4.843898898593
4.847797384993
4.851660840328
4.855586246846
4.859530603222
4.863463477928
4.867443496460
4.871590922719
4.875714186588
4.879912016506
4.883951990205
4.887796906936
4.891631490454
4.895717384973
4.900122526059
4.903725472868
4.907581439895
4.911454398138
4.914860608768
4.918979489407
4.922610430871
4.925802972733
4.929466681934
4.933037352869
4.936804784424
4.940918832657
4.945069898337
4.949254198124
4.953453401016
4.957690430338
4.961935029142
4.966197127716
4.970470858055
4.974799730493
4.979078152169
4.983331176130
4.987578383904
4.991812863299
4.996087619529
5.000403349190
5.004693788119
5.008960760368
5.013251488444
5.017515506910
5.021753371122
5.025981584458
5.030197018414
5.034392783065
5.038621871683
5.042851028309
5.046985183412
5.051253403218
5.055603878331
5.059663634058
5.063990305610
5.068247217386
5.072463037222
5.076704977678
5.080847537026
5.247080313000
5.251407932918
5.255977510581
5.260334491659
5.264602542904
5.269219177056
5.273951918566
5.278785993123
5.283507868053
5.288330088266
5.293103034929
5.297874398759
5.302665296788
5.307421832079
5.312229445093
5.317045819171
5.321862832415
5.326714462225
5.331581201508
5.336429634996
5.341319242172
5.346211811691
5.351071389605
5.355985816972
5.360883346909
5.365780271310
5.370609624584
5.375463012694
5.380278271206
5.385090250421
5.389913092629
5.394775802742
5.399655353561
5.404485442809
5.409368440857
5.414235146988
5.419108451026
5.423973747248
5.428803565680
5.433686737022
5.438525846257
5.443371960188
5.448211964022
5.453072771047
5.457915136516
5.462756766184
5.467577906515
5.472376113582
5.477170926241
5.482056510694
5.486918677722
5.491706836233
5.496548416481
5.501267607190
5.506166033772
5.510938624405
5.515665964656
5.520435462292
5.525112828098
5.529827819227
5.534492214785
5.539143950619
5.543781565116
5.548317605577
5.552932459483
5.557486311024
5.562194373053
5.567881474902
5.573032647235
6.045761110257
6.049455277419
6.053934121679
6.058098161289
6.062204910236
6.066046145721
6.070447809549
6.074968175678
6.079559112688
6.084197906745
6.088930199688
6.093648487181
6.098484337194
6.103299941199
6.108227839994
6.113123853176
6.117999845187
6.122888310230
6.127841264482
6.132844287316
6.137739936506
6.142602709499
6.147426303855
6.152239428600
6.156962465529
6.161666388662
6.166339148521
6.171017682921
6.175670589033
6.180308735364
6.184965112149
6.189574005088
6.194199872571
6.198820324282
6.203429124371
6.208044093294
6.212645448786
6.217261386489
6.221889725634
6.226520194281
6.231157013316
6.235806255026
6.240321265943
6.245154326814
6.363550610398
6.367717881528
6.371908089236
6.376149434907
6.379961921774
6.383995208430
6.388327010997
6.392871732022
6.397457773277
6.402061318609
6.406676385967
6.411286287572
6.415903674623
6.420524924065
6.425192712219
6.429855348714
6.434525571829
6.439212434887
6.443909606148
6.448570775421
6.453272081729
6.457935476032
6.462634265113
6.467314826085
6.472033835889
6.476747983956
6.481424032662
6.486142051895
6.490859513889
6.495575433780
6.500307368917
6.505062268164
6.509826355595
6.514619775907
6.519372924339
6.524192021996
6.529037418922
6.533734720927
6.538255086169
6.542943731305
6.548333716706
6.553118537739
6.718626861477
6.722797202243
6.726626523975
6.730588080618
6.734919179408
6.739703398636
6.744446161918
6.749174068543
6.753965587135
6.758726487176
6.763517702043
6.768362927451
6.773229675476
6.778084666139
6.782950711180
6.787842572890
6.792766179270
6.797683657330
6.802580318131
6.807486746851
6.812393003044
6.817282522878
6.822175370858
6.827006377551
6.831875143937
6.836752212759
6.841649977221
6.846517183139
6.851404700882
6.856245985372
6.861108404764
6.865985933889
6.870842355163
6.875707680832
6.880634283670
6.885612665319
6.890622020960
6.895498277283
6.900325031327
6.905192707898
6.910077978950
6.914959821760
6.919888566373
6.924849426335
6.929666931910
6.934600039644
6.939496941282
6.944426107148
6.949427288054
6.954359890338
6.959310528713
6.964102831876
6.969012735817
6.974012954946
6.979110560588
6.984332133642
6.989797913728
6.995031004334
6.999889540204
7.004347143016
7.008303871926
7.012978414828
7.016663296949
7.020111560150
7.024512660901
7.029043146432
7.033674254429
7.038365752850
7.043171976063
7.048019328521
7.052803546501
7.057612018487
7.062503372013
7.067388495829
7.072146538201
7.076946689645
7.081821757942
7.086662800844
7.091493957810
7.096374360414
7.101182833553
7.106047896454
7.110927461730
7.115803487645
7.120649263786
7.125410600094
7.130265778206
7.135062108840
7.139860479917
7.144715013836
7.149492658212
7.154244335131
7.159005378234
7.163740832922
7.168455902892
7.173214463160
7.177944748188
7.182656313789
7.187362225203
7.192088840826
7.196805936473
7.201554881249
7.206320187168
7.211043785329
7.215819813177
7.220585472137
7.225416729331
7.230311359317
7.235183671750
7.240073506058
7.244934267391
7.249812853624
7.254660404885
7.259515776224
7.264370631967
7.269258747678
7.273870172333
7.279775673964
8.035631202944
8.040467430509
8.044747681779
8.048674269797
8.057819977388
8.062116396080
8.066788842091
8.071581239208
8.076430548301
8.081310043857
8.086223726418
8.091156184086
8.096086741950
8.101075532760
8.106079403549
8.111104531543
8.116114032567
8.121126525678
8.126157108513
8.131205798167
8.136179241567
8.141184170205
8.146157332847
8.151140838378
8.156214876486
8.161280906658
8.166462238387
8.171681776416
8.176926384330
8.182284950736
8.187601235235
8.193002958572
8.197900765257
8.208141312651
8.218434031750
8.235187331396
8.239535908553
8.243967712964
8.248577469621
8.253336079910
8.258452273272
8.263731419937
8.268558591800
8.273177647695
8.886064789901
8.889110185820
8.891672846462
8.898394918147
8.902016374189
8.905181295075
8.908390912372
8.911893408250
8.915676489870
8.919402464768
8.923120634433
8.926825771011
8.930514013627
8.934167733699
8.937797295335
8.941433642778
8.945030335874
8.948618716799
8.952203790534
8.955818467616
8.959429709710
8.963145007797
8.966843818736
8.970266825055
8.973539391919
8.976542901547
8.980561497528
8.984074141438
8.987606159823
8.991283138989
9.324935548856
9.329355381194
9.333365164584
9.337257729713
9.341309810508
9.345295300581
9.349329165125
9.353492103997
9.357934284321
9.362400879069
9.366854420087
9.371340153736
9.375849332813
9.380307535449
9.384789822139
9.389266338274
9.393779197163
9.398319772111
9.402863580629
9.407430578079
9.411985601778
9.416548566188
9.421112774817
9.425662010801
9.430227883409
9.434844540533
9.439452444171
9.444057538092
9.448690286565
9.453300184784
9.457906092544
9.462532410829
9.467159502845
9.471752200670
9.476305919277
9.480854352192
9.485473181924
9.490050093194
9.494639851614
9.499254232428
9.503863959700
9.508471060398
9.513110700569
9.517692810490
9.522300973441
9.526925017653
9.531530153632
9.536178983608
9.540822457021
9.545422461095
9.549997168848
9.554590998249
9.559144745361
9.563729288262
9.568325085375
9.572917077255
9.577480773404
9.582014115276
9.586575476709
9.591165022778
9.595595106566
9.600076274256
9.609389431261
9.614490049177
9.733503913200
9.737368922634
9.741136436214
9.745586606678
9.750297384882
9.755088759011
9.759923911022
9.764710678206
9.769516827253
9.774350492738
9.779194171762
9.784027008995
9.788825365686
9.793635559749
9.798467045978
9.803313615220
9.808330452386
9.813262993368
9.818117161336
9.822919924013
9.828000945142
9.832870498381
10.038798733556
10.042769068153
10.046490606254
10.050106971115
10.054340618619
10.059058245007
10.063676692627
10.068222213914
10.072778016587
10.077378857370
10.081969745151
10.086540291263
10.091068782833
10.095676404722
10.100255763875
10.104857139603
10.109522242993
10.114241246767
10.118975315067
10.123687248253
10.128358953383
10.133056227210
10.137748476688
10.142427124957
10.147033177134
10.151664195197
10.156263963158
10.160864197886
10.165408188709
10.169948118215
10.174431061789
10.178823848160
10.183216143881
10.187565425523
10.191879955996
10.196148075591
10.200409242910
10.204655838909
10.208891702349
10.213140331044
10.217418631067
10.221543302187
10.452777683137
10.456449646232
10.460268629878
10.463874521961
10.467410639685
10.471368786291
10.475764365148
10.480156742160
10.484626723084
10.489090532905
10.493693957768
10.498225659089
10.502845324071
10.507380667648
10.512040362777
10.516619393785
10.521267064312
10.525979487068
10.530598699048
10.535122843767
10.539825271522
10.544516940181
10.549231305321
10.553929713552
10.558685281422
10.563392625611
10.568128522085
10.572838842353
10.577599085970
10.582314839497
10.587068987904
10.591806542540
10.596512092619
10.601237532660
10.605946512649
10.610650293729
10.615362000478
10.620075764060
10.624739581738
10.629377448583
10.633976224986
10.638621220514
10.643270721451
10.647913331769
10.652606394199
10.657255626908
10.661977118804
10.666746954641
10.671304642912
10.675948402415
10.680812588558
10.818745582755
10.823331366149
10.827797337531
10.831948538212
10.836484611876
10.841519611419
10.846873575990
10.851518397775
10.856301443092
10.861031701945
10.865801207851
10.870589239416
10.875303374556
10.880015756955
10.884716097508
10.889365408618
10.894038584567
10.898647716217
10.903312482324
10.907912173162
10.912496591847
10.917088979707
10.921646020181
10.926173858438
10.930704478251
10.935212419942
10.939739704369
10.944262665142
10.948753507971
10.953169525094
10.957678837213
10.962121834174
10.966576276092
10.971048095147
10.975513127953
10.979988178613
10.984422614377
10.988863383755
10.993252288952
10.997630482690
11.002009168223
11.006372104743
11.010754130715
11.015154350049
11.019498013191
11.023822922618
11.028128985642
11.032370068346
11.036625709477
11.041000187873
11.045192780780
11.049314556242
11.053440210717
11.057499681493
11.061479453690
11.065517329945
11.069667985433
11.073607015806
11.078420690437
11.082732368407
11.087540393709
11.091780122196
11.095751748733
11.100150437650
11.104163061978
11.108453965005
11.112651142287
11.117079791316
11.121725976327
11.312581053151
11.316448525297
11.320149864912
11.324129024648
11.328031888116
11.332158639503
11.336432956725
11.340902991103
11.345176094051
11.349057372452
11.352492570807
11.526120440755
11.531052468278
11.535239701295
11.539032209191
11.542931444638
11.547414072353
11.551861635054
11.556354892354
11.560875087447
11.565423523524
11.569950964666
11.574493415877
11.579033156194
11.583560735694
11.588085027326
11.592578517669
11.597093732709
11.601573822849
11.606053483029
11.610529202607
11.614949765820
11.619361368171
11.623706098029
11.628068529805
11.632390735196
11.636667883910
11.640934855590
11.645187793852
11.649401406822
11.653569759026
11.657687665147
11.661769798309
11.665840725119
11.669853927749
11.673872637418
11.677817637540
11.681690464617
11.685537325692
11.689371641492
11.693166662734
11.696934095062
11.700677947312
11.704398525865
11.708072130727
11.711722224661
11.715354662353
11.718963478552
11.722580618268
11.726111904184
11.729626500409
11.733173246404
11.736731403219
11.740229378676
11.743743808717
11.747391859719
11.751063060006
11.754642765894
11.758144634756
11.761558731051
11.765184566521
11.768895487379
11.772683756437
11.776431846637
11.780358190934
11.784706342561
11.923048460528
11.927372703834
11.931392330564
11.935469980664
11.939446144176
11.943474729024
11.947606126088
11.951857003965
11.956190165669
11.960588097081
11.965063796727
11.969611996445
11.974159133575
11.978739175000
11.983328719368
11.987834208993
11.992377392367
11.996932259351
12.001370720993
12.005860642426
12.010368953934
12.015081589813
12.019626627233
12.024083556574
12.028603037775
12.033120561015
12.037632400565
12.042201140058
12.046761564210
12.051237648493
12.055642841803
12.060091814463
12.064438035309
12.068552634156
12.072737192120
12.076695394524
12.499672608433
12.503993747743
12.509179309207
12.513845405479
12.518551979385
12.523267948842
12.527981547688
12.532737669433
12.537484146622
12.542252506672
12.547003366536
12.551778289162
12.556595228957
12.561366574209
12.566217045516
12.570921877488
12.575623888909
12.580389448555
12.585115634392
12.589830992156
12.594573300629
12.599294346255
12.604046494625
12.608789374810
12.613538696647
12.618284626380
12.623049319894
12.627814137188
12.632537981615
12.637244574914
12.641964677851
12.646646944791
12.651293317325
12.656002741217
12.660636294762
12.665230297219
12.669794938553
12.674383997346
12.678937399624
12.683502013500
12.688032470104
12.692531188731
12.697029697564
12.701497325836
12.705944893657
12.710369078185
12.714772058897
12.719115576933
12.723426705908
12.727722863940
12.731991972847
12.736196503669
12.740368739955
12.744518675172
12.748690847855
12.752860380007
12.757073195727
12.761270478764
12.765614582714
12.773443819329
12.790783480097
12.795158026763
12.799464237116
12.803524574145
12.807812631077
12.812107007547
13.246551700885
13.250972312165
13.255314034498
13.259468391549
13.264153530881
13.268928959155
13.273693548996
13.278489428934
13.283252045948
13.288086214792
13.292911402111
13.297718237825
13.302534211109
13.307367111999
13.312220784058
13.317130034847
13.322089872153
13.327113419014
13.332207014613
13.337359789462
13.342340002014
13.347332858420
13.351924231896
13.356604650541
13.361246617982
13.366061506235
13.370519809114
13.375019970201
13.379769065582
13.383935063045
13.388101597386
13.392182945286
13.396290297737
13.400416370360
13.404568715988
13.408711484947
13.412939064001
13.417175440212
13.421450385294
13.425858008120
13.430260297681
13.434717832737
13.439288357406
13.443677808536
13.448088489568
13.452555987080
13.457044408053
13.461564531554
13.466075165158
13.470276214463
13.474250523987
13.478269759818
13.482992153157
13.487832985881
13.492774806714
13.497678305721
13.502611385316
13.507609270562
13.512572697380
13.517624519334
13.522646711717
13.527741132532
13.532647608194
13.537246174735
13.541974808321
13.546697892265
13.551517632497
13.556379812216
13.561220982420
13.566037855911
13.570863271899
13.575711461275
13.580490595664
13.585259598592
13.590033136824
13.594811252512
13.599540996287
13.604192304803
13.608816450681
13.613442199690
13.618019038366
13.622578692782
13.627101697692
13.631655655083
13.636160041498
13.640549618706
13.644937022941
13.649351427041
13.653802920871
13.658225614978
13.662636041950
13.667219648763
13.671678424905
13.676322856004
13.680853078029
13.685516666684
13.690299180154
13.694622129906
13.699398629916
13.703858180000
13.708322286623
13.816138636802
13.820584677714
13.824661667425
13.828715737436
13.833073946324
13.838065180489
13.843572448017
13.848446899470
13.853798807843
13.858515704756
13.863725934653
13.868912973029
13.873869097149
13.879000277319
13.883744914033
13.888616592242
13.893461859150
13.898325550210
13.903105950095
13.908137327958
13.913030249573
13.917875467629
13.923087820239
13.928161043509
13.933494787913
13.939114221384
13.943423324636
13.948798397975
13.953502562233
13.958064946924
13.968451612419
14.667418158170
14.670828974712
14.674715980195
14.678934681466
14.683192818525
14.687283308034
14.691768802422
14.696366903306
14.700970594665
14.705673711863
14.710306835011
14.714975362453
14.719599300389
14.724197116948
14.728798202297
14.733385434704
14.738060307606
14.742742334300
14.747318388223
14.751971994219
14.756581353407
14.761254092615
14.765903621672
14.770606565195
14.775220241306
14.779917560336
14.784570529285
14.789258874678
14.793886606110
14.798512778496
14.803124186007
14.807797419627
14.812411916723
14.817071005304
14.821794314737
14.826455263623
14.831184245366
14.835906191962
14.840649846094
14.845379326383
14.850115459001
14.854795670786
14.859474727321
14.864139472241
14.868780419224
14.873378242357
14.878006718824
14.882616281078
14.887206394968
14.891856899420
14.896472581005
14.901092816050
14.905710812054
14.910320714335
14.914932994050
14.919358290680
14.923778533246
14.928282373101
14.932760338120
14.937170978425
14.941538972585
14.945852101565
14.950084190597
14.954310764249
14.958472887039
14.962612173757
14.966685947468
14.970742643899
14.974775173698
14.978788769189
14.982683140595
14.986515932248
14.990357196905
14.994169433200
14.997932255157
15.001660826194
15.005382192713
15.009042673531
15.012690117127
15.016303520443
15.019886665149
15.023476782212
15.027106758408
15.030630464039
15.034161310036
15.037752500104
15.041235905911
15.044668330675
15.048158758563
15.051714623975
15.055172847218
15.058587273243
15.062048523214
15.065521956029
15.068972317232
15.072447182920
15.075913196245
15.079495556642
15.083348802744
15.086562565248
15.089492499360
15.093154468030
15.096658576674
15.099413576730
15.102875099545
15.106409367352
15.109649368557
15.113103746098
15.116779524443
15.119703558314
15.123477339492
15.127053477267
15.130593663897
15.134139246366
15.137624634535
15.141186998384
15.144467865341
15.147707534119
15.150891130474
15.154019727801
15.157235934061
15.160586906466
15.164012370945
15.167446461441
15.170890027784
15.174337508942
15.177797825082
15.181240155012
15.184704633560
15.188178565097
15.191634026616
15.195120372020
15.198626793327
15.202081702170
15.205519941945
15.208945547093
15.212423939412
15.215925378182
15.219424958218
15.222930383869
15.226435685214
15.229965528963
15.233490139991
15.237065248221
15.240684526283
15.244330720170
15.247978651734
15.251664827984
15.255389385036
15.259109905280
15.262903666086
15.266729331660
15.270634771766
15.274616380544
15.278639885832
15.282694854177
15.286743078758
15.290803010193
15.294896775143
15.299002541051
15.303106727128
15.307370972280
15.311537349389
15.315455025819
15.319166830912
15.323014039740
15.326752655455
15.330121672785
15.334158947542
15.338492129761
15.342731683566
15.346571300069
15.350474330273
15.354301655089
15.358154878720
15.460327768761
15.464152698935
15.468006204425
15.471630204109
15.475748535235
15.480369917777
15.484968574001
15.489618944749
15.494332930586
15.499060191681
15.503750664097
15.508529648240
15.513214573757
15.517808928679
15.522561121234
15.527279856859
15.532047788334
15.536799332916
15.541554632737
15.546341596153
15.551060548995
15.555840986192
15.560658344113
15.565507609462
15.570283607023
15.575170774918
15.579951381935
15.584855153794
15.589608657199
15.594454656688
15.599231504114
15.604040468843
15.608816831255
15.613625605024
15.618370793405
15.623050743565
15.627715755868
15.632333186427
15.636874816560
15.641432567164
15.645951127302
15.650470277591
15.654983784896
15.659503056310
15.664084194688
15.668688445488
15.673141361236
15.855245997063
15.859364112585
15.863051245228
15.866720550434
15.871076024117
15.875673913635
15.880266242157
15.884869415070
15.889457891705
15.894017296949
15.898599098248
15.903184789558
15.907846686588
15.912515125625
15.917210514052
15.921911318950
15.926590647128
15.931246057210
15.935920199548
15.940625232942
15.945322949474
15.949990552750
15.954639693724
15.959318837664
15.964001186828
15.968706785893
15.973458217207
15.978203149614
15.983000066361
15.987807851831
15.992605121690
15.997390836249
16.002111688728
16.006868827091
16.011632088735
16.016393340412
16.021323909850
16.026446230945
16.031468296074
16.036531628839
16.041611081521
16.046762953391
16.051635011615
16.115875998251
16.120546348306
16.125277771940
16.129757917786
16.134129720175
16.138745218615
16.143618415906
16.148568182743
16.153525934814
16.158460263322
16.163355053789
16.168271153420
16.173144217680
16.177959744211
16.182827874683
16.187738160005
16.192652455939
16.197552451653
16.202442747964
16.207333573908
16.212267947857
16.217229060696
16.222191427769
16.227128293670
16.232112735917
16.237349470470
16.243692607157
16.247876050700
16.415340987026
16.418936609369
16.422713889677
16.426332885747
16.430758657495
16.435481394954
16.440134074721
16.444814590239
16.449527146926
16.454216594541
16.458900422769
16.463612415521
16.468294292774
16.472954317542
16.477607114920
16.482312409566
16.486982589460
16.491654902909
16.496330156154
16.500966586795
16.505629160714
16.510259139136
16.514898112690
16.519553053035
16.524173245819
16.528785147309
16.533392805266
16.538007960422
16.542596030872
16.547168720039
16.551736409348
16.556273280535
16.560776675230
16.565270523139
16.569733843361
16.574188698672
16.578632346198
16.583055810753
16.587466952680
16.591886413410
16.596312055684
16.600731329131
16.605188388589
16.609630432452
16.614063447848
16.618605341897
16.623049284105
16.627548861841
16.631992630983
16.636426780182
16.640865266310
16.645391436742
16.649819956427
16.654223128864
16.658649692196
16.663064927289
16.667472259667
16.671820985699
16.676059746734
16.680254445323
16.684418925377
16.688779654673
16.693195632675
16.697697844226
16.702133774881
16.706546948169
16.711021406039
16.715548355020
16.720060333371
16.724553802723
16.729038519273
16.733497514407
16.738016665885
16.742488126199
16.746982373253
16.751433915139
16.755923878742
16.760384542552
16.764852120207
16.769323967436
16.773822542674
16.778278034239
16.782773139891
16.787192104638
16.791654416914
16.796118637588
16.800524293078
16.804926984646
16.809319249623
16.813683493890
16.817988391743
16.822290605439
16.826569378481
16.830813959048
16.835081283526
16.839308453062
16.843523408266
16.847778922775
16.851998713465
16.856225961921
16.860490255422
16.864750922642
16.869039088561
16.873404134772
16.877786952890
16.882261952718
16.886702237305
16.890995884672
16.906742715860
16.910975397182
16.915596947428
16.919781535175
16.924149400656
16.928579852985
16.932889921611
17.048650357557
17.052368632239
17.056700558904
17.060784363320
17.064615659981
17.068564590506
17.072583429029
17.076693638573
17.080814744999
17.085178376271
17.089725075225
17.094414768805
17.099202164319
17.104163883672
17.108716470740
17.113352383235
17.117882085181
17.122232737419
17.126704676179
17.131081146305
17.135472263445
17.139919365661
17.144312562620
17.148487241597
17.152690218718
17.156979580611
17.161738255316
17.166407374198
17.170323540030
17.174790060569
17.179415364965
17.184032196729
17.188677752206
17.193325719724
17.198024896415
17.202762181985
17.207542903366
17.212366648887
17.217232170146
17.222155918322
17.227110224890
17.232145015628
17.237212666873
17.242310211296
17.247447887889
17.252671320631
17.257931357065
17.263257759184
17.268624710791
17.274092525346
17.279593708564
17.285142917334
17.290979843141
17.297025170914
17.320132337827
17.331371684736
17.340833683825
17.349695019593
17.358633452753
18.158720725920
18.163222455446
18.167455605658
18.171512756928
18.175669707148
18.180042410013
18.184836884270
18.189765780361
18.194700432042
18.199597634544
18.204535496819
18.209495870316
18.214478863061
18.219447762043
18.224465941149
18.229561115456
18.234667558630
18.239670001636
18.244673427390
18.249413600716
18.254030224492
18.258461553351
18.262725897419
18.266856983767
18.271043866106
18.275267170091
18.279601715085
18.283836631800
18.287977843389
18.292138547785
18.296269033184
18.300352312218
18.304403224075
18.308480577302
18.312493842805
18.316511918315
18.320592892354
18.324767874937
18.328988797459
18.337994430694
18.342215259288
18.345933181941
18.349995526584
18.354614962700
18.358880581969
18.363004735886
18.367050924493
18.371223905810
18.375506623867
18.394828269951
18.399598663313
18.403716888525
18.408048943776
18.412228082627
18.416395525414
18.420495457847
18.424557605222
18.428561226388
18.432507740282
18.436408583756
18.440230941163
18.444031947712
18.447811837341
18.451503059981
18.455219815263
18.458817721972
18.462463182169
18.466045501665
18.469622838496
18.473162668811
18.476765974508
18.480309737090
18.483850985160
18.487353757155
18.490821262420
18.494266562139
18.497732794101
18.501219565034
18.504689516563
18.508123937881
18.511616397607
18.515110279638
18.518621956229
18.522231229116
18.525740375914
18.529230625011
18.532528282771
18.655409505536
18.657935613302
18.661056724562
18.664402559163
18.667370957303
18.670384824615
18.673577357220
18.676924721515
18.680209959859
18.683526774415
18.686850207843
18.690200992901
18.693526277968
18.696850007158
18.700196125259
18.703527319191
18.706891386640
18.710273982721
18.713611982064
18.716973415381
18.720386140588
18.723782355856
18.727173493152
18.730695867499
18.734216459844
18.737633013827
18.741062714023
18.744548262774
18.748052867859
18.751566030799
18.755097782505
18.758659396269
18.762206736124
18.765804829335
18.769422506547
18.773062151715
18.776716376575
18.780394847040
18.784100943680
18.787810946744
18.791513872742
18.795263193733
18.799014306880
18.802835129192
18.806618530062
18.810482030408
18.814372772118
18.818295948982
18.822198359698
18.826064932444
18.830050048415
18.834000023319
18.837937233148
18.841932226711
18.845892966178
18.849829327102
18.853830129874
18.857825636393
18.861808093070
18.865814558114
18.869802558347
18.873803527962
18.877794878802
18.881798479667
18.885832616267
18.889860164570
18.893837679681
18.897816008469
18.901807463115
18.905840147626
18.909859512418
18.913898311482
18.917894260215
18.921940524901
18.925999940773
18.929999711327
18.934075115666
18.938133015601
18.942201815874
18.946327190723
18.950518309949
18.954797358060
18.959124550551
18.963820054210
18.968263243977
18.972364175832
18.976552344108
18.980621970859
18.984810070425
18.989092075836
18.992961576752
18.996955198985
19.001159496679
19.011119552924
19.014848188543
19.018517522607
19.021910058386
19.026256922637
19.030837960736
19.035368717280
19.039931823814
19.044574585226
19.049284778332
19.054011455732
19.058771354293
19.063552570567
19.068356343583
19.073150605757
19.077972329498
19.082832647621
19.087653361436
19.092530789085
19.097368129187
19.102193726306
19.106895905377
19.111704015052
19.116219901791
19.120995890936
19.232124330452
19.236592722033
19.240904460944
19.244946590679
19.248700123035
19.252319144229
19.256979288828
19.261816001182
19.266548003703
19.271316456992
19.276055927047
19.280823227616
19.285632937917
19.290406376567
19.294969682867
19.299882869404
19.304740148714
19.309513826999
19.314301487765
19.319175927763
19.324003979361
19.328889735429
19.333715927436
19.338586272535
19.343497702408
19.348343061569
19.353156534623
19.357968608989
19.362760335771
19.367515443291
19.372283097436
19.377036083914
19.381759765135
19.386464811719
19.391178867041
19.395822666417
19.400519298088
19.405217689314
19.409955429324
19.414603359130
19.419236749158
19.423936067236
19.428586407311
19.433233497609
19.437898739243
19.442544448991
19.447171636842
19.451657808279
19.457262965920
19.465991574233
19.470832999383
19.606490981588
19.611617473074
19.616259974200
19.621016086751
19.625461944706
19.630032391549
19.634413601919
19.638796767762
19.643346556160
19.647914894972
19.652504154260
19.657102780987
19.661708143417
19.666297032997
19.670897311539
19.675470216400
19.680099773854
19.684662050787
19.689194313262
19.693738544782
19.698240792383
19.702708470935
19.707163335109
19.711687492609
19.716112254285
19.720557574787
19.724958933670
19.729282276177
19.733660191093
19.737991364489
19.742316112071
19.746545835408
19.750779717315
19.754969162308
19.759126409993
19.763302839165
19.767400773860
19.771486578720
19.775556441835
19.779836474713
19.783979739179
19.788345269791
19.963816537681
19.974006130821
19.984143544098
19.994079690520

