Time_s
1.493643217270
1.497831263653
1.502044832197
1.506682546163
1.511791890946
1.516685372931
1.521618973749
1.526525743657
1.531428311946
1.536323784645
1.541228513756
1.546096154042
1.550964418508
1.555818921859
1.560668597146
1.565145433031
1.569793598644
1.574544939612
1.579320431362
1.584052017618
1.588747572334
1.593425625536
1.598106565182
1.602764722403
1.607418005411
1.612057700159
1.616667957986
1.621240779420
1.625809953638
1.630353749514
1.634862395804
1.639383379213
1.643844962923
1.648271508140
1.652708958208
1.657130350726
1.661519251511
1.665890448121
1.670236493642
1.674490863854
1.678770817869
1.683034818794
1.687248325628
1.691438170368
1.695615964098
1.699729506332
1.703803048787
1.707910572049
1.711955129604
1.715964790337
1.719931422021
1.723864422100
1.727814991839
1.731803722678
1.735862486306
1.740098953562
1.744249484406
2.013608663313
2.018561619378
2.023862705246
2.029053000562
2.034268868227
2.039400832621
2.044487263614
2.049562160293
2.054630855190
2.059675443603
2.064718365939
2.069806160102
2.074851433821
2.079904215812
2.084985483068
2.090104602737
2.095215709514
2.100323724887
2.105427633159
2.110526761192
2.115616784650
2.120677129646
2.125741979238
2.130805957581
2.135818153584
2.140797471194
2.145799776108
2.150736368130
2.155717635152
2.160662152208
2.165592822060
2.170529332446
2.175432788261
2.180342788680
2.185222653435
2.190091363913
2.194923013147
2.199738403342
2.204553316136
2.209332525220
2.214112478632
2.218804853104
2.223458605608
2.228136786632
2.232793545227
2.237442830306
2.242117290348
2.246802531318
2.251469689028
2.256189475854
2.260994355033
2.265878822728
2.270983692844
2.276809012976
2.566135361232
2.575675178405
2.585057857512
2.594648572203
2.855981380471
2.859536129822
2.863384903623
2.867660186798
2.871907534044
2.876090963622
2.880283440282
2.884481021674
2.888690832649
2.892860942055
2.897093871326
2.901324734180
2.905552655507
2.909797084710
2.914031496784
2.918270405007
2.922509562009
2.926734334112
2.930929556097
2.935131002097
2.939328922560
2.943495020341
2.947646233772
2.951782182579
2.955911444301
2.959972457455
2.964029678299
2.968062917649
2.972067432516
2.976071402212
2.980066849178
2.984048113688
2.987998209492
2.991924599679
2.995822427542
2.999721456987
3.003588447073
3.007422221862
3.011232418909
3.015038001266
3.018830878546
3.022596823554
3.026329992336
3.030037132088
3.033728397425
3.037390804639
3.041014826822
3.044621319335
3.048218280059
3.051802132706
3.055390220279
3.058957648252
3.062561035242
3.066369186075
3.070220045034
3.073791679845
3.077406902547
3.081173513064
3.084813783897
3.088449954006
3.092062453880
3.095561487555
3.099060131688
3.102665980712
3.106151453252
3.109574899026
3.113005322628
3.116266073148
3.119576674959
3.122909684105
3.126242852007
3.129546547612
3.132937477957
3.136446998725
3.139803063459
3.143102833315
3.146367213944
3.149588748359
3.152899525592
3.156254727178
3.159582430861
3.162985356775
3.166504740088
3.711397761186
3.716578601942
3.721740579888
3.726862516388
3.731969633096
3.736959059768
3.741946140352
3.746879432339
3.751772459100
3.756632910869
3.761484028032
3.766310534448
3.771105433984
3.775874365485
3.780636533129
3.785375008681
3.790094804371
3.794825420102
3.799547230009
3.804245443649
3.808941423104
3.813587277700
3.818222024134
3.822800251648
3.827390835750
3.831951828736
3.836472986308
3.841000016730
3.845516495362
3.850004929820
3.854491628639
3.858986192248
3.863483405653
3.868009928435
3.872673137603
3.877322574868
3.881963324261
3.886572781464
3.891121431219
4.484155037855
4.489279428738
4.494604252379
4.499961071100
4.505333754857
4.510652952106
4.515997718049
4.521302389542
4.526550425104
4.531778209174
4.536984957208
4.542175455814
4.547366688017
4.552531159514
4.557682205333
4.562799036451
4.567897298007
4.573000705543
4.578106611338
4.583199668512
4.588303331488
4.593409652581
4.598501346720
4.603580622605
4.608671671804
4.613791070359
4.618898583415
4.623997174514
4.629072817234
4.634161374077
4.639220466280
4.644217077206
4.649164462210
4.654095272299
4.658998157402
4.663897153007
4.668693618725
4.673423264889
4.678085896812
4.682723439282
4.687347771380
4.691937247615
4.696471979737
4.700981675781
4.705433853545
4.709833865620
4.714256466142
4.718700119393
4.723136299262
4.727598220090
4.732064343324
4.736583576992
4.741217387911
4.745817250516
4.750397092950
4.755039594535
4.759525336898
4.763719094888
4.768188628763
4.772966871799
4.942459586103
4.947389485044
4.952555201622
4.957778087419
4.962965070628
4.968155547795
4.973367029291
4.978513229751
4.983701534725
4.988874661453
4.994071119387
4.999283912936
5.004511233498
5.009766475924
5.015034231887
5.020330395174
5.025657933088
5.030995437267
5.036329252841
5.041727606859
5.047134118220
5.052606303591
5.058129953200
5.063622717064
5.069180300343
5.074783842746
5.080461226073
5.086112496288
5.091747858582
5.097415002208
5.103034604787
5.108775592234
5.114411326762
5.120127176382
5.125866630205
5.131527281332
5.137325433765
5.142937925546
5.148657940327
5.154152233495
5.159928295404
5.165554391590
5.170998288406
5.176035879850
5.181085638450
5.186866061327
5.192038898735
5.197211734397
5.201531805931
5.206416833638
5.211548087176
5.216827002294
5.221935889457
5.227115005811
5.232224099112
5.237366709350
5.242411122681
5.247475420466
5.252557446552
5.257508257787
5.262458489880
5.267308416271
5.272080888850
5.276781454833
5.281426838689
5.286019801555
5.290581437443
5.295136902533
5.299694264474
5.304271648246
5.308845237996
5.313425009344
5.317992729236
5.322540295482
5.327076283826
5.331615911194
5.336133398625
5.340643565880
5.345068052184
5.349503039876
5.353946452381
5.358311148628
5.362707124547
5.367061022925
5.371414267203
5.375748835938
5.380064315022
5.384357978997
5.388580333039
5.392782084820
5.396966596990
5.401159909521
5.405324884632
5.409448897536
5.413539657435
5.417616732350
5.421664953262
5.425695702070
5.429688341523
5.433721094719
5.437779176959
5.441742043853
5.445585208346
5.449405581485
5.453269886154
5.457119587028
5.460946744435
5.464763080379
5.468564542533
5.472363222417
5.476145503120
5.479904967372
5.483658906028
5.487404340224
5.491139152792
5.494870670358
5.498618021654
5.502353738979
5.506097024848
5.509834557913
5.513539769791
5.517182909991
5.520756454243
5.524358194284
5.528054250652
5.531815505331
5.535464469478
5.539053536657
5.542577461039
6.187287098554
6.193148983717
6.199166701196
6.205220137508
6.211433123353
6.217740277269
6.224083428668
6.230124388203
6.236623332707
6.242565049338
6.248308720762
6.253946949371
6.279605882574
6.283869332270
6.288364352036
6.293222479362
6.297965498135
6.302707691586
6.307424596483
6.312106464151
6.316768654916
6.321445879908
6.326100528525
6.330739274424
6.335394829111
6.340021410027
6.344644443522
6.349270832070
6.353869922945
6.358438270951
6.363015554309
6.367578755488
6.372135469202
6.376670786130
6.381205426819
6.385750630215
6.390311981364
6.394888357168
6.399486846680
6.404103486419
6.408739246126
6.413408632369
6.418148453863
6.422865574211
6.427548068118
6.432210615667
6.437100467939
6.442066543805
6.447323050519
6.453242245243
6.459014395655
6.675218292113
6.680002331305
6.684543809889
6.688991071164
6.693384730879
6.697693521015
6.701889449611
6.706099075387
6.710357138720
6.714762056244
6.719249054171
6.723835311831
6.728435958148
6.733089564414
6.737777820411
6.742504162475
6.747258703676
6.752059451197
6.756891007095
6.761777178244
6.766734653823
6.771738891873
6.776779773059
6.781880819526
6.787044353705
6.792269011653
6.797552551789
6.802913500674
6.808340491454
6.813844912345
6.819428402012
6.825053111935
6.830695626676
6.836410932622
6.842169487194
6.847921609571
6.853656217386
6.859375570270
6.865063724659
6.870735912502
6.876275985966
6.881755067058
6.887291134599
6.892687230469
6.897996593549
6.903209082155
6.908303477161
6.913330664624
6.918267833079
6.923149852559
6.927936220673
6.932682284479
6.937424752047
6.942095941104
6.946720248966
6.951336610046
6.956011736450
6.960322171341
6.964951639052
6.969417633124
6.973708385724
7.302957888423
7.308193741359
7.313294136505
7.318194304529
7.323025179650
7.327670427161
7.332232485352
7.336770114663
7.341245484727
7.345585421785
7.349944240742
7.354320332386
7.358688689424
7.363043359174
7.367361581664
7.371662194168
7.375945409477
7.380199956782
7.384422501377
7.388654138643
7.392891805599
7.397086085265
7.401275232979
7.405422916392
7.409573456642
7.413696763752
7.417810317915
7.421989608713
7.426143775946
7.430381015271
7.435015639594
7.439462940026
7.443723306116
7.447855326846
7.452092111798
7.588278488500
7.593618818196
7.598548897200
7.603258578804
7.607854073968
7.612487094191
7.617247910262
7.622126842595
7.627157657110
7.632360400444
7.637709652027
7.643127355712
7.648490152801
7.653847352133
7.659202669578
7.664574458032
7.669921101899
7.675250099334
7.680610920874
7.685928521370
7.691207895821
7.696454216592
7.701665840975
7.706871454029
7.712058307173
7.717217545435
7.722376220056
7.727501172267
7.732624867868
7.737725188971
7.742842792146
7.747960700375
7.753082114287
7.758197847639
7.763320115354
7.768436169486
7.773552929955
7.778663119121
7.783780455725
7.788892357043
7.793992244248
7.799089080782
7.804202915332
7.809300080189
7.814405315208
7.819478712375
7.824522364438
7.829540111345
7.834504766757
7.839506023827
7.844481301885
7.849494449236
7.854591724587
7.859658531712
7.865844873376
7.871349142112
8.029694415357
8.033650046826
8.037484989875
8.041752818131
8.046093692877
8.050474524296
8.054852799258
8.059232508285
8.063657617830
8.068114142493
8.072583821797
8.077068012348
8.081560073627
8.086062550221
8.090551699528
8.095003589523
8.099422679153
8.103847965460
8.108259366922
8.112636620953
8.116986978086
8.121291185657
8.125568976780
8.129827523513
8.134063721994
8.138301546368
8.142511452375
8.146691495642
8.150849839856
8.154989629168
8.159104118671
8.163187943549
8.167259188617
8.171309841320
8.175355648208
8.179381926705
8.183369735071
8.187331051017
8.191297415806
8.195280986986
8.199249645323
8.203217805591
8.207217501679
8.211247628087
8.215162143345
8.219019913214
8.222828351252
8.226611673153
8.230384521408
8.234140147933
8.237885617603
8.241626138139
8.245333356155
8.249051577878
8.252747647810
8.256440504242
8.260102427522
8.263738495943
8.267349367139
8.270854080312
8.274359673073
8.277891052918
8.281491042339
8.285091148799
8.288763942736
8.292293227399
8.457376920662
8.462130447330
8.466839339087
8.471257315562
8.475633052973
8.481168155650
8.486562238611
8.492249986902
8.497890149267
8.503721787800
8.509764697405
8.515953006293
8.521946015510
8.528053326179
8.533994386761
8.556771712127
8.561744446740
8.566738669874
8.571804147171
8.576910027052
8.581976446397
8.587045187040
8.592125648791
8.597207561756
8.602275956307
8.607347225021
8.612455020159
8.617594454282
8.622795266251
8.628051588458
8.633405191282
8.638859193685
8.644371828908
8.653229747629
8.656261825684
8.659292186440
8.662281299497
8.665316188444
8.668469387755
8.671451658331
8.674563556408
8.677606846935
8.680654723326
8.684241437708
8.832577664651
8.841874819994
8.851416341028
9.066763395948
9.071870362739
9.077023008266
9.082279387668
9.087586221783
9.092938544360
9.098339445296
9.103789966056
9.109246587695
9.114728485224
9.120251069030
9.125782226565
9.131340222087
9.136949760107
9.142570000279
9.148234529998
9.153905431698
9.159562761898
9.165270248509
9.170996868768
9.176715174813
9.182421888966
9.188125764547
9.193781582163
9.199462325151
9.205155014335
9.210807441851
9.216449146420
9.222074301109
9.227678135168
9.233298700888
9.238921436877
9.244464097279
9.249897950351
9.255182224032
9.260300387411
9.265284391776
9.270212294065
9.275022604957
9.279742828854
9.284377172875
9.288937547039
9.293387762282
9.297770460745
9.302063351364
9.306241660566
9.310383275939
9.314468377391
9.318419335897
9.322379621211
9.326317172251
9.330199423149
9.334039591110
9.337772750974
9.341471541174
9.345087983000
9.348621110110
9.352192048021
9.355753474396
9.359291887154
9.362727918534
9.366063314529
10.214762776058
10.219347456641
10.223790398595
10.227946350162
10.231986668022
10.235929259624
10.239839453908
10.243705329542
10.247549516686
10.251351533809
10.255137063182
10.258901127343
10.262643047862
10.266370217759
10.270083513111
10.273778136425
10.277460405145
10.281141014402
10.284832043750
10.288525245481
10.292268176677
10.296068597424
10.300013580793
10.304426075492
10.308806790740
10.313183370903
10.317574145165
10.321690332202
10.610268406393
10.615388136049
10.619879882371
10.624148223431
10.628233051526
10.632476179494
10.636662966442
10.641007510989
10.645322738812
10.649907941992
10.654438033744
10.659198922841
10.663556349742
10.880728743467
10.885210374319
10.889523952435
10.894026880161
10.898497377819
10.902975131427
10.907444970630
10.911922477394
10.916404653577
10.920891194234
10.925398715121
10.929900383965
10.934413831477
10.938937315433
10.943442939566
10.947946139165
10.952447857596
10.956944386992
10.961447025538
10.965961060537
10.970423863524
10.974910134975
10.979369224084
10.983836528748
10.988265240575
10.992695393601
10.997107752420
11.001431823523
11.005786399544
11.010115073260
11.014434066354
11.018714025537
11.022991953605
11.027256482396
11.031495172235
11.035707820010
11.039900463961
11.044075013004
11.048215253561
11.052335457746
11.056488052871
11.060584352945
11.064647923517
11.068686056655
11.072696157263
11.076686936032
11.080667909322
11.084629324567
11.088574694199
11.092520472418
11.096475162855
11.100418280337
11.104360612816
11.108281853680
11.112192720734
11.116098667091
11.119963646784
11.123837771803
11.127708217992
11.131597448738
11.135454937658
11.139315177594
11.143205989227
11.147113550715
11.151056056566
11.154956783421
11.158942375860
11.163554185896
11.566891566690
11.577347303071
11.587868860403
11.610756450874
11.616325388810
11.621839368031
11.627243439155
11.632552853864
11.637781046607
11.642983221568
11.648125468772
11.653210509650
11.658280817429
11.663333020491
11.668318173405
11.673302126884
11.678324510568
11.683231001291
11.688166246187
11.693071388328
11.697968801980
11.702844853478
11.707743656279
11.712622511622
11.717482231783
11.722321715286
11.727185501719
11.732026759518
11.736887052272
11.741742529553
11.746580898384
11.751418483101
11.756252326871
11.761113087568
11.766007664182
11.771004661202
11.776077115779
11.781170922062
11.786997697222
11.793055687289
11.798010720073
12.155806779669
12.160838092300
12.164838049395
12.168541752326
12.172839320089
12.177310308435
12.181814465545
12.186364786259
12.190914902083
12.195477203413
12.200032325034
12.204562819326
12.209112577504
12.213662383924
12.218188093459
12.222700088213
12.227222705880
12.231716829344
12.236206792070
12.240698829257
12.245216369179
12.249728975951
12.254229773892
12.258780136256
12.263293990746
12.267851255446
12.272423434288
12.277009940494
12.281623933930
12.286262432981
12.290931312064
12.295623877197
12.300359227286
12.305116309915
12.309887251083
12.314709938840
12.319603874630
12.324499792443
12.329440863500
12.334438698370
12.339460538789
12.344555020923
12.349677223486
12.354838971604
12.360017870908
12.365184693887
12.370363391326
12.375526731191
12.380674447372
12.385797852507
12.390873968437
12.395911865655
12.400887665612
12.405783378176
12.410607022675
12.415342560366
12.419981045850
12.424505053569
12.428912096775
12.433188376750
12.437342728503
12.441409460673
12.445433445679
12.449389145770
12.453365373356
12.457391652323
12.461347886159
12.465369139599
12.469577262694
12.473909265445
12.904686509668
12.909429820970
12.914086602207
12.918651371349
12.923190257939
12.927723777239
12.932191945606
12.936740413209
12.941306315161
12.945960208852
12.950728114923
12.955648681918
12.960613363257
13.107599611451
13.112322879020
13.116583799725
13.120673622134
13.124834160991
13.129396657362
13.133994318391
13.138527964429
13.143084890973
13.147662391206
13.152276063172
13.156910726998
13.161599363858
13.166280205521
13.170988685202
13.175696083951
13.180387254141
13.185107968311
13.189528876721
13.194210146577
13.198773613918
13.203308615875
13.207773938555
13.212224584141
13.216614896235
13.220992329526
13.225346331481
13.229673443874
13.233972709804
13.238251892332
13.242497565165
13.246718638766
13.250918426130
13.255111217843
13.259286269867
13.263433141705
13.267580708856
13.271699595964
13.275801675582
13.279890157946
13.283963340545
13.288018147489
13.292051032612
13.296069694390
13.300075267598
13.304060737441
13.308029534966
13.311985379166
13.315916261052
13.319813625108
13.323682378362
13.327519887595
13.331335994999
13.335134613785
13.338911352019
13.342668127478
13.346389728188
13.350090865323
13.353767233552
13.357418954199
13.361034493695
13.364607565167
13.368177928836
13.371740167413
13.375270006824
13.378765152249
13.382217892504
13.385679514196
13.389144160049
13.392596628633
13.396029517036
13.399440900748
13.402814191641
13.406133724653
13.409429801232
13.412777366195
13.416094040258
13.419471954202
13.422964114066
13.951724804261
13.957098543757
13.962036178184
13.966966329248
13.971826120530
13.976581275264
13.981282138723
13.985955563946
13.990618297250
13.995265395714
13.999916223012
14.004585869223
14.009251329974
14.013944848111
14.018640969403
14.023374975151
14.028144518659
14.032923053907
14.037705726585
14.042524380130
14.047376304567
14.052249678155
14.057154755243
14.062068526092
14.067009556391
14.071963053029
14.076987105372
14.081976388506
14.086975087289
14.091992451554
14.097031536414
14.102061097914
14.107100498894
14.112137152045
14.117198139023
14.122306558111
14.127427292707
14.132533823063
14.137646279338
14.142786887783
14.147930931081
14.153066990824
14.158235136617
14.163430395708
14.168625216229
14.173834634812
14.178967835280
14.184090782470
14.189160370886
14.194210194968
14.199245345108
14.204191397068
14.209114142583
14.213934647373
14.218704033735
14.223385865497
14.227973430737
14.232486552810
14.236946955699
14.241328241248
14.245630362872
14.249849502273
14.254000117687
14.258089296418
14.262095192232
14.266091385731
14.270029725223
14.273948427091
14.277833227011
14.281714260399
14.285601552792
14.289548589814
14.293507696219
14.297542216170
14.301621999147
15.097996831120
15.102336383964
15.106176035017
15.110221026331
15.114678963300
15.119237708497
15.123939922075
15.128650711433
15.133472473350
15.138371738053
15.143303903997
15.148322210177
15.153303448237
15.158231108156
15.163256531511
15.168244042174
15.173208343808
15.178208052381
15.183163887762
15.188097424098
15.193038786272
15.197938207180
15.202821998488
15.207687842122
15.212534861945
15.217357183840
15.222153670592
15.226957308499
15.231755954754
15.236527835225
15.241293992153
15.246015281885
15.250726410929
15.255426455095
15.260132877699
15.264809705619
15.269509162830
15.274159684988
15.278822571278
15.283453925470
15.288089524799
15.292706941935
15.297329460756
15.301955908199
15.306534741658
15.311070085617
15.315569534766
15.320011993910
15.324435515363
15.328828444110
15.333193045018
15.337505145598
15.341805549493
15.346094869280
15.350345646386
15.354550667682
15.358697849446
15.362790138311
15.366845704321
15.370848036554
15.374846062592
15.378789117495
15.382699525714
15.386579332957
15.390443973213
15.394279633287
15.398101142298
15.401899082689
15.405684113053
15.409488861924
15.413316890328
15.417246557746
15.421180568572
15.425587812888
15.429704626797
15.433447344555
15.437068069574
15.440961536130
15.444902217648
15.806442213249
15.811695758356
15.816298285070
15.820408654703
15.824667624924
15.829035908614
15.833423467982
15.837888140914
15.842497026948
15.847280485272
15.852226540009
15.857269604556
15.862387175033
15.867478617302
15.872670812625
15.877833905995
15.883039878639
15.888269644970
15.893520508738
15.898668458391
15.904066848274
15.909444096532
15.914765401154
15.920030626422
15.925396323575
15.930792954444
15.936207427769
15.941622436618
15.947050860523
15.952516136527
15.958004947079
15.963522290014
15.969061082289
15.974571587277
15.980101765550
15.985634419756
15.991096239279
15.996584327251
16.002076868765
16.007519703653
16.012917321004
16.018298146376
16.023633955994
16.028974662192
16.034264239909
16.039550586393
16.044817439210
16.050082097465
16.055289235924
16.060503711683
16.065665902653
16.070801149887
16.075947607620
16.081020738181
16.086068333457
16.091073106627
16.096070326422
16.101048716951
16.105953783680
16.110857359237
16.115698915137
16.120491871900
16.125241020098
16.129935047146
16.134590941196
16.139210243525
16.143815403680
16.148343506836
16.152835642398
16.157251179091
16.161610141156
16.165937162804
16.170267662992
16.174522527221
16.178711743046
16.182828420604
16.186881734757
16.190917987545
16.194899260163
16.198885140219
16.202823924456
16.206722671329
16.210657439154
16.214645637284
16.218650690818
16.223300102061
17.326520192582
17.330158960525
17.334655355450
17.339532245680
17.344610053770
17.349491068397
17.354505319593
17.359349518700
17.364144649797
17.368854112518
17.373569494705
17.378200781847
17.382842728077
17.387456344383
17.392081857529
17.396671685837
17.401263882929
17.405793437817
17.410345764470
17.414910436223
17.419488628481
17.424050747090
17.428621479477
17.433159084995
17.437424731015
17.441820598602
17.446289211410
17.450799551582
17.455314925371
17.459818501226
17.464311843020
17.468818487963
17.473320241640
17.477818576086
17.482315694887
17.486801623603
17.491295541368
17.495783229244
17.500272260120
17.504753560587
17.509232814411
17.513703961724
17.518173908986
17.522633855544
17.527082541333
17.531519285214
17.535938713993
17.540345717786
17.544744206808
17.549118917897
17.553462527347
17.557755781916
17.562032471055
17.566292978881
17.570497556248
17.574670625176
17.578811754590
17.582910513039
17.586997050399
17.591071568343
17.595115273174
17.599118105138
17.603089540272
17.607045521665
17.610982713611
17.614902422562
17.618793604513
17.622668066745
17.626522479793
17.630402044908
17.634402467157
17.638542737827
17.642731562115
17.646844417648
17.650986712147
17.655010892025
17.658740947184
17.662456364495
17.666104559146
17.669794183946
17.673592462201
18.246966156408
18.252651623360
18.258339793712
18.263729052262
18.269005831280
18.274203416454
18.279290731667
18.284355411748
18.289368193517
18.294328133060
18.299245740286
18.304130200465
18.309011998824
18.313874680809
18.318723028993
18.323560365578
18.328368480097
18.333193438905
18.337996238702
18.342788742825
18.347554358848
18.352315483572
18.357079808625
18.361834787192
18.366618065699
18.371432915245
18.376266803127
18.381104263856
18.386027440876
18.391039178151
18.396410631768
18.402644573106
18.593232610975
18.599322130083
18.605710932343
18.611114869961
18.616959263841
18.622546858367
18.628159491154
18.633824561642
18.639459316619
18.645161860545
18.651005217333
18.656888240504
18.662805703759
18.668869524507
18.675017083237
18.681084120920
18.687297245205
18.692961847267
18.697331443739
18.702104574303
18.706934784953
18.711754885620
18.716511268880
18.721210849336
18.725891840338
18.730666164829
18.735448258840
18.740228288686
18.745026422224
18.749842089158
18.754660644147
18.759536708034
18.764455206850
18.769404250079
18.774393133359
18.779443083068
18.784089340439
18.788901457624
18.793668388919
18.798498096073
18.803349396848
18.808239468712
18.813135899579
18.818058556621
18.823016695846
18.828009849963
18.833015724525
18.837994490090
18.843039447249
18.848116852633
18.853203320657
18.858289607262
18.863414769367
18.868563303228
18.873766219848
18.878987535479
18.884207445958
18.889424675200
18.894637438276
18.899829821027
18.905006024831
18.910153523454
18.915260529666
18.920347279656
18.925384946319
18.930383406519
18.935340562846
18.940256575117
18.945113160496
18.949899991606
18.954604251322
18.959214217073
18.963755343508
18.968240033422
18.972624032140
18.976873699695
18.981102755648
18.985316842344
18.989461349798
18.993476347624
18.997498706738
19.001526935120
19.005513316552
19.009500073334
19.013460038855
19.017350767944
19.021238703555
19.025165819407
19.029049256779
19.032979310977
19.036891548323
19.040855625682
19.044760135554
19.048542272250
19.052306057591
19.056099895681
19.059827964683
19.063338771132
19.258309658175
19.262713223469
19.267358591885
19.271778106045
19.276262602658
19.280737669824
19.285272876500
19.289842987694
19.294481438420
19.299150524501
19.303879071188
19.308649060735
19.313485088742
19.318350580466
19.323271386878
19.328234145254
19.333243837595
19.338296470431
19.343396985156
19.348600894827
19.353816110024
19.359079492300
19.364360779712
19.369677192024
19.375012022943
19.380397437614
19.385826538952
19.391285788175
19.396750044392
19.402276071986
19.407847909909
19.413481403003
19.419182849701
19.424973208639
19.430863706542
19.436932788507
19.443118909104
19.449419110652
19.455780894341
19.462261518778
19.468600373131
19.475236578436
19.480983251546
19.487426301683
19.493386457802
19.499255989129

