Time_s
0.759179599893
0.766135325143
0.773243167616
0.780121283965
0.786831851239
0.793437800254
0.799924685222
0.806393249063
0.812800307332
0.819163047141
0.825522693545
0.831918158201
0.838427292280
0.845136619911
0.852194896549
1.005204285111
1.011280322393
1.017773389815
1.024572247498
1.031443139048
1.038471328925
1.045604582522
1.052786855961
1.060003260793
1.067232499756
1.074476309964
1.081819158104
1.089192627389
1.096631900250
1.104098379203
1.111201406550
1.118585177584
1.126054435826
1.133683250913
1.141487270079
1.149295864843
1.329754964204
1.337239768391
1.344977991635
1.352617716276
1.360277439374
1.368012550847
1.375767456531
1.384017663792
1.391548360465
1.399348866228
1.407045483495
1.414702678423
1.422305568712
1.429866696536
1.437421577601
1.444965072029
1.452414927225
1.459558192991
1.466629496241
1.473715982572
1.480822105589
1.487836249308
1.494833879133
1.501727398406
1.508516388005
1.515239649101
1.521965808197
1.528711528670
1.535482878289
1.542269412750
1.548997363630
1.555748986282
1.562454141700
1.569396204243
2.144336644336
2.152483759470
2.160687101399
2.168909186125
2.177077290994
2.185232218920
2.193305586101
2.201189009259
2.209020707675
2.216744460490
2.224289484269
2.231873382633
2.239327135328
2.246783035114
2.254146713661
2.261502045241
2.268838437714
2.276192904632
2.283602280413
2.291126729973
2.298882500934
2.306284565666
2.313783209773
2.646221124530
2.653353921203
2.660822981702
2.668382045195
2.675950034367
2.683496469788
2.691105208538
2.698792924019
2.706661799810
2.714818737927
2.723654803966
2.743551307693
2.745956834853
2.748475514915
2.751003259246
2.753590527401
2.756240124343
2.758787402375
2.761395152809
2.763625856329
2.768800339742
2.771271990508
2.773709219367
2.827605718879
2.835641416129
2.843790592285
2.852243197807
2.861428492696
2.870738585418
2.880132265663
2.889303108287
2.898602298440
2.907607939200
2.937409318885
2.946020584267
2.954834192276
2.963677353953
2.972607205689
2.981513404617
2.990355296441
2.999168470321
3.007923537058
3.016538980990
3.025091478483
3.033556592145
3.041985532705
3.050353421834
3.058666716752
3.066940695010
3.075164257120
3.083360370143
3.091470919762
3.099529782053
3.107518815816
3.115361087814
3.123172537528
3.130986804323
3.138877062890
3.146958575708
3.155080726012
3.163397390614
3.275686440548
3.283963989915
3.292407020437
3.301024594260
3.309752855975
3.318496709423
3.327222623720
3.336011813501
3.344779754345
3.353551382259
3.362707086153
3.371539177496
3.380533847319
3.389525759830
3.398798142755
3.856634983863
3.864945144486
3.873339154881
3.881568590089
3.889685311111
3.897714656435
3.905600955848
3.913421831610
3.921136138141
3.928768704578
3.936341969382
3.943848382566
3.951296480015
3.958729583491
3.966122073316
3.973536196600
3.981047565848
3.988685170025
4.179657241905
4.187092012608
4.194688496788
4.202335922196
4.209995556087
4.217670193672
4.225312306147
4.232902781380
4.240401561923
4.247868746435
4.255322488870
4.262691566749
4.270011007024
4.277351376531
4.284667891631
4.292032647104
4.299384020619
4.306748802038
4.314908116753
4.551524471319
4.560014959788
4.568655588904
4.577337986375
4.586096998280
4.594975539654
4.603885806529
4.613092406589
4.622666821847
4.773611908865
4.781921797357
4.790542422519
4.799245775496
4.807996096856
4.816724659114
4.825605988077
4.834512412257
4.843492042478
4.852696413320
4.862006549663
5.028273196690
5.036176192474
5.044364132765
5.052385006524
5.060452062475
5.068283609383
5.076161817503
5.084320476982
5.093925155662
5.247748104399
5.257213823879
5.267908437216
5.277704762276
5.287669278930
5.298308535495
5.646444994574
5.655410730087
5.664338643189
5.673352943270
5.682419589703
5.691621834905
5.701104289623
5.831457173705
5.839163752846
5.847076740982
5.855057837282
5.863010085667
5.870917409689
5.878825151300
5.886634696959
5.894416596709
5.902103565068
5.909750179823
5.917355954088
5.924959204125
5.932602054468
5.940307955463
5.948206044382
5.956103133156
5.963753604473
6.077723787621
6.085449420731
6.092766660803
6.100770508279
6.108875887224
6.117129597707
6.125484539584
6.133919999523
6.142368058985
6.150846619292
6.159342470094
6.167775203175
6.176174439909
6.184504690137
6.192878013875
6.201296877079
6.209781249242
6.218373067345
6.228103082211
6.236815727326
6.245621380665
6.254489221500
6.263490174823
6.749352616194
6.757928400368
6.766638801946
6.775315382709
6.784003128609
6.792723801065
6.801517759688
6.810401706457
6.819394493311
6.828489297970
6.837841861514
6.847655109829
7.049583711441
7.057762791920
7.065865716064
7.074004826904
7.082093308964
7.090137975821
7.098001581234
7.105811603119
7.113544467529
7.121164976482
7.128709953528
7.136065453025
7.143328755630
7.150479069848
7.157561943546
7.164576271235
7.171533032208
7.178401295429
7.185227740190
7.192036363130
7.198773105285
7.205402615974
7.212000458916
7.218644753001
7.225432610745
7.232269040364
7.239110574973
7.245832454965
7.252485142292
7.259602094453
7.266269720739
7.272784146305
7.279285064904
7.285832202057
7.292558833782
7.299153809009
7.581310116309
7.588889644397
7.596651430251
7.604454635666
7.612371288911
7.620477617945
7.628958522652
7.760031950628
7.767388345314
7.775437355501
7.783528742879
7.792074743152
7.801309203757
7.994310666989
8.002243416180
8.010419282143
8.018519566197
8.026666961729
8.034776286191
8.042859688779
8.050898116936
8.058864380868
8.066687226964
8.074511887125
8.082267202661
8.089987444071
8.097682367669
8.105355773087
8.112989000958
8.120672303978
8.128290438891
8.135915208269
8.143568861112
8.151260550363
8.158852343693
8.166566401058
8.174316468297
8.182155362499
8.190124496113
8.198204650721
8.263511778035
8.272041584648
8.280119892410
8.288454428242
8.296775650157
8.305170008388
8.313612652933
8.322109203356
8.330662738301
8.339260456029
8.347899291026
8.356565847579
8.365234595917
8.373982044777
8.382939032778
8.391957543570
8.401147116157
8.410464723427
8.419631107710
8.569567611267
8.577676505093
8.585949355679
8.594409051901
8.602806897466
8.611153734721
8.619403489551
8.627397014092
8.635270191558
8.642950167729
8.650647466103
8.658368151270
8.666199668467
8.674380534015
8.682546641658
8.989730364266
8.998205653332
9.006875240224
9.015486028728
9.023879361261
9.032387199562
9.040805348354
9.049149240992
9.057393533500
9.065581763619
9.073619903128
9.081550158285
9.089438556564
9.097308978673
9.105338219949
9.113370925921
9.123278994082
9.131203312443
9.217111767681
9.224329211004
9.231673552143
9.239009053799
9.246318680454
9.253621364870
9.260813813561
9.267923944812
9.274999067883
9.282000100402
9.288945912377
9.295863608898
9.302752960591
9.309605185454
9.316413241725
9.323221542532
9.330028676360
9.336845035346
9.343702767358
9.350536936112
9.357528856153
9.364403436933
10.010407274372
10.018876278873
10.027364490510
10.035784167496
10.044135731718
10.052541900841
10.060873976642
10.069193999864
10.077407730785
10.085452691736
10.093444842538
10.101435760593
10.109440183868
10.117481244984
10.125461099122
10.133590762849
10.141853550886
10.150273000358
10.158304142381
10.166451744342
10.172951894812
10.369326891208
10.377151444621
10.384975769636
10.392760772045
10.400539735481
10.408326664320
10.416105005297
10.424066603993
10.432060446962
10.440197189410
10.448017069319
10.455999896301
10.463823642250
10.471613772287
10.960396071108
10.969423723862
10.978706422759
11.131469061397
11.138582543080
11.146144004406
11.154196494050
11.162199152321
11.170185001623
11.178104030696
11.186080159159
11.194179090129
11.202329214508
11.210445803309
11.218509889841
11.226570670854
11.234529364234
11.242470050967
11.250371053900
11.258224635713
11.266010800383
11.273840794053
11.281722677907
11.289668695392
11.299113966334
11.307132863729
11.315341609525
11.323383876258
11.331470707670
11.339612407098
11.347477708548
11.355713759944
11.363820433894
11.371933980625
11.380037041429
11.388175001237
11.396383383141
11.404709552115
11.413137501799
11.421649760073
11.430254870359
11.439655531513
11.448991701607
11.458177474124
11.467418396475
11.477494072111
11.487231054693
11.496853304762
11.506646898516
11.515911084527
11.525018738573
11.533721154205
11.542335243978
11.551019056431
11.559841583466
11.569524636255
11.579896208955
11.589461299012
11.598895384446
11.661643082710
11.670752768869
11.679764379091
11.688808495939
11.697865012845
11.706829560555
11.715279577610
11.723734391114
11.732114940069
11.740406007047
11.748577628122
11.756567776784
11.764439607975
11.772298427499
11.780152434189
11.788055810796
11.796124424908
11.804097026740
11.956700218352
11.963894197259
11.971085599187
11.978256489765
11.985415061322
11.992531001384
11.999606222941
12.006635974097
12.013622185398
12.020552288877
12.027450548428
12.034323666600
12.041193972119
12.048080635133
12.054988793071
12.061904531782
12.068900016630
12.075855287845
12.082708668038
12.603122808092
12.612004664830
12.620961771530
12.629855118898
12.638737037028
12.647633127572
12.656490655561
12.665364727058
12.674283079360
12.683418322217
12.692450675804
12.701430423649
12.710335953616
12.719319081531
12.728160887872
12.737098441403
12.746005374915
12.754958053633
12.763942532763
12.773015351168
12.782211956022
12.791222896462
12.800070019193
12.808855509672
12.817583288416
12.826349560529
12.835103643219
12.843891649621
12.852665958141
12.861518541838
12.870291140660
12.879104092575
12.887917772051
12.896826409333
12.905742686176
12.914759456557
12.924137820779
12.933929014728
12.943494543980
12.953062773776
12.962426587387
12.971824949609
12.981314905006
12.990553553968
12.999556732173
13.008374529596
13.017168513552
13.025994635616
13.034924975639
13.043830247226
13.052743686994
13.061706588952
13.070629275485
13.079581891253
13.088581732334
13.097635473929
13.106621225228
13.115643202609
13.124665339049
13.133653055337
13.142765510939
13.151903501251
13.161100549436
13.170220113092
13.179329814857
13.188541622320
13.197741812497
13.206956636879
13.216076737677
13.225298824521
13.234678441397
13.244110306567
13.253846559006
13.263470426049
13.273009981916
13.485126252059
13.492875424740
13.501142323685
13.509342210075
13.517530454142
13.525708343815
13.533877066869
13.542007895326
13.550095496593
13.558116962646
13.566131389909
13.574032315075
13.581747851007
13.589618766388
13.597622572732
13.605430176519
13.894185119886
13.900617098783
13.908280142264
13.916498926681
13.924915049744
13.933324797432
13.941729565584
13.950127732316
13.958536982862
13.966975376562
13.975390626596
13.983767966599
13.992089245537
14.000360834146
14.008515073224
14.016656232389
14.024771574677
14.032947483033
14.041112635249
14.576274464636
14.584030546721
14.592175812829
14.600401710299
14.608583697108
14.616820595603
14.625051901170
14.633164751630
14.641226378421
14.649263432202
14.657298682367
14.665267194771
14.673183483131
14.681030052730
14.688712537531
14.696417726525
14.704052801296
14.711652382296
14.719266232170
14.726849206911
14.734407448234
14.742033768629
14.750000315861
14.757583583899
15.298329418448
15.305332526762
15.313077160548
15.320989941391
15.328873155327
15.337018421969
15.345294340586
15.353887485848
15.432038288756
15.440185242370
15.448625830765
15.457050253967
15.465401696365
15.473793721000
15.482242332731
15.490719853798
15.499297139022
15.508386716492
15.518195093663
15.527700043014
15.536860814447
15.546035750382
15.601297771047
15.609271758866
15.617493636201
15.625654043285
15.633822808683
15.642003101568
15.650193270481
15.658380974021
15.666557654986
15.674706912000
15.682831035696
15.690973133096
15.699049307224
15.707118871282
15.715217592906
15.723448177738
15.731660401556
15.739995258840
15.748154501519
15.756383179428
15.764628770170
15.772789446105
15.780774139626
15.788637613335
15.796535365888
15.804452919185
15.812459961979
15.820705155545
15.829102155323
15.837693055621
15.846956535952
15.856414402169
15.866086053949
15.875580393007
15.884749340187
15.893897574686
15.903447066314
15.912861348974
15.921783626295
15.930732822441
15.938800894324
15.947199009561
15.955402400947
15.963650293077
15.971886109140
15.980111215900
15.988259667367
15.996325240780
16.004296477515
16.012093063534
16.019667690460
16.027226220564
16.034665208525
16.041934404592
16.049138658072
16.056248971644
16.063292366437
16.070246654715
16.076976455975
16.083821409377
16.090802852079
16.097656046254
16.104737593473
16.111548517598
16.118375799892
16.125377908783
16.132545220333
16.139581216372
16.146622964417
16.153777545435
16.525059144240
16.533608535032
16.542328987144
16.550951188559
16.559407659982
16.567671455492
16.575861534978
16.584036838031
16.592145018021
16.600237190099
16.608281741266
16.616309956923
16.624262044980
16.632144536433
16.640013543420
16.647843413894
16.655624001406
16.663416430472
16.671301028716
16.679324585730
16.686872533288
16.694830790169
16.702634885586
16.807243765891
16.814379611916
16.822286055235
16.830276199942
16.838361532495
16.846622302689
16.854996943553
16.863462571511
16.872189475144
16.880804754447
16.889497004338
16.898175020810
16.906981730980
16.915749144665
16.924508538010
16.933149189034
16.941569913446
16.949864556920
16.958177959216
16.966385337550
16.974478091016
16.982496704815
16.990492483883
16.998444975257
17.006387711507
17.014319492155
17.022225833903
17.030168937101
17.038156805108
17.046186559708
17.054324306292
17.062669302254
17.071519789665
17.080057721812
17.088657478702
17.097159965520
17.105594766057
17.114240138454
17.122882147038
17.131179759727
17.139398135162
17.147545508184
17.155660848923
17.163766364783
17.171908976387
17.180133488108
17.188469913790
17.197002432812
17.205630181056
17.214544936766
17.224079426560
17.397164917715
17.405335031666
17.413047863030
17.421326384135
17.429686664047
17.437976600270
17.446033195311
17.454190524768
17.462306412230
17.470415988067
17.478475633888
17.486465292397
17.494346577710
17.502116115522
17.509811642431
17.517460849339
17.525076751488
17.532645070224
17.540275142394
17.547992650466
17.555797330193
17.563255552799
17.570961014132
17.584854893390
17.592515044511
17.600251341271
17.704461785308
17.712467595893
17.720543132675
17.728260677025
17.736159478135
17.744105835260
17.752067899637
17.760053680073
17.767991928755
17.775868759642
17.783671379540
17.791349195964
17.799107350687
17.806753995885
17.814522432947
17.996494752349
18.003188414574
18.010276167254
18.017763548346
18.025295408888
18.032906207177
18.040610547407
18.048414627792
18.056330014457
18.064284343973
18.072434445841
18.080734478694
18.089174862193
18.097415782292
18.105536405079
18.113583376709
18.752194699664
18.759781123295
18.768099987540
18.776850266813
18.785853996032
18.944580482270
18.951291735609
18.958928521992
18.966927229973
18.974875086395
18.982813724028
18.990737703681
18.998726687964
19.006649681410
19.014532125339
19.022356124936
19.030054946972
19.037705328767
19.045239394857
19.052663510999
19.060031904702
19.067361202302
19.074583501952
19.081729012754
19.088838133884
19.095888428614
19.102948405522
19.109970839406
19.116978839123
19.124220936799
19.131182215689
19.301007375580
19.309717135079
19.318331501931
19.326741176121
19.334954747250
19.343131520615
19.351385311407
19.359941015701
19.368395942249
19.376962504249
19.385564211945
19.394213241156
19.402845697201
19.411653979725
19.420492006319
19.429389970667
19.438378726012
19.447436565839
19.456600672847
19.465889406101
19.476030418438
19.486116735290
19.496046362805
19.506014612200
19.515746854552
19.525537794588
19.535399735931
19.544832712407
19.554480044678
19.563311224697
19.571640400929
19.579806218221
19.587907139551
19.595876048208
19.603719559020
19.611516804209
19.619271915290
19.626978549451
19.634707417818
19.642506941675
19.650340110155
19.658289555710
19.666317609379
19.674466093230
19.682619022513
19.690920043605
19.699186419242
19.707774777683
19.716872649032
19.725358135820
19.734520132515
19.743382133858
19.752697590361
19.761829612271
19.771377894282
19.860737924879
19.863556225829
19.866319373285
19.869092981503
19.871774517417
19.874470356150

