Time_s
1.348955234127
1.353996760950
1.359717758025
1.366636937886
1.372630207187
1.378737784430
1.384902770084
1.391034388556
1.397356840830
1.403750703608
1.410146122139
1.416705962556
1.423277265644
1.429859019619
1.436244218326
1.442555807853
1.448712261542
1.454859571039
1.461015761959
1.467048526241
1.473072153115
1.479073018318
1.484952611280
1.490775429994
1.496533712402
1.502356369590
1.508177015021
1.514190317203
1.520248193271
1.526503250212
1.533012656549
1.756582179313
1.761912811642
1.767504865305
1.773702988127
1.779923059156
1.786334850113
1.792745626464
1.799253768505
1.805690487787
1.812640323360
1.819114621381
1.825814296153
1.832291551180
1.839187869042
1.845926499530
1.852579146428
1.859390104546
1.866212944379
1.873091643050
1.880120360944
1.886887095787
1.893890857204
1.900622869887
1.907548418128
1.914217361348
1.921155732661
1.927926467074
1.934761213072
1.941606039982
1.948814773127
2.130101954496
2.135628392660
2.142471148477
2.149221415090
2.156034790136
2.163028558194
2.169975694171
2.176951149919
2.183739185567
2.191303187524
2.197501044739
2.205368733386
2.211775295504
2.218910558800
2.226666437402
2.233245180684
2.240536583092
2.247647738267
2.255251097825
2.261891866560
2.269239396079
2.276404209063
2.283372991839
2.290339632182
2.297389953339
2.304420036813
2.311454687874
2.318468625219
2.325463833752
2.332699556087
2.340204422926
2.347055360007
2.354157144216
2.361701975946
2.368329554978
2.375689217276
2.382645909769
2.389823404195
2.396634098389
2.404352424568
2.453316547901
2.460052597045
2.467253139079
2.474154698998
2.480980198075
2.487688836878
2.494339492133
2.501097961833
2.508400509930
2.515076288886
2.522063094232
2.528975553086
2.535959347386
2.542936988776
2.549786586629
2.556950045243
2.563532328723
2.570939128517
2.577158157274
2.583894800169
2.590483052306
2.596971805890
2.603137989966
2.894578845750
2.907308853838
2.919572147725
2.932510165902
2.954167569731
2.961254683156
2.968133494322
2.974894848833
2.981725787326
2.988606601472
2.995455682161
3.002257272311
3.009007639617
3.015757822894
3.022380079605
3.029009338773
3.035665419491
3.042343625468
3.227415469736
3.232950060017
3.239343002128
3.245820510630
3.252418573306
3.259123665841
3.265899498055
3.272746793104
3.279566820685
3.286406361696
3.293275509088
3.300190540487
3.307298529196
3.313880558344
3.321990256433
3.493364263087
3.499971611041
3.506925416550
3.513611081087
3.520062164938
3.526570191705
3.624772374735
3.631750295448
3.638750481621
3.645888643613
3.652850242383
3.659705781992
3.666532230751
3.673371719091
3.680321612287
3.687118020247
3.694023794317
3.700965965399
3.708253624348
3.715507604612
3.722577070277
3.729646276037
3.736725403691
3.743827234637
3.750809796140
3.757858223323
3.764926435194
3.772188055475
3.779400147144
3.786492631172
3.793608405674
3.800767622105
3.808008344624
3.815246245915
3.822308028636
3.829412336953
3.836483239558
3.843484344142
3.850470209700
3.857473299223
3.864509027946
3.871401594184
3.878422487007
3.885261692762
3.892128511375
3.899128286643
3.905814933485
3.912847666019
3.919526209818
3.926336364461
3.933104846556
3.939850204211
3.946635598223
3.953409987797
3.960220981006
3.967034086343
3.974181494173
3.981049043527
4.913853677927
4.919745628765
4.926017456054
4.932113342990
4.938321248436
4.944790510269
4.951356796191
4.957982466994
4.964612454081
4.971402658762
4.978217888130
4.985007778366
4.991937019805
4.998809564171
5.005909327846
5.012998002356
5.020254643090
5.027232441480
5.034316979912
5.041414242470
5.048466680514
5.055470932730
5.062434998866
5.069579695383
5.076717284986
5.083754364617
5.090978917731
5.097971848188
5.105458144423
5.112194070811
5.842373660883
5.848283018675
5.854276524244
5.860062736649
5.866160492960
5.872185450664
5.878344577230
5.884564964183
5.890796959183
5.896988045219
5.903372652447
5.909639278266
5.915964368283
5.922242467102
5.928522758856
5.934767920576
5.940970800676
5.947236834505
5.953533510380
5.959646543179
5.965829303991
5.971912502550
5.977982354236
5.984258884819
5.990250878880
5.996531240058
6.002701779579
6.009047283145
6.015495038006
6.021922193183
6.028498143578
6.035128218242
6.041654588626
6.048266568107
6.054808941127
6.061199332182
6.068032767747
6.074803993535
6.081378271501
6.271352428793
6.278063739722
6.284220277003
6.290992096614
6.297362589187
6.304090849715
6.310733332013
6.317472799434
6.324418317007
6.331294105974
6.338141605972
6.345109940081
6.352124050199
6.358987181858
6.366153054017
6.373255504430
6.380338125126
6.387456774114
6.394506129481
6.401507441160
6.408778040987
6.415990636084
6.423062522621
6.430356289549
6.437740053530
6.445068728773
6.452299034696
6.459528490644
6.466709558435
6.474147838140
6.481201637297
6.488030595856
6.531670342833
6.537544596283
6.543925528521
6.550792404903
6.557630605064
6.564185690177
6.572312248040
6.646066747566
6.652599709738
6.658832972467
6.665369567606
6.671978974782
6.678747283632
6.685440505684
6.692198287006
6.698883703259
6.705620402270
6.712294538347
6.719081715517
6.725844605687
6.732509705436
6.738985468862
6.752723696218
6.766085451034
6.779216799901
6.833532862644
6.840848136215
6.847615737703
6.854943897778
6.861756006471
6.869073509587
6.876208462264
6.883402920442
6.890694603036
6.897905925090
6.905639660045
6.912884358681
6.920160058754
6.927044532270
7.131247557704
7.137697384970
7.144128711014
7.150547013897
7.157112044692
7.163617149138
7.170250965923
7.176849608399
7.183751430190
7.190652404463
7.197633108374
7.204589848053
7.211786991341
7.218921096713
7.226072149965
7.233097143430
7.240388554320
7.247529010405
7.254814815937
7.262002958170
7.269462273180
7.276460964883
7.284037783508
7.291096906173
7.298603143813
7.305618444928
7.313010233797
7.320082795589
7.327424726222
7.334594836305
7.341902221764
7.349200079301
7.356421399497
7.363647812311
7.370874963069
7.378237749714
7.385270936225
7.392530097458
7.399503762653
7.406574879275
7.413584983437
7.420555718935
7.427559918642
7.434548212663
7.441609172064
7.901267743898
7.913652304567
7.926618190729
7.940005164824
7.989248362766
7.996180357464
8.003174226709
8.010171527510
8.017136620941
8.024148199207
8.031191664495
8.038227372368
8.045410675639
8.052528074421
8.059627901649
8.066660532464
8.073548358786
8.080448655335
8.087767418501
8.288582576397
8.294433765988
8.301007146405
8.307368971844
8.314024865747
8.320696279749
8.327473497260
8.334240778377
8.341094013583
8.348053955340
8.355039723058
8.362102060392
8.369183912486
8.376253441893
8.383407844715
8.390614262750
8.397829005842
8.405134650683
8.412428295171
8.419893986533
8.427363298151
8.434902930908
8.442348036190
8.450014613154
8.457569374139
8.465345149787
8.472897243291
8.480694546741
8.488286128265
8.495919484843
8.503978773460
8.511659954401
8.519470546443
8.675563081415
8.682098854690
8.688298467114
8.694792474787
8.701160203030
8.707847085979
8.714340043143
8.720859223662
8.727635167764
8.734158773126
8.741067572971
8.747672436781
9.605623307815
9.611868764994
9.618088641775
9.624237991775
9.630415912220
9.636735032828
9.643228241809
9.649620893476
9.656048918050
9.662512683671
9.669111437722
9.675766259759
9.682439561961
9.689116641292
9.695867603576
9.702391632263
9.709094789957
9.715632581313
9.722146235063
9.728604968679
9.735113682722
9.741693994794
9.748236936151
9.754744653987
9.761139157518
9.767550327359
9.774008910714
9.780227716067
9.786706258142
9.793014077360
9.799440643187
9.805838476697
9.812231413429
9.818771673359
9.825025866925
9.831625372558
9.838165872890
9.845146039186
10.015485863490
10.017851432969
10.020195339379
10.022526446911
10.024835633629
10.027177035089
10.029313593599
10.031464364661
10.033861515945
10.036025890263
10.037935067016
10.040815568084
10.042973068841
10.313723316592
10.319482969260
10.326200241330
10.332598224206
10.339295345912
10.345990765241
10.352796828840
10.359673696239
10.366665304608
10.373828744082
10.381057181665
10.388292084919
10.395727232903
10.403134126961
10.410109808110
10.504422620520
10.509962413472
10.516435630136
10.523397408542
10.531493619852
10.695446830598
10.701613159588
10.708593383852
10.715044386725
10.721991780398
10.728501408783
10.735503819212
10.741958997761
10.748776781429
10.755412757283
10.762042795456
10.768872366662
10.775695771658
10.782549901748
10.789447178002
10.796330537204
10.803205598069
10.810090120415
10.817013540596
10.823891846172
10.830719250356
10.837492539901
10.844479653517
10.851500571168
11.015982293547
11.021125744867
11.026303151577
11.033155221773
11.039804317276
11.046318692297
11.052861625692
11.059429110293
11.066430920718
11.072867628329
11.079735560521
11.086729990607
11.093316692156
11.100316483624
11.107377113260
11.114534396389
11.121680361936
11.128794003495
11.135968229607
11.143124778145
11.150258391713
11.157455954774
11.164659342489
11.171864779110
11.179128846698
11.186349169188
11.193631699145
11.200911878835
11.208104868678
11.215281424237
11.222536439801
11.229578582178
11.236991142268
11.244205981719
11.251502552699
11.258613659386
11.413738108141
11.418354177420
11.422875714103
11.427375035895
11.431733639215
11.436301621062
11.441014911898
12.293648551941
12.299908359848
12.306184223100
12.312601080253
12.319103438737
12.325561082496
12.332108094973
12.338773720469
12.345322580189
12.352050050270
12.358856727466
12.365682838227
12.372316555857
12.379051516420
12.385769803112
12.392512963028
12.399258752373
13.241347065908
13.247291447769
13.253506592629
13.260076277222
13.266428006975
13.272730353139
13.279740685454
13.286556817829
13.293324853164
13.300103437543
13.307048261215
13.313919437548
13.320628007991
13.327331001847
13.333948288502
13.340548273375
13.347033549351
13.353594187664
13.359809334795
13.366310128059
13.372641129054
13.379005991332
13.385452313277
13.391732132650
13.397941998133
13.404015534540
13.410182865836
13.416415607714
13.422763512731
13.429166762239
14.129901936673
14.134448280257
14.139339658795
14.144797582002
14.150398377647
14.156075472404
14.161889457549
14.167769863431
14.173726836961
14.179707703560
14.185874072163
14.192379125364
14.198381183278
14.204843078594
14.211301863741
14.217813040608
14.224342706264
14.901623462267
14.907786841094
14.913518154128
14.919489663545
14.925503474817
14.931746330383
14.938003340834
14.944357909645
14.950792594526
14.957298953061
14.963809674169
14.970428277953
14.977025334780
14.983648229236
14.990310418505
14.996982271449
15.003707634452
15.010465426883
15.017458966928
15.024078901535
15.030618607886
15.407437088115
15.411549593434
15.415729551733
15.420843335067
15.425940727280
15.431091718497
15.436875241133
15.442919670011
15.449125372383
15.455285512586
15.461366487917
15.467652633981
15.474148493583
15.480548624798
15.486898633284
15.493290320382
15.499781387271
15.506302865469
15.512873844309
15.519523284346
15.526146560927
15.532954229619
15.539742911756
15.546501839916
15.553379540851
15.560178481551
15.566967706795
15.573962131286
15.580818163957
15.587751924667
15.594740314454
15.601664467821
15.608624080056
15.615543557566
15.622537435373
15.629525279660
15.636694338343
15.643918667712
15.651180640610
15.658275183091
15.665507704070
15.672677305993
15.679974627566
15.686973127977
15.701326877030
15.708400886070
15.715315613371
15.722117174576
15.729101908298
15.736045368725
15.743170922454
15.750272726636
15.757339583487
15.764431079032
15.771478258251
15.778646962088
15.785750779144
15.793035134688
15.800173210283
15.807453443759
15.814568619721
15.822005200264
15.828914583471
15.837090193481
15.843908608767
15.851407020182
15.857623400799
15.902934054671
15.909674331010
15.916209039197
15.922972759704
15.929669208877
15.936208400800
15.942773648305
15.949461091185
15.956237759617
15.963312771222
15.970373902405
15.977422928964
15.984547829612
15.991655234248
15.998806890551
16.006049076610
16.013164264609
16.020326478807
16.027420570977
16.034459463564
16.041251092388
16.048204473099
16.055240926693
16.062271458092
16.069189392792
16.076176914353
16.083097495452
16.089979316281
16.096895881471
16.103719612716
16.110554130606
16.117367312662
16.124158198056
16.130939500442
16.137743409476
16.144520993676
16.151331346617
16.158112656943
16.164904830826
16.171671262739
16.178447583303
16.185265557187
16.192058221482
16.198871377636
16.205719746454
16.212506514223
16.219315996292
16.225983796640
16.232630519944
16.239483167508
16.246161960287
16.252923961842
16.259765905319
16.266592107753
16.273293381381
16.279797524918
16.462392598098
16.469077844285
16.476531366777
16.483853999496
16.491622040899
16.498764265251
16.506450135352
16.513684143585
16.521113634222
16.528427881285
16.535624302942
16.542947322687
16.550232549453
16.557553673377
16.564968167532
16.572278965470
16.579738139052
16.587046267989
16.594580239025
16.601989041260
16.609512596540
16.617050999412
16.624439956753
16.631867480110
16.639383417203
16.646487994064
16.654289763196
16.661424975092
16.669416243542
16.676902382960
16.684527606025
16.691463565045
16.789103522657
16.795403652549
16.801504118664
16.808156833737
16.814512982184
16.821099286128
16.827541707650
16.834051746152
16.840679308942
16.847448595155
16.854143175423
16.861026890213
16.867947248948
16.875041250079
16.882189589509
16.889122888942
16.896377152800
16.903338442167
16.910487443315
16.917605240331
16.924740256303
16.931987355827
16.939175087968
16.946290261927
16.953284387922
16.960498812213
16.967861732647
16.975038487322
16.982372707745
16.989830945916
16.997091176598
17.004541450357
17.011872582954
17.019234545598
17.026641088970
17.033785217507
17.040977263527
17.048312866764
17.055394194561
17.062779983730
17.069912310405
17.077015755545
17.084082359787
17.090964702463
17.097768190207
17.104935447479
17.112012090980
17.119106314057
17.126195930321
17.133167155455
17.140164886522
17.147185016904
17.154068724620
17.160966704928
17.167847092567
17.174700032216
17.181723409725
17.188824445623
17.195816126791
17.202800919770
17.209712066853
17.216927054693
17.223973675150
17.231383371258
17.238832013036
17.245254527004
17.252882091740
17.259639518343
17.267249525372
17.274420109057
17.281945161141
17.289172098242
17.296630995375
17.303477144010
17.311095510645
17.317617939613
17.325331374885
17.332442295406
17.339723332731
17.347041563961
17.354403793021
17.361782523249
17.369170025996
17.376602574234
17.384179731715
17.391276741941
17.398671267502
17.405926873756
17.413186782198
17.420338381053
17.427454429719
17.434613434399
17.441788853315
17.448946858642
17.456179758716
17.462842549341
17.470084708168
17.477147923952
17.484309395944
17.491560908012
17.498156487293
17.958648162110
17.971732598569
17.984542558925
17.991966639195
17.998701089205
18.005577959035
18.012525451071
18.019682353623
18.026870743882
18.034476033972
18.193392064598
18.199621884891
18.205927664023
18.212135395557
18.218422331375
18.224888689458
18.231398960376
18.238049691971
18.244633970198
18.250811262412
18.257831085283
18.264789333439
18.271768987025
18.278950806214
18.286168822537
18.293283708736
18.300659733522
18.307827306504
18.315124388726
18.322387019424
18.329644374193
18.336820303402
18.344072672488
18.351321267292
18.358613186925
18.365815612317
18.373177697434
18.380522924961
18.387817953576
18.395220548921
18.402672409207
18.410063360198
18.611536882874
18.623544378154
18.636373150156
18.649615766697
18.656980321849
18.664087776046
18.671329744079
18.678657684767
18.686035593529
18.693432967740
18.700841007524
18.708268311755
18.715744176732
18.723116855020
18.730538412175
18.737989155072
18.745458955198
18.752787451748
18.760439994180
18.767852392709
18.775318094468
18.782835867188
18.790393810736
18.798005602898
18.805571628781
18.813153531809
18.820592429901
18.828178108755
18.835434660470
18.842438654394
18.849521797611
18.856769934436
18.863985859223
18.871225165686
18.878642212907
18.886298316591
18.893292413358
18.900993720194
18.907931818674
18.915697383069
18.922404320216
18.930206108907
18.937171515946
18.944575597837
18.951943331519
18.959219952445
18.966530059821
18.973796546083
18.981141915541
18.988487633856
18.995722848711
19.003009781391
19.010419146794
19.017772916602
19.025107147062
19.032351999434
19.039634157161
19.046889141242
19.053975304859
19.061077393979
19.067994257784
19.074927842668
19.081872362310
19.088722580412
19.095912430063
19.102930805291
19.109921978687
19.428192362034
19.440148532701
19.452586199872
19.458911546373
19.465246236893
19.471532558665
19.478129444535
19.484831643991
19.491638112790
19.498405689861
19.505555269136
19.512520589444
19.519560962717
19.550781869869
19.557279980751
19.564235520613
19.571075594842
19.577982959701
19.584936985690
19.592131904927
19.599287788666
19.606364736870
19.613741491861
19.621207600777
19.628630142100
19.636238202525
19.643632734679
19.651129285767
19.658461974076
19.665800776949
19.673111929456
19.680322000223
19.687464787475
19.694578335970
19.701851865141
19.709083563172
19.716379264517
19.723649068085
19.730918576319
19.738179462632
19.745528251164
19.752821515567
19.760105698465
19.767408422639
19.774765080323
19.782053869217
19.789167314225
19.796246020317
19.803141739475
19.810027600270
19.816966690342
19.823964047885
19.831049607331
19.838090959622
19.845167155754
19.852167317228
19.859270718277
19.866337706311
19.873583944787
19.880807803637
19.888122668697
19.895282955613
19.902506714713
19.909757821495
19.917053621511
19.924437423843
19.931821567611
19.939364075824
19.946865657267
19.954299763005
19.961778164091
19.969186120166
19.976425699361
19.983657655442
19.991418073099
19.998316358696

