Time_s
0.309473259374
0.314911333998
0.320353901285
0.326090193101
0.332205946065
0.338210969166
0.344146102768
0.350117816295
0.356055366064
0.362052440116
0.367698168500
0.373418510366
0.379269949995
0.384968189800
0.390646754935
0.396251358730
0.401751389768
0.407146352542
0.412392233126
0.417616643913
0.422740998938
0.427883876081
0.432972669566
0.438009941344
0.443015499098
0.447985354986
0.452891195001
0.457750993037
0.462586503958
0.467388331104
0.472142457232
0.476853565929
0.481537373404
0.486243792706
0.490950885755
0.495679086936
0.500372745603
0.505421894715
0.510477263632
0.726863744007
0.732156993722
0.737737698291
0.743446539424
0.749269298097
0.755186981988
0.761193702859
0.767277707894
0.773414006987
0.779561136060
0.785719553011
0.791876366326
0.798045920049
0.804242583869
0.810432787574
0.816623059146
0.822808540298
0.828983555943
0.835124144884
0.841261311289
0.847356193830
0.853402866632
0.859437173307
0.865438754854
0.871449523824
0.877369541298
0.883261356343
0.889155432540
0.895092137903
0.901041290947
0.907064343048
0.913362153774
1.094978340706
1.099631127134
1.105273335301
1.111181325434
1.117138903830
1.123185709256
1.129314404998
1.135524998350
1.141782624299
1.148151768523
1.154630382819
1.161274579305
1.167925708485
1.174761676930
1.181692076600
1.188669419732
1.195715695392
1.202818897439
1.209963831537
1.217209301372
1.224533402315
1.231973406012
1.239481958465
1.247095844538
1.254685095571
1.262320066896
1.270169327510
1.278029176612
1.286014596879
1.294140494381
1.302438335066
1.310948097402
1.319623508911
1.328493017736
1.337045964891
1.345284261527
1.353217982226
1.360745929253
2.132994568058
2.140038752701
2.147067576291
2.153699719428
2.160303630162
2.166820993456
2.173244650351
2.179627121952
2.185909492210
2.192124022066
2.198256901537
2.204277591968
2.210195722777
2.216018845157
2.221794637420
2.227425259013
2.233015870508
2.238527804872
2.243976450056
2.249363096341
2.254719986605
2.260024481606
2.265252607915
2.270654615103
2.276131313664
2.281840276486
2.400066927589
2.405419379938
2.410321482268
2.415088602575
2.420013341792
2.424969402916
2.429933931547
2.434893786495
2.439872067115
2.444859665374
2.449845234862
2.454838232727
2.459871422648
2.464907191883
2.469972003555
2.475061921984
2.480188202566
2.485329443990
2.490500996463
2.495698972507
2.500934070910
2.506239024558
2.511785533486
2.517809187231
2.523708883425
2.529694338317
2.535870660257
2.590228313653
2.594728195745
2.599720318920
2.605000558344
2.610292759934
2.615594292332
2.620945461109
2.626327068116
2.631710058826
2.637139369564
2.642614939648
2.648123916903
2.653735122556
2.659383913452
2.665283020632
2.671374527637
2.677746047330
2.684163467351
2.690978384896
2.697787818928
2.704694449818
2.711443016012
2.718347488601
2.740852785325
2.747536068424
2.753559832771
2.759844170565
2.765947976042
2.772051479418
2.778068272000
2.784098431503
2.790072812849
2.795989518627
2.801992400045
2.807932386084
2.813865525144
2.819782353811
2.825689749776
2.831554417116
2.837393223525
2.843220376265
2.848965410969
2.854656465605
2.860268372224
2.865836392246
2.871377267309
2.876913626380
2.882404619590
2.887886596551
2.893336336261
2.898758762346
2.904123258542
2.909460668652
2.914738136269
2.920011540631
2.925261758862
2.930500511418
2.935725302462
2.940958900063
2.946193141762
2.951442356264
2.956745735160
2.962079667356
2.967498155026
2.973049535508
2.978768896793
2.984642712820
2.990748337463
2.996848173174
3.003048771226
3.009333677607
3.015709880069
3.022130069480
3.028722900363
3.035446189521
3.042069242046
3.048650691626
3.054615759295
3.060917334487
3.067042892863
3.073059217865
3.078983724294
3.084883433319
3.090732590740
3.096536012429
3.102326318585
3.108110161868
3.113892052750
3.119661715857
3.125442684820
3.131253382951
3.137118344902
3.143002088286
3.148962563377
3.155084761994
3.161389891764
3.318551022360
3.323451564848
3.329002032997
3.334626157292
3.340326354960
3.346081282840
3.351880608445
3.357713320703
3.363583656089
3.369462264672
3.375300091376
3.381079575879
3.386753153484
3.392364707710
3.397955099196
3.403527424628
3.409067209682
3.414542057768
3.419971236699
3.425359706779
3.430686323417
3.436011477057
3.441349315838
3.446675072878
3.451996898173
3.457347270268
3.462749721539
3.468203066279
3.473799998862
3.479395131479
3.484817971881
3.608578729520
3.614589711742
3.620750018405
3.626952949078
3.633164205713
3.639329366167
3.645487938082
3.651590443091
3.657666349286
3.663719765989
3.669757055425
3.675815197591
3.681907899972
3.688033598519
3.694519694556
3.702198663611
3.814506087670
3.820513259803
3.825683078010
3.831421178183
3.837226239622
3.842971615178
3.848765400709
3.854529225052
3.860356283858
3.866243690583
3.872149760534
3.878105289752
3.884095459345
3.890134447323
3.896196217617
3.902323568784
3.908504542425
3.914721527205
3.921058868977
3.927508366396
3.934103652753
3.940815271119
3.947671991530
3.954719953335
3.961917314368
3.969285054570
3.976765288793
3.984295800449
3.991948950617
3.999765357140
4.007705704391
4.015867309019
4.023517141471
4.231810876228
4.237750936552
4.244051837960
4.250437968333
4.256866878228
4.263356734373
4.269878549950
4.276495466426
4.283101538111
4.289782435277
4.296483685792
4.303251470455
4.310213227664
4.316948409894
4.323730186010
4.330438623791
4.337153308558
4.343866840716
4.350514576004
4.357215188004
4.363902110451
4.370593261447
4.377328088582
4.384160026118
4.390974594855
4.397947032624
4.405013875884
4.411542442478
4.418309900398
4.425281084202
4.432207296702
4.439078603387
4.445999175780
4.452955016403
4.460003851555
4.466971570693
4.474492823004
4.628301037733
4.633735132827
4.639451739460
4.645348202695
4.651530780849
4.657902903038
4.664396597841
4.671046815055
4.677800172354
4.684647465656
4.691558463244
4.698636606964
4.705780902609
4.713104560187
4.720523564391
4.728243936102
4.736300440843
4.744544858454
4.753624937128
4.763272907687
4.774444281360
4.788254780207
5.614392222855
5.619379081677
5.624325346984
5.629232365910
5.634071426261
5.638866045214
5.643636856290
5.648310524978
5.652864046861
5.657493400810
5.662481183659
5.667817330227
5.673277592885
5.679104860411
5.684756603763
5.888564008042
5.893093254327
5.898244176889
5.903559672654
5.908927924427
5.914317398613
5.919723501922
5.925150083058
5.930477074158
5.935900349360
5.941263638256
5.946561958029
5.951812409533
5.957051093196
5.962271988394
5.967477948157
5.972662063504
5.977833952598
5.982966114810
5.988035114489
5.993112869342
5.998165588943
6.003199557831
6.008215466527
6.013199613337
6.018203328489
6.023300805997
6.028291912225
6.033295145742
6.038334439889
6.043389913463
6.048477110317
6.053622870576
6.058803574701
6.064131766792
6.069623718965
6.075298601182
6.279728813896
6.285231816994
6.291175130500
6.297166002202
6.303200575122
6.309203648786
6.315199997326
6.321160007317
6.327125059710
6.333046283363
6.338967382005
6.345016791535
6.351348409426
6.358047620839
6.365260438309
6.587345152181
6.592699240474
6.598132856605
6.603592371043
6.609048288237
6.614572857313
6.620131224159
6.625692789906
6.631248496393
6.636781016627
6.642251672190
6.647656703914
6.653006047323
6.658265799482
6.663411800879
6.668493673420
6.673490743432
6.678436087008
6.683420893078
6.688458011237
6.693593703108
6.698877162738
6.704292601600
6.709971712632
6.907689298800
6.912721409649
6.918139289562
6.923705911754
6.929299054796
6.934906219129
6.940554323094
6.946225460749
6.951912193488
6.957629395370
6.963376459977
6.969021518961
6.974795086440
6.980594740407
6.986399132415
6.992179025593
6.997922357973
7.003660376840
7.009408978699
7.015139653250
7.020881778173
7.026610529003
7.032356333424
7.038074197277
7.043866953946
7.050509462219
7.056979613583
7.063187022098
7.069723921626
7.156217685261
7.162429518188
7.167668719615
7.173079491009
7.179332966529
7.185697150788
7.192104103853
7.198582892976
7.205075017514
7.211522526626
7.217959413369
7.224332416695
7.230691117511
7.237023101870
7.243319988758
7.249551329746
7.255658874930
7.261586597376
7.267351173615
7.272963669316
7.278432173148
7.283833213227
7.289131150365
7.294339622157
7.299454372802
7.304460269585
7.309360173176
7.314185428941
7.318937398055
7.323601494886
7.328146142890
7.332708400355
7.337115617848
7.341506223495
7.345858826751
7.349991307923
7.354179158172
7.358344455187
7.362494133113
7.366600570267
8.159542911016
8.165380700277
8.170996121385
8.176895862905
8.182884720627
8.189036332322
8.195202506800
8.201457583833
8.207783254041
8.214076502689
8.220287040978
8.226473115578
8.232612152370
8.238703314105
8.244738585059
8.250681080163
8.256548485275
8.262304160880
8.267941674471
8.273507695130
8.279019994306
8.284464902757
8.289866709391
8.295149944099
8.300235065191
8.305250451857
8.310220635977
8.315167155274
8.320135888494
8.325156197855
8.330212357988
8.335283475264
8.340639174116
8.346231265424
8.351992654495
8.556525767479
8.561712431544
8.566735654675
8.571880268236
8.577244043980
8.582547458321
8.587856696965
8.593157896608
8.598450119690
8.603724611630
8.609000808305
8.614260194617
8.619526251375
8.624809110704
8.630134673218
8.635705754738
8.641357286563
8.866406600542
8.871489649742
8.876140606240
8.881423473087
8.886978125202
8.892540301673
8.898055794941
8.903674244909
8.909459784492
8.915305354874
8.921211544584
8.927177478642
8.933166236413
8.939187678924
8.945242552479
8.951299271160
8.957362543088
8.963412347639
8.969462210911
8.975457117382
8.981363403143
8.987175877971
8.992932245317
8.998661470819
9.004371201964
9.010055984537
9.015716860466
9.020869640527
9.189293267150
9.194657632247
9.200057530277
9.205584931131
9.211183816677
9.216874417629
9.222593470863
9.228358867165
9.234112972420
9.239913247136
9.245718420011
9.251562996747
9.257441058109
9.263411478888
9.269555768783
9.275931867726
9.282476467509
9.289207123288
9.296035468543
9.302903814825
9.309790871972
9.316639949815
9.323707597438
9.330662585193
9.337601524120
9.344578952200
9.351520237863
9.358500208581
9.365534082841
9.372532724777
9.379573720001
9.386683679132
9.393903186659
9.401060231612
9.408151069956
9.415749565505
9.422691667113
9.429818337767
9.436572908666
9.443301809368
9.450088650283
9.456930979597
9.463627656859
9.470281124267
9.476208771844
9.482162668996
9.488417366746
9.494597279106
9.500697227142
9.506688704199
9.512592296848
9.518378192436
9.523954582893
9.529492710088
9.535028915838
9.540465221936
9.545754920454
9.550990242017
9.556211398222
9.561446007196
9.566697341051
9.572005194895
9.577425886663
9.582896538209
9.588344062565
9.593900454786
9.599619658388
9.604784379673
9.736206877978
9.742388150662
9.749023940471
9.755795972784
9.762647697828
9.769531428814
9.776467549295
9.783434926654
9.790434215431
9.797466249226
9.804519090433
9.811571810200
9.818607117336
9.825610193235
9.832606580413
9.839570481135
9.846426227684
9.853194943362
9.859849264204
9.866361251878
9.872723211180
9.878924820136
9.884941278976
9.890749779756
9.896276317324
9.901501611839
9.906581149373
9.911579889389
9.916470454996
9.921258665992
9.925966170201
9.930616723272
9.935254459839
9.939816560550
9.944404680836
9.948921172677
9.953293043832
9.957692845895
9.962001681973
10.812953830511
10.819166463056
10.825628218954
10.831985543825
10.838259906160
10.844602055623
10.850899335789
10.857119703272
10.863333093870
10.869497856469
10.876188568566
10.882323023638
10.888371325716
10.894437891704
10.900527615118
10.906624037752
10.912695702670
10.918793467690
10.924899467140
10.931027176360
10.937154836448
10.943284885537
10.949441823523
10.955616830946
10.961877433492
10.968115100830
10.974330648692
10.980553756080
10.986735044225
10.992916589130
10.999103628343
11.005295637751
11.011460797393
11.017159816796
11.023123728092
11.029147322581
11.035106893724
11.040980278109
11.046813093526
11.052639056803
11.058453124949
11.064241338564
11.070039127155
11.075819786852
11.081584205937
11.087335641113
11.093087791592
11.098844869157
11.104636917036
11.110437067673
11.116265012380
11.122133545641
11.128046981334
11.133522508623
11.139139243717
11.145071022874
11.151248440953
11.157428219261
11.163626733391
11.169790464809
11.175867019585
11.181874729225
11.187817856753
11.193814818711
11.199744222521
11.205455565128
11.210250426887
11.215365329551
11.220264910958
11.225221397310
11.229918359337
11.234620041163
11.239317466580
11.244007715531
11.248679093143
11.253347977984
11.258054925148
11.262836019716
11.267707517859
11.272668506198
11.277664211731
11.282654434524
11.331190683518
11.336987519418
11.342686670810
11.348271883530
11.353957859146
11.359664918919
11.365405921741
11.371206522690
11.377014918746
11.382737885690
11.388464896126
11.394220946714
11.400113959898
11.406587855670
11.413146364882
11.542546534511
11.547631758508
11.552950806619
11.558540444204
11.564214149476
11.569917099261
11.575543645799
11.581178113432
11.586973550319
11.592780157917
11.598603670980
11.604427326391
11.610276520283
11.616088241979
11.621920443562
11.627732805643
11.633525519709
11.639318577872
11.645105370411
11.650837754412
11.656543282803
11.662191124331
11.667776820037
11.673283191851
11.678723777304
11.684074040350
11.689359158721
11.694588438393
11.699759098210
11.704891933818
11.709957995111
11.714937827505
11.720048599999
11.725511776371
11.731343285217
11.736871824587
11.897294230778
11.903129588693
11.908262240226
11.913585006381
11.918963932293
11.924454190804
11.930060722142
11.935744266812
11.941494010713
11.947329675955
11.953201683781
11.959090727257
11.965018442718
11.970991056886
11.977007755251
11.983062035968
11.989187118663
11.995351685363
12.001612002043
12.007997273549
12.014486131814
12.021127012810
12.027594287495
12.034008653973
12.040309034889
12.046581596702
12.052831375284
12.059000022752
12.065116202003
12.071150437112
12.077109539997
12.083060546916
12.088998146813
12.094957380420
12.100931067111
12.106899227491
12.112958017263
12.120286088608
12.126676209938
12.133302306104
12.140085761380
12.147094376336
12.154077822269
12.161071071557
12.168093908400
12.175240807987
12.182285118461
12.189379352974
12.195329574510
12.201316848440
12.207507147656
12.213647655914
12.219882966798
12.226144207057
12.232453064710
12.238827946889
12.245173425402
12.251537229760
12.257991706636
12.264511949803
12.271037290950
12.277622665077
12.284253570177
12.290965639626
12.297714521363
12.304593993728
12.311567672753
12.318862472434
12.326323066508
12.333972318839
12.342035685358
12.350147983886
12.358472280689
12.366382376282
12.373803041057
12.380995942869
12.388412504211
12.395901785243
12.403420690062
12.410943035424
12.418606334298
12.426459245142
12.434388855156
12.442307705129
12.450219677475
12.458065858497
12.465905759396
12.473611747055
12.481599906499
12.489361081870
12.497151746025
12.505019744532
12.512658993744
12.520031182596
13.200432209642
13.206548874112
13.212800638423
13.219031523411
13.225250261005
13.231459629024
13.237682628866
13.243911146799
13.250163483403
13.256440442195
13.262723050463
13.269039555225
13.275457788385
13.281973757582
13.288586814856
13.295321357002
13.302212049894
13.309281638522
13.316537665643
13.323957184769
13.331579152252
13.339443672130
13.347569629475
13.355848718207
13.364342580660
13.373044503065
14.099297617048
14.105339982875
14.111579789252
14.117990447766
14.124366243204
14.130638233452
14.136791811944
14.142830219586
14.148753126644
14.154557065100
14.160245544699
14.165784705889
14.171246563916
14.176651353528
14.182031785342
14.187413150153
14.192821532740
14.198283818696
14.203744377856
14.209172377968
14.214601273396
14.219998328242
14.225353307754
14.230737378074
14.236108085656
14.241458302463
14.247001576181
14.252596972636
14.258288221989
14.263986345472
14.269726895388
14.275465235676
14.281182644235
14.286862391586
14.292494503082
14.298103138048
14.303686577099
14.309229270251
14.314711068662
14.320139314617
14.325501919031
14.330825250766
14.336098184540
14.341271774127
14.346402309915
14.351467083081
14.356539816130
14.361656119718
14.366855413998
14.372131519182
14.377484954399
14.382902728712
14.388439050121
14.393885945605
14.399414645404
14.404679141477
14.492209484365
14.496064240107
14.499644482335
14.503681213321
14.507774470848
14.511971083338
14.516188536827
14.520419650948
14.524705316537
14.529001919386
14.533294503971
14.537576441816
14.541856786908
14.546176527380
14.550554788523
14.554938570871
14.559332616945
14.563742261511
14.568174340452
14.572648750075
14.577156467420
14.581705424379
14.586466664693
14.591414580033
14.596087150367
14.600827281802
14.605675762745
14.610569549212
14.615535648005
14.620578097798
14.625647819560
14.630732987146
14.635770571142
14.640876507463
14.646036703815
14.651199253732
14.656362388662
14.661563888442
14.666807603422
14.672070037422
14.677354914397
14.682648233457
14.687943796574
14.693228633650
14.698495506979
14.703738285643
14.708973759184
14.714215026229
14.719421069935
14.724621730008
14.729817258518
14.734998795918
14.740159867212
14.745276491584
14.750373538270
14.755449565358
14.760510027378
14.765535901484
14.770534725852
14.775595614800
14.781373252305
14.786967683638
14.792395075081
14.798053290507
14.930714856457
14.936540959032
14.942282244282
14.947995010668
14.953764815865
14.959646853841
14.965637537830
14.971656072797
14.977677777535
14.983716792624
14.990064598677
14.996456879179
15.002724027585
15.124577097202
15.130003281376
15.135433929806
15.141101880063
15.146977014511
15.152793165899
15.158716357299
15.164629602741
15.170559775203
15.176466701628
15.182372332153
15.187394763428
15.193271269673
15.199126472444
15.204968380481
15.210811640953
15.216664573942
15.222520427109
15.228351618027
15.234162231724
15.239925932017
15.245667648940
15.251355484854
15.256968431638
15.262536985967
15.268059775395
15.273501178047
15.278875659227
15.284191216496
15.289446154823
15.294625526799
15.299687196984
15.304634437657
15.309530246768
15.314453310668
15.319367991786
15.324327905257
15.329293616935
15.334265695619
15.339297545754
15.344504795259
15.350608421235
15.447011007758
15.451389893105
15.456444474866
15.461773082933
15.467141986997
15.472486447684
15.477777354756
15.483315147985
15.488896343324
15.494595942332
15.500383784219
15.506219987927
15.512119311907
15.518105264450
15.524082840496
15.530082595136
15.536119114731
15.542179144941
15.548232060722
15.554293116130
15.560334552568
15.566360320708
15.572375153409
15.578403882586
15.584495635425
15.590640150926
15.596911192580
15.603410730397
15.610391717163
15.758754760324
15.764031988693
15.769308591837
15.774571096247
15.779881133378
15.785219985448
15.790562355753
15.795898154983
15.801247283956
15.806612284768
15.811997545130
15.817403978817
15.822890244519
15.828487392974
15.834120889194
15.839690767726
15.845596186998
16.036421751145
16.041485257994
16.046827110954
16.052485109542
16.058290890447
16.064181379817
16.070172578586
16.076215010426
16.082254464269
16.088327350560
16.094510692191
16.100767799473
16.107084740690
16.113420790621
16.119804046763
16.126201572304
16.132612193577
16.139035950121
16.145446351706
16.151867354991
16.158251872040
16.164569576429
16.170815237823
16.177043311388
16.183160914873
16.189178610024
16.195092794565
16.200886106471
16.206583427225
16.212203217466
16.217747573433
16.223201184965
16.228565442109
16.233839790233
16.239030390492
16.244179003834
16.249204916934
16.254069325282
16.258891263644
16.263734078998
16.655245639491
16.660246567530
16.665439221047
16.670867509531
16.676760358629
16.682729186042
16.688638292110
16.694536281324
16.700461960417
16.706363558640
16.712393772293
16.718462603902
16.724366357559
16.730245584312
16.736142119741
16.742001216477
16.747922831715
16.753782434778
16.759640148708
16.765479833016
16.771303859885
16.777135876187
16.782978498860
16.788792522295
16.794572864903
16.800363377551
16.806172975330
16.811976016649
16.817761565863
16.823540152976
16.829324935871
16.835140151663
16.841010678843
16.846881447997
16.852755279738
16.858458260541
16.864139119775
16.869987475042
16.875845414262
16.881723695816
16.887667435790
16.893607123812
16.899555091555
16.905491745039
16.911483312651
16.917570959652
16.924016470948
17.071407093010
17.077055183214
17.082936903509
17.088759311873
17.094546486256
17.100390722107
17.106329974500
17.112249288645
17.118188022305
17.124182154773
17.130226682805
17.136267960510
17.142324133431
17.148426715417
17.154530197259
17.160710135463
17.167029313452
17.173521429684
17.181150765721
17.187465093953
17.194126879247
17.200902120884
17.207616939501
17.214402522012
17.221351856200
17.228220256062
17.235233111976
17.242287559096
17.249237183465
17.256285925609
17.263137703511
17.270317912332
17.277089503266
17.293344527160
17.299051558195
17.304501937142
17.309797741275
17.314962280059
17.320067528021
17.325088188658
17.330031760191
17.334923491089
17.339764251307
17.344562681341
17.349333409196
17.354124178228
17.358945943802
17.363827511257
17.368914340682
17.374378111342
17.379974345748
17.385681729715
17.590450284327
17.595293731764
17.600264978214
17.605432646732
17.610723256161
17.616144894757
17.621742972831
17.627455819600
17.633224739078
17.639068209829
17.644959002016
17.650883621038
17.656825773108
17.662748055538
17.668689280371
17.674624346855
17.680574067760
17.686552555253
17.692540375255
17.698513244349
17.704507243038
17.710506192752
17.716507268253
17.722486167892
17.728454890570
17.734400896837
17.740300837687
17.746133718359
17.752018438385
17.757933331611
17.764158648595
17.770630696432
17.777046860737
17.784492556423
17.919336068745
17.925891556218
17.931746213662
17.937719631416
17.943850939297
17.950114036305
17.956507101273
17.963008807959
17.969578206797
17.976250654435
17.983006698848
17.989854155212
17.996807986348
18.003832224153
18.010914083298
18.018079229954
18.025235096256
18.032420764849
18.039579194117
18.046760557691
18.053994034349
18.061231389268
18.068474128638
18.075686489599
18.082849350409
18.089963936809
18.097202652724
18.104720104708
18.113853186983
18.338159754297
18.344510378314
18.349863024983
18.355590777397
18.361503470860
18.367503442147
18.373594534325
18.379709310096
18.385883559933
18.392101416496
18.398343479137
18.404620549239
18.410986697171
18.417343985803
18.423662342885
18.429898183581
18.436187543587
18.442774363469
18.449867074019
18.458248679661
18.570065999588
18.575226450799
18.580927123037
18.586906888103
18.592947981523
18.599181538473
18.605678155304
18.612354059198
18.619229203714
18.626288165501
18.633435776049
18.640680646046
18.647996685169
18.655402417086
18.662944402035
18.670522430520
18.678250569110
18.686486068178
18.694780528621
18.702903223736
19.655168219214
19.660137151717
19.665069062843
19.670488107052
19.675920900362
19.681273175754
19.686593346353
19.691900513837
19.697213506804
19.702543877328
19.707854190540
19.713173265184
19.718480788050
19.723817104131
19.729166952791
19.734510455535
19.739931217040
19.745465193521
19.751038928387
19.756847322087
19.763036906245
19.814918264401
19.819414964730
19.824748581091
19.830037017473
19.835317470903
19.840612952302
19.845916743863
19.851213606285
19.856528958152
19.861841333594
19.867192290077
19.872571917541
19.877997382189
19.883493976903
19.889008072995
19.894528108696
19.900080698426
19.905656571650
19.911281493674
19.916967222421
19.922699797540
19.928710688068
19.934986568904

