Time_s
0.508008397211
0.512995876345
0.517762743178
0.522837023395
0.527845199954
0.532917897874
0.537691617212
0.542492436343
0.547112900164
0.551793245761
0.556331127437
0.560657136994
0.565023587768
0.569204752690
0.573465075286
0.577572326776
0.581762468304
0.585969704465
0.590189936964
0.594361741570
0.598552646236
0.602646750174
0.606778820205
0.610821647002
0.614891264870
0.618912000183
0.622937619053
0.626951481706
0.631040210301
0.635141617120
0.639354648395
0.643419758665
0.647591774308
0.651850990975
0.656035834690
0.660010093101
0.664255944774
0.668315039496
0.672566361878
0.676814661908
0.680847792812
0.684886279954
0.835510869967
0.840680735557
0.845842448505
0.850873425257
0.856208735898
0.861806476246
0.867579037754
0.873496248774
0.879519789073
0.885681789069
0.891995409419
0.898340681381
0.904844590663
0.911342006435
0.917948346014
0.924651655787
0.931496411613
0.938390683534
0.959909816914
0.965542194851
0.972344756241
0.979206610094
0.986079261384
0.993569159257
1.227326678852
1.232578084708
1.238265315787
1.244223064108
1.250321551790
1.256588367502
1.262906081136
1.269459702542
1.276150345490
1.283015788601
1.289893640646
1.297151293944
1.319295244367
1.332497449461
1.345751725463
1.355073859060
1.359619466469
1.364321969979
1.369306816749
1.373844617424
1.379737436904
1.432563125076
1.438788203747
1.445173668351
1.451598538456
1.781427098471
1.785454705849
1.790084495933
1.794657035754
1.799179435038
1.803689125425
1.808179396308
1.812702258693
1.817247129366
1.821814956235
1.826414826039
1.831009318272
1.835723721453
1.840509740484
1.845235404125
1.851049899014
1.855696406095
1.860211235331
1.864959077545
1.869821920258
1.874106014792
1.878554780084
1.883139359284
1.992981278455
1.997044467040
2.000974437400
2.004876354498
2.008838724616
2.013106766909
2.047488982394
2.052290647084
2.056982169637
2.061748462864
2.066873472642
2.072053981925
2.077411405470
2.082887265951
2.088483131586
2.094240188452
2.100059821061
2.105961048765
2.111961451247
2.117979885735
2.124101355154
2.130274418201
2.136500638574
2.143247013213
2.148907823412
2.155069307309
2.161561582208
2.167672112253
2.173956307197
2.180050783275
2.186221022307
2.263571439289
2.268949492124
2.275438438886
2.282062541489
2.289045264187
2.296549007676
2.304263212797
2.312371236301
2.320500095842
2.328469993657
2.336592367761
2.344448600759
2.383778580320
2.390386658130
2.397131580339
2.404397350230
2.411317821745
2.417961914451
2.424540595032
2.431014364195
2.437497641425
2.443974204629
2.450504109113
2.457078598883
2.463669841231
2.470244646889
2.476813543820
2.483430177911
2.490114090373
2.496836255957
2.503679422895
2.510660725682
2.517697159862
2.524522686008
2.531301200499
2.538112523371
2.544920115044
2.551778649545
2.558680209167
2.565636471250
2.572639619455
2.579647831089
2.586671362167
2.593839520243
2.601078770934
2.608570614662
2.615816687569
2.622985534537
2.630352835103
2.637449446309
2.644372468409
2.651676695291
2.701941943558
2.708382312296
2.715347551559
2.722439883655
2.729540777874
2.736617072587
2.743196367307
2.943525435686
2.948868414741
2.954222180723
2.959621269232
2.965022225738
2.970257588589
2.975492551067
2.980561677046
2.985565855743
2.990574096363
2.995473342302
3.000297037459
3.005164918353
3.010128602653
3.014919027594
3.019631653346
3.024301286266
3.028947093452
3.033583623041
3.038257468484
3.042854116839
3.047451369983
3.051995738554
3.056524284281
3.061139399660
3.066055675941
3.071699796367
3.076282944332
3.080744899500
3.085132417878
3.089634026049
3.094304462914
3.098481496212
3.103551904203
3.108488725282
3.113092640729
3.117857385381
3.122293619559
3.238365954271
3.253576389252
3.259635397488
3.266186743276
3.272671821317
3.279320113680
3.286168093156
3.293098457823
3.300056075760
3.307176302382
3.314429928628
3.320967087274
3.327712966340
3.334568816806
3.348405933979
3.355212739599
3.362100168723
3.369135896224
3.376140697218
3.489403750335
3.494135581958
3.499696808129
3.505261989251
3.510908844089
3.516596002179
3.522202543300
3.527829456613
3.533350951366
3.538967115597
3.544490911627
3.550102571750
3.555714195436
3.561128915142
3.566678866205
3.572070513096
3.577557046316
3.582876123618
3.588186611203
3.593474122652
3.598729141712
3.604032901746
3.609425570259
3.614927568355
3.620614845399
3.626143087616
3.631425662681
3.636952303868
3.642407709860
3.647796761153
3.653208128663
3.658681749483
3.664049219753
3.669498901410
3.674949928118
3.680369821480
3.685511918711
3.690887886911
3.696332334376
3.701682799958
3.706874912289
3.712098414811
3.763796393101
3.770031667152
3.775926318229
3.782247539545
3.788684096747
3.795274288344
3.801932658567
3.808761063026
3.815737289654
3.823298925333
3.830603902855
3.837543099323
3.844710193260
3.851874619273
3.858942285260
3.866084152629
3.873260769707
3.880474336145
3.887737933113
3.895171757402
3.899105670689
3.903317785958
3.910945428800
3.914842682309
3.918624298947
3.922435727205
3.926659085509
3.930394452930
3.945328991845
3.955158992214
3.962978252432
3.971003145695
3.978903406615
4.170972792128
4.177098627240
4.183313320094
4.189433981835
4.195769113490
4.202070627885
4.209379248021
4.751740937726
4.756373525848
4.760225115895
4.764104183211
4.768180012007
4.772326419830
4.776624738733
4.780906571956
4.785027355600
4.789053950264
4.792993636066
4.797008022341
4.801376232685
4.805949079056
4.810206589586
4.814502370013
4.818457560436
4.822356890794
5.155896488373
5.160168122875
5.164264082036
5.169246174235
5.174268630648
5.179341794619
5.184484854466
5.189698970181
5.194985860201
5.200244377864
5.205567493557
5.210859649323
5.216173881324
5.221445535480
5.226693512228
5.231892899603
5.237082728436
5.242271461818
5.247446274833
5.252574510136
5.257673968319
5.262753430186
5.267747494937
5.272652714504
5.277562358277
5.282392461027
5.287146662096
5.291919393574
5.296689469337
5.301522042181
5.306268121496
5.310999711725
5.315758993003
5.320431816239
5.325176469184
5.329914804485
5.334709682297
5.339472758439
5.344335524409
5.349240526926
5.353904868309
5.358681892595
5.363268665069
5.368140083231
5.372873841350
5.377659500622
5.382220277214
5.386816699304
5.391255600147
5.395540277025
5.399999390703
5.404835007792
5.434708511085
5.437201057665
5.439866680634
5.442394868422
5.445022294844
5.447679589824
5.450425623675
5.453186397417
5.456122597933
5.458960194251
5.461974659838
5.465144683849
5.499832186737
5.507078044422
5.514248493468
5.521797003596
5.700847938552
5.707292278508
5.713581796885
5.720009213901
5.726435747398
5.732943056163
5.739484248600
5.746093381159
5.752741435172
5.759306918883
5.765948610518
5.772540914048
5.779325692589
5.786198557653
5.793064156082
5.799604106807
6.073595609659
6.079603536037
6.085009670026
6.090522745739
6.096474524975
6.102315256683
6.108191084809
6.114161425353
6.120211557046
6.126036249327
6.132001520925
6.138136380936
6.144333579046
6.150623536469
6.156927387157
6.163371888153
6.169885858045
6.176525638463
6.183313483088
6.190192335700
6.197189961249
6.204248908424
6.211355799455
6.218352222466
6.225496300803
6.232155536790
6.239720495021
6.419724941256
6.424295351609
6.429531922033
6.435075763381
6.440345312846
6.445703497027
6.450999342587
6.456341988178
6.461628084166
6.466898574952
6.472173579377
6.477444930652
6.482683087987
6.487895414252
6.493081542373
6.498206816822
6.503303389342
6.508337892124
6.513344096736
6.518258048410
6.523102373950
6.527933707552
6.532675991556
6.537338374877
6.542022185620
6.546702985190
6.551295215974
6.555850915085
6.560432976300
6.564964143893
6.569428859716
6.573927989854
6.578511411960
6.582936893667
6.587461095850
6.591949059409
6.596701218662
6.601252177103
6.605853452204
6.610437293416
6.614780507494
6.620440624044
6.625170704679
6.629734127389
6.634481884096
6.638932197953
6.643627320218
6.647866205559
6.652360367661
6.656806886239
6.661912843505
7.019802094945
7.024938838764
7.030057854330
7.035204418311
7.040312193276
7.045426790970
7.050554887981
7.055702450167
7.060809764039
7.065890363914
7.070936679056
7.075936723716
7.080949944038
7.085945279407
7.090910351776
7.095877840813
7.100843535157
7.105788325544
7.110731260171
7.115754356561
7.120775768146
7.125881277002
7.131046733039
7.136289334279
7.141475994455
7.146577575923
7.151680344413
7.156653113090
7.161677560863
7.166662727681
7.171780431812
7.428492130986
7.433733308755
7.438541381860
7.443707080626
7.448875202632
7.454199088221
7.459701201273
7.465306373942
7.470978283019
7.477047075509
7.482861540177
7.488187121748
7.500140413665
7.505747391622
7.511275477980
7.516849669544
7.521987809161
7.527671619160
7.532871573598
7.538132767052
7.543479047342
7.589029724919
7.590719941349
7.592796229396
7.594939465092
7.596999932619
7.598690855246
7.600719807569
7.602719730897
7.604795587469
7.803014863383
7.810126341888
7.816165298102
7.822820307290
7.829031404411
7.835451934503
7.841770948870
7.848209923302
7.854505421207
7.860589023003
7.866854581555
7.873103910061
7.879357771610
7.885584877009
7.891704506018
7.897766811865
7.903814577474
7.909830580451
7.915710000958
7.921417032692
7.927123826689
7.932605516288
7.937990464035
7.943407824538
7.948664781451
7.953843631155
7.958865893068
7.963856103999
7.968772864460
7.973573277294
7.978309231352
7.983130748205
7.987903325845
7.992731166941
7.997758274364
8.002398264697
8.007413616800
8.012124664225
8.017014896575
8.021875126193
8.026519251826
8.031347813927
8.036312155994
8.041272479856
8.045958801285
8.708212186823
8.721081959744
8.733909927823
8.864289248636
8.869499867348
8.875154172767
8.881440665427
8.886899506839
9.013944825862
9.020083214429
9.026855897755
9.033205605229
9.039718998204
9.045710726715
9.051746573122
9.058065340360
9.064162451080
9.070372337558
9.076491915837
9.082568117561
9.088745069581
9.094878950502
9.101080176642
9.107276495872
9.113441558040
9.119602466192
9.125898086855
9.132176785219
9.138790627452
9.144596993300
9.319330128162
9.323820639492
9.328635657547
9.333949961272
9.339310391685
9.344772976213
9.350176767421
9.355660099928
9.361236053558
9.366794923347
9.372448697190
9.378104939587
9.383745009979
9.389437706848
9.395013129020
9.400577425585
9.406083935127
9.411548360718
9.416822287773
9.421999400085
9.426920235147
9.431870542184
9.436787871389
9.441580171370
9.446349636241
9.451052001612
9.455652021601
9.460183699956
9.464684736437
9.469162592760
9.473661745367
9.478010297268
9.482379968449
9.486548655112
9.490883974716
9.495152923997
9.499357704654
9.503511471947
9.507800409461
9.512096590521
9.516238425900
9.520592594488
9.524898372114
9.529378043708
9.533304617626
10.104997013838
10.117997130042
10.124948295584
10.130953810515
10.137170654381
10.143251664831
10.149490474225
10.155682485842
10.161747221123
10.167822047328
10.173804801479
10.179748015276
10.185672240519
10.191444669363
10.197094982516
10.202696175486
10.208181487305
10.213765608344
10.219170839885
10.224435026271
10.229604415137
10.234604614238
10.239600724892
10.244555012194
10.249409826869
10.254283559194
10.259099341045
10.263766604164
10.268166186998
10.272571664620
10.276977744167
10.281366581356
10.285712119400
10.290022002453
10.294285711325
10.298575693249
10.302819874839
10.307130839025
10.311419414539
10.315699463625
10.319977292424
10.324231986836
10.328516424204
10.332801443689
10.337095405240
10.341395856688
10.345724035410
10.350076602411
10.354463100516
10.358793496954
10.362457645584
10.367569452545
10.372043565827
10.376677239445
10.381337925016
10.385956988419
10.390690018465
10.395282318124
10.404011165300
10.409016128800
10.422026210795
10.427265278408
10.433427815236
10.458649832358
10.464661293979
10.470587112064
10.476774872097
10.483110621525
10.489390433767
10.495697801087
10.501980622580
10.508451057960
10.514917225613
10.521728640660
10.528457258241
10.534719739480
10.540804270478
10.547108232823
10.553394046320
10.707339523888
10.711760296015
10.716122113340
10.720947504431
10.725999235172
10.731519442832
10.736812429796
10.742174093335
10.747518557673
10.752909131755
10.758317930797
10.763397007311
10.768718415061
10.774043321926
10.779394638855
10.784766747440
10.790151999032
10.795545804566
10.800961247309
10.806389624291
10.811811149235
10.817245834320
10.822655920103
10.828040518057
10.833422398885
10.838813460093
10.844248544820
10.849691342369
10.855220496959
10.860831321260
10.866336246884
10.871807242185
10.877257001306
10.882679012906
10.888351351248
10.893835759036
10.899319475842
10.904653837474
10.910137903634
10.915005839311
11.103066289698
11.109162736958
11.114891524962
11.120956582240
11.127072436371
11.133186401931
11.139360830903
11.145583976311
11.151921402285
11.158328735174
11.164798984270
11.171282969547
11.177842792650
11.184733899508
11.191831874244
11.198672051672
11.204991344427
11.212118375445
11.219309459459
11.226348695017
11.233441527568
11.239432047942
11.246387162474
11.254241709745
11.260514869395
11.266468069063
11.272572681046
11.279154855068
11.285889831243
11.292691313574
11.299615843740
11.306642253446
11.313576803030
11.320595734108
11.327536283859
11.334589204723
11.341744088984
11.348974429626
11.356306255764
11.363772870245
11.483814156504
11.490209972019
11.496484323010
11.502953316011
11.509366564361
11.515791047800
11.522235460244
11.528699350420
11.535186186945
11.541735186781
11.548181007381
11.554614500673
11.561029085265
11.567397722249
11.573729865661
11.580054080406
11.586244867730
11.592472405871
11.598728817491
11.604980950201
11.611314348365
11.619007664896
11.625295500166
11.632036619836
11.638352626080
11.644705380485
11.650881190463
11.657449426902
11.663829401578
11.670428359667
11.689112170212
11.695538345389
11.701918809709
11.708189933348
11.714693633316
11.721216484362
11.727873922396
11.734820770591
11.741351670487
11.747955167352
11.754373454582
11.760382249717
11.765546053711
11.772398606437
11.779822928695
11.786075167604
11.793243073622
11.800163152022
11.807993989294
11.814671328830
12.213946334033
12.220838417187
12.227490627098
12.234616287116
12.241697702415
12.248901169049
12.256247794796
12.263752834467
12.271347227840
12.279004102779
12.286726601935
12.294429790248
12.302017686948
13.037076041227
13.041905723116
13.047416886260
13.053038756735
13.059857312866
13.066208439527
13.072427373167
13.078520459966
13.084759115267
13.090966348037
13.097107738797
13.103183711214
13.109214635736
13.115182643745
13.121136922195
13.127185965129
13.133307192334
13.139502239899
13.145567745126
13.148203807637
13.150824598570
13.153333336807
13.155693182548
13.158431515580
13.161474545345
13.164487804934
13.167327129782
13.170273548485
13.172957642671
13.176117718380
13.178849911691
13.181733365775
13.184521898426
13.187326232551
13.190073349327
13.192857110734
13.195646106646
13.198553289278
13.201310277254
13.204263425047
13.207141225688
13.210052627131
13.213056800896
13.216062162325
13.225865842440
13.230473798809
13.235288652007
13.240336341535
13.245557357276
13.250073215265
13.254902907021
13.259608161899
13.264111344519
13.268743643477
13.273383374288
13.277965296512
13.282558047598
13.287083481088
13.291354057745
13.295696139945
13.300041858588
13.304293210108
13.308555855361
13.312785394121
13.317035257836
13.321340885787
13.325662376690
13.329967575595
13.334377189836
13.338705312768
13.342930919279
13.347392505487
13.352117352089
13.497181568746
13.501253797302
13.505246909635
13.509592715768
13.514320422221
13.519213704488
13.524192924853
13.529245916293
13.534354078020
13.539561236540
13.544911161212
13.550231523417
13.555727951149
13.561193670349
13.567034743087
13.572538377313
13.577994375337
13.583563947817
13.589247584422
13.594914417680
13.600672874475
13.606365823347
13.612097505669
13.617862141340
13.623719376008
13.629570580463
13.635415619877
13.641365926725
13.647408404583
13.653415820980
13.659374934472
13.665381977323
13.671479907880
13.677590521091
13.683682518587
13.689941398159
13.696158303640
13.702447761661
13.708783498641
13.715408250353
13.722289006170
13.729806593999
13.736350058831
13.999427322836
14.004776715361
14.009821408103
14.015118712137
14.020914787165
14.026587183644
14.032337069865
14.038151382145
14.043838453569
14.049201477361
14.055069012479
14.060863303641
14.066657520956
14.072487488725
14.078336174949
14.084176266720
14.089978794325
14.095785549794
14.101557781052
14.107330329697
14.113076420542
14.118892587463
14.124802419011
14.131310850018
14.137202629506
14.142990115684
14.148638629686
14.153741290422
14.159159454303
14.165120117863
14.170921402985
14.175513213173
14.294829338527
14.301305946162
14.307434817265
14.313696043648
14.319821783738
14.326273900099
14.332639060560
14.338964590550
14.345312451433
14.351732660313
14.358201330409
14.364658564050
14.371014700550
14.377512448640
14.551464698346
14.563693866974
14.576314669381
14.589275459771
14.605079508532
14.617950943004
14.836112018342
14.841104224299
14.846258222405
14.852411059862
14.858676172749
14.865068120445
14.871475931219
14.877979868630
14.884533231605
14.891093259024
14.897643831244
14.904067489223
14.910431941895
14.916641327814
14.922583849026
14.928320506618
14.933904072535
14.939206541317
14.944387259009
14.949423741569
14.954362446785
14.959326934239
14.964040014138
14.968708228640
14.973351231604
14.978176928509
14.982772302480
14.987363011345
14.991942555979
14.996584559549
15.001338795980
15.005653626583
15.010985557574
15.015612154530
15.019601332849
15.023741500177
15.027501861096
15.031484465525
15.035633648696
15.039901086166
15.044025047795
15.048182947769
15.052438193922
15.057130097041
15.061022180918
15.066421058698
15.707365250005
15.712620343480
15.717091225705
15.721632008272
15.725264603604
15.731697133539
15.737803780067
15.743632118470
15.749352208294
15.755456987261
15.761148554133
15.766989777367
15.772941179895
15.778871793899
15.784740995855
15.790487729685
15.796191983693
15.801742326841
15.807134889252
15.812464601264
15.817633160692
15.822571678400
15.827458160865
15.832253240634
15.836909380756
15.841545086504
15.846225714204
15.850751003298
15.855166354211
15.859606452848
15.864001209510
15.868436864475
15.872631133169
15.876556081484
15.880667629045
15.884875481636
15.889086411621
15.893343028498
15.897693278586
15.902226124258
15.906620086875
15.910691075299
15.919116801653
15.923812437815
15.928090555979
15.932500898272
15.937128972848
15.941397091105
15.946576587254
16.009959845456
16.012245439248
16.014280167421
16.016697947596
16.018706984852
16.020700674241
16.024464835089
16.026731371932
16.028748333809
16.031033906858
16.033122701247
16.034765985998
16.036784080992
16.038880480161
16.040962230395
16.042907115448
16.045020207751
16.047050047901
16.048911843341
16.051087342865
16.052995953664
16.054847907955
16.561694939661
16.568080649183
16.574163448283
16.580278250212
16.586512076106
16.593007213520
16.599471540977
16.605836213018
16.612223676653
16.618645471904
16.625141497456
16.631696322156
16.638420024642
16.645085407533
16.651848073173
16.658707737938
16.666391421430
16.673147113307
16.679317302388
16.685872715411
16.692486726500
16.699054529457
16.705830789158
16.712998654156
16.720290103918
16.729077122367
16.737756965028
16.744267492169
16.751311046847
16.758571759447
16.766155088155
16.773707469522
16.781583509081
16.873808186267
16.879350232768
16.884171197499
16.889522597275
16.894740504801
16.899749249169
16.904855730471
16.909865636362
16.914767628588
16.919547413718
16.924218947881
16.928845578844
16.933524911839
16.938283603127
16.943138499818
16.948007508186
16.952955567626
16.957750872413
16.962600530486
16.967223464241
16.972223101182
16.976831571124
16.981771636231
16.986846482868
16.991656466726
17.155019733289
17.159187281601
17.163858889029
17.168836317326
17.173983972466
17.179459738786
17.184947098855
17.190508163325
17.196089233619
17.201748077527
17.207387072226
17.213062967917
17.218699597298
17.224376546761
17.229965073644
17.235602545226
17.241152803937
17.246702948861
17.252273188815
17.257751561147
17.263209540420
17.268628039701
17.274043823642
17.279481998584
17.284889404052
17.290310218731
17.295842902828
17.301375479211
17.307010056505
17.312551328952
17.317949908436
17.323521069001
17.328913632935
17.334452970484
17.339972567782
17.345380447903
17.351066024022
17.356603427868
17.361840083344
17.367308037123
17.372653556997
17.467404990701
17.472411765672
17.478049195530
17.483401902274
17.488874919918
17.494372741565
17.499947229871
17.505554613863
17.511213796673
17.516875549703
17.522565481953
17.528263132511
17.533962350329
17.539675966760
17.545422079577
17.551163588829
17.556948419029
17.562705469188
17.568475267459
17.574230155128
17.579966924624
17.585666361469
17.591345366569
17.596980290636
17.602582008180
17.608171635224
17.613731407181
17.619227491127
17.624699755349
17.630164169343
17.635620779611
17.641100210196
17.646689795569
17.652217380386
17.657789551156
17.663279912075
17.668717782297
17.674314539937
17.679868140069
17.685482783947
17.691137967778
17.696380030513
17.831501801108
17.838101321318
17.844371762437
17.850955499612
17.857582789767
17.864317371333
17.871228387969
17.878264654967
17.885419224166
17.893002017443
17.901474534259
17.963130109927
17.975769787504
17.988340800234
18.001153756030
18.013955821532
18.148561782129
18.160187601830
18.958876049972
18.964270904249
18.969379450641
18.974812891715
18.980162586641
18.986361326156
18.991879664456
18.997878307929
19.003851987733
19.009896549534
19.015940856626
19.021360316783
19.027070250522
19.032550360699
19.038221061634
19.044712479594
19.082184324968
19.088410479962
19.094505102179
19.100800857451
19.107257361521
19.113794180878
19.120426070651
19.127187438611
19.133866884561
19.140531700096
19.147200320502
19.153944977380
19.160862994915
19.167956308420
19.174983644959
19.181806290095
19.400238228146
19.404542893084
19.408454873900
19.412574680998
19.416639062874
19.420715299527
19.424758060610
19.428778185754
19.432811291080
19.436824053313
19.440852981081
19.444915425958
19.449046717065
19.453208527534
19.457447390229
19.461725377799
19.465926191449
19.470068210449
19.474108843738
19.478250001324
19.482310633626
19.486433369298
19.490751508390
19.494912696327
19.499070100144
19.502479000266
19.511535289964
19.515632869216
19.519648744237
19.523926245208
19.528435783687
19.542235695937
19.552823273600
19.564039986803
19.576115626336
19.587496233410
19.599108148724
19.640576101501
19.646204916102
19.651833070584
19.657356812400
19.663427683174
19.669225811224
19.675028733357
19.680871308649
19.686773145116
19.692847980403
19.698900596053
19.705054705980
19.710990097447
19.716657239331
19.722265640816
19.728184123949
19.733827863354
19.739252428716
19.744985334070
19.806451027366
19.811839779997
19.816500684312
19.822292942397
19.827099640046
19.875766149416
19.880634433334
19.885812021172
19.890397915182
19.895643209534
19.901873338966
19.907576236962
19.913500524130
19.919769590315
19.926042671549
19.932330296365
19.938585826786
19.944933207955
19.951251491464
19.957613703558
19.963905489825
19.970271771029
19.976872957231
19.983716516201
19.990709948377
19.997150929115

