Time_s
0.845202250879
0.848737611171
0.852285786245
0.855943846875
0.860012264957
0.869526572755
0.873960380847
0.878016135853
0.882116733116
0.886437672019
0.890640460479
0.894721901768
0.899104556271
0.903370535241
0.907532155098
0.911679258687
0.915999990030
0.920266200605
0.924336135340
0.928450430251
0.932491156944
0.936478662312
0.940501037247
0.944505682892
0.948523650476
0.952526392128
0.956532226408
0.960539810181
0.964528703520
0.968525403989
0.972511200336
0.976487578030
0.980481397436
0.984470376038
0.988483275426
0.992499886197
0.996526870580
1.000554577646
1.004593494927
1.008636305339
1.012684533455
1.016751284465
1.020806215859
1.024875517156
1.028945176881
1.033032580554
1.037123898242
1.041216254213
1.045315965353
1.049435141835
1.053581629664
1.057738244112
1.061903192657
1.066084211750
1.070301045817
1.074531477731
1.078775434928
1.083063120068
1.087406277545
1.091801318980
1.096259548129
1.100712038394
1.105095940281
1.109513134959
1.113937686111
1.118391602558
1.122881121125
1.127847552480
1.132482196035
1.137074175953
1.142445189427
1.146936281774
1.151027795901
1.155350370608
1.159904973290
1.165028370211
1.169599110787
1.174171889043
1.178704141601
1.183169685921
1.187680117476
1.192195042254
1.196684400428
1.201267353231
1.206348241785
1.211014857363
1.215458053802
1.302982402280
1.314248705618
1.325048901617
1.335717903345
1.361682712781
1.372727074408
1.383955681135
1.395318056909
1.406840686659
1.411565453194
1.415901030258
1.420362319182
1.424434902156
1.428873724826
1.433404654429
1.437898693780
1.442415826266
1.446849351470
1.451426549685
1.455873326278
1.460380467216
1.464580316538
1.468761783544
1.472803973936
1.477233210974
1.481104721028
1.484973860171
1.489185434120
1.493300042999
1.498042796532
1.502322122318
1.506904040176
1.512124411544
1.516152069232
1.520079688073
1.524043674689
1.528553713897
1.532533629467
1.536472327561
1.540984475497
1.545538606910
1.550010739488
1.553792339540
1.694428381230
1.699386196013
1.704285391183
1.709248092262
1.714144704509
1.719131566123
1.724124513159
1.729169132426
1.734257692718
1.739371639746
1.744511096260
1.749682476121
1.754871128851
1.760106023956
1.765393650417
1.770749543790
1.776140380568
1.781553257823
1.786957125738
1.792420127308
1.797885617296
1.803391958501
1.808910410300
1.814498077512
1.820129578689
1.825813881399
1.831520719608
1.837262903396
1.843011754287
1.848825918573
1.854736988077
1.860685456188
1.866660610846
1.872675427527
1.878770727782
1.884914413798
1.891111904636
1.897349729566
1.903739751554
1.910131309889
1.916350412493
1.922591212266
1.928835224138
1.935090144099
1.941374678423
1.947723061019
1.954093151905
1.960493116555
1.966897701802
1.973326648508
1.979748178574
1.986196066564
1.992692858710
1.999232176587
2.005846099384
2.012556756616
2.019079212073
2.025691106302
2.032570641037
2.039559459894
2.046635260972
2.053718769078
2.060817828884
2.067973781648
2.075171607368
2.082491079925
2.089873775770
2.097245265421
2.104509970304
2.111768495813
2.119121497503
2.126419423355
2.133704316109
2.140986609570
2.148245155891
2.155475713295
2.162713263614
2.169931025980
2.177147442441
2.184372697394
2.191636016125
2.198937040248
2.206213321786
2.213514334281
2.220736145295
2.228052070532
2.235256582594
2.241857052143
2.248355167138
2.255480506483
2.262053583015
2.268556393523
2.274843899182
2.280582413763
2.287296020199
2.293848498009
2.300260169969
2.306639040482
2.313052389105
2.319455335629
2.325952928606
2.332222447645
2.338620933849
2.345066758643
2.351505432481
2.702204931155
2.712523842925
2.722712839106
2.734279716476
2.739691493973
2.745050892747
2.750547131171
2.756053364197
2.761327774968
2.766765100111
2.772075750135
2.777283584135
2.782414965986
2.787578994926
2.792686614332
2.797771331008
2.803029467985
2.808329090790
2.813633740816
2.818745268742
2.823935902865
2.828989139367
2.834112301099
2.973063569494
2.977328634428
2.982616295520
2.987707638327
2.992884065947
2.998127237389
3.003439758195
3.008844012951
3.014333630058
3.019865778718
3.025440691434
3.031066562456
3.036723404269
3.042402627943
3.048056180467
3.053734569047
3.059405608344
3.065043606874
3.070688464310
3.076280545135
3.081833846976
3.087353715849
3.092889170906
3.098409589622
3.103908657307
3.109410304812
3.114931160245
3.120456985047
3.126067919931
3.131649018500
3.137187640245
3.142642717580
3.148190787381
3.153669937703
3.159171314633
3.164664383139
3.169231716183
3.174759158572
3.180266708221
3.185727454530
3.191287020167
3.196873472659
3.202447002163
3.208098134559
3.263800473455
3.275032778916
3.280589066122
3.286223301292
3.291882674866
3.297556343225
3.303256330268
3.309138884857
3.315292918702
3.321345114982
3.327171113636
3.333077336193
3.339202552344
3.345039955990
3.350961725943
3.357115668019
3.363166671149
3.369205082067
3.375126365183
3.381375050827
3.398580992340
3.405435633679
3.412224959653
3.419319419595
3.426481929154
3.433756922306
3.440228217283
3.447187769152
3.453457945342
3.459696972973
3.465629644626
3.471535790734
3.477475638087
3.483390232495
3.489310210993
3.495268799304
3.501298101923
3.507314373530
3.513346170080
3.519416598314
3.525526739587
3.531634270156
3.537740007350
3.543865516985
3.550031033177
3.556204880238
3.562411650525
3.568629449199
3.574864495479
3.581137021282
3.587435086930
3.593753451073
3.600061729434
3.606370974888
3.612662438472
3.618925958958
3.625185506508
3.631419668044
3.637627495021
3.643824105020
3.650035742874
3.656264892767
3.662489399756
3.668719936171
3.674948523010
3.681203696098
3.687486221351
3.693792820133
3.700144129642
3.706580355227
3.713046802775
3.719515463643
3.725995662202
3.732434036627
3.738922850606
3.745409858429
3.751973695448
3.758584151504
3.765185038544
3.771757468060
3.778431282326
3.785157834813
3.792009076229
3.798926123342
3.805149321307
3.812401339193
3.818718366905
3.824710039183
3.830897321441
3.837131425565
3.843424250691
3.849707038541
3.856007330192
3.862340260783
3.868707047385
3.875080014603
3.881476045526
3.887884673816
3.894314838286
3.900767894191
3.907226838078
3.913683123306
3.920134664613
3.926631560411
3.933195569444
3.939570641873
3.946100330907
3.952696909226
3.958996955763
3.965619106218
3.971725629391
3.978148464370
3.984803762686
3.991359118404
4.163030586243
4.168909958756
4.174970163106
4.181118601069
4.187394138703
4.193707648513
4.200072723562
4.206469064312
4.212910993520
4.219351680688
4.225808002875
4.232277369135
4.238751316775
4.245255150558
4.251786069175
4.258361126738
4.264962696000
4.271606696212
4.278249891186
4.284924931136
4.291621206493
4.298315003875
4.305027568320
4.311723131411
4.318398510652
4.325053754867
4.331708517689
4.338351804802
4.344976860216
4.351628603032
4.358250079612
4.364856754651
4.371477160146
4.378079550919
4.384684587096
4.391297774928
4.397867578185
4.404437757749
4.411090070109
4.417778639916
4.424781757666
4.431110665077
4.437886262570
4.444404730865
4.451726610167
4.624745295960
4.631041213104
4.637799665699
4.643931320535
4.650379376838
4.656807931254
4.663259316994
4.669639063697
4.676043480604
4.682441445745
4.688860872758
4.695261096487
4.701588212314
4.707930266078
4.714226930808
4.720552411072
4.726925803275
4.733276979667
4.739653162795
4.746042573707
4.752423483438
4.758821622003
4.765251967144
4.771726289009
4.778254596809
4.784761683199
4.791151136545
4.797701778423
4.804328658853
4.810942700092
4.817006027188
4.824204111547
4.832141552159
4.839702006258
4.846945202302
4.851252319401
4.855555161851
4.859735408015
4.863118268941
4.866707606816
4.871304916773
4.875236647075
4.899797705780
4.906763899030
4.913779915721
4.920738516621
4.927510174300
4.934317236065
4.941162869619
4.947996616111
4.955060094225
4.962060889793
4.968994118055
4.975942669331
4.982897183537
4.991338744412
4.999796558152
5.007998820913
5.015797967809
5.022222109549
5.029296801469
5.035668938873
5.042090158507
5.048382014379
5.054701156083
5.061031553403
5.067465120962
5.073862359669
5.080233372583
5.086477416419
5.093078235007
5.099564343811
5.106104681385
5.112715704371
5.119320657003
5.125972819337
5.132671795304
5.139396571203
5.146151822186
5.152964971477
5.159782226613
5.166600566157
5.173409195854
5.180225291118
5.187032973253
5.193847658597
5.200674891753
5.207483851453
5.214298402091
5.221126804619
5.227957919900
5.234799266558
5.241657179074
5.248521676113
5.255388692192
5.262285617918
5.269200311641
5.276146439723
5.283110888861
5.290076309095
5.297054031693
5.304033979052
5.311025735606
5.318038304982
5.325072608610
5.332091129801
5.339043206210
5.346001930283
5.352975700843
5.359948316690
5.366890596903
5.373871381551
5.620591648337
5.626667961693
5.633094054415
5.639607262720
5.646133535582
5.652645692962
5.659157138097
5.665678249078
5.672198600066
5.678722717688
5.685260357468
5.691772691269
5.698325049599
5.704887738462
5.711469023021
5.718049202689
5.724650707890
5.731267538524
5.737879737905
5.744461489139
5.751061168119
5.757619521351
5.764177990150
5.770732084921
5.777309687245
5.783912728799
5.790515637433
5.797120846411
5.803738759438
5.810363981723
5.817033439122
5.823661861648
5.830340490312
5.837038783252
5.843801562812
5.850665765809
5.857484211792
5.872219639841
5.885772085934
5.898667087836
5.911602610272
5.924529820595
5.937614842727
6.148622109568
6.153918992620
6.158933469535
6.163898138512
6.168886152017
6.173868507839
6.178887835615
6.183925925074
6.188978582103
6.194040082543
6.199142172686
6.204216645395
6.209319411367
6.214458144487
6.219659089555
6.224895274308
6.230184897123
6.235516185897
6.240875816610
6.246263908915
6.251664804172
6.257091154649
6.262511911875
6.267933287541
6.273363122735
6.278824743612
6.284335838468
6.289840484680
6.295350060333
6.300945428841
6.306587740656
6.312273591525
6.317947968177
6.323730596273
6.329505081653
6.335256348551
6.341148523391
6.347087520808
6.353170149452
6.359299625242
6.365492144558
6.371772763966
6.378103088652
6.384505628628
6.391016498490
6.397599313519
6.404198475511
6.410896480466
6.417701203407
6.424527656085
6.431335907209
6.438235066522
6.445063957757
6.451942473060
6.458906091987
6.465862467622
6.472771256884
6.479716381649
6.486623995234
6.493522725474
6.500410100612
6.507251832227
6.514077047127
6.520998512720
6.527904408739
6.534783378507
6.541678138548
6.548550589247
6.555435089324
7.286257867270
7.290360468631
7.294551038421
7.298503123435
7.302857484809
7.307596647662
7.313321302031
7.318318511569
7.323149461662
7.327872715270
7.332523801748
7.337200152707
7.341189209089
7.345702039489
7.350216170431
7.354352603860
7.358691292092
7.362993398811
7.367284116273
7.371562273673
7.375742348842
7.379960718988
7.384138611479
7.388288697512
7.392559454775
7.396659428264
7.400742718261
7.404932345969
7.409163221953
7.413395430055
7.417586210765
7.421747280875
7.426035469508
7.430308581001
7.434483287274
7.438566092739
7.442605797577
7.446634111603
7.450871098645
7.455041233567
7.459108638889
7.463248214446
7.467381725838
7.471542986168
7.475870191736
7.729801095896
7.734911947841
7.740153330394
7.745351229218
7.750605896556
7.756045815231
7.761465068668
7.766912520512
7.772428595501
7.777941952527
7.783432976690
7.788935834360
7.794442352562
7.799952334756
7.805469012567
7.811055386633
7.816732090075
7.822402193978
7.828089594210
7.833807431510
7.839533142949
7.845285315151
7.851092438118
7.856954700167
7.862937297460
7.868916787047
7.874900889797
7.880915162742
7.886954482434
7.893039996379
7.899107598058
7.905217724052
7.911320020216
7.917459999651
7.923655328300
7.929838266613
7.936082998148
7.942252458476
7.948413832011
7.954535362051
7.960715810083
7.966884269028
7.973056161354
7.979217751315
7.985420495059
7.991603255411
7.997780526281
8.003937972913
8.010097726120
8.016249974009
8.022391673099
8.028533181286
8.034678279515
8.040793943174
8.046929852612
8.053056682289
8.059149949774
8.065218595782
8.071279568893
8.077328409802
8.083303181208
8.089280104080
8.095266089942
8.101205693323
8.107112978673
8.112988344720
8.118892749911
8.124836272961
8.130829009573
8.136858719709
8.142996814934
8.148431098440
8.155053518063
8.160232626738
8.165410551442
8.170942496770
8.176439788629
8.180781899294
8.186760800257
8.192152341794
8.197341611753
8.202803830612
8.208066514216
8.213138663778
8.217980487084
8.222772532836
8.227565698914
8.232393685181
8.252313781689
8.258234841166
8.263946954538
8.270044966616
8.276079764293
8.282345662057
8.288636851044
8.295088133926
8.301578545635
8.308107031218
8.314688357383
8.321268475260
8.327902434858
8.334535552181
8.341108266057
8.347717544944
8.354244242027
8.360861422819
8.367279085895
8.374032781240
8.380689181666
8.387314210943
8.393965283143
8.402113093080
8.408680886612
8.415118236015
8.421703456390
8.581094319176
8.587394627824
8.593198847245
8.599109525004
8.605088149936
8.611229295914
8.617363369456
8.623487570508
8.629633886160
8.635794851105
8.641962818896
8.648144364605
8.654349085363
8.660550553752
8.666799610103
8.673072493820
8.679344898404
8.685631776939
8.691933949139
8.698223088097
8.704556856968
8.710866810583
8.717151711772
8.723432369980
8.729735536309
8.736052584752
8.742331735747
8.748536678759
8.754635903118
8.760813611751
8.767023736213
8.773244920030
8.779251631090
8.785404848787
8.791646733612
8.992119688036
8.998587589898
9.004313060775
9.010259125383
9.015962860980
9.022095941136
9.028227723116
9.034435668437
9.040700509162
9.047021248990
9.053406821731
9.059769393797
9.066143998566
9.072563499761
9.078996730539
9.085469163646
9.091958037156
9.098482597955
9.105036363151
9.111586507538
9.118124252134
9.124630801437
9.131097022934
9.137537724892
9.143957910539
9.150379911508
9.156813977332
9.163234589812
9.169680150914
9.176109135425
9.182581784686
9.189057181683
9.195414408333
9.201776349288
9.208257743671
9.214493048549
9.220947892361
9.227644601554
9.234104998988
9.240494384759
9.369539146665
9.375291903342
9.381042481079
9.386789860925
9.392663651585
9.398592814761
9.404677471570
9.410786541414
9.416908778201
9.423036930418
9.429195914079
9.435388608753
9.441635691474
9.447936350524
9.454306774322
9.460699462531
9.467091921092
9.473505114957
9.479963053256
9.486456159312
9.492967311051
9.499530617813
9.506137868363
9.512773850893
9.519447264964
9.526118082474
9.532851459251
9.539576582411
9.546331805108
9.553114785218
9.559919340783
9.566752363171
9.573613147978
9.580481377257
9.587361164246
9.594246961257
9.601131596434
9.607991521134
9.614840344092
9.621697557301
9.628623451495
9.635564949545
9.642545697161
9.649540094033
9.656584199448
9.663592797261
9.690339823147
9.702848361683
10.229579321188
10.235061044122
10.241026410978
10.246951147111
10.252966842432
10.258948576951
10.264899022203
10.270814416247
10.276720982717
10.282615057404
10.288521748351
10.294436776013
10.300346465017
10.306265163392
10.312173159772
10.318081499727
10.323981252692
10.329879764724
10.335765959531
10.341653994470
10.347554503455
10.353470108939
10.359401602724
10.365332818210
10.371255980487
10.377185111222
10.383111345823
10.388986501804
10.394829024335
10.400663031871
10.406450117861
10.412207611331
10.417945443840
10.423613496262
10.429175275599
10.434792646279
10.440638462565
10.446344886100
10.452029203337
10.457770746261
10.463414804510
10.468992020283
10.474665292159
10.480371186516
10.486160354628
10.491979989057
10.497854047788
10.503689386868
10.509479293641
10.715481760951
10.718151835891
10.720667518154
10.723448597535
10.726140710038
10.739616683280
10.745399403316
10.751292368966
10.757212064223
10.763194003225
10.769248185672
10.775313669614
10.781418324071
10.787543795210
10.793685725311
10.799815511539
10.805939070429
10.812067604265
10.818212757101
10.824357949229
10.830520674423
10.836700288649
10.842884643480
10.849081557312
10.855404690224
10.861964271591
10.879252461191
10.891794967899
10.903993209198
11.404802254928
11.410950069285
11.417361105204
11.423652989912
11.429949506513
11.436146372215
11.442355528813
11.448582391521
11.454778342652
11.461000423063
11.467189821617
11.473084260991
11.479421824695
11.485751123690
11.492271647808
11.498769938575
11.505287623489
11.511932017981
11.518541354690
11.525261299413
11.532087782690
11.538959040525
11.545852415922
11.552794441417
11.559896035609
11.567047488993
11.574153578022
11.581305803513
11.588488213404
11.595573385483
11.602634614012
11.609672963752
11.616671571819
11.623629547828
11.630567920550
11.637472216749
11.644389677164
11.651325579717
11.658253298737
11.665200329852
11.672201326609
11.679219418692
11.686254383630
11.693332189858
11.700415586400
11.707515805731
11.714511785866
11.721561047909
11.728575570377
11.735631983062
11.742645751034
11.749596365302
11.756507226138
11.763490296942
11.770430437839
11.777418408117
11.784285074481
11.790612740974
11.797518728430
11.804295693672
11.880701110598
11.891980763042
11.902907328272
11.913762952857
11.938533032226
11.944297674801
11.950468612149
11.956356662709
11.962666581623
11.969061869140
11.975567338974
11.982237456054
11.989025012057
11.995903519613
12.002822912209
12.009699233419
12.016503117214
12.025082286476
12.031966709305
12.038880918030
12.047525588118
12.054344217903
12.061237473694
12.068244928567
12.076809955163
12.085430932388
12.092347805116
12.276741498999
12.288771108519
12.300850706188
12.312884244961
12.325069458322
12.337441822429
12.350160157196
12.356521598151
12.363087351184
12.369564094736
12.376145241333
12.382495859388
12.388657758286
12.395099483228
12.401481910238
12.407894157682
12.414248376916
12.420556975348
12.426849205833
12.433114842664
12.439381377864
12.445652283431
12.451899530673
12.458134334697
12.464395137521
12.470659813502
12.476983876786
12.483318822297
12.489543757234
12.495582831066
12.501792729660
12.507995845286
12.514237733030
12.520462965802
12.526704416287
12.532987402100
12.539270651939
12.545572985795
12.551910423835
12.558258143864
12.564594515647
12.570949228266
12.577305643203
12.583625272469
12.589952426544
12.596240948045
12.602529815797
12.608823480764
12.615098196168
12.621386797989
12.627665956074
12.633912354837
12.640160277978
12.646392764222
12.652587403357
12.658781546658
12.664989023308
12.671113866542
12.677182473311
12.683224208243
12.689269182103
12.695260347252
12.701571671254
12.707889601987
12.713939931432
12.720105631724
12.726303219614
12.732299674591
12.738467864410
12.744756229390
12.750671782461
12.939343473090
12.945453051691
12.951385181941
12.957239452385
12.963241087731
12.968956184764
12.974565774426
12.980311210529
12.986050402266
12.991663154989
12.997385262184
13.003050549205
13.008808624996
13.014539591960
13.020344130495
13.026170421916
13.032031575664
13.037936729592
13.043866840257
13.049779200711
13.055703969714
13.061669610362
13.067655927154
13.073703273525
13.079683595799
13.085679231462
13.091662250234
13.097689025130
13.103751403038
13.109876010033
13.116066653730
13.122266178996
13.128490004129
13.134708586442
13.140933943908
13.147149301919
13.153350483224
13.159568552339
13.165813516143
13.172091931680
13.178362482363
13.184656089144
13.190970058969
13.197275075475
13.203750374141
13.210105168553
13.216414965081
13.222765539507
13.229141383869
13.235539874149
13.241779155322
13.248249449488
13.308656585920
13.313375460681
13.318059643903
13.323010808375
13.328428041380
13.334428068234
13.339722944887
13.345198884339
13.350440846160
13.356003742877
13.361220578083
13.366697485270
13.371931316556
13.377144851574
13.382234758376
13.387898300606
13.393093031409
13.398075470745
13.402257893300
14.082581364126
14.092209205418
14.102121600807
14.112313241372
14.122702551509
14.132617453985
14.142475882166
14.152160130754
14.161922699244
14.166857503807
14.171524940495
14.176152633882
14.180775908061
14.185463761550
14.190102432635
14.194758725057
14.199432677008
14.204093984721
14.208787118875
14.213498228818
14.218214643534
14.222949136863
14.227711794902
14.232532087541
14.237332735228
14.242112347396
14.246988078101
14.251847903953
14.256714386280
14.261580251603
14.266491926753
14.271407547820
14.276360636304
14.281324889222
14.286314667308
14.291332595530
14.296357401286
14.301398414603
14.306454971408
14.311570431962
14.316675905130
14.321813817604
14.326976171199
14.332158675363
14.337399713740
14.342680332281
14.347988584180
14.353265284213
14.358577631574
14.363809690905
14.368745344640
14.374039474066
14.379275844179
14.384503047278
14.389740277570
14.394961320427
14.400154214657
14.405342208259
14.410507014906
14.415636945489
14.420723950991
14.425766062900
14.430800994356
14.435760379300
14.440673668547
14.445540493566
14.450359994757
14.455138673862
14.459901115083
14.464596827118
14.469300677469
14.473980420126
14.478636125953
14.483250079125
14.487805724143
14.492309352541
14.496794521668
14.501266005011
14.505691036082
14.510123802997
14.514512183608
14.518842235956
14.523178792999
14.527528357714
14.531819958391
14.536085916074
14.540336839463
14.544593639496
14.548815500507
14.553019306483
14.557191442033
14.561385676494
14.565479231783
14.569539130539
14.573605770647
14.577707355437
14.581817314499
14.585897755959
14.589988878511
14.594081764310
14.598184772971
14.602285821408
14.606421250006
14.610546202376
14.614694435396
14.618872232247
14.623064504389
14.627333202961
14.636413981890
14.640914273348
14.645440220132
14.650044114342
14.654806269546
14.660262559895
14.665385887664
14.670522194976
14.675510028436
14.680951061093
14.686496415478
14.691681251064
14.697200883537
14.702670446672
14.708231007050
14.713898782173
14.719976457722
14.726029549597
14.731638815370
14.737327493826
14.742988505591
14.748522025696
14.754115124969
14.759831922699
14.765679739769
14.771571620031
14.777569819046
14.783640009324
14.789732513536
14.795850333642
14.801983576258
14.808124288216
14.814281221401
14.820455503421
14.826665632222
14.832929400895
14.839211261930
14.845498865577
14.851776283392
14.858075745807
14.864402037981
14.870754118504
14.877123239857
14.883498493645
14.889888096518
14.896313005571
14.902767071280
14.909228648038
14.915695691455
14.922178506455
14.928653302594
14.935119918159
14.941582645398
14.948035626907
14.954466390447
14.960872944149
14.967218980307
14.973514500466
14.979791338350
14.986101901093
14.992386865677
14.998599866979
15.018443053922
15.027101667159
15.037831662118
15.048772671896
15.061755974215
15.151698086641
15.163852609377
15.177096688277
15.183034419098
15.185571237893
15.188055912843
15.193625752508
15.196341322089
15.199014837879
15.201587263966
15.204100734579
15.206657187190
15.209261288080
15.212391190025
15.214811157366
15.217174166204
15.219714737052
15.222182457640
15.224708322076
15.227093269142
15.229667624117
15.232404862715
15.238096264932
15.240676366059
15.243604197793
15.246033337338
15.248688393055
15.251324432326
15.254542490810
15.260872999153
15.267472801192
15.274174390998
15.280303077136
15.286711898774
15.293221778099
15.299689704712
15.306112295039
15.312520276628
15.318990306743
15.325428140126
15.331892378628
15.338363559332
15.344660320293
15.351093700864
15.357552583262
15.364097132196
15.370750874524
15.377228059161
15.383737268217
15.545351738860
15.550304509025
15.554976386439
15.560819886418
15.567151168740
15.572974296577
15.578936141494
15.584929876527
15.590854822114
15.596816018375
15.602892272457
15.608963914870
15.615050437466
15.621172358411
15.627333537018
15.633541071078
15.639802588874
15.646112649059
15.652452305200
15.658766813520
15.665080009066
15.671428810046
15.677782735079
15.684149468670
15.690471073601
15.696504926316
15.702613006894
15.708923769671
15.715198169659
15.721474596206
15.727750551117
15.734052172037
15.740331750237
15.746620224648
15.752898051590
15.759149444846
15.765420733934
15.771696443814
15.778007617403
15.784341541770
15.790689355942
15.797049647771
15.803431880489
15.809825110145
15.816210409359
15.822597498849
15.828993353615
15.835369161282
15.841686841807
15.847969521909
15.854263065657
15.860506324252
15.866760578218
15.873012687633
15.879257846486
15.885534529552
15.891905271635
15.898242347574
15.904595571850
15.910853526881
15.917118088474
15.923452616201
15.929719629239
16.118503815176
16.130813283265
16.136839781162
16.143065562280
16.149333108250
16.155642086240
16.162009182772
16.168359086670
16.174757687299
16.181192039884
16.187687962978
16.194230114876
16.200804657346
16.207432198132
16.214144849090
16.220885347654
16.227721067069
16.234577277706
16.241511991181
16.248514721779
16.255615533716
16.262796654960
16.269985106254
16.277245530063
16.284463019391
16.291684673725
16.298863471379
16.306035686217
16.313152626198
16.320188999434
16.327241342267
16.334279511125
16.341320266063
16.348386786579
16.355450712620
16.362516317974
16.369551050239
16.376530595415
16.383505069072
16.390466889969
16.397407127901
16.404323453893
16.411233016551
16.418129653185
16.425027700506
16.431953111622
16.438898085085
16.445840415920
16.452797817361
16.459726409843
16.466668725366
16.473609386831
16.480558876128
16.487498224824
16.494394887232
16.501326571205
16.508261750674
16.515162474567
16.522099105215
16.529069154651
16.535999579163
16.542846653975
16.549751525613
16.556626077202
16.563507315473
16.570364519828
16.577303684919
16.584283479452
16.591305861397
16.598278422197
16.605025426575
16.611331072985
16.617461553221
16.623541389250
16.629541667384
16.635517320032
16.641459705951
16.647415975853
16.653431210386
16.659531199282
16.665786537226
16.672083976481
16.678414915130
16.684794989920
16.691193476730
16.697598785443
16.704074029146
16.710572005734
16.717065360496
16.723548724038
16.730067468520
16.736622572576
16.743188664789
16.749751299407
16.756313080191
16.762860157669
16.769390402461
16.775886541836
16.782366675126
16.788835656382
16.795346102444
16.801880804979
16.808459371001
16.815065964777
16.821731161381
16.828437034859
16.835171751392
16.841941018751
16.848763418716
16.855613761345
16.862457903271
16.869382080453
16.876354199509
16.883317595103
16.890293964029
16.897311616397
16.904307831134
16.911274807755
16.918260543028
16.925262789460
16.932301101161
16.939388581693
16.946564747784
16.953555376292
16.960532080905
16.967491224044
16.974497928606
16.981561021463
16.988581891114
16.995591442336
17.002722036359
17.009830106743
17.016998839724
17.024152088976
17.030887648136
17.037494288976
17.044005701289
17.050578845842
17.057133373001
17.063718394614
17.070327679326
17.076975957694
17.083706821638
17.091986032360
17.098719598197
17.105436921596
17.112105532636
17.118816095808
17.125683526805
17.132634096869
17.139228071529
17.146057678452
17.152804360686
17.159433025241
17.166352198467
17.173215811234
17.180410095033
17.187459291044
17.194415368075
17.201423504126
17.208661470858
17.215847692102
17.222957374926
17.230271658395
17.237425907057
17.244520671169
17.250960897810
17.257710084478
17.264255012544
17.270614363271
17.276935458070
17.283159033094
17.289358737168
17.295605636906
17.301932246216
17.308309409584
17.314700667299
17.321132373425
17.327585326998
17.334050733959
17.340537739580
17.347034863756
17.353587230590
17.360188271371
17.366852711389
17.373562696131
17.380344846314
17.387206400923
17.394125976819
17.401113440899
17.408203497434
17.415344363867
17.422489934819
17.429705334377
17.436968901680
17.444225650116
17.451563406264
17.458923861806
17.466310826926
17.473722074619
17.481146800709
17.488638199025
17.496138263653
17.503721527093
17.511203679582
17.518585260913
17.526130334902
17.536498720548
17.551981755575
17.558074178203
17.563740900806
17.570010871694
17.576056811336
17.580720278148
17.585477580809
17.591648550879
18.475700368840
18.478909541643
18.481359342335
18.483881197710
18.488611806927
18.491752554521
18.494211275117
18.496648564151
18.498960914557
18.501903639506
18.505045007493
18.507381494823
18.509950816873
18.514788323103
18.517964953983
18.521468772340
18.526129919226
18.531588185641
18.536610763520
18.541760135731
18.546974916727
18.552085152073
18.557153291275
18.562230416132
18.567262479828
18.572310335813
18.577341766055
18.582321559052
18.587330666784
18.592328996847
18.597314006692
18.602286263822
18.607291569707
18.612291788354
18.617271062002
18.622248767780
18.627218571725
18.632128287872
18.637013455874
18.641848617983
18.646662311848
18.651468819297
18.656134524402
18.660891889314
18.665511575337
18.670177374652
18.674958459490
18.679456511539
18.684155243905
18.688712143191
18.693194101180
18.697787455241
18.702554781122
18.706770319448
18.711338246689
18.715685276470
18.720056732666
18.724373289409
18.728733764575
18.733025919779
18.737242049191
18.741497033866
18.745742199399
18.749937727592
18.754082812726
18.758224311475
18.762365227282
18.766499258332
18.770520981410
18.774552100370
18.778639361816
18.782708267256
18.786708737407
18.790781823129
18.794847339313
18.798904644990
18.802993221977
18.807047305602
18.811176802692
18.815308033268
18.819404100616
18.823483741589
18.827593303183
18.831722217622
18.835743039829
18.839832170331
18.843855279533
18.847946894260
18.852023608209
18.855973908746
18.860054146261
18.864160874885
18.868268831194
18.872442111385
18.876508266636
18.880412873388
18.884786384541
18.888970469333
18.892970663224
18.897233132769
18.901702738343
18.945882255357
18.949482641068
18.952889395712
18.957068024314
18.961348986973
18.965460835989
18.969715387474
18.973960849805
18.978214555844
18.982542842755
18.986924022466
18.991352813328
18.995842892976
19.000374990050
19.004830354912
19.009259360291
19.013745416758
19.018274644708
19.022901763021
19.027729885101
19.032629086230
19.037639536238
19.042584650170
19.047588108985
19.052624800364
19.057588940932
19.062636949788
19.067960212005
19.073133920596
19.078285665195
19.083592774901
19.088840739033
19.094213052877
19.099614725796
19.105010496789
19.110382030919
19.115836955029
19.121257150724
19.126708024972
19.132207970389
19.137721795357
19.143283418613
19.148842094977
19.154437518679
19.160065717650
19.165737056040
19.171384332775
19.177002777247
19.182632060466
19.188262799873
19.193790898289
19.199478175018
19.205154374829
19.210821743568
19.216480829638
19.222131791519
19.227804747995
19.233485745186
19.239134377287
19.244781822318
19.250414996459
19.256031543383
19.261629653036
19.267231556882
19.272808474679
19.278361759079
19.283913451599
19.289423857033
19.294896084859
19.300394658720
19.305888273747
19.311388293218
19.316872120458
19.322354550208
19.327824136691
19.333311267160
19.338799027770
19.344261720456
19.349734993599
19.355181347694
19.360665283697
19.366175376312
19.371604008134
19.377091529228
19.382606620504
19.388168687131
19.393759959653
19.399374191605
19.405049580442
19.410806991072
19.416357009176
19.421839758521
19.427477997449
19.433197769253
19.438880156599
19.444623589031
19.450732999350
19.456552564227
19.462283510591
19.467939765497
19.473767504928
19.479615955185
19.485502369121
19.491412151561
19.497408767790
19.503502140276
19.509706166287
19.515967818398
19.522260665605
19.528598290559
19.534956539782
19.541373385696
19.547866649481
19.554373979899
19.560887470397
19.567322070842
19.573725011650
19.580182313745
19.586679957005
19.593116420981
19.599725147836
19.606318365766
19.612772088271
19.619563586556
19.625932917446
19.632420764391
19.639017957541
19.645590196243
19.652322394986
19.658748830707
19.665136692856
19.671620759870
19.678110057832
19.684522093346
19.783020185048
19.788943521868
19.794882788043
19.800899361717
19.806901671913
19.813135249719
19.819144356916
19.825268102087
19.831363936616
19.837516219394
19.843667018852
19.849859579361
19.856057238847
19.862260787883
19.868456199222
19.874666611867
19.880837157385
19.886982373246
19.893139575880
19.899067077511
19.904886113437
19.910922284660
19.916903720883
19.922817197344
19.928741248490
19.934653553860
19.940539804057
19.946406931738
19.952282980146
19.958164542485
19.964054388624
19.969936050610
19.975821194220
19.981685685954
19.987530235815
19.993346997699
19.999155730393

