Time_s
0.766171476352
0.770137961920
0.773231738008
0.776626645181
0.780227788129
0.784006988658
0.787762447148
0.791529077330
0.795276828702
0.799016130386
0.802747497132
0.806455156994
0.810131122576
0.813821384222
0.817521877812
0.821183339940
0.824851737366
0.828515414871
0.832184236691
0.835847152390
0.839495772251
0.843146317305
0.846797020962
0.850468600321
0.854146557783
0.857814851357
0.861506618830
0.865178468865
0.868842086664
0.872528428208
0.876208940928
0.879891723470
0.883565078670
0.887226603912
0.890861027690
0.894506750180
0.898123050838
0.901696718565
0.905262225561
0.908824273574
0.912351674071
0.915867448946
0.919373399334
0.922847594403
0.926309243461
0.929763187639
0.933158844187
0.936525290899
0.939914054599
0.943310094690
0.946623577336
0.949919024766
0.953251214229
0.956628555020
0.959962910538
0.963260705253
0.966579589994
0.970064655188
0.973563736565
1.155488092876
1.158850632238
1.162312751179
1.165852533827
1.169620748525
1.173440157041
1.177325222644
1.181282671125
1.185272878190
1.189263430629
1.193332636760
1.197455402012
1.201590240515
1.205773546071
1.210000725143
1.214288885053
1.218571977305
1.222910254720
1.227238796816
1.231623168382
1.236019732810
1.240492849028
1.245017981127
1.249549630179
1.254069130829
1.258627715478
1.263232209892
1.267797277043
1.272439566080
1.277090436310
1.281734309146
1.286431565556
1.291086502249
1.295685974838
1.300270269770
1.304805809150
1.309313925837
1.313811210151
1.318290727004
1.322753329487
1.327148081322
1.331495172046
1.335792794179
1.340093774833
1.344393114299
1.348637875378
1.353039395144
1.526181208691
1.529486932984
1.533457634198
1.537207761751
1.540280112629
1.543511614318
1.547080565535
1.550566556943
1.554250591503
1.557879191822
1.561578915466
1.565337023346
1.569134768019
1.572908107401
1.576703876644
1.580521701083
1.584351197119
1.588207436606
1.592014976556
1.595908381470
1.599794816724
1.603689054549
1.607638868957
1.611626250183
1.615663985457
1.619727176086
1.623837100735
1.628004873836
1.632164780607
1.636418443035
1.640731841465
1.645115553413
1.649610806312
1.654139066294
1.658818822895
1.663599656371
1.668474748061
1.673430557100
1.678434931578
1.683433272857
1.688489832606
1.693602358469
1.698736335030
1.703831893733
1.708957633042
1.714236141051
1.719537955070
1.724917400304
1.730391729574
1.735919003251
1.741532739814
1.747199439403
1.752950679540
1.758505169609
1.764159350138
2.208278874990
2.213513534024
2.218586647693
2.223599935056
2.228517019816
2.233503858842
2.238570440796
2.243586031382
2.248553550714
2.253511787634
2.258439246196
2.263383298441
2.268370822335
2.273309306779
2.278196005192
2.283090107129
2.287989334927
2.292829346979
2.297662458878
2.302434555961
2.307178253598
2.311839312585
2.316575430203
2.321243524149
2.325942927683
2.330511972406
2.335139635478
2.339779948601
2.344629405902
2.498218135929
2.505504816260
2.512618181634
2.520276903001
2.527630406254
2.534966105934
2.542336758325
2.546167348690
2.550054501877
2.554020975644
2.557895383513
2.561761313009
2.565565071050
2.569375552917
2.573170473308
2.576949996475
2.580753223358
2.584562761675
2.588455870441
2.592423460492
2.596836590362
2.600989322878
2.605007680354
2.609034212597
2.613326233831
2.617411573034
2.621253449013
2.625142454781
2.629026080708
2.632891510707
2.636796539528
2.640634913028
2.644370742377
2.648254136575
2.652129641468
2.655411213256
2.658834064348
2.662764884260
2.666521950196
2.670570673075
2.674588509161
2.678649797899
2.682755335390
2.686901885022
2.691102525518
2.695332743236
2.699583244654
2.704171194503
2.708931227777
2.713715409044
2.718700696478
2.723670379162
2.728464062990
2.732801232636
2.737009811562
2.741223789320
2.745464715343
2.785629778538
2.807343873100
2.812323712012
2.817316015292
2.822455299904
2.827700951591
2.832981712950
2.838264219960
2.843549417677
2.848782384329
2.853967367959
2.859204326010
2.864454820765
2.869704659622
2.875042833667
2.880313145064
2.885717366142
2.891326510234
2.896611452583
2.901531474284
2.906385872490
2.911884778944
2.916949149755
2.922028910677
2.927055476574
2.932107109631
2.937115720735
2.942171571611
2.947287433716
2.952332561457
2.957138429476
2.962017435803
2.967013897537
2.971924628347
2.976834805450
2.981679502501
2.986483120783
2.991247244262
2.996087277076
3.000866541928
3.005677624435
3.010880868724
3.114176069167
3.123609693398
3.133222827889
3.142622333539
3.147320512947
3.152015311917
3.156697821569
3.161355699704
3.165993562402
3.170602090506
3.175149379858
3.179637903035
3.184122162437
3.188558809607
3.192974054295
3.197367163099
3.201747779986
3.206041380755
3.210292698123
3.214503336010
3.218655541963
3.222773395995
3.226848518926
3.230877551574
3.234842642536
3.238746106332
3.242600126707
3.246388214953
3.250124294413
3.253838179304
3.257519682400
3.261155745745
3.264805476798
3.268435779045
3.271957355124
3.275473997374
3.279034205489
3.282613941176
3.286144808295
3.289601843025
3.293122626008
3.296912513511
3.476606312836
3.479800198323
3.483446655996
3.487263116356
3.491201202848
3.495267158808
3.499454090197
3.503686423658
3.507949313843
3.512309736953
3.516649939620
3.520997219277
3.525366132765
3.529805325217
3.534191281298
3.538694846642
3.543258465262
3.547710173089
3.552171642397
3.556533749511
3.560893656648
3.565233167600
3.569579201984
3.573930434190
3.578309593579
3.582698501373
3.587123143226
3.591566604620
3.595932833283
3.600375202558
3.604823119171
3.609324273700
3.613844463616
3.618318670397
3.622867159412
3.627502472891
3.632016571802
3.636536534159
3.641170906444
3.645547592251
3.650038711880
3.654657576187
3.658941953305
3.663337529752
3.734573120398
3.738566080507
3.742655014490
3.746962925799
3.751525642495
3.756135254176
3.760751699072
3.765296160635
3.769913101509
3.774434135959
3.778802352459
3.783272277428
3.787688234628
3.791959839316
3.796257174148
3.800479962250
3.804731400704
3.808892614637
3.813046210590
3.817096399702
3.821095874027
3.825020031683
3.828889510112
3.832714084694
3.836480684740
3.840182222178
3.843798006239
3.847377444462
3.850933307053
3.854472092066
3.857969452811
3.861465038770
3.864949850108
3.868446732175
3.871968679583
3.875568973291
3.879188916370
3.882814259790
3.886520193511
3.890257496451
3.893887651880
3.897439608859
3.901038711118
3.904531964635
3.908116843883
3.911729437804
3.915243092334
4.062992308588
4.067454523651
4.072681218529
4.077901310059
4.083174986236
4.088653501450
4.094221066825
4.099870103468
4.105436789041
4.110872566517
4.116557427794
4.122232412018
4.127963511929
4.133643527028
4.139344675189
4.145118642543
4.150825261500
4.156467507001
4.162046240365
4.167598055003
4.173118764479
4.178687279650
4.184192332880
4.190218453287
4.195603991061
4.326449002901
4.336435489891
4.347190461550
4.357744154935
4.368421004508
4.375777269752
4.380784111789
4.385809636801
4.390782707688
4.395671885721
4.400564753545
4.405417355420
4.410241055426
4.415078719674
4.419967100439
4.424813447046
4.429735705083
4.434896118185
4.439749828495
4.444845714678
4.449940135137
4.455051545703
4.472436549872
4.476798630617
4.481388804829
4.485761054286
4.490252145290
4.494687632437
4.499298254221
4.504054277280
4.695499227857
4.698772486386
4.702271489722
4.705968301787
4.710001880567
4.714092689703
4.718254118576
4.722573491716
4.726842649081
4.731143234991
4.735466640755
4.739818868214
4.744169329868
4.748515140238
4.752861258402
4.757231317279
4.761611955772
4.765996822510
4.770410754736
4.774825690012
4.779263013738
4.783729007566
4.788172043383
4.792690617273
4.797276386740
4.801897425780
4.806572155501
4.811319573925
4.816102805266
4.820966344831
4.825917407770
4.830919253278
4.836076074874
4.841346972525
4.846799016783
4.852384581295
4.858088806316
4.864044528405
4.870215389829
4.876359765368
4.882471016875
4.888304699010
4.894083211078
4.899818936542
4.905528265144
4.911226946899
4.916940271347
4.922586807464
4.928179581906
4.933642373702
4.939042772440
4.944254257361
4.949282984979
4.954533377419
4.959650460700
4.964704421294
4.969901118358
4.975510265900
5.720812559949
5.727602133319
5.734262331312
5.740723600573
5.747026075780
5.753292227435
5.759672577417
5.766402219829
5.772772617731
5.779094458004
5.785473458909
5.792001600885
6.065647009516
6.070220093240
6.074899131764
6.079749796860
6.084592495001
6.089410360502
6.094294649585
6.099047533439
6.103869000775
6.108788586034
6.113598871869
6.118296495364
6.123158714702
6.127978521647
6.132838468777
6.137804760627
6.142614846639
6.147507804426
6.152343760612
6.157127684549
6.162068435381
6.166824746274
6.171640621671
6.176505357024
6.181260640962
6.186110861924
6.190972689175
6.195848993268
6.200733997263
6.205679862522
6.210434308027
6.215394863587
6.220226528763
6.225052650680
6.229732834369
6.234575975086
6.239189946845
6.243761343388
6.248568707303
6.253265343905
6.258008981258
6.262810690334
6.267634446430
6.272530243781
6.316534807785
6.321142474073
6.326080601235
6.330883116812
6.335966334484
6.341064983766
6.346319126616
6.351570934383
6.356980151553
6.362512066949
6.368050006175
6.529909401088
6.534067976682
6.538341193195
6.542562562632
6.546797656961
6.550954805619
6.555051428983
6.559074546050
6.563030399359
6.566954631318
6.570875680549
6.574732565445
6.578519865626
6.582305015027
6.586104851250
6.589862950553
6.593515014924
6.597230391031
6.601006887161
6.604755738881
6.608453404167
6.612218787725
6.616031899773
6.619859239171
6.623645612338
6.627434827542
6.631256942023
6.635045386441
6.896503149138
6.900006280010
6.903376977047
6.906948574944
6.910615256017
6.914292189143
6.917972729518
6.921677002038
6.925416681461
6.929143266500
6.932848400100
6.936534234033
6.940210130164
6.943830261096
6.947466747795
6.951111755912
6.954695463999
6.958243442168
6.961804612041
6.965359239029
6.968928694992
6.972472778190
6.976046282193
6.979601658037
6.983152883533
6.986672833624
6.990191719101
6.993719408978
6.997225147171
7.000723876549
7.004198704258
7.007692671873
7.011166588112
7.014628711687
7.018100229195
7.021581194880
7.025036855225
7.028502597932
7.031945054831
7.035394465179
7.038852955580
7.042282554952
7.045725322708
7.049177903151
7.052651908366
7.056137271373
7.059645017191
7.063150591113
7.066683401517
7.070274389604
7.073925120158
7.077664779297
7.081455864984
7.085178033903
7.088723443849
7.092201197452
7.095679570465
7.099140191153
7.102660698394
7.106183431882
7.109697288850
7.113175172376
7.215634195494
7.219942120116
7.224032869830
7.228615079549
7.233860588965
7.239069073566
7.244431680768
7.249769884737
7.255203256057
7.260835558694
7.266363491387
7.271917076538
7.277506509291
7.283096776059
7.288551293643
7.294018964125
7.299481518276
7.304948026828
7.310335452874
7.315839373583
7.321303969777
7.326775254651
7.332234245366
7.337742794635
7.343306166662
7.348867528476
7.354439840095
7.360010045615
7.365566224890
7.371128381964
7.376602562345
7.382126181538
7.387558692016
7.392998710377
7.398324640987
7.403424874090
7.408524311761
7.413589362547
7.418613049443
7.423628124127
7.428700632312
7.433032913136
7.845934753949
7.849458466254
7.854175948298
7.858033769872
7.862251251333
7.866464439715
7.870782221716
7.875112378045
7.879561790433
7.884070030783
7.888710924390
7.893335250470
7.897898247408
7.902536411802
7.907255124949
7.912015513633
7.916827169190
7.921673641461
7.926557586616
7.931447122983
7.936335597404
7.941203447758
7.946135982183
7.951197705630
7.956100119849
7.961038915382
7.965985689411
7.970894955691
7.975785703730
7.980555260348
7.985413874712
7.990251268600
7.995131910971
8.000090106328
8.004741197669
8.009389504153
8.013991531773
8.018590336681
8.023137852726
8.027680296452
8.032536996991
8.037248696553
8.257824071064
8.260804442873
8.263806892685
8.266859927012
8.270046973021
8.273474808540
8.276835212616
8.280282603054
8.283608241521
8.286925327373
8.290226047461
8.293531771166
8.296726523555
8.299969312493
8.303023261263
8.306271924071
8.309317115886
8.312745952668
8.315830290479
8.318970416604
8.322183671159
8.325486068109
8.329037200404
8.332590640702
8.335868714958
8.339093011738
8.342175612975
8.345409329786
8.348578079378
8.351908592011
8.598070008398
8.607643730205
8.617489096862
8.624748100235
8.629761831908
8.634943564221
8.640034097129
8.645121962828
8.650214610495
8.655422024827
8.660628942338
8.665817604350
8.671033113217
8.676317054287
8.681596084801
8.686943272244
8.692355375976
8.697813677511
8.703316239063
8.708888785177
8.714425544033
8.720001632809
8.725588984763
8.731174127816
8.736734407342
8.742224592369
8.747780285397
8.753317500976
8.758853182507
8.764417484524
8.769947967017
8.775514971158
8.781139696928
8.786684332028
8.792147159598
8.797572685131
8.803031185064
8.808689042604
8.814463634683
8.820190048607
8.826051884359
8.831130410300
8.977856404475
8.981994239017
8.986423587232
8.991106311796
8.995889236731
9.000670482077
9.005440579604
9.010340566518
9.015208030383
9.020112058896
9.025105458929
9.030135077980
9.035140260101
9.040261770653
9.045044654057
9.050040630680
9.197671251772
9.201619193728
9.205669354632
9.209262308758
9.213337412946
9.217621748653
9.221968096724
9.226284285614
9.230629469410
9.234941775398
9.239215222962
9.243467798496
9.247698063423
9.251878358872
9.256044525882
9.260211395770
9.264356219990
9.268488662359
9.272618281810
9.276742707463
9.280843958651
9.284950231930
9.289040887154
9.293126247786
9.297182273710
9.301241390264
9.305292473010
9.309331627235
9.313383419608
9.317440092210
9.321501206197
9.325549876352
9.329616287283
9.333669845855
9.337730600216
9.341792301930
9.345874052328
9.349952069798
9.354048505979
9.358141277433
9.362244707570
9.366453346631
9.370616587473
9.534732174915
9.539963334562
9.545207891568
9.550463817305
9.555755718547
9.561120781944
9.566536635108
9.571890385195
9.577189779294
9.582712019373
9.588466365389
9.596486989576
9.607643243808
9.618615056536
9.629533379617
9.640585278133
9.651554459089
9.662323511162
9.672840834700
9.685910360727
9.690923632158
9.696088286438
9.701213833181
9.706333017792
9.711455585648
9.716356123935
9.721064313021
9.973749266779
9.978343295443
9.982604470420
9.986799254277
9.990991791848
9.995205257108
9.999487654582
10.003769238599
10.008047480738
10.013089057959
10.017393854750
10.021713688523
10.026057226369
10.030439535092
10.034837294021
10.039221129363
10.043707743351
10.048279852851
10.052639709713
10.057160414955
10.061678929993
10.066162283693
10.070716225723
10.075257966696
10.079801617363
10.084398432428
10.088961908989
10.093559122109
10.098156315798
10.102729962003
10.107354559073
10.111932923288
10.116194608772
10.120560738141
10.125147412896
10.129872986557
10.134621351593
10.139381140821
10.144173455229
10.149031852333
10.153898911570
10.158752911990
10.163663351570
10.168575136843
10.173524546101
10.178473264823
10.183476276143
10.188489165687
10.193511378849
10.198554963646
10.203559892932
10.208604698497
10.213667233419
10.218774627293
10.223908684087
10.230165661184
10.235534287623
10.240985770319
10.246068608065
10.251272189681
10.302858771966
10.307967248782
10.312885419836
10.317793343546
10.322633753371
10.327692853417
10.332541392549
10.337578573196
10.342498519656
10.347278322493
10.352235999706
10.357080432788
10.361877948492
10.366696065833
10.371517899537
10.376378331456
10.381191356039
10.385945541320
10.390698788453
10.395414814352
10.400030797984
10.404796447619
10.409578088154
10.414578390696
10.578738763831
10.582874352585
10.586670804660
10.590263312457
10.594328227408
10.598436948110
10.602651715576
10.606807416735
10.610970866472
10.615139682798
10.619282298532
10.623417987088
10.627550224405
10.631675048061
10.635752931156
10.639689487086
10.643622250673
10.647646096531
10.651776840581
10.655961662664
10.660202874888
10.664475874930
10.668792992868
10.673139661232
10.677618154986
10.682012351270
10.686630604734
10.691142604520
10.695762960376
10.700476016083
10.705202605170
10.710100882634
10.715050825353
10.720152385577
10.725324597499
10.730475890339
10.735864300701
10.741351876692
10.746858078137
10.752513371440
10.758052530030
10.763566179548
10.769039634779
10.774708983281
10.779696733906
10.784828306752
10.789764210596
10.795073798357
10.800647235657
11.046195879126
11.051570852732
11.056989252896
11.062332146025
11.067546645453
11.072748010182
11.077932696580
11.083084647525
11.088227912778
11.093325223013
11.098417541660
11.103476269350
11.108500040990
11.113483604052
11.118471252713
11.123538982720
11.128856504579
11.134282938983
11.139669455172
11.145014773304
11.150420084663
11.156378066785
11.161836767943
11.167490376532
11.172921441450
11.178352655210
11.183488512114
11.188580306200
11.193614706356
11.198605139664
11.203542467139
11.208507687886
11.213574894473
11.218850530212
11.224371706177
11.229902918472
11.235440577444
11.241107150907
11.246638556803
11.252085722300
11.257829791462
11.263620685288
11.268965174968
11.274271698133
11.279451385699
11.284460111241
11.289387748032
11.374955047614
11.380016803567
11.385073970077
11.390175189110
11.395275566746
11.400418257087
11.405575898748
11.410761544044
11.415974919864
11.421297778551
11.426717706529
11.432140682003
11.437599518637
11.443076548884
11.448430722821
11.453749630389
11.459039148867
11.464343971394
11.469630172302
11.474916236879
11.480201995286
11.485529388685
11.491156475798
11.496663494478
11.501990792700
11.507278260448
11.512545309966
11.517895442005
11.561086708931
11.565272628132
11.570002649215
11.574875881273
11.579729488171
11.584615479603
11.589480792188
11.594342770833
11.599216057082
11.604047797833
11.608912572944
11.613787352868
11.618634010410
11.623478617904
11.628300125577
11.633097868854
11.637896176731
11.642704236670
11.647528759728
11.652420939431
11.657510584625
11.662490914530
11.667390275213
11.672291222144
11.677219301517
11.682026518024
11.686933959216
11.691811556751
11.696708721153
11.765928738602
11.770612576476
11.775383205884
11.780189908352
11.784988140911
11.789793578198
11.794638457222
11.799458546233
11.804292981374
11.809125706378
11.813942672132
11.818758500128
11.823588157438
11.828427854942
11.833253219840
11.838131789268
11.842958176974
11.847897275908
11.852790044000
11.857754652487
11.862692370179
11.867712940725
11.872730521626
11.877838676911
11.882928635191
11.888213949100
11.893502665392
11.898834209265
11.909523452277
11.920300269698
11.931105720451
11.941813341680
11.952718651623
11.963726055389
11.974907399280
11.986477596219
11.998201711326
12.009739132178
12.828492111465
12.837990743468
12.846902057019
12.855777276173
12.864781420464
12.873207107375
12.877677971685
12.882133646139
12.886551363742
12.891028089342
12.895374521054
12.899836307605
12.904245318047
12.908606641438
12.912991716186
12.917340926418
12.921673042297
12.925968515651
12.930255132231
12.934535592456
12.938809328724
12.943119409739
12.947557342828
12.951951117028
12.956310802364
12.960640672455
12.964929158818
12.969191395719
12.973426382844
12.977638515082
12.981805075833
12.985957077690
12.990095421061
12.994172193162
12.998223111118
13.002272693026
13.006270899976
13.010224270788
13.014116827014
13.017976271478
13.021780556145
13.025565477417
13.029305994673
13.032954111950
13.036578962303
13.040264836509
13.044001524294
13.047754570729
13.051477921026
13.055245866773
13.146454821626
13.149858738218
13.152380884705
13.155115160923
13.157844443962
13.160781528195
13.163685862712
13.166664413999
13.169627394388
13.172654506211
13.175675208318
13.178734567098
13.181771902950
13.184848928331
13.187895056523
13.191029011658
13.194126098226
13.197315053988
13.200481429565
13.203643480335
13.206851471416
13.210050256906
13.213308722833
13.216542979525
13.219842625505
13.223513610023
13.227115091080
13.230504220668
13.233959944094
13.237495630745
13.241011218158
13.244547553816
13.248084301395
13.251651709523
13.255235589841
13.258864646178
13.262461154714
13.266093122217
13.269737431598
13.273411778397
13.277111149894
13.280687130356
13.284493161489
13.288298897458
13.292114889930
13.296016645148
13.299949084153
13.303950896344
13.307990828328
13.312092779488
13.316197393380
13.320327792773
13.324512121609
13.328671066775
13.332856695494
13.337063740062
13.341281665883
13.345531657638
13.349802668625
13.354075906118
13.358326665011
13.362584243994
13.366909931133
13.371220439934
13.375583742336
13.380012091302
13.384654418416
13.389254810675
13.393880975276
13.398579503102
13.403333002750
13.408073132824
13.412836875194
13.417517908003
13.422165591230
13.426849667387
13.431581412637
13.436275519146
13.440935247225
13.445521650294
13.450168544020
13.454802601775
13.459653365282
13.464794847427
13.618957835017
13.623545701649
13.627399344986
13.631446294277
13.635983608877
13.640578347938
13.645138259164
13.649728045306
13.654340590408
13.658871392492
13.663040720578
13.667382244966
13.672186411371
13.676912851471
13.681642787444
13.686431340509
13.691244682418
13.696072001969
13.700936907264
13.705739366086
13.710540272767
13.715416510466
13.720244950297
13.725059260847
13.729909227204
13.734771256412
13.739623915195
13.744372422055
13.749327960725
13.754210378963
13.759072529130
13.764005555747
13.768929041235
13.773795469711
13.778713217805
13.783664957788
13.788609144256
13.793468479277
13.798360041033
13.803231528316
13.808088343939
13.812992396011
13.817932008602
13.822885331279
13.827714120588
13.922479687236
13.924846916093
13.927035928233
13.929053900862
13.931047098397
13.933259087308
13.935624146717
13.937386945251
13.939713183869
13.941532531259
13.943572997791
13.986611382759
13.990537884205
13.994158082956
13.998116977359
14.002431609066
14.006759556777
14.011323055738
14.015903966410
14.020469566026
14.025021538321
14.029668957448
14.034341315852
14.038966507011
14.043661476036
14.048360164307
14.053072660626
14.057675736961
14.062260059939
14.066907399135
14.071410530577
14.075913434123
14.080603275650
14.085185987390
14.089737983504
14.094039613232
14.098361109384
14.102767566682
14.107166316910
14.111634305786
14.116312365812
14.121007531945
14.125614534917
14.130238320697
14.134892933593
14.285793322246
14.289077326644
14.292469631577
14.296146563390
14.299821285512
14.303589958753
14.307350331617
14.311118899244
14.314897027427
14.318736909937
14.322571762496
14.326523119118
14.330522832468
14.334410861598
14.544625353807
14.549020153624
14.553493673717
14.558205221631
14.563050841847
14.568062259806
14.572649380413
14.577656814800
14.582475454696
14.587786877817
14.593073299386
14.598187984257
14.603508638581
14.608750880631
14.614049825208
14.619405801079
14.624644301017
14.629948115602
14.635181860716
14.640461897781
14.645793961859
14.651065530041
14.656388418145
14.661726374085
14.667065452964
14.672324424127
14.677619254915
14.682905594232
14.688208720282
14.693711393966
14.787704876549
14.792466124555
14.797556425308
14.802617581652
14.807742337912
14.812845309091
14.818017784339
14.823400371532
14.828759085632
14.833869546648
14.838884616854
14.844050570806
14.849111295571
14.854109903197
14.859206349227
14.864170247607
14.869222928925
14.874192715793
14.879188819362
14.884256630828
14.889335287055
14.894450517859
14.899529246466
14.904616453025
14.909787821988
14.915132075434
14.920498816585
14.925656296720
14.930768804872
14.935871958781
14.941028146631
14.946238271448
14.951477474204
14.956979044332
14.962594307545
14.968144696957
14.973492978219
14.978800231604
15.040375793423
15.044462559268
15.048995554232
15.053646492895
15.058362367039
15.063066479481
15.067717648421
15.072321624801
15.076937708354
15.081522932416
15.086113063431
15.090698586424
15.095306873612
15.099839948866
15.104409423261
15.108853310666
15.113343803222
15.117800783590
15.122256390852
15.126687477427
15.131124811137
15.135576974449
15.140056983146
15.144469976798
15.148889274307
15.153293030654
15.157749869502
15.162187641156
15.166639986002
15.171164163081
15.175763614412
15.180532736527
15.185396434624
15.190263645413
15.195159175009
15.200010317069
15.204932290549
15.209867748179
15.214773133265
15.274498509291
15.279180547192
15.283829059400
15.288290865755
15.294017794990
15.436253574390
15.440325299249
15.445280195472
15.449552489069
15.453904402217
15.458343809815
15.462859067389
15.467467220755
15.472110579141
15.476758826526
15.481449905668
15.486204684940
15.491024811657
15.495831543857
15.500667107146
15.505560511805
15.510439314915
15.515260215898
15.520081735247
15.524966440160
15.529824796994
15.534686393090
15.539579224017
15.544482710231
15.549413236882
15.554311873573
15.559257500676
15.564202619192
15.569119261507
15.574062559190
15.578989771255
15.583895146574
15.588754791366
15.593652803651
15.598472716046
15.603366290611
15.608237545259
15.613079727550
15.617977421137
15.623036841092
15.628103981465
15.633031547700
15.781634076726
15.786198955064
15.790858064728
15.795552437721
15.800304915816
15.804973603437
15.809767439813
15.814438639931
15.819194310341
15.823930507143
15.828708031560
15.833506121800
15.838351722708
15.843240902684
15.848265165068
15.853313325058
15.858410860924
15.863593557566
15.868736288527
15.873985056504
15.879249521312
15.884503406190
15.889824096281
15.894852225260
15.900281950565
15.905500837054
15.910835070005
15.916071494099
15.921474853529
15.926810998989
15.932143969232
15.937486865571
15.942886713010
15.948424624702
15.953936179188
15.959409483983
15.964922825895
15.970174177833
15.975827392992
16.204605117375
16.209641756835
16.214456861767
16.219643914263
16.224783698134
16.230013828455
16.235311684142
16.240822225616
16.256328776393
16.274785929743
16.281731196660
16.287025873633
16.292069407657
16.297153715185
16.302160890168
16.307242732369
16.312453203648
16.484169760042
16.489051119292
16.493911671164
16.498745682006
16.503675052104
16.508654842676
16.513756397588
16.518910100627
16.524125364356
16.529337923127
16.534559652670
16.539801324988
16.545015194626
16.550288561691
16.555630049854
16.560910983041
16.566266551905
16.571636943918
16.577102149258
16.582709291378
16.588308272418
16.593930627193
16.599764147950
16.603898402710
16.608070469836
16.612468826545
16.616880233640
16.620672343814
16.624676613116
16.628889188917
16.633058138285
16.637078693941
17.496709590704
17.505994810801
17.515432066095
17.603438664139
17.608023758501
17.612679202075
17.617282299282
17.621774526188
17.626289007521
17.630843823668
17.635526438160
17.640368545023
17.645119741971
17.650171586796
17.654845073973
17.659537712531
17.664221040008
17.668988400359
17.673774177481
17.678670959404
17.683603530758
17.838307003200
17.842088018963
17.846623919883
17.851141345764
17.855890776175
17.860304085274
17.864768330516
17.869385981875
17.874071546775
17.878639901816
17.883319136904
17.887966629776
17.892577941104
17.897239692917
17.901991625954
17.906930001229
17.912056259056
17.917159215462
17.922474245658
17.927738328364
17.932873449707
17.937737008957
18.088700527654
18.092430510602
18.096946734570
18.101556101487
18.106298046544
18.111055459553
18.115773169094
18.120449717720
18.125239365310
18.129888719263
18.134654424656
18.139402270768
18.144173585523
18.148897841004
18.153613897262
18.158328309548
18.163060414403
18.167764238043
18.172415810335
18.177042448520
18.181638720308
18.186217014045
18.190746719744
18.195241855108
18.199666615538
18.204038178441
18.208340375203
18.212574724659
18.216758707187
18.220900045330
18.224984524540
18.229035985371
18.233055065158
18.237227323838
18.241258313464
18.244890504546
18.401955434038
18.405143324293
18.408361501371
18.411902139372
18.415618719018
18.419340343092
18.423169696638
18.427064821736
18.431115984217
18.435191474771
18.439379520675
18.443622073776
18.447906057145
18.452246806692
18.456648919839
18.461074056679
18.465607732780
18.470182460596
18.474774737698
18.479514123328
18.484284318326
18.489295680526
18.494112876864
18.498609450669
18.503392220800
18.507990389716
18.512603498739
18.517209228861
18.521822242542
18.526410373426
18.531007715675
18.535561184956
18.540115785036
18.544666227852
18.549201945188
18.553779609932
18.558331807763
18.562945500660
18.567517832463
18.572195935015
18.576825570342
18.581478101935
18.585787031662
18.591027360808
18.595503549968
18.600090708165
18.604723525838
18.678861222185
18.684429220774
18.688806197722
18.693321209642
18.697938662688
18.702643811924
18.707354655229
18.712193346408
18.717113284179
18.722014421373
18.726965855781
18.732455694593
18.737270363776
18.742043932737
18.747136450648
18.752041981890
18.757177310440
18.762066623116
18.767011898627
18.771950551136
18.776978016491
18.782043014780
18.787339164653
18.792374344796
18.797425985402
18.893954569541
18.899323288968
18.904645507448
18.910014683342
18.915279309062
18.920436535572
18.925843439833
18.931477476411
18.936893454014
19.115851674604
19.119885794889
19.124232310917
19.128795983252
19.133427274325
19.138083525898
19.142729436592
19.147349829546
19.151967597062
19.156610154029
19.161258369704
19.165866387443
19.170507515682
19.175092426903
19.179712420474
19.184305180670
19.188899687623
19.193524624201
19.198041959302
19.202560243538
19.207068206380
19.211563707788
19.215998767420
19.220445252974
19.224827278435
19.229207121282
19.233545354181
19.237883038540
19.242168804574
19.246426287044
19.250642935494
19.254801209210
19.258950779390
19.263060725492
19.267161246536
19.271199039973
19.275234238491
19.279252834808
19.283259914279
19.287192373276
19.291138923658
19.295080935586
19.299030890531
19.302980285787
19.306901665566
19.310812987798
19.314680894245
19.318550812239
19.322426139430
19.326302343214
19.330170066182
19.334012815713
19.337842477284
19.341720240029
19.345611584165
19.349485239439
19.353375419631
19.357278573592
19.361187388202
19.365101185620
19.369030594730
19.372985478656
19.376956382441
19.380950132388
19.384955324460
19.388984634253
19.393041322054
19.397090727403
19.401135599979
19.405185195575
19.409245151643
19.413326452658
19.417411630994
19.421504832243
19.425629802147
19.429782849702
19.433957859376
19.438120028672
19.442285635931
19.446504401157
19.450729225470
19.454976706457
19.459165800937
19.463705842040
19.467914239457
19.472193593276
19.476449388512
19.480628948974
19.484810963997
19.489035763946
19.493258081755
19.497542768621
19.501789846546
19.613964143580
19.618659206482
19.623447472621
19.628394129165
19.633376144734
19.638559460512
19.643841529041
19.649247848143
19.654727912053
19.660411236863
19.666046790820
19.671840680047
19.677572113922
19.683377564248
19.689195612399
19.695040399612
19.700723052693
19.706647451170
19.712470450941
19.718335297095
19.724059181872
19.729923045186
19.735795621299
19.741611187918
19.747424281261
19.753429499537
19.758530622202
19.769485729550
19.779953393365
19.790839881939
19.801172547476
19.811428840476
19.821923407053
19.832239014819

