Time_s
0.626732311788
0.630625630517
0.634318441870
0.638174277006
0.641809302970
0.645439024601
0.649043261676
0.652712953784
0.656557569446
0.660411737770
0.664209718205
0.667993802321
0.671787159249
0.675581881567
0.679404644630
0.683236703749
0.687080282754
0.690944653144
0.694828281955
0.698734767004
0.702684318765
0.706659187147
0.710668838949
0.714712203238
0.718787275668
0.722899911208
0.727069949031
0.731295900352
0.735621148544
0.740103961746
0.744568287215
0.949786445583
0.958986607781
0.968346302710
0.977963019447
0.987671101880
0.997435455403
1.007294944792
1.017316535371
1.022372170147
1.027470255021
1.032595358730
1.037697009260
1.042813023499
1.047916583196
1.053064873127
1.058338433283
1.063772522437
1.233038076015
1.237282736812
1.241419479801
1.245741050011
1.250213433351
1.254614670163
1.259046136454
1.263543053948
1.268035509569
1.272360219553
1.277193568758
1.282506566399
1.287896339981
1.293260375215
1.298629374075
1.304094400272
1.309577608486
1.315105267680
1.320722771847
1.326356678080
1.332059813634
1.337765195931
1.343361378848
1.349109506215
1.354936894424
1.360439142493
1.365831161175
1.371309003218
1.376809611555
1.382317819215
1.387830670089
1.393362474950
1.398957702727
1.404492254173
1.410062251825
1.415613094332
1.421047575577
1.426548721120
1.431994060378
1.437381982655
1.442725807269
1.447992946364
1.453435845169
1.458744811252
1.464150499308
1.468942271228
1.615416871800
1.620759560812
1.625738493760
1.630635545929
1.635441079802
1.640307407559
1.645138260133
1.649966304734
1.654766353384
1.659538051285
1.664282157991
1.668959471935
1.673618323562
1.678233689445
1.682804752980
1.687434289626
1.692120332707
1.696954552664
1.867008363832
1.870866823504
1.874981799717
1.878889383493
1.882966790694
1.887140359431
1.891358621546
1.895619013869
1.899988647884
1.904558226636
1.909079221450
1.913963248817
1.919279396318
1.924684259657
1.929878999598
1.935294845960
2.017793579151
2.021602531654
2.025734133483
2.029723225707
2.033770060453
2.037712895830
2.041979100820
2.046529019966
2.051387384603
2.056359949364
2.061350979932
2.066429042415
2.071546362228
2.076762031857
2.082112504508
2.087576738430
2.093052823130
2.098664652352
2.104297908684
2.109974964279
2.115607729191
2.120907447516
2.126276248574
2.131486174893
2.136737469185
2.141819888016
2.146822200773
2.151869072173
2.156837564485
2.161762690671
2.166685210978
2.171621948827
2.176556512160
2.181521180749
2.186464043552
2.191387176748
2.196352192336
2.201285377140
2.206171429343
2.211109828285
2.216115726011
2.221034340525
2.225780492930
2.230527153907
2.235218949564
2.239808349695
2.244406512377
2.249004509832
2.253612038804
2.258208068286
2.262791999970
2.267347037081
2.271942339959
2.276547293393
2.281139864852
2.285772603126
2.290396514774
2.295069544514
2.299762566636
2.304519449533
2.309367937334
2.314380029765
2.319534847700
2.324941488844
2.330606621355
2.336094009464
2.341377086634
2.346722535276
2.352104984030
2.357359870363
2.362529605510
2.367706685253
2.372811906088
2.377927448611
2.383077396912
2.388220636330
2.393442597678
2.398732627994
2.403997223141
2.409331410817
2.414658975310
2.420001506626
2.425389351579
2.430828548569
2.436288746324
2.441720970636
2.447308234024
2.453082949713
2.616676771678
2.620224347276
2.624284987615
2.628172644245
2.631945366015
2.635825228300
2.639533296547
2.643858495823
2.647909017586
2.651887125815
2.655957757329
2.659748233887
2.663687601282
2.667428731870
2.671365884712
2.675128605383
2.679053569250
2.682866374336
2.686799653955
2.690550506538
2.694396948021
2.698108236400
2.701900436397
2.705578955886
2.709327902234
2.712980608756
2.716706201966
2.720437075642
2.724148295900
2.727876396113
2.731625796605
2.735397781489
2.739227530254
2.743136486655
2.746951439249
2.750882689259
2.754443975262
2.883513236880
2.887823615801
2.892083750631
2.896302051475
2.900393745104
2.904289292948
2.909116843477
2.913662872581
2.918409469195
2.923152956805
2.927982280708
2.932839931730
2.938330223987
2.943178703951
2.948310827580
2.953793375327
2.959401219208
2.964920709145
2.970139109056
2.975573058012
2.980578756973
2.985982884031
2.990914959194
2.996077982892
3.001282330145
3.006475230909
3.011655556207
3.016843718048
3.022030576729
3.027237777583
3.032425750218
3.037579705817
3.042756273540
3.047914371649
3.053126536947
3.058304719083
3.063605004910
3.068821097116
3.074247969179
3.079750159834
3.085174525230
3.091023457926
3.217837726170
3.227183642467
3.236915627660
3.255411391584
3.260520273416
3.265571307470
3.270676634383
3.275810837525
3.280951581172
3.286164730681
3.291370426144
3.296620797573
3.301886553412
3.307197389738
3.312513147387
3.317789261101
3.323288035052
3.328391871955
3.333869828053
3.339340446460
3.344804026657
3.350233202825
3.355741770288
3.361289460240
3.366889337730
3.372553199467
3.378286092682
3.383906493845
3.543804630123
3.548777663983
3.554563007991
3.560166209538
3.565837098377
3.571522659155
3.577232555066
3.582949066518
3.588664459395
3.594331814005
3.599972724634
3.605667770399
3.611381855830
3.617120339181
3.622865377127
3.628596525509
3.634365306561
3.640127375002
3.645856456801
3.651515799041
3.657156013015
3.662665509338
3.668110731409
3.673059522620
3.678737896497
3.682859182173
3.687411544522
3.692023715891
3.696110388185
3.700531774069
3.704807800315
3.709393413087
3.713639071807
3.718040574157
3.722540865642
3.727052223123
3.731518988900
3.735957213497
3.740401698046
3.744756725863
3.748918644015
3.753266416881
3.757257498909
3.761429474515
3.765498658875
3.769409915613
3.773377009180
3.776840689218
3.780567262281
3.783875249145
3.787201199278
3.967531376415
3.974951306361
3.982568374343
3.990252078965
3.998082845498
4.006161409685
4.014898468245
4.023534774455
4.263048177171
4.267090544578
4.270950442279
4.274925961688
4.278574214377
4.282889632839
4.286957652842
4.291208376232
4.295364486483
4.299523942584
4.303715325302
4.307906982993
4.312106981388
4.316325468619
4.320530196023
4.324690865933
4.328931278214
4.333148575012
4.337351975583
4.341542585975
4.345702786416
4.349894448291
4.354033870846
4.358214303915
4.362414786953
4.366645130443
4.370882339189
4.375113202528
4.379350206238
4.383597284495
4.387881183552
4.392206633653
4.396568437491
4.400986821117
4.405428479779
4.409897688047
4.414428260099
4.418836229535
4.423532779624
4.466636972902
4.471374613838
4.476157861208
4.481115398600
4.486135248783
4.491150133067
4.496242860235
4.501383754281
4.506649607110
4.512019973467
4.517524765295
4.523157948938
4.529126888277
4.535397937283
4.694083846189
4.697999315783
4.702289782621
4.706399074731
4.710037859592
4.713734623497
4.719070667601
4.724015310978
4.728694594423
4.733543368261
4.738446826016
4.743328477825
4.748211562860
4.753119310774
4.758066732637
4.763034619102
4.767972995582
4.773003594091
4.778071710255
4.783273243293
4.788463160048
4.793779081059
4.799292692133
4.956942769266
4.961905004367
4.966774997944
4.971367961781
4.975912819689
4.980285360993
4.985150936090
4.990306667810
4.995395655399
5.000405605500
5.005520226599
5.010666111288
5.015804483076
5.020989132313
5.026126111968
5.031257527396
5.035935690571
5.041159941311
5.046298853486
5.051369355903
5.056356422871
5.061369315762
5.066298668442
5.071134675278
5.075929109752
5.080566960499
5.085082172383
5.089541600774
5.093866675216
5.098096602892
5.102213595249
5.106278369452
5.110303079744
5.114254911138
5.118137622479
5.121930733861
5.125678582342
5.129365232215
5.133008870937
5.136643425204
5.140288132838
5.143904948825
5.147518543364
5.151190007269
5.154875874872
5.158573523792
5.162351743137
5.166174548540
5.170049665524
5.174034956421
5.177990558614
5.288352762302
5.291952934736
5.295541398604
5.299122021873
5.302657645885
5.306158365249
5.309800453633
5.313491659832
5.317191696361
5.320912514142
5.324627526207
5.328357227764
5.332074994194
5.335789337040
5.339506251299
5.343232573960
5.346942189369
5.350638459435
5.354358072416
5.358093364697
5.361869669422
5.365654519595
5.369401571352
5.373066759277
5.376722792370
5.380370786836
5.383985210375
5.387597391061
5.391193424741
5.394772526921
5.398336928532
5.401882949887
5.405457578432
5.409005410106
5.412550211330
5.416115547936
5.419731390713
5.423373817022
5.427067552690
5.430760620396
5.434408463953
5.865062373542
5.869486958524
5.873889304384
5.877806276419
5.881999529705
5.886080405844
5.890246144935
5.895837412164
5.899829863780
5.904439446924
5.909602727067
5.914539540608
5.919559176294
5.924593993785
5.929657028384
5.934712571663
5.939747160076
5.944799378069
5.949826890378
5.954865810498
5.959895922312
5.964938493893
5.969981455599
5.975022089862
5.980066072611
5.985086481750
5.990153632793
5.995226216813
6.000244923026
6.005224501763
6.010173311506
6.015097021994
6.019925182491
6.024850988996
6.029712609856
6.034543670793
6.039458605410
6.044550520088
6.049729131013
6.055065098931
6.060602323278
6.245212763939
6.249443755723
6.253676110011
6.257923654941
6.261977863432
6.266877014961
6.271700826049
6.276894595366
6.282056205384
6.287342491030
6.292728491349
6.298493673379
6.304409351102
6.309858392643
6.538781930320
6.543003544602
6.547151524135
6.551185781989
6.555216778280
6.559403551507
6.564092855928
6.569685811611
6.575241661745
6.580773192179
6.585893650400
6.591036880301
6.596632998467
6.601879851322
6.607467938653
6.612871061969
6.618407831328
6.623925473940
6.629456720297
6.635021479886
6.640551622572
6.646111008048
6.651584388213
6.657205970945
6.662770777269
6.668371534818
6.673942328930
6.679499817148
6.847113191288
6.852748550362
6.858213599327
6.864004612560
6.869496110526
6.875328656905
6.880939830593
6.886859696105
6.892809599953
6.898825361848
6.905005202377
6.911160535441
6.917041503413
6.923511851068
6.929310504996
6.980208148372
6.985954249181
6.991382227340
6.996806621000
7.002264606811
7.007976892268
7.013731862841
7.019337471789
7.024965652982
7.030792784766
7.036376875645
7.042030398845
7.047764265105
7.053624410958
7.059490473301
7.065406782010
7.071294178167
7.077265028495
7.083269400942
7.089160997925
7.095175746659
7.101220041794
7.107227015484
7.113163348178
7.119420617223
7.303504439529
7.307386550484
7.311375770721
7.315209441908
7.318973339493
7.322661686317
7.326782053265
7.331095388955
7.335109198421
7.339127642546
7.343147214274
7.347158164908
7.351198658687
7.355269745476
7.359331216479
7.363389047627
7.367464572202
7.371540632706
7.375617366487
7.379676432357
7.383734228235
7.387799911629
7.391852316170
7.395879756274
7.399899593069
7.403903455119
7.407892877243
7.411857082160
7.415800997689
7.419718063470
7.423610521090
7.427450326844
7.431224556095
7.435048774096
7.438781330052
7.442434873967
7.446035812305
8.018993956896
8.022798546930
8.026828625583
8.030536815821
8.034149189051
8.037921482439
8.041778651151
8.047232298946
8.051353444103
8.056055578352
8.060771802588
8.065569398457
8.070373324312
8.075201410963
8.080047196054
8.084916630944
8.089851704775
8.094783419562
8.099734391787
8.104716456732
8.109683289400
8.114661798007
8.119683293559
8.124657452634
8.129636758375
8.134610065566
8.139588868840
8.144548341153
8.149526416126
8.154517625930
8.159489400708
8.164419088330
8.168849572542
8.173905312902
8.178928715966
8.183892594138
8.188865689513
8.193866664947
8.198822214807
8.203781459354
8.208702479188
8.213616330123
8.218514130338
8.223445717303
8.228284705417
8.233054029477
8.237778676887
8.242440201292
8.247109775906
8.251747608156
8.256388964188
8.261048177968
8.265663687383
8.270287412924
8.274946243254
8.279714756430
8.284757407312
8.289835661386
8.295010844094
8.300281959142
8.305618980270
8.310906234225
8.316206364534
8.321508986548
8.326803101747
8.332141902046
8.337310314879
8.342324272569
8.347378274227
8.352111931411
8.356796291153
8.361417701316
8.366018571928
8.370599331990
8.375217137063
8.379843133409
8.384486482858
8.389129624785
8.393798374215
8.398523185466
8.403231689777
8.407958665626
8.412722555134
8.417488188285
8.422248781949
8.427045027202
8.431852784379
8.436719264041
8.441577023238
8.446465456978
8.451352028202
8.456253946039
8.461154306704
8.466025551041
8.470903089142
8.475815492476
8.480716650177
8.485639422227
8.490673411707
8.495780856449
8.501047082298
8.506434232377
8.512040685983
8.518009943129
8.647584900736
8.651822241096
8.656392180846
8.660707884807
8.665310319954
8.669977457221
8.674787983838
8.679659013384
8.684499144356
8.689384141681
8.694242441827
8.699269320725
8.704344565003
8.709427978319
8.714543693218
8.719750028359
8.724957033778
8.730187310533
8.735421894649
8.740696648215
8.746029695263
8.751339679970
8.756651142292
8.761968195748
8.767303082798
8.772653772116
8.777982687278
8.783311793828
8.788688455215
8.794069287907
8.799551775418
8.805219834804
8.810963939132
8.955461622962
8.959843938608
8.964467085407
8.968902509585
8.977051721743
8.986846716640
9.004989797029
9.010579920115
9.015909210888
9.021336501900
9.026797934921
9.032322622460
9.037850223677
9.043449170827
9.049070849710
9.054703185322
9.060381337209
9.066046448349
9.071760758561
9.077578586775
9.083607636640
9.089901570497
9.095607230945
9.101527758608
9.107518978697
9.113552553106
9.119623340958
9.125790212524
9.168665428896
9.173095709087
9.177797392489
9.182586056240
9.187280273908
9.191470195227
9.196445793803
9.202409124021
9.208002719873
9.213679178360
9.219355709330
9.225064144048
9.230803830828
9.236578461180
9.242376786193
9.248192645349
9.253975040325
9.259686274877
9.265395783654
9.271126882491
9.276900702486
9.282797298616
9.288610945891
9.294408870519
9.300126581857
9.305704966172
9.311275972393
9.316808723179
9.322431726618
9.328092415867
9.333770246659
9.339519429877
9.345196698158
9.350932354870
9.356686083446
9.362495065056
9.368233846213
9.374105466360
9.379941731870
9.385797097080
9.391721895191
9.397580761424
9.403542761777
9.409450045998
9.415608155760
9.421483010408
9.427309687961
9.554711815818
9.559354569349
9.564013609061
9.568722901323
9.583256522516
9.594579013324
9.606044465886
9.624295327798
9.629999243975
9.635709920257
9.641404572833
9.647113243119
9.652714031981
9.658450052116
9.664136189567
9.669851030145
9.675535791251
9.681221752108
9.686940421169
9.692645560640
9.698296176140
9.703960394430
9.709682814551
9.715362529183
9.720969521611
9.726634074314
9.732296581036
10.266724783100
10.275301422718
10.283349477348
10.291917683347
10.301268712424
10.310565401250
10.315444623231
10.319931668645
10.324584825106
10.329136243903
10.333647617898
10.338141367367
10.342770353092
10.347496716411
10.352221087803
10.356892191926
10.361428139601
10.365990093951
10.370504850431
10.374956388086
10.379395491244
10.383718050261
10.388057125619
10.392297510044
10.396502332147
10.400640264070
10.404721516984
10.408776263050
10.412847792860
10.416938712677
10.421064324882
10.425238146925
10.429537349582
10.433865680945
10.554009119870
10.557805923219
10.561766209287
10.565671895400
10.569389669863
10.573419104661
10.577600204000
10.581801166241
10.586221757081
10.590610849857
10.595030871424
10.599249769237
10.603467028544
10.607692891061
10.611921246949
10.616180611882
10.620459187565
10.624746102043
10.629021096665
10.633333243833
10.637587865679
10.641829227496
10.646164820892
10.650516792166
10.654797527159
10.659107695846
10.663474042764
10.667833323641
10.672167170769
10.676505680405
10.680850805060
10.685219767018
10.689579723857
10.693967174787
10.698375888603
10.702825442617
10.707349016241
10.711929656876
10.716602601608
10.721407712190
10.726208641552
10.731006257325
10.735858740027
10.740703912492
10.745506612431
10.750224901435
10.754904432220
10.759595730273
10.764281154089
10.768983558236
10.773754486333
10.778588445450
10.783422535112
10.788319020296
10.793298280020
10.798275302050
10.803330748977
10.808535825997
10.813814070387
11.087089958243
11.090681709553
11.094594686347
11.098684872083
11.106995885287
11.116091973695
11.125179253438
11.134357056129
11.143688691815
11.152970508117
11.162299612823
11.171866544977
11.181580824077
11.186510873989
11.191346305394
11.196257357307
11.201127767792
11.206033942698
11.210923995908
11.215774934843
11.220672045274
11.225498827144
11.230331893913
11.235223037558
11.240021560008
11.244909500037
11.249747173774
11.254611431464
11.259477578436
11.264315405269
11.269155461171
11.273972025065
11.278776407148
11.283634808777
11.288444486112
11.293227351821
11.298003973172
11.302797729396
11.307567678066
11.312386293023
11.317156127905
11.321889318317
11.326625086925
11.331351908909
11.336073846156
11.340772800010
11.345480451897
11.350156773669
11.354895286978
11.359524498405
11.364322447536
11.369069429355
11.374235899690
11.379375093679
11.384106917326
11.388785877350
11.753330531005
11.758540545893
11.763650788979
11.768751783409
11.773848364120
11.778899585505
11.783962858530
11.789000362152
11.794055644988
11.799129577273
11.804312181743
11.809558228887
11.814660408655
11.956050135547
11.960804279756
11.965476115356
11.969760098422
11.974771429862
11.979860805125
11.985021332471
11.990194683699
11.995502225040
12.001047001790
12.007046934448
12.013269676367
12.019744446921
12.024930456498
12.208869108604
12.212893427111
12.217688373138
12.222084230698
12.226446573163
12.231265552789
12.236244688041
12.241185235124
12.246110859987
12.251064142380
12.256016607075
12.261022343699
12.266133041609
12.271244319707
12.276388558129
12.281497871280
12.286578783064
12.291634390939
12.296699889030
12.301743182597
12.306725050525
12.311658090203
12.316540620809
12.321314793149
12.325975241475
12.330660531460
12.334954656088
12.339424923154
12.343272592565
12.347462574121
12.351482122278
12.355334571094
12.359296565965
12.363008586755
12.366893645838
12.370648261200
12.374556676121
12.378305764493
12.382293476689
12.386186887093
12.390431474131
12.394566235061
12.398641968041
12.402370180823
12.533792870307
12.539095545885
12.543826966568
12.548644840823
12.553640495749
12.558680165399
12.564265920785
12.569062999734
12.574130626442
12.579283007077
12.584467428684
12.589608244005
12.594843169808
12.599675807276
12.604938341692
12.610129070481
12.615293958864
12.620598817164
12.625939162838
12.631319818459
12.636755820235
12.642278580998
12.648138751877
12.654100730595
12.659504851099
12.664982295474
12.670571166644
12.676331032752
12.682087261468
12.687970538123
12.693915882849
12.699940767492
12.706080265188
12.712241921533
12.718294376595
12.723682355045
12.729965465619
12.734815582007
12.739469833489
12.744729411369
12.749944073849
12.755089905102
12.760211290157
12.765314299222
12.770429768255
12.775478614130
12.780417058583
12.785391905093
12.790326106070
12.795270697218
12.800471740616
12.805326940418
12.810134767562
12.994366238475
12.998645437919
13.002989489426
13.007314603756
13.011735357998
13.016080976028
13.020518378610
13.026217667242
13.030764932370
13.035962296684
13.041264279158
13.046466656173
13.051743422670
13.057049223455
13.062345938784
13.067645396583
13.072958657951
13.078317873806
13.083624001857
13.088908355730
13.094198512580
13.099423916391
13.104675739300
13.109925179339
13.115138651743
13.120382729569
13.125642623860
13.130825494257
13.136002451620
13.141186050650
13.146377761185
13.151579191820
13.156795412520
13.162073655286
13.167421634344
13.172880146189
13.178443409243
13.184162772065
13.189831178387
13.348219144571
13.353659963983
13.359251835799
13.364869031672
13.370562584532
13.376275737290
13.381990542704
13.387775728883
13.393505156910
13.399270233728
13.405051445273
13.410819182420
13.416605507290
13.422416432800
13.428203805411
13.434029818069
13.440007139276
13.446335526962
13.647910061983
13.658231452634
13.668772589633
13.679599811451
13.690734850319
13.702036482853
13.712823017858
13.723452207911
13.734560740401
13.743027634863
13.748591368908
13.754270368787
13.760215085241
13.766143664139
13.858605289498
13.862308780019
13.866774748796
13.871154154858
13.875968380787
13.888801824432
13.899588969140
13.910573956499
13.921436545745
13.932142328855
14.541804190517
14.547200266540
14.552969525472
14.558361461658
14.564683406208
14.627362323119
14.632104027724
14.636548134237
14.641771408909
14.646734036334
14.651657560832
14.656605911353
14.661517843251
14.666614706188
14.671803884063
14.677062300402
14.682247870747
14.687557027193
14.692631461503
14.697794544713
14.703035827839
14.708164649759
14.713392148628
14.718764784532
14.869903065214
14.878119354489
14.887017044537
14.896051283906
14.905290945206
14.914525728694
14.923246357058
14.927823290869
14.932476968890
14.937066387289
14.941690579826
14.946289422952
14.950978647559
14.955751203060
14.960655210052
14.965668896388
14.970708618855
14.975687851041
14.980763228611
14.985812294665
14.990914892377
14.995960596572
15.001037070948
15.006147733219
15.011451596129
15.016801004595
15.022224822226
15.027520994409
15.077113233225
15.081413513316
15.085765952651
15.090139814803
15.094299898407
15.099516549107
15.104232929049
15.109286384163
15.114220971161
15.119176712775
15.124210704142
15.129281522514
15.134406104579
15.139536922613
15.144685489877
15.149866307515
15.155080766640
15.160279028412
15.165619237675
15.170873239826
15.373204331746
15.378232983944
15.383230954077
15.388298789279
15.393402231387
15.398547708892
15.403816679322
15.409237567456
15.414817488738
15.420163628642
15.424961750290
15.429776780623
15.434780429531
15.439743283354
15.444640242625
15.449527558804
15.454431640940
15.459349296042
15.464269394917
15.469205110775
15.474127995199
15.479103563118
15.484151273440
15.489245310620
15.494383433855
15.499625017682
15.505091150203
15.510438288245
15.515884346616
15.521325548197
15.526753672495
15.532345006418
15.537916409106
15.543362027741
15.548708285436
15.553891884413
15.558998771145
15.564072809504
15.569116005502
15.574113356794
15.579078370664
15.584089586375
15.589118633749
15.594150997069
15.599255648249
15.604383384003
15.609623047211
15.614920760146
15.620252181500
15.625566254323
15.630972880258
15.636572044837
15.642389660179
15.648453386814
15.654714512500
15.660695808125
15.727822711281
15.732142601380
15.736940840215
15.741706826518
15.746135603676
15.751970110775
15.757281848312
15.762890831616
15.768516144254
15.774282650762
15.780439207046
15.786769096352
15.793042832995
16.007824096511
16.012066648440
16.016617715520
16.021049350537
16.025487186753
16.029888595544
16.035330024738
16.044201076222
16.054044537618
16.063983327292
16.074117879588
16.084289770939
16.094464816943
16.104605079061
16.114749298892
16.124960095848
16.135325686399
16.145881173398
16.156739384944
16.167800267893
16.178977875800
16.190138590470
16.195916019007
16.201225307763
16.206776754822
16.212269697343
16.217746645211
16.223295297840
16.228765622114
16.234305851764
16.239778513689
16.245281466181
16.250791736450
16.256387648261
16.261993663271
16.267639360347
16.273195997512
16.278789272536
16.284325693757
16.289841314502
16.295394298418
16.301115149118
16.306863464634
16.312830273044
16.318775513664
16.324349164026
16.329916730271
16.335675058172
16.341509382042
16.347454339253
16.353238931469
16.359152804832
16.364723025748
16.369435449502
16.374177795075
16.479659114599
16.490856703034
16.501697332289
16.512642029218
16.523475134339
16.534418865158
16.545116395213
16.555942147989
16.566538578870
16.576938380886
16.586942794452
16.596544399686
16.605854631169
16.614821102975
16.623722507757
16.632860494691
16.893466610045
16.896894214819
16.900458702353
16.904073769419
16.907496145599
16.910911007953
16.916024215242
16.921152629215
16.926150949579
16.930856660878
16.935592924016
16.940319803393
16.945039406278
16.949814522969
16.954658121350
16.959559080533
16.964489177085
16.969519008655
16.974484486166
16.979310038393
16.984122347055
16.988990913439
16.993890673106
16.998789252497
17.003672216102
17.008618413521
17.013556901274
17.018584753624
17.023722068215
17.028840711613
17.033900998007
17.038816422697
17.043675992369
17.048536494517
17.053430175685
17.058354815534
17.063280786793
17.068250970718
17.073250004229
17.078273815052
17.083338348827
17.088452011566
17.093599709148
17.098698583761
17.103997295302
17.109351058136
17.114805273344
17.120295102188
17.125826680160
17.131371118013
17.136887640415
17.142354152445
17.147837871124
17.153259938057
17.158653554099
17.164008803473
17.169311570148
17.174636765530
17.179982799641
17.185297855798
17.190613559456
17.195949361513
17.201291377119
17.206664029899
17.212042535863
17.217432975868
17.222832411404
17.228212272220
17.233606424620
17.238988441241
17.244372537518
17.249757345797
17.255233538181
17.260783124528
17.266343268552
17.271963664678
17.277694814672
17.283512304969
17.289443321134
17.295503600446
17.301637206346
17.307690051237
17.313734047715
17.319752270049
17.325649675666
17.336194509895
17.341767152478
17.346888365275
17.352161394295
17.357600417419
17.362736636135
17.368168231158
17.373181942046
17.378552020698
17.383796858537
17.389062163326
17.394356355353
17.399602576641
17.404878675814
17.410136139588
17.415362569621
17.420591527176
17.425755672820
17.430986011751
17.436095898711
17.441212005064
17.446312818539
17.451356067586
17.456343863533
17.461301705854
17.466180335088
17.471010008969
17.475794355151
17.480587584026
17.485360796343
17.490128460287
17.494865602921
17.499648748263
17.504468389607
17.509358089565
17.514388646712
17.519494539919
17.524753288818
17.529863949113
17.534666582883
17.539470881539
17.544302423691
17.549108533536
17.553867403867
17.558621961376
17.563435094292
17.568250193298
17.573081530225
17.577910703830
17.582775018640
17.587654142666
17.592536916988
17.597447075817
17.602362918793
17.607328184527
17.612287025340
17.617294988366
17.622307183807
17.627343906470
17.632193902151
17.637222786877
17.642250676380
17.647238420563
17.652219176489
17.657199704461
17.662231374810
17.667239244861
17.672256163095
17.677293779725
17.682309117783
17.687347367009
17.692371064749
17.697355784402
17.702299632371
17.707261514671
17.712278041663
17.717125798813
17.721938739331
17.726706826243
17.731482923047
17.736333692057
17.741475423930
17.746884636146
17.752123583624
17.757423301478
17.762767194189
17.767953129849
17.772984395500
17.778006369839
17.783240781578
17.788356743937
17.793465722659
17.798468609059
17.803527700289
17.808602602589
17.813653852133
17.818711288097
17.823798789149
17.828979926214
17.834065994331
17.839260167046
17.844384601143
17.849506105015
17.854629144977
17.859700422403
17.864763615232
17.869795786648
17.874815534716
17.879863308582
17.884993677844
17.890109859184
17.895332404405
17.900622598383
17.905916762679
17.911219852184
17.916551927889
17.921907753558
17.927249391882
17.932678237941
17.938097926440
17.943505709150
17.948946730783
17.954391741144
17.959845887454
17.965300492128
17.970727188229
17.976218140015
17.981720926516
17.987091347289
17.992543615142
17.997934759316
18.003361039810
18.008422637969
18.017576834277
18.025422659804
18.033395372495
18.326339648587
18.345362502525
18.350924504346
18.356399178305
18.361813611612
18.367241080310
18.372634761188
18.378035008653
18.383464872093
18.388896383601
18.394355102240
18.399868921223
18.405379905722
18.411416461583
18.416563916896
18.421883151199
18.427309320540
18.432344987828
18.437524820760
18.442681897924
18.447761465334
18.452848791409
18.457934775532
18.463024423600
18.468134839084
18.473249322460
18.478363171183
18.483538048968
18.488781461585
18.493966570514
18.499261593329
18.504556960715
18.509803260922
18.515127279295
18.520440429450
18.525959851442
18.531230630832
18.536406932575
18.541918582370
18.547156427733
18.552359502195
18.557636228543
18.562951643465
18.568458217257
18.573738091639
18.579289120496
18.584843554588
18.590328648573
18.596021008585
18.601828261337
18.607402087075
18.612984787707
18.618477008262
18.623820032981
18.629229465760
18.634615036123
18.639889489794
18.645305919881
18.650820584459
18.656374966187
18.661997496913
18.667668086395
18.673387002455
18.679167196897
18.684932088183
18.690653774777
18.696386203652
18.702130987188
18.707861302756
18.713590697954
18.719361732493
18.725159756728
18.730941503290
18.736709163367
18.742594967192
18.748316998150
18.754747632140
18.757009708059
18.759103695441
18.761368775618
18.763532156988
18.765657136398
18.767711504595
18.769728840729
18.771857488276
18.773901812700
18.775760036165
18.777805696829
18.779815439733
18.781646618497
18.783658413484
18.785658909457
19.147376501731
19.152018834767
19.156876555677
19.161490090643
19.166370886249
19.172505744895
19.177149888992
19.182165824607
19.188218514410
19.193549054547
19.199304586543
19.204898009904
19.210574933128
19.216250839585
19.221930819864
19.227639384650
19.233350595342
19.238983305360
19.244675943213
19.250332640003
19.255935421997
19.261611906616
19.267205357170
19.272713584885
19.278252835334
19.283871220976
19.289501489752
19.295130699087
19.300856473270
19.306557136676
19.312289595418
19.318153114584
19.324027009327
19.466235758295
19.470759788460
19.475389959427
19.489194012208
19.500213640964
19.511324107742
19.522485362735
19.533656321749
19.544903802114
19.556294341398
19.567656994086
19.579058815044
19.757572056942
19.762024659325
19.766356425620
19.770698641935
19.774961545493
19.779119900727
19.783406881162
19.787756602591
19.792113770668
19.796430514239
19.800690085634
19.804900643375
19.809071676395
19.813202492448
19.817318966617
19.821396603915
19.825495631741
19.829474628064
19.833568988112
19.837593292875
19.841543460641
19.845469660374
19.849346853745
19.853199363875
19.857093942652
19.860921103192
19.864831406845

