Time_s
0.857941597666
0.861610885996
0.865123290431
0.868648600489
0.872098623596
0.875576695775
0.879036046081
0.882523944787
0.885983102851
0.889485897285
0.892988547380
0.896438096728
0.899944186835
0.903433560159
0.906939848905
0.910442290536
0.913933637985
0.917508514470
0.921085021576
0.924667109134
0.928269253685
0.931865994274
0.935503553401
0.939144093241
0.942816080088
0.946497953535
0.950219803442
0.953948896349
0.957695604363
0.961467844079
0.965246789521
0.969036697578
0.972866728799
0.976644547233
0.980503916610
0.984377638918
0.988256178587
0.992117498235
0.995980362571
0.999842995037
1.003703582421
1.007603276469
1.011464325650
1.015299169480
1.019243209116
1.023183574845
1.027156382651
1.031183377166
1.035223802899
1.039275832371
1.043177511570
1.047084007454
1.050911962605
1.176330466695
1.179203412471
1.183229072839
1.186515544646
1.189996891653
1.193099452893
1.196247088118
1.199437413899
1.202600384262
1.205792850714
1.208933077123
1.212136409471
1.215275807515
1.218480666431
1.221651241433
1.224860231164
1.228010319225
1.231256134627
1.234383487052
1.237619160487
1.240788358036
1.244066730063
1.247241037652
1.250539610991
1.253718645851
1.257009442485
1.260203760629
1.263507708172
1.266719806269
1.270019613088
1.273226493222
1.276517670046
1.279773902672
1.283059445356
1.286318806248
1.289615163955
1.292843971332
1.296156435684
1.299457089876
1.302813548511
1.306143622134
1.309534498783
1.312949481698
1.316448678284
1.319916682657
1.323444632169
1.326986643594
1.330746149233
1.334578370347
1.338764840910
1.342509750236
1.483691138629
1.488503423594
1.493550837288
1.498596817732
1.503650131548
1.508742860409
1.513863366385
1.519012200045
1.524196377734
1.529367847597
1.534548721140
1.539716782034
1.544919722851
1.550137073609
1.555400250700
1.560674330516
1.565944819023
1.571238372929
1.576512868738
1.581763312404
1.587024084321
1.592322419441
1.597573685430
1.602796659015
1.607943624239
1.613053498371
1.618219947754
1.623350227013
1.628496607047
1.633675385267
1.638850286476
1.644034303386
1.649292538963
1.654495835359
1.659699122282
1.664873214780
1.670014517248
1.675185205361
1.680324968925
1.685390210209
1.690472652886
1.695546969427
1.700572584507
1.705582571847
1.710597733675
1.715525235769
1.720519645931
1.725486896412
1.730584310273
1.735631466113
1.740614854812
1.745549596045
1.750422068440
1.755617071864
1.760977440387
2.078355713161
2.087800571658
2.097141924378
2.106313451036
2.115858005936
2.133451902299
2.138024022238
2.142505709512
2.146949345285
2.151356551627
2.155717187028
2.160018422778
2.164289096296
2.168488879218
2.172645006803
2.176775005994
2.180901204127
2.185116197606
2.189419218233
2.193650920244
2.327371388542
2.331698524903
2.336080733724
2.339590968271
2.343048909793
2.346672895096
2.350324272984
2.353962448490
2.357634321169
2.361336869537
2.365038616273
2.368742802137
2.372466114795
2.376198917168
2.379924477954
2.383664022968
2.387423992911
2.391168370176
2.394901286690
2.398621147192
2.402333691172
2.406085201856
2.409952456535
2.414029073468
2.418185807311
2.422315697525
2.426473571566
2.430682905421
2.434846851749
2.438908217785
2.442675644074
2.517392459082
2.521587938051
2.525371651195
2.529188190154
2.533054305349
2.536952468459
2.540905505728
2.544929735054
2.549088738890
2.553450988110
2.557968973201
2.562542881736
2.567110699945
2.571731840917
2.576367498543
2.581053264308
2.585830350458
2.590667917224
2.595503402730
2.600439334952
2.605309215066
2.610150849056
2.615095984062
2.620105411583
2.625058113596
2.630012537166
2.634942562017
2.639809942485
2.644524575650
2.649276670633
2.653891737944
2.658421105196
2.662883331359
2.667320580493
2.671696912405
2.676038853984
2.680368900188
2.684652876939
2.688922064704
2.693206818651
2.697470991229
2.701746749439
2.706031593554
2.710313607348
2.714717728139
2.719082653731
2.723452773089
2.727837518221
2.732238670265
2.736658378170
2.741085103843
2.745537202216
2.749997310670
2.754483888704
2.758987483906
2.763524124951
2.768054308051
2.772565294094
2.777083954522
2.781577406693
2.786031782203
2.790468394623
2.794895605909
2.799431209837
2.803974514627
2.808482143843
2.813033204155
2.817592697031
2.822210200857
2.826928452012
2.831771123443
2.837051111625
2.842225874900
2.847098217001
2.851492789433
2.856147167026
2.861064961173
2.866104818187
2.871138921817
2.876266439081
2.881359668380
2.886561198718
2.891824767779
2.897028521312
2.902261635510
2.907426959347
2.912608606965
2.917803185486
2.922991580073
2.928153490672
2.933299527194
2.938448764313
2.943562815576
2.948799382493
2.953833656125
2.958881282044
2.963834485264
2.968379280968
2.973101432346
2.977872513589
2.982684901670
2.987502617776
2.992315518215
2.997111496279
3.001921087857
3.006739806786
3.011610786549
3.016524241594
3.021416066164
3.026346366716
3.031312088960
3.036263680833
3.041270648085
3.046317299827
3.051367630605
3.056469161448
3.061603189806
3.066776917099
3.071996694023
3.077272265341
3.082515964666
3.087492235192
3.092479240287
3.331508249778
3.335897448401
3.339657372761
3.343621649250
3.347867595317
3.352345411380
3.357006730221
3.361677765223
3.366405542174
3.371097133218
3.375827444407
3.380579716341
3.385386597949
3.390208198584
3.395048239704
3.399873209272
3.404700173968
3.409564580446
3.414423067709
3.419283745182
3.424156368448
3.429030290682
3.433920808701
3.438790351756
3.443701076725
3.448587288964
3.453433790395
3.458321651897
3.463182722143
3.468002927106
3.472829799254
3.477649939747
3.482445607590
3.487236536607
3.491997296594
3.496736431398
3.501464461716
3.506134009007
3.510727864478
3.515334151102
3.519930134615
3.524540506101
3.529091120135
3.533616337977
3.538107101095
3.542605890743
3.547070402993
3.551510552616
3.555941914325
3.560385235438
3.564813447332
3.569233235349
3.573683506984
3.578105374343
3.582508037772
3.586892371589
3.591311093947
3.595649390941
3.599978142887
3.604282558216
3.608562936964
3.612705249780
3.616952377433
3.621135072717
3.625374972815
3.629664311413
3.633921370625
3.638092160477
3.642218784087
3.646256877204
3.650273261211
3.654586273224
4.104493350764
4.108808927360
4.113273343478
4.117480767616
4.122038582328
4.126713505112
4.131633055154
4.136297832410
4.141078766043
4.145790501448
4.150551883430
4.155324292152
4.160063344079
4.164834633693
4.169602570542
4.174361155222
4.179095988202
4.183790433930
4.188492402254
4.193160295707
4.197821922468
4.202465017016
4.207137239154
4.211800607565
4.216467742723
4.221122176174
4.225792030113
4.230514120220
4.235265107619
4.240016854570
4.244750891951
4.249530183394
4.254335742965
4.259167586702
4.263992230682
4.268824503035
4.273651560253
4.278452562727
4.283203095703
4.288392563591
4.293544011521
4.298421833236
4.302833391991
4.377322281821
4.382038574197
4.386900544046
4.391665658893
4.396405618315
4.401145645563
4.405921115921
4.410635027361
4.415419624716
4.420213433740
4.425032512504
4.429892737141
4.434742983040
4.439577630925
4.444397871095
4.449265202279
4.454209980947
4.459277246280
4.464387248222
4.469527036536
4.474659617725
4.479779444633
4.484906211101
4.490032510946
4.495178489676
4.500375313940
4.505570801752
4.510775140524
4.516006833156
4.521294614390
4.526564258997
4.531761148689
4.536952803067
4.542284703729
4.668614297749
4.673501179432
4.677674502524
4.681623443634
4.686055677052
4.690567734909
4.695146770769
4.699755359294
4.704478212515
4.709321945383
4.714227822998
4.719113825923
4.724057884238
4.729006143312
4.733980054293
4.738924603550
4.743873467898
4.748843032441
4.753843414796
4.758870907179
4.763870699666
4.768947727896
4.773931484243
4.778853928973
4.783879452682
4.788888614053
4.793894571948
4.798876438411
4.803842399996
4.808877036832
4.813889806720
4.818989305984
4.824024813030
4.829099163923
4.834189041370
4.839313678527
4.844518869041
4.849790732345
4.855064859553
4.860357680114
4.865639621661
4.870944613248
4.876200009675
4.881428647563
4.886642258958
4.891888700823
4.897140651117
4.902396283563
4.907668388382
4.912957803305
4.918232391346
4.923513726539
4.928752738328
4.934007250389
4.939386393025
4.944909465828
4.950610460920
5.105297305265
5.110309752250
5.115269221479
5.120492938310
5.125834810977
5.131133473250
5.136556752540
5.141787344065
5.147524905873
5.162629449258
5.173060985359
5.183027924930
5.193824862589
5.202591529821
5.210518469406
5.222978997453
5.739416932327
5.742805393195
5.747083417035
5.751308269246
5.755192620335
5.759490996141
5.763591006820
5.767774768795
5.771949902610
5.776170758708
5.780393779655
5.784641545860
5.788875529196
5.793146325177
5.797460248795
5.801796030290
5.806588451758
5.811826998847
5.816612858071
5.821177534028
5.825545083283
6.096587240272
6.101624957046
6.105883467829
6.110262386041
6.114096395792
6.118502976680
6.122782840440
6.127127659811
6.131532315084
6.136003513666
6.140540959032
6.145101799414
6.149726668644
6.154226852994
6.158606413960
6.162958233082
6.167317411270
6.171672465369
6.176041610836
6.180404632833
6.184768306569
6.189128472464
6.193460038435
6.197802627946
6.202131631517
6.206436836357
6.210755899262
6.215048075570
6.219349175929
6.223638592253
6.227935769360
6.232210414038
6.236451031363
6.240661355217
6.244881352839
6.249070208798
6.253230100402
6.257390404972
6.261537371308
6.265647812678
6.269734558439
6.273812747792
6.277816026840
6.281796483251
6.285802907169
6.289793082800
6.293764240712
6.297716749768
6.301696166960
6.305662110086
6.309618195383
6.313570665800
6.317506541197
6.321447542822
6.325407175638
6.329361423758
6.333306064010
6.337264626362
6.341232311934
6.345200785856
6.349184732336
6.353191609861
6.357235477100
6.361320736286
6.365440373160
6.369567551414
6.373763721252
6.378035332243
6.382292051987
6.386593554030
6.390987231798
6.395385127155
6.399814308234
6.404207263457
6.408566412771
6.412887699289
6.417261516749
6.421703586004
6.426219620171
6.430840845490
6.435489757057
6.440143149909
6.444864260114
6.449644833592
6.454490313697
6.459342286121
6.464192117078
6.469109096760
6.474026458628
6.478990306412
6.483938117407
6.488905215709
6.493886179300
6.498936314889
6.504050346603
6.509261259190
6.514630815106
6.520053311745
6.525412835338
6.530342926867
6.683653349846
6.687865897226
6.692153656401
6.696022510991
6.700697639280
6.705357550468
6.710073504747
6.714854238886
6.719665899902
6.724529098314
6.729446608577
6.734400193638
6.739319643545
6.744279489262
6.749242466456
6.754162765091
6.759122563036
6.764076540986
6.769051776623
6.774008220749
6.779016530766
6.783949759887
6.788965391824
6.793905384400
6.798845768704
6.803780350887
6.808706554317
6.813605212497
6.818474818839
6.823337184219
6.828172524804
6.833013585929
6.837754861092
6.842418866549
6.847049721817
6.851798041639
6.856570361254
6.861406493917
6.866180227812
7.026615602006
7.030295653172
7.034627100818
7.039249060105
7.043375714552
7.047496071539
7.051727366704
7.056035987424
7.060369043346
7.064682035281
7.068980549027
7.073306622959
7.077656724969
7.082008656720
7.086371539382
7.090732823901
7.095055980338
7.099357646110
7.103727033350
7.108180631025
7.112651533301
7.117137386391
7.121657111849
7.126200269442
7.130750876193
7.135289740071
7.139820218243
7.144373288942
7.148936849814
7.153482796646
7.158029973817
7.162566560073
7.167110396374
7.171665684927
7.176200139938
7.180722499080
7.185214038388
7.189709923811
7.194231343744
7.198793307109
7.203356964643
7.208039739213
7.212708550217
7.217241232858
7.221648774316
7.225994255692
7.230611332841
7.234600435317
7.238415406567
7.342800469160
7.347212889649
7.351509368232
7.355840513551
7.359935494453
7.364239268197
7.368581734115
7.372961307655
7.377388453178
7.381856903665
7.386359719906
7.390873787773
7.395424332093
7.400016242980
7.404636725602
7.409233674350
7.413891239329
7.418593570342
7.423267546231
7.427969017509
7.432628879407
7.437307507069
7.442101657937
7.446890136779
7.451637973128
7.456460849113
7.461248191024
7.466032140292
7.470882347961
7.475679132777
7.480509823206
7.485377450569
7.490219292369
7.495070819462
7.499880600004
7.504722335418
7.509533463702
7.514325804446
7.519106162246
7.523891359553
7.528655425351
7.533350813681
7.538057040188
7.542795040391
7.547475809851
7.552165318873
7.556859046116
7.561576555274
7.566286307990
7.571032978631
7.575815513871
7.580682274899
7.585520835216
7.590270268602
7.595125997795
7.600478475448
7.604971601308
8.036837420759
8.040419288554
8.044482856409
8.048468588363
8.052470610685
8.056908394977
8.061408351967
8.065997033829
8.070599989164
8.075271847641
8.079974353908
8.084682429047
8.089395191928
8.094131868119
8.098876385292
8.103635628614
8.108382170328
8.113148480737
8.117883108733
8.122670036357
8.127412012806
8.132160914195
8.136894094624
8.141599399951
8.146317426577
8.151017073838
8.155690062761
8.160369220410
8.165023611952
8.169691493597
8.174311806479
8.178913502152
8.183476762790
8.188040123216
8.192516858489
8.197027909689
8.201534565160
8.206136486070
8.211038858848
8.215689405259
8.220269622528
8.224953480165
8.453536796476
8.457801193128
8.461201789694
8.465409605556
8.469639816845
8.473922129901
8.478212969197
8.482577532126
8.486986010507
8.491376897026
8.495781971201
8.500217193397
8.504676467004
8.509154618589
8.513628613560
8.518124870863
8.522633139629
8.527131217326
8.531673885433
8.536147589561
8.540805624499
8.545975144258
8.550684767287
8.554976072771
8.559063004600
8.563225420601
8.749999729977
8.753937373604
8.758151102715
8.762340863756
8.766547493275
8.771224841179
8.775992321692
8.780723194931
8.785368725486
8.790080475871
8.794800875364
8.799549552259
8.804342869965
8.809154726924
8.813970724813
8.818813211451
8.823656626838
8.828494006199
8.833354842924
8.838207435689
8.843054331105
8.847978702379
8.852890895689
8.857832149313
8.862765090989
8.867717031263
8.872672531902
8.877656753023
8.882668011387
8.887681670412
8.892711532062
8.897741370804
8.902772294107
8.907804779963
8.912861858310
8.917932256986
8.923066649437
8.928190470104
8.933365649574
8.938520943490
8.943706986851
8.948898336204
8.954078272486
8.959220249133
8.964382376728
8.969508211444
8.974668534149
8.979822155788
8.984986586911
8.990272396098
8.995738917417
9.001254326846
9.005878237164
9.010812398491
9.015879322862
9.020631233293
9.025873422783
9.030835152649
9.035740266211
9.040718832248
9.045853227034
9.050888286998
9.056144759784
9.061110519913
9.066368637124
9.070925860173
9.076321005056
9.081427660441
9.086722990789
9.091770518967
9.097149241199
9.102270860822
9.107590148658
9.112805279208
9.118093727143
9.123405537151
9.128685365414
9.133978358692
9.139283062280
9.144552535041
9.149820794332
9.155117737523
9.160375327691
9.165671327053
9.170928649524
9.176134605498
9.181254433632
9.186352666537
9.191408690843
9.196386062734
9.201472784534
9.206565087859
9.211628187196
9.216683826527
9.221802924879
9.226920962589
9.232089640178
9.237307719579
9.242590662962
9.247911329138
9.253256115988
9.258610633663
9.264007208737
9.269386013339
9.274773414271
9.280206012655
9.285617295352
9.291063443129
9.296508682780
9.301933271696
9.307376497602
9.312814551820
9.318263663993
9.323669244659
9.329014765484
9.334425410602
9.339843977893
9.345366862665
9.351032951959
9.356673311742
9.362295511119
9.368092281828
9.373531992661
9.548997303039
9.553648358783
9.558793948234
9.563174869134
9.567267058458
9.572198004649
9.577013574942
9.582063678342
9.586876320424
9.591723971455
9.596555438282
9.601402997631
9.606275900194
9.611146736651
9.615883981121
9.620691654958
9.625448589609
9.630219693039
9.635000035567
9.639745399205
9.644434713497
9.649083945468
9.653693913046
9.658251396414
9.662782793401
9.667302116641
9.671827454075
9.676370038557
9.680865238276
9.685365468765
9.689842668500
9.694355101258
9.698845456855
9.703333188731
9.707875175357
9.712630367104
9.717646942688
9.722092783031
9.890396096330
9.894757025877
9.898955242113
9.902955262048
9.907443641458
9.911889422190
9.916622201808
9.921261797940
9.925941332478
9.930622101838
9.935407407603
9.940208734703
9.945085796846
9.949878270705
9.954711274537
9.959617173749
9.964503318442
9.969391078468
9.974308057836
9.979237631937
9.984173700946
9.989092588066
9.994046685803
9.999012881353
10.004057810992
10.008984952752
10.013906140587
10.018827659735
10.023773192755
10.028701332234
10.033656777415
10.038534592816
10.043436000164
10.048315689355
10.053190084289
10.058057019317
10.062944652787
10.067850162664
10.072853372959
10.077944050751
10.083087689545
10.088152621789
10.093214785115
10.098310157897
10.103326033686
10.108168862170
10.112997190833
10.117769687403
10.122804142514
10.429790970955
10.433795857558
10.438183463386
10.442540100612
10.446614916628
10.451324049880
10.455919673680
10.460448689537
10.465002143380
10.469540428914
10.474061333032
10.478608943141
10.483185817421
10.487770487098
10.492369766853
10.496966407107
10.501574675722
10.506190918788
10.510811320782
10.515430179082
10.520042130077
10.524654040583
10.529302519171
10.534105593450
10.538796414738
10.543331342760
10.547857255780
10.552446511813
10.557051599616
10.561668938562
10.566292208637
10.570909128780
10.575530394864
10.580184693575
10.584850728263
10.589489274902
10.594174541243
10.598839868088
10.603530452861
10.608212530322
10.612906510620
10.617598814786
10.622288288581
10.626984649714
10.631595884314
10.636041831559
10.640846497905
10.645580184171
10.650283114655
10.654993697005
10.659720224010
10.664461677771
10.669173748059
10.673875905776
10.678573291217
10.683270886214
10.687945155834
10.692637359838
10.697318135855
10.701977818974
10.706631033992
10.711272016179
10.715900818477
10.720456180214
10.724862379726
10.729256461564
10.733661271951
10.738025646969
10.742402866161
10.746784382282
10.751172776294
10.755551156391
10.759965406798
10.764494266543
10.769084891629
10.773734983996
10.778443828782
10.783184830332
10.787969759201
10.792688718997
10.797456351458
10.802212824871
10.806922987409
10.811614958460
10.816299179762
10.820908521360
10.825583097927
10.830253758251
10.834955355485
10.839640135766
10.844347828486
10.849047884918
10.853751469399
10.858470285760
10.863157227440
10.867879860102
10.872611015723
10.877367889492
10.882115616056
10.886926944619
10.891725747211
10.896533649672
10.901367005934
10.906205156610
10.911067251454
10.915939999322
10.920851078092
10.925751923277
10.930680987587
10.935592092478
10.940480068231
10.945384532879
10.950343960014
10.955347606864
10.960382971724
10.965420293107
10.970608921406
10.975784531914
10.981197251396
10.986447376985
10.991282737410
10.997101921918
11.001853266818
11.005876974979
11.014052812680
11.018487419325
11.023057238989
11.027809919226
11.032496938411
11.037153304463
11.041783113403
11.046390215206
11.051030838442
11.055719931417
11.060346489317
11.064981819710
11.069630466272
11.074420004092
11.079205158867
11.084049225876
11.088929575921
11.093856092639
11.098732062969
11.103578355187
11.108470537712
11.113356506278
11.118212981768
11.123074137322
11.127931561070
11.132816230217
11.137675864872
11.142518974453
11.147343781440
11.152103295835
11.156832720794
11.161545976949
11.166290860737
11.170991433149
11.175752463654
11.180596357191
11.184941678979
11.265444152168
11.269461178767
11.273531615219
11.277992020801
11.282819994662
11.287752960428
11.292706704850
11.297669299968
11.302655292380
11.307656046709
11.312678747725
11.317743600415
11.322832349458
11.328241864200
11.333767018557
11.339097205141
11.344266669263
11.349782963415
11.476548419288
11.481412316092
11.485940661203
11.490635696002
11.495496353330
11.500382172382
11.505299815298
11.510305886050
11.515382292072
11.520496174173
11.525662152176
11.530893709447
11.536189532174
11.541588162229
11.547099170860
11.552548100948
11.557986900865
11.563328299419
11.568789300520
11.574317114722
11.579866266745
11.585507567167
11.591064960762
11.596625968584
11.602155458702
11.607702955398
11.613209996124
11.618646767499
11.624273212650
11.629750056656
11.635022172118
11.640035217000
11.645168990382
11.650239509914
11.655459984579
11.660719228478
11.665921466310
11.671091037182
11.676213288381
11.681309790218
11.686393410887
11.691502353477
11.696665721780
11.701810259509
11.706972807582
11.712110348767
11.717231713136
11.722343145133
11.727453637104
11.732517364402
11.737630159243
11.742692141017
11.747759445209
11.752789074569
11.757821476480
11.762801436914
11.767824634027
11.772791696093
11.777776883302
11.782789461718
11.787788741192
11.792942271782
11.798430594649
11.803535571858
11.808678479819
11.813738564531
11.818915473627
11.823867390960
11.828848572788
11.833561528232
11.838650506918
11.843374490991
11.848516577686
11.853408464340
11.858050939001
11.862975799733
11.867965513041
11.872984359905
11.878014068107
11.883024357848
11.888113417980
11.893224320499
11.898351068969
11.903533232573
11.908725143451
11.913884946982
11.919155196973
11.924431780712
11.929766728807
11.935173955413
11.940656477046
11.946196986418
11.951514942226
11.956756986667
11.962069286688
11.967386406423
11.972731110228
11.978130148307
11.983483267812
11.988935401259
11.994449723945
12.000033580903
12.005666749878
12.011422915414
12.017170141783
12.022562626849
12.027932925667
12.032934065262
12.038376201104
12.042960861540
12.047994110739
12.053403770311
12.058655081544
12.063937663291
12.069284883937
12.074610417788
12.079996469271
12.085379833387
12.090787208693
12.096229142978
12.101674622850
12.107200852156
12.112674526279
12.118166408677
12.123740817349
12.129280869591
12.134893839981
12.140219102116
12.145985543128
12.951095313795
12.955741822159
12.960302646115
12.964586834755
12.969127269508
12.973979170625
12.978674234667
12.983541213131
12.988267499049
12.992932054737
12.997490120925
13.002019278166
13.006467693845
13.010835341457
13.015140530051
13.019391180451
13.023646791874
13.027872986785
13.032086231149
13.036308439101
13.040524357635
13.044749760038
13.048972764988
13.053186479945
13.057408241331
13.061624455521
13.065920797956
13.070201875662
13.074506699495
13.078810269228
13.083155187987
13.087521095854
13.091898736535
13.096286855158
13.100693818769
13.105156086374
13.109576539025
13.114027869162
13.118450557675
13.122877546262
13.127360130177
13.131857799227
13.136347354039
13.140828777706
13.145299680989
13.149768380888
13.154220535212
13.158672199820
13.163079256326
13.167471793250
13.171806166887
13.176085317897
13.180347383349
13.184527038392
13.188674910279
13.192792803863
13.196827840302
13.200844049500
13.204813481373
13.208748218382
13.212599211124
13.216415192507
13.220113546843
13.223797096283
13.227347107360
13.230985616670
13.234624157248
13.238274596752
13.241912109827
13.245669727576
13.249522787794
13.253407239674
13.257400499105
13.261340490228
13.336560876674
13.340311758804
13.343755551544
13.347149551379
13.350586643701
13.354022495716
13.357460451387
13.360879676743
13.364331915825
13.367789377296
13.371246999667
13.374703278989
13.378156056478
13.381604605276
13.385097317751
13.388583587251
13.392032918966
13.395507971963
13.398983931904
13.402458550325
13.405961263351
13.409501372282
13.413111610081
13.416679899976
13.420233204774
13.423783956718
13.427368187759
13.430941769829
13.434592600599
13.438220723372
13.441820035553
13.445452679794
13.449102593843
13.452742330558
13.456379582360
13.459948035675
13.463545967149
13.467146717892
13.470712947637
13.474297377886
13.477888278696
13.481511525231
13.485124519761
13.488785548116
13.492414955822
13.496022759995
13.499645073141
13.503295998445
13.506954267353
13.510618352629
13.514304609254
13.518009054912
13.521779066837
13.525674087737
13.529691654102
13.533769428529
13.537849175481
13.541944719853
13.546047020820
13.550211108338
13.554369531948
13.558413564115
13.562234626145
13.566026978019
13.569893170738
13.573721624306
13.577529784592
13.581303376966
13.585069525108
13.588827631192
13.592594650532
13.596352218963
13.600143576441
13.603956093150
13.607775414824
13.611609467586
13.615449423029
13.619331725567
13.623208258923
13.627106910032
13.631028656401
13.634985479169
13.638945165141
13.643030487573
13.647113845399
13.651270531817
13.655531847821
13.659874612815
13.664288736238
13.668750275979
13.673215214356
13.677802800396
13.682367878082
13.686957833176
13.691535451612
13.696139999416
13.700455011559
13.705021481228
13.709759894128
13.714242339542
13.718593188160
13.723040787674
13.727426709772
13.731755378274
13.736028840074
13.740279954003
13.744507545324
13.748740605547
13.752979396444
13.757204202501
13.761426236254
13.765677776657
13.769945288784
13.774213025928
13.778489310446
13.782742774669
13.786881013105
13.791312146623
13.795791346993
13.800345743261
13.804981495847
13.809681881141
13.814396977810
13.819120799264
13.823841393821
13.828547313405
13.833274342407
13.838009233556
13.842723229360
13.847421770048
13.852144784909
13.856862833895
13.861569503908
13.866269387860
13.870973681600
13.875680262730
13.880359727887
13.885024973873
13.889709741482
13.894405925439
13.899125236683
13.903835637943
13.909345641342
13.914385685111
13.918712782355
13.922669367781
13.926301298254
13.929928188823
13.933546105878
13.937155375695
14.005630556984
14.009501478994
14.013094021869
14.017343952498
14.021721926350
14.026190480175
14.030675535909
14.035191097767
14.039741087968
14.044279490717
14.048833723526
14.053450744197
14.058158181168
14.062925278937
14.067704459703
14.072559362681
14.077375517754
14.082318024959
14.087250947514
14.092211589050
14.097217102033
14.102248627399
14.107288316404
14.112309644212
14.117358501223
14.122427668377
14.127509488373
14.132552915711
14.137613504576
14.142600391284
14.147558169586
14.152463614130
14.157319672854
14.162168044329
14.167048774924
14.171950256706
14.176869607879
14.181826087315
14.186743892040
14.306798087080
14.311043344526
14.315325003283
14.319442126119
14.324191674576
14.328884600114
14.333593705491
14.338331332263
14.343702480325
14.349354399403
14.353882395941
14.358348130707
14.363251089790
14.505801961915
14.510341728055
14.515433671051
14.520422792191
14.525050889606
14.529271575767
14.533860504243
14.538798969101
14.543783661862
14.548724454955
14.553733491947
14.558784297660
14.563833332367
14.568905030114
14.573976822184
14.579090185540
14.584200896065
14.589321405149
14.594428810986
14.599498835713
14.604759413751
14.609995501505
14.615237717411
14.620399149236
14.625605135068
14.630833298606
14.636083042087
14.641331422347
14.646620074913
14.651926190610
14.657232577895
14.662592653949
14.667967031427
14.673304387245
14.678645095773
14.683999022868
14.689379955025
14.694724512236
14.700068220407
14.705458579015
14.710867916958
14.716334789121
14.721725907292
14.727206441188
14.732659402919
14.738145996835
14.743630805307
14.749065185116
14.754482442373
14.759842278663
14.765358186720
14.770720349254
14.776156529963
14.781312205134
15.232369749267
15.242496043769
15.252568983956
15.262580499078
15.267909374791
15.272750535104
15.277617865056
15.282604305447
15.287561496326
15.292567443042
15.297620759139
15.302737495802
15.307860879362
15.312994091103
15.318095749273
15.323270194132
15.328308374523
15.333381062625
15.338679473552
15.343977903655
15.349314785028
15.354647620607
15.360010349360
15.365353299578
15.370714711140
15.376211999610
15.381898485604
15.387008115435
15.392551928116
15.397960527364
15.403501771580
15.409117354542
15.414721964589
15.420405798350
15.425929298099
15.431520212384
15.437077746319
15.442699606770
15.448329868224
15.453948018329
15.459521863664
15.465115356736
15.470652583706
15.476103967142
15.481677670053
15.486933204681
15.492536135483
15.497446644632
15.502400873882
15.507146984834
15.512028812614
15.516846405614
15.521552585844
15.526209692435
15.530876202126
15.535487356131
15.540031556418
15.544488972259
15.548911777793
15.553312847716
15.557643845653
15.561935182581
15.566186035613
15.570395456586
15.574558398472
15.578692905734
15.582798909903
15.586867192488
15.590913356295
15.594966919698
15.599060884362
15.603352935179
15.608235668271
15.612815662249
15.617127700681
15.621209087921
15.625394267930
15.629428456215
15.633436633106
15.785293271687
15.789711013311
15.793943421624
15.797747345344
15.801490339460
15.805330068612
15.809174464888
15.813015941225
15.816882269106
15.820793184720
15.824750789612
15.828712603849
15.832731531450
15.836782430275
15.840900065655
15.845082948993
15.849330009261
15.853604035472
15.857952397767
15.862325667597
15.866721398458
15.871148711396
15.875587612265
15.880053340462
15.884535050616
15.889004636253
15.893507469480
15.898010796608
15.902513041042
15.907025872759
15.911527718353
15.916011476139
15.920501074757
15.924942093089
15.929381658823
15.933823991461
15.938245442476
15.942616950266
15.947043123459
15.951603947555
15.956179419979
15.960807986979
15.965422695745
15.970015004770
15.974541813416
15.978990097630
16.106739971270
16.117141141007
16.121672498737
16.126329573404
16.131010748194
16.135744255204
16.140568797493
16.145471385485
16.150416309352
16.155381495976
16.160377253920
16.165385022622
16.170411882334
16.175447145242
16.180494351898
16.185538430323
16.190588718655
16.195654717956
16.200745159881
16.205805186167
16.210848443005
16.215912645503
16.221010727777
16.226119462976
16.231223519222
16.236318528069
16.241405786127
16.246475383666
16.251569811761
16.256636022161
16.261770339119
16.266949403757
16.272186696669
16.277534182419
16.282750382594
16.288024035320
16.293231448727
16.298534592655
16.303677405157
16.308830121900
16.425896783125
16.429953454735
16.434540068431
16.439555974209
16.444665895548
16.449759729349
16.454866478722
16.460002702566
16.465162782575
16.470328066138
16.475516065150
16.480723368173
16.485951964511
16.491183349547
16.496411165706
16.501681236170
16.506959080395
16.512652132273
16.518139921957
16.523665781101
16.529222115028
16.534681736335
16.540239773704
16.545736764790
16.551150292740
16.556552195079
16.561911587454
16.567308970272
16.572030887863
16.576999696097
16.581844442838
16.586975203186
16.592187646648
16.597379291218
16.602556363762
16.607803992192
16.613498388561
16.619563024550
16.790111330477
16.800443707817
16.810943623505
16.821577532111
16.832390444732
16.843294227530
16.854352469055
16.865386276040
16.875920642007
16.886772084408
17.735882074947
17.739232371921
17.743006696916
17.747401661981
17.751229947536
17.755401414267
17.759378905046
17.763385947280
17.767411845206
17.771456489982
17.775520422051
17.779705443256
17.784467561974
17.789166031324
17.793595709424
17.797667191954
17.802065970662
17.876613689395
17.880232462726
17.883570566511
17.887094655731
17.890588976436
17.894089569676
17.897552838738
17.900993213932
17.904417072375
17.907845993252
17.911278480779
17.914709995568
17.918159650556
17.921660698316
17.925147087598
17.928662183926
17.932190238373
17.935683451905
17.939242785952
17.942917169181
17.946607804918
17.950243918494
17.953857562208
17.957455743214
17.961048758179
17.964642162177
17.968218576721
17.971799540740
17.975364402861
17.978936354518
17.982499528207
17.986109138039
17.989693335920
17.993301554325
17.996856266533
18.000395218467
18.003924176283
18.007532930832
18.011159094329
18.014734073128
18.018366356992
18.021920359288
18.025484006131
18.029170859987
18.033228970129
18.237029458058
18.240776401666
18.244432107729
18.248066179684
18.251968063790
18.255797047860
18.259643891437
18.263518170409
18.267416959460
18.271318578732
18.275187656457
18.279140508475
18.283047150670
18.286977728811
18.290914159834
18.294868185213
18.298791188692
18.302776610292
18.306722543241
18.310714130383
18.314703609896
18.318712052189
18.322723876404
18.326806093194
18.330842317502
18.334943610118
18.339039537910
18.343146117907
18.347287171097
18.351442141502
18.355634630755
18.359826594614
18.364064225223
18.368369184079
18.372721693452
18.377189033310
18.381828885531
18.386609057102
18.391442856011
18.396419091251
18.401593042054
18.406084668662
18.410533008534
18.414912194418
18.575183488617
18.580043963830
18.584024508721
18.588099830327
18.592221923826
18.596015525591
18.600704583080
18.605591840177
18.610421895668
18.615166424522
18.619911567819
18.624652647090
18.629446395023
18.634209935285
18.638983152453
18.643752444018
18.648538139046
18.653361178809
18.658145969864
18.662993918291
18.667857299337
18.672737803818
18.677707212325
18.682729964648
18.687797540961
18.692870721811
18.698128869171
18.703597419854
18.709247847428
18.714529199361
18.719619190520
18.932250693302
18.935810331670
18.940925474233
18.945032002663
18.949063950047
18.953491376208
18.958280508600
18.962956607919
18.967689456063
18.972410550233
18.977104781262
18.981882639148
18.986615480950
18.991359325217
18.996130770843
19.000865321758
19.005629787587
19.010388390331
19.015151997763
19.019929699430
19.024700344672
19.029502089106
19.034243035476
19.039009243923
19.043859795497
19.048704153740
19.053546966840
19.058406929676
19.063243273560
19.068124550831
19.073044320144
19.077993088836
19.082929863047
19.087894653540
19.092886680742
19.097875609386
19.102915449642
19.107938796425
19.112961026960
19.118011476435
19.123074388843
19.128212905224
19.133399595950
19.138625033587
19.143857329502
19.149062394891
19.154290829365
19.159581167177
19.164881177511
19.170268349272
19.175615340314
19.181100818591
19.186310082492
19.191669408794
19.196365959153
19.201478366536
19.206672756227
19.211938961834
19.217429823698
19.222943534217
19.228389939232
19.233616693262
19.238852081711
19.244168884706
19.249403501473
19.254574144204
19.259751247553
19.264865012463
19.269906398528
19.274920201200
19.280021656657
19.285020530287
19.290079087590
19.295084972570
19.300158640837
19.305166489491
19.310229756482
19.315254806771
19.320240901808
19.325261694663
19.330215911633
19.335288038900
19.340304628590
19.345320203792
19.350406823282
19.355477271981
19.360577980301
19.365700781833
19.370978747816
19.376433062995
19.382165936325
19.386929332237
19.403068948995
19.409583832669
19.416256568067
19.423513467945
19.445242226028
19.450089176465
19.454478663207
19.459506709776
19.464655065845
19.469746068074
19.474961656366
19.480201783172
19.485430255061
19.490667823089
19.495913950088
19.501235677040
19.506547224517
19.511827455863
19.517214407991
19.522699081911
19.528175623786
19.533796014439
19.539497463325
19.545134559693
19.551061893613
19.687867591430
19.692354030360
19.696705199502
19.701255976767
19.705901759705
19.710517962820
19.715100857514
19.719662528396
19.724187556043
19.728630849446
19.733087014996
19.737431477944
19.741796866583
19.746136567479
19.750465974606
19.754790950563
19.759120420168
19.763404953781
19.767702652737
19.771990961576
19.776266480498
19.780517875163
19.784761827541
19.789002377624
19.793199947845
19.797396971704
19.801616687961
19.805796313228
19.809969020794
19.814117134967
19.818267569322
19.822387770192
19.826508330731
19.830674674041
19.834783317841
19.838878543906
19.842986335996
19.847092803401
19.851203314150
19.855291707057
19.859371781681
19.863442749119
19.867529049594
19.871623576689
19.875687544245
19.879781305703
19.883887665180
19.887982564050
19.892096670305
19.896210842041
19.900357796049
19.904490324170
19.908629580111
19.912785388336
19.916975673092
19.921179552980
19.925426077558
19.929669769733
19.933970061113
19.938257381198
19.942541214699
19.946824510535
19.951133364329
19.955398701294
19.959708820449
19.963916348397
19.968244913720
19.972427491163
19.976754657392
19.980929908183
19.985227983066
19.989490581884
19.993837697097
19.998171311169

