Time_s
0.675092621171
0.679614867788
0.683345462283
0.686837054578
0.690719472818
0.694758472660
0.698805895231
0.702925997274
0.707156199297
0.711407205580
0.715683567853
0.719975786539
0.724294915058
0.728633704835
0.732962557790
0.737319566797
0.741687203819
0.746072706455
0.750409101655
0.754565575439
0.758934837654
0.763171468464
0.767374617521
0.771595808924
0.775798348855
0.779949633328
0.784090428419
0.788196248152
0.792338282260
0.796415851252
0.800543409902
0.804634628043
0.808688149275
0.812838391339
0.816925045020
0.820956551766
0.824979564481
0.829111650040
0.833099819066
0.837059754006
0.841033633294
0.845012997772
0.848928857976
0.852798305789
0.856666437490
0.860530879410
0.864375101877
0.868204943641
0.872086163101
0.875926703091
0.879737481188
0.883461901559
0.887148922038
0.890853394036
0.894561439160
0.898346964498
0.902102673535
0.905854946200
0.910126687592
0.914390794496
1.106093390057
1.109700899313
1.113612104149
1.117512140229
1.121795158874
1.126259663015
1.130842974971
1.135457681830
1.140145886111
1.145001356370
1.149930312237
1.154866433818
1.159942767147
1.165041428696
1.170162990842
1.175295068208
1.180481054397
1.185665062903
1.190792226704
1.195924318849
1.201059143470
1.206167429379
1.211324380778
1.216458622389
1.221617734914
1.226821544882
1.232093187070
1.237448915241
1.242798298033
1.248159812511
1.253481388087
1.258823705301
1.264110402930
1.269300050180
1.274405465244
1.279506967395
1.284556241573
1.289573940243
1.294482559738
1.299315287805
1.304006330007
1.308769708952
1.313508299918
1.318318061336
1.323093096807
1.520440668288
1.525548383288
1.530953084486
1.536481522466
1.542270154605
1.548032178841
1.553919859112
1.559807415652
1.565773112874
1.571769832569
1.577766323662
1.583877085241
1.590030949874
1.596167134338
1.602389336666
1.608430892070
1.614565291290
1.620755612585
1.626888749383
1.633138536723
1.639448495365
1.645810596390
1.652261983192
1.658658676954
1.665333766584
1.671996757890
1.678865761689
1.685875626009
1.692906020220
1.700428020194
1.707774973115
1.715539409717
2.173661189558
2.178360183665
2.182903708394
2.187631135051
2.192243354577
2.196721106448
2.201124774357
2.205466339333
2.209774337913
2.214070888404
2.218317209466
2.222426800304
2.226466919942
2.230465951408
2.234423120962
2.238469757173
2.242380908677
2.246319171809
2.250347380801
2.254331886589
2.258269923353
2.262376259709
2.266434675359
2.270228551623
2.274338950267
2.364437417140
2.368775494899
2.372759213115
2.376851460307
2.380350547511
2.385191117421
2.389115921540
2.393039775942
2.397576893893
2.401572728823
2.405287488342
2.408714400419
2.412089085654
2.415539904345
2.419176911639
2.422924712774
2.426742067179
2.430577626477
2.434503978427
2.438555380329
2.442525852514
2.446440396676
2.450463503446
2.454474790652
2.458484364376
2.462603319715
2.466829416984
2.470913321043
2.475212739706
2.479563570447
2.483429759426
2.487502161283
2.491868209685
2.496431364424
2.500257358546
2.504601223651
2.508799556177
2.513127776873
2.517547388363
2.521941758822
2.526246717519
2.530433473274
2.534541016988
2.538546857836
2.542533188619
2.546547983090
2.550662259992
2.554791530726
2.559026749820
2.563410973608
2.567838166846
2.572309773653
2.576821736905
2.581387689055
2.586040311550
2.590700605868
2.595377286780
2.600034235053
2.604718009999
2.609415802940
2.614051386375
2.618711489487
2.623327891276
2.627947812274
2.632528754505
2.637151700568
2.641820411846
2.646524777843
2.651159855462
2.655726489587
2.660281206221
2.664514407213
2.668818003727
2.673089220711
2.677377234213
2.681824748013
2.685910030240
2.689862942125
2.694392702412
2.698919652335
2.703077528369
2.707235778097
2.711286830718
2.715351128923
2.719412116931
2.723748490671
2.727820675474
2.731880946185
2.735802513813
2.740341456194
2.744326795351
2.747621344304
2.756692070305
2.760614830652
2.764944057101
2.769900716005
2.774533229945
2.779569877307
2.785044643075
2.790445893724
2.796899210332
2.802535515691
2.808982041258
2.814789394500
2.820664060636
2.826811154815
2.832510942397
2.837824642562
2.843152429935
2.848428015099
2.853726038374
2.858892941316
2.864064310083
2.869228701050
2.874352425110
2.879583863256
2.884882197322
2.890068500793
2.895325277483
2.900721388301
2.905930369576
2.911193178663
2.916445917458
2.921645076108
2.926887578449
2.932125408871
2.937366047665
2.942588989275
2.947807795432
2.953042178542
2.958271783762
2.963438912688
2.968868007615
2.974042858579
2.979094411464
2.984250359505
2.989495218957
2.994685264635
2.999888429706
3.005114123553
3.010360300681
3.015574188476
3.020775290085
3.026068107062
3.031358745561
3.036551141022
3.041932268892
3.047489208053
3.052668702556
3.058177878373
3.069424230741
3.080834914722
3.092344465908
3.104109416249
3.116150056976
3.137448552514
3.142972426215
3.148513470325
3.153940809420
3.159499050370
3.165023599443
3.170477010896
3.176148044702
3.181615235605
3.187009576141
3.192842185413
3.383573557045
3.394770762700
3.405798001361
3.416889108266
3.428075801421
3.439055581499
3.450018783827
3.461274300994
3.472511994469
3.483701394641
3.494790169455
3.505831356944
3.516516274838
3.527206985783
3.538104776798
3.548809028726
3.559898307636
3.571470842368
3.582753307685
3.593801308812
3.604805493513
3.615829615541
3.627036042064
3.638241688514
3.649527209228
3.660741302060
3.671981027596
3.683311725568
3.694713782038
3.706176099343
3.717649879652
3.729095029812
3.740615810235
3.753156067489
3.764747882573
3.776583350111
3.788714350425
3.801020102912
3.814882026298
3.818790395427
3.823087147065
3.827202649077
3.830702204493
3.835163231019
3.839196192060
3.843057354135
3.847328497076
3.851426173515
3.855396822637
3.859590602971
3.863046427477
3.867393539753
3.871890728425
3.921634953903
3.927927534510
3.932593559575
3.937461871014
3.943102667265
3.947968631013
3.952874639793
3.957697312480
3.962573044750
3.967588752871
3.972719041213
3.978003505239
3.983468665917
3.989034882499
3.994624288517
4.000243266505
4.005905163187
4.011620292222
4.017283288170
4.022995336003
4.028706274971
4.034352023665
4.039964998249
4.045591331086
4.051195193728
4.056779075903
4.062319948620
4.067878252169
4.073488741997
4.079035316544
4.084665914311
4.090268776026
4.095911965521
4.101615781973
4.212697626874
4.224873352321
4.242389776721
4.253518993473
4.264980501560
4.276345559803
4.287726427926
4.299166658524
4.310705342490
4.322342328415
4.334132518162
4.346052037044
4.357830790285
4.369488753311
4.380986850731
4.392565955695
4.404073172082
4.415617943895
4.511908276609
4.515983564063
4.520197542471
4.523962744074
4.527365706872
4.531400563790
4.536067568364
4.539968380732
4.543967251214
4.547554702694
4.551959618061
4.556113635425
4.559757941260
4.568459529777
4.572433458501
4.576342429269
4.580473528343
4.584351963271
4.588717478224
4.592374265735
4.596572092671
4.788762443784
4.813073065361
4.825368417700
4.837439091183
4.854881306932
4.858982641025
4.862764333475
4.866839244640
4.870858132964
4.874900486076
4.879143344626
4.883047783353
4.887151463399
4.891269068289
4.900248120920
4.903986908593
4.908085385561
4.912062945378
4.916111046675
4.920250601211
4.924582729372
4.928592223857
4.932861906499
4.936858878625
4.940720268795
4.944699621189
4.948674985251
4.952393373863
4.956595252066
4.960443533605
4.964622956411
4.968192113553
4.972134330181
4.976367526820
4.980052838335
4.984191495426
4.988357643091
4.992121553377
4.996291545907
5.000405160011
5.004511716093
5.008565054628
5.012440422675
5.016472786683
5.020569013959
5.024419019587
5.028179765740
5.032582184159
5.036611975301
5.040556860486
5.044472126664
5.064400354351
5.076548281346
5.088569548744
5.100706811665
5.112843800759
5.128184459462
5.140451954078
5.152391119081
5.164619149670
5.176693174453
5.188774800281
5.200970611546
5.317473338434
5.320363161781
5.323460518360
5.327056637461
5.331113450124
5.335133731836
5.339131808777
5.343190338984
5.347238229534
5.351247511253
5.355175955075
5.359139203899
5.363078021313
5.367033998838
5.370978244382
5.374899732505
5.378828077831
5.382728854005
5.386650843607
5.390581337242
5.394499855196
5.398681381601
5.403031405361
5.406827064956
5.410942571181
5.414867603041
5.418774246961
5.423671933780
5.427671889539
5.431249945271
5.435443483570
5.439862046912
5.443721677138
5.584744077754
5.596779342090
5.608950096917
5.621122448980
5.633434360412
5.663131572285
5.667098807209
5.674461074045
5.678201709162
5.682234462976
5.686664872001
5.691162490823
5.695688668997
5.700274701663
5.704912066682
5.709628626369
5.714425430785
5.719212758781
5.724084416833
5.728978620254
5.733858746925
5.738746852844
5.743572844069
5.748488847394
5.753425789384
5.758431311623
5.763370708561
5.768275826550
5.773246969199
5.778352139177
5.783357925362
5.788351489185
5.793398264147
5.798524983774
5.803682550521
5.808672949670
5.813760048983
5.818997969684
5.824233656566
5.829492056249
5.834787611294
5.840176170542
5.845637056555
5.851177954079
5.856736966411
5.862389640797
5.868156205596
5.873753109671
5.879594582797
5.891266621292
5.903012698700
5.915469724954
5.927692154270
5.939640043071
5.951904271878
5.964062459910
5.976219615583
5.988484750622
6.000582554314
6.012581989723
6.024888417562
6.037104443044
6.049357623345
6.061352220633
6.073370038324
6.078853689547
6.084065336695
6.089433816746
6.094788950364
6.100102200775
6.105377303642
6.110714244493
6.115886291070
6.121043300426
6.126210640105
6.131334377852
6.136373991786
6.141446366293
6.146436746080
6.151326612067
6.156161941254
6.160909886869
6.165693584435
6.170385929122
6.175012090941
6.179673686141
6.184289930191
6.188950485638
6.193609330141
6.198278643673
6.202941714081
6.207597811270
6.212203722995
6.216859858646
6.221555609653
6.276355686656
6.280396382265
6.284234700735
6.288432246873
6.292299446493
6.296551543146
6.300649163285
6.304956077715
6.308807495911
6.313283280489
6.317599910351
6.321699367991
6.326130762284
6.330837047032
6.335759797007
6.340569101298
6.345292107513
6.350102127443
6.355067520678
6.359719331874
6.364396120253
6.369287254078
6.374179579523
6.379077502934
6.384002516551
6.388822547095
6.393643554272
6.398412169972
6.403238943571
6.408098782594
6.412999126534
6.417795178016
6.422599069335
6.427460692320
6.432370785408
6.437259135284
6.442007705931
6.446679528956
6.451450670104
6.456308222016
6.461194669244
6.465928243833
6.470392817317
6.475023562240
6.494619305208
6.498206529501
6.502235489368
6.506088269814
6.510229657074
6.514263485002
6.518524308225
6.522419747089
6.526295955037
6.530278825394
6.534051198540
6.543248894433
6.546921907645
6.550619298574
6.554736498037
6.558844422663
6.562765713209
6.566866023765
6.570590545713
6.574859063543
6.578774221512
6.582531197817
6.586568901168
6.590522281245
6.594372642490
6.598207424295
6.605088241681
6.608307413165
6.617361964584
6.621690138524
6.625938316045
6.634560067806
6.640102438654
6.645626063903
6.651395177301
6.656923038065
6.662649056891
6.668128928607
6.673555622297
6.679331359877
6.684822858810
6.690433100864
6.695994531224
6.701371703077
6.707101382587
6.712546374357
6.718007295730
6.723807428851
6.729121792313
6.734534814460
6.740256363664
6.745336818241
6.750715093015
6.756410244135
6.761491344136
6.766640730052
6.772358117297
6.777380952381
6.782602000666
6.788428769545
6.793389357961
6.798161236745
6.806009780747
6.810928297026
6.815133818851
6.819727673991
6.823159231528
6.827789129918
6.831445042616
6.835213581986
6.839476880064
6.843284979992
6.847862588866
6.855657699245
6.859285548149
6.863933662817
6.867608812533
6.871711987752
6.879379928598
6.883511082498
6.887524490695
6.891711731285
6.895692129231
6.899485036876
6.903539793226
6.907659052831
6.911432092340
6.918327007661
6.922328209380
6.926441752760
6.956736039366
6.968897469685
6.981130101890
6.993128411404
7.005351037014
7.017566189240
7.029657654900
7.041803243101
7.054088608180
7.066374427397
7.078509853884
7.120195112825
7.132415392063
7.144528030697
7.156641814913
7.168747714838
7.202031613284
7.216121357405
7.220319510163
7.224622101864
7.229078303588
7.233568170357
7.238037456103
7.242553123751
7.247075355189
7.251612143378
7.256115100661
7.260547458841
7.264934122414
7.269310179452
7.273672028519
7.277992351773
7.282288189723
7.286537499439
7.290761548013
7.294975906181
7.299196670925
7.303318638474
7.307444937269
7.311528350997
7.315599798846
7.319637573579
7.323636551420
7.327580795913
7.331536161421
7.335497095384
7.339426498743
7.343332641672
7.347199939548
7.351091870809
7.354994209107
7.358841150776
7.362650187033
7.366471253189
7.370316272021
7.374140227308
7.377933617013
7.381751906286
7.385579710527
7.389377385672
7.393134756286
7.396809220361
7.400521427967
7.404303739651
7.408438318454
7.412626172929
7.416847020759
7.420634136682
7.425027306985
7.428997299747
7.432803528020
7.436883000357
7.441050613968
7.445014574354
7.449088505554
7.453218753939
7.457264938209
7.460960036726
7.464994948838
7.469233746257
7.473285218306
7.477201587868
7.481230925940
7.485095395818
7.488992722528
7.493114579816
7.496884764493
7.500991598563
7.505172306139
7.520243686776
7.532452044854
7.545020733922
7.553219462157
7.558325048090
7.563107485955
7.568007596110
7.573095588283
7.578137491604
7.583188111235
7.588220999612
7.599007992801
7.602989515598
7.607425801301
7.611837321077
7.615871612659
7.619998945090
7.623353222417
7.627717988682
7.631925771963
7.635817341089
7.639738452994
7.643333665780
7.647446294226
7.651533635348
7.655440680855
7.659339599217
7.666965366640
7.670590825466
7.674057063932
7.677535128376
7.681435253538
7.685375251207
7.689222135888
7.693033505400
7.696886088840
7.700993416031
7.705007699038
7.708815778999
7.712762070325
7.716757020342
7.724945064019
7.728712532497
7.732335236741
7.736685541388
7.740512244037
7.744578950291
7.748430320300
7.752109098710
7.756290733113
7.760406033832
7.770574291402
7.775519132577
7.780648463139
7.785978712192
7.791282102741
7.796589604306
7.802040645743
7.807438194317
7.812889031311
7.818388241384
7.823893027759
7.829403857024
7.834930116530
7.840361077091
7.845815771972
7.851286382692
7.856895570099
7.862521167772
7.868194319422
7.873892769277
7.879562794835
7.885273071139
7.890968961632
7.896681937965
7.902368106808
7.908042574358
7.913703580257
7.919366737269
7.925057967216
7.930702574120
7.936343589789
7.942048152685
7.947840166835
7.953623495947
7.959460360201
7.965309799419
7.971039447106
7.976774051391
7.982612615790
7.988693198275
8.000081895543
8.012127311057
8.024068634803
8.036100001032
8.167412610858
8.177306388819
8.187279292801
8.198053257821
8.250903021991
8.263651019893
8.276318306613
8.289065297999
8.342356455709
8.354172963350
8.366101034937
8.378134453622
8.390229211459
8.396104602845
8.401947142129
8.407524733880
8.413263784499
8.418879226958
8.424452160014
8.429983524292
8.435570125915
8.441013874825
8.446496169715
8.451495993993
8.456696123622
8.461954173206
8.467263077086
8.472478463062
8.477547559598
8.482653319732
8.487813412992
8.492830595669
8.497869129798
8.502858633142
8.507672656958
8.512513165783
8.517417111846
8.522199073266
8.526926403931
8.531759815160
8.536573189536
8.541220137419
8.545838136247
8.550556398584
8.555042255638
8.559576822547
8.565043884243
8.569665704747
8.574793405673
8.579458222081
8.723305063076
8.727465811366
8.732520902166
8.736813530882
8.741229168043
8.746063867085
8.751441853714
8.756972569308
8.762342996199
8.767904734972
8.773430116378
8.778986966643
8.784536847984
8.790206111040
8.795769380926
8.801233090771
8.806729259613
8.812296703942
8.817758787219
8.823139656086
8.828605401616
8.834058279272
8.839295569528
8.844474503183
8.849647035732
8.854912759363
8.860214565603
8.865333551574
8.870441603075
8.875454191863
8.880554605162
8.885629459895
8.890775590442
8.895762303137
8.900734565819
8.905507338299
8.910165668331
8.914623659698
8.918995229004
8.923977288362
9.132642218330
9.137271536511
9.142252278327
9.146470635048
9.151024259072
9.155590782263
9.160178783731
9.164838554372
9.169521684432
9.174130809283
9.178768761332
9.183475617277
9.188125032317
9.192793383534
9.197454306977
9.202138249028
9.206782829477
9.211444934113
9.215959807392
9.220247373939
9.224748423348
9.229351850852
9.233927614669
9.238544377040
9.243206869807
9.247809932971
9.252445858201
9.257063429160
9.261589087031
9.266126867057
9.270644635293
9.275144006793
9.279616902811
9.284049279891
9.288488279879
9.292905397583
9.297366766652
9.301816555704
9.306341415381
9.310926217515
9.315475465198
9.320032160938
9.324761856787
9.329516944264
9.334245871514
9.338980368959
9.343750231787
9.348447434585
9.353202620556
9.357974997143
9.362658423397
9.367414682300
9.371858002266
9.376198220723
9.380602799956
9.385117728555
9.389596045510
9.394083030274
9.398624202441
9.403122652925
9.407640305748
9.412150438534
9.416659588902
9.421166629079
9.425702065363
9.430225556720
9.434669584582
9.439196968463
9.443742375200
9.448305631058
9.452952531812
9.457705769336
9.462761189419
9.467379686635
9.471998814270
9.476361285747
9.480698315641
9.485255235234
9.489700283990
9.494157043457
9.498460228727
9.502646337100
9.523705446055
9.527376264670
9.531365621140
9.535432786594
9.540022490407
9.544850010115
9.549991600943
9.555240348350
9.560407255965
9.565733667640
9.571015031033
9.576375376176
9.581716502153
9.587291108207
9.592777161147
9.598304478266
9.603892263265
9.609500811490
9.615037811997
9.620516055438
9.626007021440
9.631457327421
9.636970996617
9.642514961345
9.647491325390
9.657788769163
9.667931127409
9.679406894205
9.690222116782
9.701350178087
9.899738571375
9.905832848687
9.911152076121
9.916595558188
9.921973965097
9.927553389550
9.933102600794
9.938544798262
9.943763316549
9.948996615722
9.954138351143
9.959275533841
9.964399096136
9.969504657228
9.974500705445
9.979586022709
9.984659257594
9.989773026439
9.994886792290
10.000120104059
10.005387301793
10.010826791670
10.016366727101
10.022083689205
10.027874959247
10.033852821137
10.039859662683
10.045626680227
10.051907355068
10.057684862822
10.063635643782
10.069754492742
10.075810541851
10.081696429115
10.088002182888
10.094003966764
10.100185930406
10.106221702966
10.112062148013
10.117942685930
10.123611310059
10.129137228397
10.134836741001
10.140813966792
10.146862354393
10.153065429066
10.159040091459
10.164909371787
10.170957258154
10.176948636412
10.183006679924
10.189049687826
10.194985349497
10.200810964659
10.206930817665
10.225199033902
10.231080322269
10.237198521285
10.243750361656
10.249189357912
10.255321905499
10.261328728215
10.267160575621
10.273139094728
10.278941603779
10.284750608292
10.290552833111
10.296411970234
10.302376383109
10.308425243018
10.314676168502
10.321439147306
10.327729508262
10.333720551834
10.340178795789
10.346458317940
10.352801996997
10.359163398634
10.365607641720
10.372285268871
10.378567350410
10.385150800756
10.391284013466
10.423650104283
10.434383926910
10.446084590201
11.163335549647
11.168538366508
11.173531387669
11.178406041682
11.183291256901
11.188119163199
11.192881991438
11.197625577111
11.202412286026
11.207213622104
11.211905975254
11.216565069060
11.221228037259
11.225975305965
11.230763901172
11.235454729491
11.240149032517
11.244909634525
11.249634304075
11.254369506006
11.259056486057
11.263746923408
11.268447684049
11.273215076277
11.277952157383
11.282647093369
11.287329130958
11.292031360434
11.296670712001
11.301276827036
11.305861842748
11.310355463761
11.314764546504
11.319192970046
11.323590942308
11.327962205896
11.332199714956
11.336440604300
11.340514666923
11.344660490028
11.348585909641
11.352556370192
11.356422085897
11.360206277842
11.364115557471
11.367975018257
11.371853466016
11.375696045365
11.379599676006
11.383515670395
11.387554778793
11.392089979704
11.461883650543
11.465444733093
11.469528226535
11.472337157494
11.476625686575
11.480268300671
11.483591155356
11.487207789079
11.490849769787
11.494497833668
11.498235774633
11.501996837099
11.505787455419
11.509572749366
11.513409000900
11.517245760694
11.521116651662
11.524980403763
11.528864743195
11.532795049700
11.536762664397
11.540731666799
11.544921897388
11.549003542718
11.553132486663
11.557265492399
11.561528850855
11.565805671557
11.570086888153
11.574431371389
11.578838217863
11.583261743364
11.587709659260
11.592220189594
11.596787912702
11.601324249218
11.605934245101
11.610625864724
11.615204991473
11.619962754585
11.624762831057
11.629552988703
11.634380425640
11.639158455230
11.643980705947
11.648824428959
11.653708660146
11.658550956101
11.663430195822
11.668292209377
11.673192909187
11.678059023427
11.682830504762
11.687656408273
11.692471118961
11.697286459960
11.702122048595
11.707062970914
11.712135240257
11.717260642008
11.722378481293
11.727311169041
11.732123503536
11.736877382878
11.741712172144
11.746236965790
11.751463541592
11.757035488277
11.762356750312
11.766380191973
11.770449030189
11.774488371675
11.778859572135
11.783312067510
11.787927803905
11.792652425931
11.797478477691
11.802435736066
11.807449137804
11.812453322242
11.817509626491
11.822708182560
11.827798125695
11.832864151751
11.837709792470
11.842490726034
11.847115439446
11.851608525479
11.886750698248
11.890242721463
11.894611044151
11.899034220059
11.903354029525
11.907814856326
11.912472461924
11.917307960193
11.922251941535
11.927325454465
11.932386166270
11.937504850686
11.942605765364
11.947756386099
11.952871335334
11.957984036104
11.969314837501
11.974804537196
11.980051529284
11.985144587042
11.990285868837
11.995386084916
12.000488945730
12.005621613352
12.010734256241
12.015796237435
12.020876906032
12.025895076350
12.030933260553
12.035886016924
12.040808886893
12.045658896826
12.050489618943
12.055209115850
12.059908070542
12.064583051009
12.069211353996
12.073793388893
12.078371501465
12.083046668634
12.087822800329
12.092437748685
12.172146266890
12.177196629356
12.181514142733
12.185327786715
12.189391507101
12.193990434858
12.198810038368
12.203797764916
12.208822546490
12.213868544526
12.219024806032
12.224160099559
12.229339437984
12.234490930594
12.239672242729
12.244919302713
12.250173089543
12.255563023206
12.260906855892
12.266270715736
12.271656161709
12.277033911966
12.282390538859
12.287684057063
12.292993341635
12.298230642027
12.303492323148
12.308833329866
12.314134000766
12.319565146212
12.324990678102
12.330499925521
12.335972888095
12.341327496828
12.346628094103
12.351363236863
12.544551768919
12.550293541487
12.555732553307
12.561183043514
12.566675221839
12.572614770883
12.578042505333
12.582669485702
12.587368726196
12.613818495308
12.619486398119
12.624660422873
12.629258353590
12.633926375756
12.638990412702
12.644296687388
12.649573068833
12.654877313886
12.660376862997
12.665874209712
12.671343533847
12.676632331149
12.682203284348
12.687885260874
12.693499575951
12.699132364113
12.704774729407
12.710388329478
12.716075123252
12.721759542139
12.727445609914
12.733149494478
12.738848816328
12.744663969878
12.750377960217
12.756065436908
12.761838391661
12.767588481287
12.773367062688
12.779155573280
12.784950816501
12.790749452280
12.796429834384
12.802292947752
12.808105769824
12.813794487377
12.819657725397
12.825575213719
12.831201350885
12.837116660750
12.842430468784
12.847440324395
13.095929050847
13.101162652236
13.106345223226
13.111375035422
13.116457805229
13.121471117248
13.126570095080
13.131828900522
13.136780101514
13.141786935394
13.146938999097
13.152097570733
13.157171678338
13.162310658431
13.167409508287
13.172398438837
13.177523009767
13.182671440008
13.187762832256
13.192872572304
13.197954253560
13.203059747338
13.208213513125
13.213354563731
13.218537619787
13.223725860629
13.228930783799
13.234124113169
13.240431483532
13.245611043200
13.250745640595
13.255857117803
13.261031170677
13.266400136280
13.271884800517
13.277352121649
13.282502383710
13.287806245012
13.293089373217
13.298367862962
13.303469954803
13.308730961695
13.313835065639
13.319010354855
13.324032654364
13.329131024214
13.333889884250
13.338277315838
13.343466643891
13.348562827882
13.353447661935
13.358363668407
13.363387145492
13.368329784652
13.373348432300
13.378585705008
13.383544971572
13.388702630174
13.394066862272
13.399455519125
13.404630727223
13.409602589760
13.414427784827
13.419051985706
13.423538538054
13.546323993195
13.550333160369
13.554136977323
13.558389997640
13.563124213042
13.567951555791
13.572957654226
13.577951187238
13.583064660075
13.588183065814
13.593186973076
13.598254312875
13.603291218705
13.608313910518
13.613353870861
13.618376354191
13.623359122670
13.628435518466
13.633472811212
13.638530340465
13.643668184784
13.648773927707
13.653744310418
13.658755614366
13.663683499195
13.668539888431
13.802599727082
13.808124685478
13.813711926952
13.819320927121
13.825008699044
13.830696291129
13.836455532616
13.842223833507
13.848048694210
13.853887557109
13.859767104452
13.865631108793
13.871489583650
13.877361570297
13.883244761721
13.889136684851
13.895016409371
13.900880956368
13.906783824414
13.912652667437
13.918567888263
13.924322773203
13.930054333288
13.935788299484
13.941567776944
13.947179040882
13.952775013709
14.068204311462
14.073761821039
14.079670756200
14.085542695454
14.091222821248
14.097490478844
14.103011274681
14.108925705288
14.114702186398
14.120581748689
14.126536042571
14.132590612848
14.138397606264
14.144730417752
14.150708067495
14.156720442546
14.162933865029
14.168566481495
14.174053105839
14.179475320449
14.185737851644
14.191293402512
14.197006306768
14.202709208799
14.208610625720
14.213292709196
15.146690930937
15.150600148037
15.154137686383
15.158223977021
15.163153784205
15.167704257941
15.172346938776
15.176993149127
15.182133202405
15.187178249780
15.191636454048
15.258050141042
15.262441143490
15.266354774582
15.270173422120
15.273995746402
15.278055399466
15.282229823443
15.286489613454
15.290683040164
15.294856532920
15.299027597812
15.303217184198
15.307422492185
15.311649355036
15.315860537077
15.320117863952
15.324361222649
15.328663973507
15.332977401025
15.337235086608
15.341505959468
15.345821376563
15.350133891647
15.354473750041
15.358848883217
15.363246277029
15.367655055125
15.372054195439
15.376402964597
15.380797800758
15.385106510691
15.389403726986
15.393524183429
15.397868518882
15.402311959246
15.511226803201
15.515267342149
15.519617841775
15.523627552336
15.527217957529
15.530659554955
15.534637423846
15.538628175701
15.542592847241
15.546610205829
15.550615412615
15.554601049630
15.558561550224
15.562512910870
15.566466547485
15.570401258549
15.574346481779
15.578259746200
15.582157812479
15.586086301420
15.589972369417
15.593829824291
15.597662281624
15.601483878012
15.605312389688
15.609087296048
15.612911713909
15.616734594379
15.620538587405
15.624317187579
15.628168443897
15.632046155837
15.635923445134
15.639897523564
15.644007386113
15.648155501294
15.652354048413
15.656374700687
15.660478485944
15.664743524309
15.669046111005
15.673192586486
15.677442825808
15.681682255789
15.685778573678
15.690125783698
15.694548362578
15.698973344266
15.703583565678
15.708237886009
15.713025100987
15.717844844262
15.722646409497
15.727466739308
15.732454902208
15.737520180788
15.742822115822
15.747928720501
15.752752163857
15.757993753388
15.762942303549
15.767419066647
15.772113644119
15.776872092008
15.781576800369
15.786301045994
15.790978232636
15.795674099367
15.800380823188
15.805120644093
15.809853425843
15.814615554167
15.819355955031
15.824074254136
15.828772485566
15.833499878797
15.838187533113
15.842863187273
15.847543582613
15.852221884242
15.856853042288
15.861449359777
15.865730142220
16.021365420835
16.031467801035
16.036237643286
16.041182754516
16.046161283466
16.051144129596
16.056192261200
16.061339093702
16.066391871762
16.071373977532
16.076518230548
16.081569374297
16.086622010277
16.091755912807
16.096987765941
16.102142402235
16.107274443497
16.112444507872
16.117608446096
16.122814700542
16.127912892917
16.133063015391
16.138289600898
16.143458456673
16.148614287358
16.153691016492
16.158759654789
16.163895150773
16.168946088451
16.173914750901
16.178941794740
16.183926817987
16.188841063719
16.193723480103
16.198586914160
16.203382962122
16.208191506882
16.213213737061
16.218356982802
16.223105528433
16.227670467611
16.366232773083
16.376239883560
16.381017102954
16.385806624943
16.390615000871
16.395411708035
16.400121097245
16.404799248934
16.409813571126
16.414790290197
16.419854381876
16.425031412263
16.430110157310
16.435110163281
16.440042185986
16.444711287747
16.449454675673
16.453931391830
16.494287171329
16.498567721118
16.502621215541
16.507206050291
16.511824504567
16.516455416717
16.521136794123
16.525820844207
16.530445843797
16.535093923547
16.539823163572
16.544631032432
16.549588310052
16.554315189175
16.559021544585
16.563856887437
16.568398373600
16.577365293538
16.637229656201
16.642037590182
16.645853112108
16.649692311524
16.653784383700
16.658055589491
16.662336255632
16.666654605568
16.670959180758
16.675306362928
16.679583553952
16.683917475322
16.688186569262
16.692468844800
16.696806496871
16.701101812708
16.705390920654
16.709621464553
16.713867789515
16.718087110124
16.722275387299
16.726426161752
16.730544831963
16.734634594720
16.738714522376
16.742733789256
16.746757377640
16.750791697491
16.754784971942
16.758784458193
16.762763621848
16.766740606434
16.770714546734
16.774652712000
16.778597655466
16.782580006015
16.786544302334
16.790501432348
16.794411886231
16.798321154006
16.802248622694
16.806149190608
16.810060281619
16.813952571017
16.817893226123
16.821806369024
16.825702272259
16.829573367938
16.833475159447
16.837380873418
16.841256589742
16.845177965343
16.849148558000
16.853128700956
16.857136293129
16.861186907611
16.865262050558
16.869372535603
16.873720141318
16.877952842165
16.881928877395
16.885725772051
16.889318944280
16.893080297938
16.896821334499
16.900688603902
16.904312283924
16.908654169023
16.912564336343
16.916993897098
16.921186204522
16.925561403864
16.929929670642
16.934354995891
16.938794820221
16.943263093141
16.947777235649
16.952316416360
16.956901450064
16.961574507137
16.966243886040
16.970953489433
16.975688737887
16.980454566178
16.985239921029
16.990019601626
16.994793360277
16.999609956359
17.004444284742
17.009302665167
17.014195613710
17.019118620713
17.024054550386
17.029044390280
17.034078734000
17.039099864025
17.044120815283
17.049230655466
17.054293701603
17.059330036336
17.064391809177
17.069434727781
17.074467392279
17.079448671772
17.084415982066
17.089394510224
17.094396013051
17.099374903294
17.104441148394
17.109552672998
17.114626704140
17.119868383450
17.125179290280
17.130502551227
17.135804362443
17.140985729388
17.146473568639
17.151806096157
17.157161620757
17.163263304776
17.168860303798
17.174381932876
17.180394633118
17.185996114327
17.191720212941
17.197775414724
17.203860305679
17.209732132063
17.215733716383
17.221817436399
17.227037040203
17.232275085907
17.237700168860
17.243447796084
17.249246260926
17.254973971274
17.260878894205
17.266735507117
17.272413324075
17.278048600060
17.283873508009
17.289410495483
17.295121608669
17.300716589916
17.306220092935
17.327356565268
17.338653718324
17.350177136891
17.361819678378
17.373676878965
17.384475244669
17.390632446126
17.396739847953
17.403091208955
17.409675813217
17.415810919638
17.420810872036
17.427112432764
18.063072515954
18.067712010390
18.073087005218
18.078370951700
18.083461281320
18.088494879122
18.093674909944
18.098817276353
18.104034113119
18.109389827538
18.114468580088
18.119388018735
18.124381212236
18.129378123432
18.134265836010
18.139164467009
18.143986228433
18.148771608116
18.153521848988
18.158337409976
18.163155729090
18.167890704272
18.172587096318
18.177259279915
18.181904086715
18.186538500904
18.191150799033
18.195730701523
18.200299157328
18.204859397796
18.209388211907
18.213906554876
18.218439262547
18.222955525017
18.227523564796
18.232170131735
18.237048868001
18.242004589751
18.247010851501
18.251915281399
18.256689356482
18.261578280112
18.266565811221
18.271615781390
18.276575363830
18.281634705282
18.286547274147
18.291231432357
18.296144362084
18.301100587974
18.305864771838
18.310792309095
18.315636591217
18.320371832639
18.325084302019
18.329761388611
18.334470067463
18.339233478211
18.343993510338
18.348834712125
18.353699710404
18.358596190522
18.363513629743
18.368418765941
18.373302351697
18.378155563669
18.383008105802
18.387839897774
18.392674172204
18.397487600354
18.402318179814
18.407114546848
18.411902765856
18.416906349603
18.421775151049
18.426646691691
18.431482443033
18.436333253162
18.441181824987
18.446028803687
18.450859123066
18.455689105906
18.460635994230
18.465550184445
18.470446688805
18.475429798367
18.480403628142
18.485400287166
18.490453370434
18.495318814164
18.500358978213
18.505505638794
18.510624150156
18.515671749261
18.520717203581
18.525740561332
18.530757378287
18.535750982594
18.540726115009
18.545696395036
18.550706260054
18.555874142906
18.561046791688
18.565938500191
18.571368866949
18.576288095773
18.581514606434
18.586698245032
18.591492522160
18.671932539981
18.676753391215
18.682132381070
18.686901260640
18.692043994223
18.698178591775
18.703425283083
18.709068085624
18.714679147920
18.720086442006
18.725457470907
18.730818046933
18.736035451272
18.741214874190
18.746201613191
18.751072432794
18.755864339075
18.760919838285
18.765942218071
18.771010341351
18.776099707284
18.781244383392
18.786393424215
18.791560722903
18.796827590071
18.802110921642
18.807436492181
18.812812610456
18.818175449267
18.823596888326
18.829024664142
18.834479683376
18.839928167247
18.845375799006
18.850847598865
18.856289745342
18.861809704019
18.867270516387
18.872796747337
18.878298050893
18.883770456295
18.889259147953
18.894753348581
18.900392305942
18.906029715208
18.911637780013
18.917207910688
18.922814641109
18.928460983670
18.934043122873
18.939583655520
18.945193891192
18.950766826998
18.956479145491
18.962112512185
18.967789259454
18.973369040397
18.978896527483
18.984451697436
18.990040349642
18.995574538575
19.001136611994
19.006684597004
19.012279903761
19.017860236629
19.023518541345
19.029172836428
19.034827968189
19.040492490955
19.046151125841
19.051867487401
19.057539265003
19.063171869353
19.068865857642
19.074492260735
19.080177153443
19.085853573100
19.091595383964
19.097344255506
19.103115865227
19.108998247368
19.114702270784
19.120257120987
19.125900786931
19.131607079368
19.137293123038
19.142844981894
19.148450109403
19.153964969081
19.159494724885
19.165027138757
19.170457864744
19.176005710746
19.181490012731
19.187065771830
19.192530492279
19.198268285121
19.203932154308
19.248273848720
19.252803730370
19.257606686252
19.262791633103
19.268406096053
19.274080025231
19.279648035578
19.285101813909
19.290438692346
19.296089654559
19.301711240943
19.307423024059
19.313047143287
19.318655962065
19.324309485240
19.329910597972
19.335481114234
19.341128475162
19.346682050988
19.352273430008
19.357809539547
19.363454964966
19.368995511934
19.374572158215
19.380171193823
19.385710869197
19.391302579718
19.396903965731
19.402524038179
19.408080714966
19.413626901019
19.419215047295
19.424898864744
19.430502459100
19.436172025275
19.441855460727
19.447554705368
19.453240069111
19.458912734046
19.464616150127
19.470366016698
19.476191588161
19.482028585778
19.487761539759
19.493378132783
19.499269235450
19.505003524837
19.510484381318
19.516291227031
19.522310328084
19.527741855493
19.538364335799
19.548544533197
19.559488197377
19.570516865958
19.581356014934
19.726082825047
19.736585910664
19.747271823415
19.758274651474
19.769261743331
19.780435280806
19.791518356967
19.802561868573
19.813645771744
19.824718571216
19.835957881277

