Time_s
0.454237686245
0.457481776755
0.460664800718
0.464088968473
0.467647406912
0.471303063743
0.474978859507
0.478669085297
0.482390973309
0.486512254486
0.490764515872
0.494702753163
0.498324938652
0.501869199217
0.505456051980
0.508974464969
0.512470333159
0.515957586110
0.519401144307
0.522834950929
0.526237333919
0.529634198961
0.533026307226
0.536430469838
0.539850199310
0.543271871554
0.546709924062
0.550166104903
0.553634264017
0.557123527094
0.560594134533
0.564055373185
0.567486896374
0.570893479783
0.574290195670
0.577645616093
0.580983156452
0.584287126738
0.587547679675
0.590808007263
0.594017543299
0.597200389559
0.600331673443
0.603436670353
0.606516778437
0.609565970454
0.612608493691
0.615621829703
0.618594700415
0.621582152521
0.624555714384
0.627544915050
0.630543298939
0.633572844065
0.636603755957
0.639575352605
0.642589721896
0.646016615644
0.649027048363
0.790862090270
0.794566804548
0.798456780164
0.802134789962
0.806138245385
0.810240516947
0.814407764232
0.818649408256
0.822923934143
0.827254952678
0.831657958583
0.836081402402
0.840562765850
0.845053028580
0.849579817231
0.854161515612
0.858752152913
0.863376152078
0.868030140055
0.872702926195
0.877432969567
0.882202932232
0.887015324816
0.891845853546
0.896728668334
0.901651366051
0.906603025047
0.911550801355
0.916544282849
0.921472600464
0.926522593739
0.931290933142
0.936357406758
0.941167274376
0.946086527837
0.950933516013
0.955715679221
0.960532876142
0.965264704924
0.970037753922
0.974818971978
0.979743210139
0.984454797155
0.989297144462
1.164893475167
1.169675533277
1.174666382438
1.179805253924
1.185193075162
1.190748982881
1.196556223295
1.202533090288
1.208600053138
1.214702826511
1.221274401039
1.227852572643
1.234863477252
1.677316428627
1.682317587796
1.687420787799
1.692351131332
1.697238378693
1.702086395606
1.706944061826
1.711745481362
1.716503451448
1.721311268074
1.726111679652
1.730911744403
1.735790090117
1.740590632228
1.745367121141
1.750064879957
1.754731684192
1.759348937559
1.763906291376
1.768460763566
1.773033358571
1.777629129930
1.782184861091
1.786719133656
1.791236121448
1.795926544996
1.960434545110
1.964075205406
1.967907141751
1.971424986320
1.975349494108
1.979328791316
1.983332401891
1.987331001002
1.991337779852
1.995356856599
1.999387567835
2.003434687157
2.007490762657
2.011550908571
2.015616610027
2.019686190283
2.023773627891
2.027919195981
2.032206239057
2.037333128702
2.041827240366
2.046799206922
2.051289622304
2.081701247918
2.085092336861
2.089158665581
2.093384038864
2.097671007168
2.102015936530
2.106446545191
2.111262697720
2.116246449578
2.121249067517
2.126365189864
2.131913080852
2.137592229560
2.142934465706
2.181751645621
2.186570213479
2.191308907744
2.195994342548
2.200674668297
2.205351149020
2.210088692430
2.214851968516
2.219638672305
2.224473214458
2.229319466733
2.234146286694
2.239034945146
2.243931926122
2.248856493905
2.253829942574
2.258798217200
2.263823442988
2.268903357015
2.274024268209
2.279201693950
2.284358495477
2.289588535916
2.294873156495
2.300130197378
2.305414120100
2.310783379843
2.316108591064
2.321446543038
2.326856380937
2.332320426028
2.337736853476
2.343172895804
2.348640807588
2.354161104596
2.359673380141
2.365278978737
2.371070365605
2.377088281442
2.382885699005
2.388206584860
2.392965540893
2.398103692498
2.403068913961
2.407643068811
2.412209085359
2.416724390330
2.421203422191
2.425643754887
2.430013136974
2.434354591992
2.438645903444
2.442855573346
2.446968899869
2.451006671476
2.454972060002
2.458808705141
2.462564885444
2.466237682305
2.469832669692
2.473326932490
2.476739087537
2.480076223510
2.483351211692
2.486570793717
2.489754793477
2.492894457098
2.495936985727
2.498937510751
2.501898271539
2.504887448426
2.507803451185
2.647271229822
2.651862329776
2.656653483026
2.661620362339
2.666771306996
2.672026938963
2.677404804103
2.682908432928
2.688491817739
2.694188341399
2.699955673506
2.705666776962
2.711414748551
2.717272692539
2.723051469386
2.728834120703
2.734688188581
2.740456142957
2.746153099713
2.751848939565
2.757687869674
2.763521826405
2.769467070105
2.775700101737
2.810019234180
2.815318687518
2.820217468976
2.826214821857
2.832787115175
2.838860055474
2.845085605915
2.851240959850
2.857429049380
2.863764915562
2.870104972445
2.876473063218
2.882793348471
2.889151394524
2.895484429233
2.901804409792
2.908079615241
2.914140839098
2.919902309600
2.992688041757
2.997214184130
3.001766811187
3.007027019401
3.012596260363
3.018381973429
3.024370007327
3.036390345388
3.048406936122
3.060862227825
3.073398455295
3.085691415291
3.091739718309
3.097602247195
3.103599370402
3.109601993532
3.184177581181
3.189074441640
3.193342801419
3.198009013086
3.202926077325
3.207927543336
3.212975584717
3.218116922742
3.223615786621
3.228936189789
3.234076110282
3.239278152657
3.244527853840
3.249791351634
3.255033758367
3.260269733983
3.265463741829
3.270625335380
3.275790528867
3.280909686345
3.285986531424
3.291033077688
3.296007818387
3.300754645957
3.305648985581
3.310408880054
3.315278395765
3.320026926969
3.324722303850
3.329430271976
3.334167230773
3.339007851214
3.343750408422
3.348145975624
3.512466513283
3.517030686188
3.522034791902
3.527238371482
3.532587991322
3.538131147899
3.543811753229
3.549680061892
3.555717361278
3.561918260316
3.568233651296
3.574551341861
3.581111967108
3.587898976460
3.595180961591
3.602963233938
3.622357558599
3.635054259383
3.648138388896
3.660871994768
3.671344600801
3.702930109185
3.707837965471
3.713597598113
3.718947886575
3.724509562917
4.164777413777
4.168067549790
4.171447589060
4.174881755766
4.178237213761
4.181632394751
4.185019007683
4.188342321677
4.191691541066
4.194941582617
4.198177255333
4.201382476240
4.204518514573
4.207786356641
4.211038518436
4.217087395615
4.426680009495
4.429825454029
4.433244888609
4.436860217030
4.440412329487
4.443945265047
4.447494010813
4.451069746318
4.454661645881
4.458270799687
4.461870464712
4.465501322887
4.469140632714
4.472791574218
4.476429083841
4.480084026444
4.483732971582
4.487390415176
4.491037851826
4.494680098398
4.498325206101
4.501942140336
4.505568322264
4.509196514504
4.512798922766
4.516391067837
4.519979209022
4.523564258525
4.527157758321
4.530736123074
4.534323659216
4.537878180346
4.541468887891
4.545070986821
4.548667359140
4.552309252726
4.555922052377
4.559549935277
4.563202909563
4.566863166853
4.570503065308
4.574212285932
4.577959042880
4.581696541455
4.585440222426
4.589197373162
4.592992299951
4.596850509301
4.600878907001
4.604961981678
4.609357274508
4.613797116633
4.617880868344
4.650799362744
4.655324399874
4.659994242491
4.664897885691
4.669914840112
4.675041629606
4.680294526768
4.685635858251
4.691071803206
4.696603903844
4.702167806246
4.707559977341
4.842952381909
4.847278612794
4.851987471002
4.856821245553
4.861716521626
4.866739664842
4.871855159839
4.877081340584
4.882443200807
4.887860803632
4.893310016091
4.898672752975
4.903974133539
4.909178614753
4.914160227854
4.919109163409
4.924103752187
4.929103363114
4.934059339884
4.939017919028
4.944017977505
5.133629259625
5.137082308353
5.140985931311
5.144877220331
5.148847433672
5.152826285458
5.156684820766
5.160559220224
5.164499729646
5.168448249451
5.172426050261
5.176397966990
5.180351786437
5.184306836374
5.188249839446
5.192211051253
5.196175959020
5.200148958365
5.204111450993
5.208028437831
5.211930647108
5.215824932412
5.219703467203
5.223543367129
5.227351130154
5.231162734857
5.234965555649
5.238768449903
5.242568156961
5.246364373427
5.250107299497
5.253849546604
5.257596982883
5.261380146600
5.265310250941
5.269580242518
5.273912683586
5.278246553166
5.394235748268
5.399943636447
5.406038799885
5.412551259122
5.419751721456
5.427208164574
5.434353209062
5.441919564688
5.449365690584
5.457523938815
5.467193523745
5.479107626851
5.490906765424
5.503301728278
5.962748568981
5.967673192774
5.972521879345
5.977287789158
5.982162504348
5.987154541504
5.992194926231
5.997336585840
6.002506910440
6.007741471101
6.012982984627
6.018221455869
6.023497940888
6.028754944105
6.034021892560
6.039341378732
6.044638728701
6.049895006423
6.055131557704
6.060344425399
6.065592577357
6.070765743682
6.075851449403
6.080877922207
6.085819823046
6.090705706185
6.095557369195
6.100292772549
6.104920856803
6.109488954733
6.113993804216
6.118454872568
6.122866467134
6.127157600570
6.131393878790
6.135620754468
6.140010988724
6.144433367202
6.148891138066
6.153447728510
6.157936486272
6.296072391616
6.300565250268
6.304854802489
6.309145904780
6.313383374478
6.317562150624
6.321615546594
6.325597786632
6.329439760459
6.333185508234
6.336920845785
6.340706434343
6.345305805310
6.349402570768
6.548692520949
6.553192634283
6.557815126112
6.562617912086
6.567541427369
6.572581048569
6.577806873712
6.583226175123
6.588751410842
6.594388393808
6.600019502477
6.605755647591
6.611506322055
6.617316159861
6.623125719641
6.628792477740
6.634596482351
6.640208280586
6.645888332209
6.651468011929
6.656994800991
6.662423751855
6.667846319130
6.673172650252
6.678467777842
6.683705816681
6.688938558723
6.694142244771
6.699322975870
6.704505252713
6.709682513134
6.714900795675
6.720221859123
6.726634161770
6.731898840091
6.737262196883
6.742926529483
6.748677737097
6.754350444133
6.759930104269
6.765229425162
6.770795360386
6.776483944865
6.782355616891
6.788206111175
6.794165729738
6.800079085551
6.805885960788
6.811619655021
6.817233480988
6.822430031111
6.827845543877
6.832972151597
6.838189893377
6.843474752644
6.848858796636
6.854642081733
6.860270676904
6.865844049588
6.871641281891
6.877528193258
6.883517584511
6.889688160958
6.896040008931
6.902566978719
6.957747488867
6.963232967840
6.968930166703
6.974650190866
6.980370220096
6.986224319307
6.992039013362
6.997778076132
7.003623807241
7.009540603959
7.015603508427
7.021774784251
7.027937310062
7.034172855673
7.040484788459
7.046891174464
7.053295573735
7.059753833217
7.066154091117
7.072528304382
7.078795977758
7.084906190106
7.091005643441
7.097057056526
7.103381230855
7.109382494245
7.115647427454
7.277449133168
7.290137654008
7.302468887763
7.314774968375
7.326496850057
7.339527642171
7.393987946710
7.406067393328
7.417811036797
7.835477275372
7.840587078494
7.846365066820
7.851662382012
7.857004768019
7.862368320552
7.867819047582
7.873537037148
7.878624170200
7.883713915244
7.888840370071
7.894035991583
7.899298562129
7.904603827142
7.909886225018
7.915246665417
7.920540997098
7.925866961492
7.931196004136
7.936516920410
7.941784412515
7.946524712752
7.951832465784
7.957202162083
7.962602956087
7.967987745323
7.973381938241
7.978736278232
7.984101814596
7.989456869787
7.994821086814
8.000183908191
8.005584277208
8.010987853012
8.016392066069
8.021845616631
8.027297175145
8.033199744373
8.038699393744
8.044484117305
8.050517369911
8.056451380265
8.062597470528
8.068296576444
8.073668515519
8.078794268749
8.083748790208
8.088716805315
8.093657729992
8.098634660279
8.103629366913
8.108668439091
8.113719648170
8.118847414513
8.123931112420
8.128941732864
8.133971856525
8.139102853451
8.144339121351
8.149625938363
8.154906929407
8.160146500825
8.165382296223
8.170555932521
8.175710090892
8.180728353404
8.185762125085
8.190810511971
8.195595433770
8.322479801270
8.326353574969
8.330479701715
8.334919300371
8.339559986193
8.344386452404
8.349255196215
8.354226514622
8.358878300361
8.364313531809
8.369776706452
8.375352926515
8.381021848916
8.386832497016
8.392823125622
8.398918423347
8.405027304977
8.410926445807
8.416774394424
8.422490000438
8.428277544239
8.433986226975
8.439575520173
8.445200300431
8.450672117023
8.456179066589
8.461489532056
8.466784473571
8.471930919082
8.476767862781
8.481553678511
8.486315492228
8.490992926746
8.495666769132
8.500340579518
8.504976709168
8.509128266396
8.513048735213
8.612030250300
8.616212799377
8.620083560104
8.623983974668
8.628082859536
8.632333469033
8.636661041909
8.641065412195
8.645507866226
8.649984290412
8.654481714988
8.659000314571
8.663527912518
8.668047947848
8.672551360969
8.676994209831
8.681393523940
8.685811651997
8.690244073050
8.694855707459
8.699621199025
8.704421612469
8.709584111085
8.714872335104
8.720001244831
8.725099485088
8.730087713261
8.734713786746
8.739626515102
8.744312065500
8.748898114750
8.753396418343
8.757908241718
8.762414300660
8.766828691299
8.771243912160
8.775695794900
8.780163731187
8.784674580721
8.789232186606
8.793840301241
8.798500360945
8.803214398775
8.808146974052
8.813979757773
8.819097736500
8.824470787930
8.830106868682
8.835815109462
8.841809816554
8.847781658432
8.885266611912
8.890747714472
8.896733366096
8.902874910656
8.909341965866
8.915746055978
8.922223697214
8.928693302767
8.935393046833
8.942032999733
8.948763949870
8.955454475241
8.962082597532
8.968864829491
8.975736360486
8.983662197181
9.019497712147
9.025657936784
9.031667513344
9.037629806934
9.043536951037
9.049442745314
9.055265503655
9.061085242757
9.066899257364
9.072692382241
9.078483893976
9.084294814075
9.090134454173
9.096089314674
9.102057648781
9.108087910074
9.114364918172
9.120835937391
9.127652982770
9.171668234966
9.177456410260
9.183380810561
9.189461682322
9.195628362800
9.201937617629
9.208349578121
9.214828366277
9.221377469161
9.228041159951
9.234668178857
9.265326492918
9.277658661476
9.290067690123
9.790857597407
9.795253173279
9.799435194960
9.804603114783
9.809866361187
9.815189719167
9.820581873526
9.826019442225
9.831516041142
9.837049826409
9.842521427822
9.847872250863
9.853125792589
9.858360256223
9.863579636841
9.868768607111
9.873954136269
9.879209260289
9.884613769946
9.890074660907
9.895528418765
9.900890597833
9.906443647486
9.912090665472
9.917715319320
9.923367980611
9.929086379645
9.934801216686
9.940525480162
9.946288939485
9.952055483677
9.957856035441
9.963616769150
9.969320062256
9.974943989594
9.980438678798
9.985906707387
9.991226403406
9.996416578794
10.002116675189
10.007750859445
10.112449842151
10.116267812487
10.120667837733
10.125160519131
10.129754596480
10.134407288726
10.139130239951
10.143895312545
10.148731433951
10.153761965287
10.158615721466
10.163486941661
10.168449442231
10.173534789490
10.178785400931
10.184104990713
10.189273569831
10.194238795354
10.199183218705
10.204141981663
10.209117685258
10.214127317505
10.219146675030
10.224213512637
10.229300406132
10.234429179336
10.239621999516
10.244811505737
10.250043316882
10.255545875283
10.261432575603
10.267308390472
10.273026783914
10.278600813239
10.284143143526
10.289735408209
10.295405492754
10.301096834129
10.306812327461
10.312564138589
10.318359590091
10.324167664923
10.329990016475
10.439241516945
10.444368249137
10.448994359579
10.453757261785
10.458703933656
10.463849832197
10.469099299350
10.474381309238
10.479030278323
10.484661898901
10.490264909309
10.495850972355
10.501549542384
10.507357091423
10.513266051499
10.519182838846
10.525081636910
10.531001073396
10.536949242376
10.542788721386
10.548596237026
10.554300245492
10.559968377497
10.565530113785
10.571106470883
10.576563768187
10.581938996557
10.587279211854
10.592550339219
10.597851468648
10.603126828348
10.608876553470
10.613876084800
10.618913617930
10.694207640336
10.698629814464
10.702782704304
10.706953295406
10.711383877694
10.715842972942
10.720324585461
10.724844430553
10.729436196436
10.734048646414
10.738641915894
10.743261067327
10.747902896191
10.752537071213
10.757135029340
10.761737575997
10.766301959524
10.770842014996
10.775325997065
10.779791990121
10.784190319686
10.788536289558
10.792845756445
10.797121322486
10.801348466694
10.805690526635
10.810072193860
10.814455136138
10.818843729770
10.823239482796
10.827701863477
10.832109053531
10.836585485054
10.937132063176
10.940975851269
10.944482575739
10.948154285540
10.951800370099
10.955434859857
10.959053348009
10.962705240837
10.969586554416
11.131082141398
11.135028399275
11.139199642265
11.143858595831
11.148778307492
11.153916328961
11.159271904461
11.164817415602
11.170666324888
11.176702972957
11.182877950253
11.189270343809
11.195836096857
11.202517495812
11.209310301450
11.216353740958
11.223492934656
11.230724481285
11.238120207100
11.245338041698
11.252603287776
11.260089976396
11.267318642859
11.274056080215
11.281244202396
11.488061831205
11.494299982694
11.499566383630
11.505005026336
11.510487274305
11.516174586194
11.521895673173
11.527383519743
11.533004321181
11.538611299003
11.544253138031
11.549434797957
11.554698017446
11.560012752154
11.565417076548
11.570801688314
11.576263338995
11.581775603659
11.587361517680
11.593030145530
11.598834025578
11.605259946598
11.610928919475
11.617009493174
11.623130850459
11.629291381480
11.635529777357
11.641818598789
11.648217996446
11.654618868830
11.684785706230
11.690341988275
11.695533650417
11.700518968375
11.704496876352
11.709197376465
11.713855196579
11.718475351374
11.723035392658
11.727556425030
11.732007683212
11.736402761939
11.740697356008
11.744885353386
11.749029273971
11.753117050193
11.757180183949
11.761218996545
11.765197374560
11.769177009068
11.773136056559
11.777107770065
11.781131468043
11.785626472936
11.790139480513
11.794557070782
11.798954819928
11.803399307351
11.807803596296
11.812191974761
11.816538232677
11.820886069473
11.825218147497
11.829564640288
11.833962654167
11.838353950374
11.842711562807
11.847161857933
11.851657177419
11.989287422566
11.992996106398
11.996829280161
12.000967409174
12.005191556265
12.009452501349
12.013745460484
12.018093702771
12.022494253701
12.026959020763
12.031466253792
12.035991273037
12.040533442940
12.045117077888
12.049723612677
12.054324444733
12.058975225282
12.063643627189
12.068302080313
12.072974431406
12.077631868789
12.082260999344
12.086874936139
12.091476952539
12.096056334306
12.100645279531
12.105214797655
12.109700041223
12.114118608757
12.118519716660
12.122834469364
12.127167321429
12.131774521955
12.136522092600
12.141264152889
12.145764861629
12.249693061534
12.253238352636
12.257111721216
12.260544762378
12.264152548246
12.268156633744
12.272174068908
12.276255304051
12.280365607797
12.284475143629
12.288616149118
12.292750271882
12.296890907341
12.301051929451
12.305201840498
12.309378632058
12.313572327196
12.317764518054
12.321984052085
12.326232084455
12.330515152762
12.334803944650
12.339172056418
12.343568642504
12.348062000118
12.352571503488
12.357203387144
12.361884846669
12.366657949800
12.371505353571
12.376506580759
12.381473272752
12.386671417882
12.391626436820
12.407269496342
12.413176600697
12.418700400423
12.424307189775
12.429822756487
12.435370322913
12.441064797594
12.447021437087
12.531618359106
12.535736166388
12.539906580487
12.544483010735
12.549164357583
12.553896116191
12.558639720764
12.563406930057
12.568198879647
12.573041160120
12.577950797237
12.582851331145
12.587827239545
12.592849044619
12.597889392136
12.602958372399
12.608007157355
12.612839400330
12.617520095637
12.622043748311
12.626475985186
12.630889877890
12.635273227597
12.639654255131
12.643992197037
12.648309442124
12.653242433251
12.657917167216
12.760800865589
12.764246094092
12.767570932882
12.770758302871
12.774034346003
12.777404868782
12.780798689239
12.784226545089
12.787651338483
12.791112210509
12.794580876916
12.798105856765
12.801630213879
12.805203386169
12.808790442490
12.812475273351
12.816199834212
12.820028919885
12.823970099155
12.828043802369
12.832185296448
12.836503968479
12.840922958010
12.845550662875
12.850376974812
12.855513713859
12.860829573420
13.503219114225
13.506885505349
13.510944614784
13.515331331230
13.519602326733
13.523874135514
13.528163788751
13.532462534987
13.536799912067
13.541334189856
13.546564113342
13.602837377777
13.606432541155
13.610417258489
13.614805875893
13.619211277112
13.623658265463
13.628205682245
13.632855433063
13.637616957834
13.642524908215
13.647529539753
13.652592389326
13.657722845299
13.662919474834
13.668256814948
13.673300203536
13.678261386371
13.683164115963
13.688013509288
13.692884231831
13.697677642676
13.702459861128
13.707402272337
13.712462196585
13.717612922326
13.722207760213
13.728036292438
13.841813816198
13.845030110339
13.848562758147
13.852137792511
13.856147473163
13.860123545254
13.864041550169
13.867946494008
13.871831872913
13.875671167713
13.879499333944
13.883283714647
13.887030635263
13.890727179794
13.894386383689
13.898008031374
13.901548815526
13.905043253195
13.908417925024
13.911746440453
13.915006110459
13.918210371588
13.921353067893
13.924424656845
13.927439487287
13.930375844249
13.933268705866
13.936142348483
13.939045358239
13.942030145766
13.947873226234
14.066058888209
14.069564974476
14.072501684824
14.075467439394
14.078627161874
14.082019843067
14.085503599021
14.089070742612
14.092678675384
14.096318842203
14.100025993947
14.103738299665
14.107455581054
14.111163883238
14.114886069343
14.118583876652
14.122268570761
14.125936080221
14.129555818537
14.133161604370
14.136722658527
14.140247174096
14.143719049276
14.147152751303
14.150516347384
14.153855282175
14.157148663977
14.160388690492
14.163589798239
14.166755000186
14.169875286539
14.173067628055
14.176264439899
14.179393565462
14.182499315349
14.185471020211
14.319763295420
14.323273913312
14.327282509678
14.331282088566
14.335406202729
14.339710572427
14.344129501694
14.348640171060
14.353232667881
14.357900286836
14.362619665488
14.367419453227
14.372247337226
14.377126642653
14.382115582323
14.387130624121
14.392251952162
14.397359116190
14.402503093205
14.407588252773
14.412678613343
14.417798238432
14.422877022108
14.427967218555
14.433079358399
14.438237241469
14.443375152331
14.448576169850
14.453845065873
14.459142578368
14.464456115813
14.469864216391
14.475219361497
14.480482603141
14.485854668491
14.491154970283
14.496445356110
14.501727058602
14.507009259495
14.512233785063
14.517552950932
14.522911424525
14.528340819869
14.533764316156
14.539252545391
14.544728136563
14.550153615281
14.555483759376
14.560684590389
14.565852815126
14.571033234779
14.576252603777
14.581523392629
14.586881533452
14.592302551091
14.597741206820
14.603416305959
14.608885693149
14.614302513919
14.619713912934
14.625105624063
14.630456853895
14.635839675208
14.641378010620
14.647261813605
14.653210178106
14.693458591550
14.698422475496
14.703354108714
14.709005747522
14.714984043649
14.721261615290
14.727962128657
14.847519851534
14.851505614572
14.855780029853
14.860762327010
14.865629519152
14.870541631940
14.875452498384
14.880408905250
14.885322245247
14.890181697483
14.894973004861
14.899732787071
14.904473874590
14.909199633644
14.913898381582
14.918573736873
14.923209193060
14.927819259968
14.932389888441
14.936959549177
14.941516614568
14.946074816989
14.950601848760
14.955101974813
14.959617209582
14.964132209312
14.968641411699
14.973222985187
14.978015446558
14.982749472107
14.987566527141
14.992308345763
14.997063708519
15.001773291268
15.006427981373
15.011045943846
15.015618959229
15.020103665111
15.024461183768
15.028748979662
15.033055763240
15.037336968733
15.041635892545
15.045908347920
15.050154053231
15.054313328537
15.058412920726
15.062509774354
15.066561421184
15.070574400083
15.074521513454
15.078425761627
15.082303800645
15.086151743501
15.089975058951
15.093739736087
15.097491933051
15.101215491359
15.104913717168
15.108608038689
15.112285394033
15.116405123864
15.120305195677
15.124228019486
15.128360849213
15.132478896913
15.136606574057
15.140716144043
15.144869714870
15.149038576422
15.153330255029
15.157593042760
15.161932878708
15.166282360910
15.170767088904
15.175287420605
15.179795428183
15.184358215069
15.188902537509
15.235479342209
15.240925685942
15.246886353345
15.252749730389
15.258702164928
15.264750201024
15.270827500256
15.277005730274
15.283277457537
15.289646279721
15.296102957126
15.302566307314
15.309112532715
15.315606364477
15.322480772142
15.328998785599
15.336279296505
15.346202438363
15.353348923517
15.360268963748
15.367310242457
15.374599827279
15.381915496173
15.389246108103
15.396480419217
15.403430593394
15.410118519189
15.416867051305
15.423706145785
15.430235756015
15.436961790244
15.444274901199
15.450350665145
15.456618480995
15.462688568998
15.468785057167
15.474943168048
15.481063111484
15.486844144007
15.492785736368
15.498470039988
15.504106131816
15.509665111603
15.515209342105
15.520750410660
15.526407476123
15.683586176208
15.689018228290
15.694428110813
15.699893221284
15.705049591222
15.710190474629
15.715359100133
15.720593230756
15.725918133691
15.731445141529
15.736726399255
15.741997729901
15.747307963895
15.752645584505
15.757979989590
15.763345545622
15.768496110372
15.773869730183
15.779286075969
15.784696653104
15.790092945056
15.795531542609
15.800989865466
15.806450620959
15.811934911770
15.817436344323
15.822965779209
15.828489615509
15.834191117166
15.839933762419
15.845890559820
15.851802658193
15.857646506265
15.863537284966
15.869294759800
15.874924064743
15.880529724611
15.886081234679
15.891568276911
15.897090063875
15.902628589525
15.908216809386
15.913835453112
15.919521135125
15.925240750986
15.930999868548
15.936903629516
15.942837805024
15.948640543783
15.954337689586
15.960332424656
15.966550753316
15.972917368162
16.013596442507
16.018931545938
16.023957188573
16.029638113625
16.035335831581
16.041104963734
16.046973196099
16.052865709283
16.058761261640
16.064643237999
16.070528713953
16.076400554772
16.082299087552
16.088222114448
16.094199249249
16.100264182329
16.106513204719
16.113024413885
16.119097572911
16.125211147190
16.131314276043
16.137442562029
16.143506666307
16.149658949104
16.155778191687
16.161886837423
16.168015488658
16.174114511935
16.180166313243
16.186297510734
16.192372178159
16.198335887731
16.204599593553
16.210899285343
16.217198901224
16.223472282315
16.229781387083
16.236096225558
16.242335180854
16.248416435541
16.254540065005
16.260606504340
16.266571645609
16.272583667183
16.278588468377
16.284256573310
16.309379326067
16.315216564259
16.320715415829
16.326580753127
16.332079247371
16.337368796402
16.342614433463
16.347644736858
16.352613305313
16.357586326712
16.362502274860
16.367346881717
16.372146877572
16.376826361824
16.381432225716
16.385998470954
16.390571779930
16.395126650765
16.399648329992
16.404205808795
16.408767381404
16.413285912929
16.417832563458
16.422389530191
16.426984659991
16.431659403443
16.436509782609
16.441424917094
16.446396319304
16.451502914330
16.456658041825
16.461761163462
16.466886761628
16.471952599235
16.476961849450
16.481914485730
16.486791617810
16.491706588281
16.496810729027
16.502196278222
16.507897866809
16.513802259658
16.519780970421
16.525780834782
16.532004920199
16.538370298925
16.544837187992
16.551366119934
16.557919830072
16.564485883715
16.570925854435
16.577397775044
16.583884660859
16.590401342733
16.596757982966
16.603004272398
16.609238470823
16.615462520800
16.621584527251
16.627665990273
16.633730946395
16.639782953723
16.645833368901
16.651781758587
16.657734551204
16.663760007414
16.669806212711
16.676168354709
16.763953507746
16.769414621069
16.774774051632
16.780133379155
16.785593038437
16.791141279938
16.796744948631
16.802441257608
16.808154265570
16.813923580426
16.819686856430
16.960485489834
16.964112864342
16.968378659072
16.972698854678
16.977148729461
16.981657699835
16.986248465028
16.991458219058
16.995931918229
17.103365471767
17.107925644662
17.112317748966
17.116831303018
17.121762935363
17.126984284082
17.132408359773
17.138077096130
17.144009863628
17.150110216972
17.156396125114
17.162769336187
17.169237453285
17.175794962579
17.182444982275
17.189190164529
17.195887564275
17.202740138580
17.209518607682
17.216303295141
17.223088741143
17.229949837492
17.236867171370
17.243757768514
17.250566904064
17.257344298123
17.264074773298
17.270801108087
17.277489127862
17.284108836177
17.290657607614
17.296670045931
17.621063429750
17.633058521383
17.645649780684
17.658538148882
17.671657069258
17.695494809565
17.700773257040
17.706039164837
17.711881043372
17.717539682540
17.723449603365
17.729524091650

