Time_s
0.606284680801
0.609672092654
0.613018178621
0.617034120954
0.621154770817
0.625422020393
0.629547637903
0.633664603713
0.637868712287
0.642101218899
0.646310659572
0.650524283269
0.654735733559
0.658830928122
0.662976779440
0.667056787712
0.671102696101
0.675103850115
0.679096342810
0.683077447162
0.687075369562
0.691069018753
0.695082981493
0.699113274396
0.703149223221
0.707169614412
0.711233772848
0.715249453960
0.719316379259
0.723436096267
0.727539119912
0.731657246731
0.735844204427
0.740003117538
0.744261396418
0.748535301727
0.752760688899
0.757085375361
0.761417248588
0.765777573121
0.770145935254
0.774548983494
0.778959585524
0.783415210717
0.787881910363
0.792400847024
0.796945441006
0.801537614235
0.806189293147
0.810880762786
0.815710308824
0.820524374909
0.825457023223
1.186316686178
1.189561732477
1.193260991019
1.197135968875
1.201052997670
1.205035221410
1.209067678940
1.213141929331
1.217254753849
1.221368227211
1.225492077116
1.229629778243
1.233752736723
1.237870883023
1.241997254539
1.246111039382
1.250214004191
1.254314469487
1.258410195731
1.262504413056
1.266585719735
1.270667183358
1.274779472000
1.278921857104
1.283046485769
1.287166620183
1.291322977426
1.295439064254
1.299550337638
1.303663560328
1.307799657078
1.311944106129
1.316098309228
1.320246327436
1.324339019110
1.328590261891
1.332759722591
1.337018059419
1.341153867589
1.539231203641
1.542381545098
1.546039174557
1.549969129478
1.553942987354
1.557957518115
1.562062772547
1.566269040423
1.570528392679
1.574824929616
1.579165225653
1.583549430491
1.588001721910
1.592429005613
1.596799249422
1.601233931525
1.605721679532
1.610208040030
1.614706144056
1.619212909368
1.623721611017
1.628285805281
1.632858711900
1.637455618445
1.642077751349
1.646753771367
1.651492699690
1.656258788296
1.661045151478
1.665978857947
1.670813016811
1.675709493105
1.680632445711
1.685635211686
1.690678837478
1.695827605327
1.701082982293
1.706383896037
1.711837913586
1.717426618229
1.723099947983
1.728898007286
1.734776287761
1.740661755638
1.746596186229
1.752522040827
1.758294774203
1.764080753674
1.769660056803
1.775195492119
1.780505579455
1.785797922935
1.791201454955
2.312001510644
2.316164084638
2.319962528971
2.323722223477
2.327428226613
2.331172869072
2.334932122571
2.338707190521
2.342505697376
2.346339487657
2.350176390774
2.354027087154
2.357866388855
2.361684710964
2.365474912232
2.369239959896
2.372966448020
2.376656404200
2.380314828711
2.383896192771
2.387559679199
2.391207770766
2.394934687819
2.398677040688
2.402403096952
2.406151476516
2.409923574988
2.413640223337
2.555503220521
2.558614711611
2.561650293662
2.564964911304
2.568616142735
2.572262768707
2.575991022981
2.579767334417
2.583597927485
2.587479396122
2.591410778552
2.595418928035
2.599463363429
2.603543929405
2.607656454193
2.611748897799
2.615906007365
2.619993922284
2.624098200043
2.628198828104
2.632284354752
2.636359900106
2.640423382693
2.644485162159
2.648523963415
2.652539486693
2.656552285396
2.660566527403
2.664580687323
2.668585908178
2.672609770355
2.676609697231
2.680644551538
2.684869162460
2.689242259139
2.693300209346
2.697266401479
2.701269040146
2.705417606988
2.709593026135
2.713503740597
2.717380294926
2.721372414557
2.725297106298
2.808685987764
2.812463585122
2.816493741194
2.820698418135
2.824925543596
2.829130759717
2.833529181630
2.838012440092
2.842676201080
2.847301729415
2.851905769014
2.856737337634
2.861577002388
2.866530131602
2.871733901411
2.876499472368
2.881561109948
2.886576091310
2.891707221418
2.896677038741
2.901873963660
2.906918939839
2.911420479276
2.916551366683
2.921653829683
2.926292596698
2.930612244955
2.934694944255
2.939252985089
2.943961061997
2.948635881262
2.953269336228
2.957963430184
2.962659847300
2.967324650281
2.971986837562
2.976629955303
2.981275303493
2.985910142806
2.990545277576
2.995200245705
2.999894224800
3.004606937000
3.009334411639
3.014065579371
3.018837747956
3.023598726941
3.028389904584
3.033159830839
3.037927288376
3.042728599515
3.047542826696
3.052341879993
3.057133666497
3.061963089248
3.066807451195
3.071590683797
3.076417184372
3.081248170804
3.086074475179
3.090908839060
3.095745799131
3.100597273979
3.105442102260
3.110273187241
3.115155443313
3.119992328321
3.124877675099
3.129742485791
3.134603823926
3.139517999283
3.144479056925
3.149521677294
3.154506858025
3.159608082106
3.165030629502
3.170471602447
3.175251159308
3.180595899489
3.185631179757
3.217623181212
3.221317825533
3.225664858524
3.230535726200
3.235262388057
3.240095533380
3.245012692248
3.249888928188
3.254800152891
3.259765648607
3.264726269645
3.269702094510
3.274717265180
3.279796597988
3.284891117932
3.290005503237
3.295190985143
3.300318507053
3.305597968936
3.310999228747
3.489223640448
3.493108010044
3.497699034413
3.502359637469
3.507098219600
3.511873931136
3.516713855721
3.521582283106
3.526419309847
3.531257498519
3.536153948568
3.541027907614
3.545896205821
3.550756588288
3.555650052547
3.560530383040
3.565441941855
3.570327925193
3.575251427405
3.580151696865
3.585012048475
3.589923664860
3.594831269143
3.599746762747
3.604675319088
3.609586851354
3.614510675888
3.619393936039
3.624275369056
3.629162112830
3.634075346584
3.638989052338
3.643908628224
3.648840938108
3.653789771093
3.658746961034
3.663680393703
3.668664522014
3.673623350499
3.678596235014
3.684142920379
4.003155122306
4.008410331236
4.013052758859
4.017904927491
4.022746960763
4.027625093369
4.032465324791
4.037313887496
4.042106649977
4.046873231052
4.051654472397
4.056493733752
4.061350817932
4.066245852356
4.071153501005
4.076151725388
4.081129479101
4.086137597398
4.091140134333
4.096161253482
4.101202450411
4.106246198243
4.111328019929
4.116406433359
4.121510997285
4.126607414899
4.131663149478
4.136834891659
4.141791971850
4.267090039114
4.271537901474
4.276179809753
4.280913909351
4.285667311307
4.290501655995
4.295357561548
4.300238699241
4.305147376741
4.310089897585
4.315029905639
4.320003972395
4.325002225038
4.330010602430
4.335037512192
4.340113206021
4.345204137732
4.350316200363
4.355420949818
4.360537201853
4.365648442892
4.370751759058
4.375820168916
4.380886759966
4.385944434217
4.390979441302
4.396033015064
4.401104865924
4.406180776843
4.411269873135
4.416261765628
4.421374265674
4.570083497985
4.574953848967
4.579951934726
4.585148088452
4.590470531583
4.595824945260
4.601241024796
4.606687714603
4.612142280179
4.617599317144
4.623039763704
4.628521577240
4.633984851940
4.639489948498
4.645001753254
4.650547641912
4.656149867442
4.661738420368
4.667255639741
4.672790216777
4.678313238807
4.683830592098
4.689318004460
4.694841084548
4.700415542148
4.705982328224
4.711548549905
4.717137938666
4.722758356914
4.728426784531
4.734094245842
4.739925296394
4.745709686142
4.751609173239
4.801376844064
4.807014570889
4.812564497414
4.818104160761
4.823672091831
4.829330715580
4.835167834151
4.841180496033
4.847241873389
5.025049878790
5.029582255474
5.034239522293
5.038971761462
5.043774444318
5.048614367608
5.053519485022
5.058478093865
5.063510598980
5.068612117880
5.073776826171
5.079015256944
5.084282232085
5.089590569289
5.094986438076
5.100461554998
5.106040106200
5.111664444728
5.117445926266
5.123334101611
5.129319354494
5.135395077229
5.141627816581
5.147991328542
5.154388701127
5.160782354315
5.167062484842
5.173158677171
5.777013145490
5.780538123297
5.784839497129
5.788926014120
5.793008359961
5.797052937085
5.801016725346
5.804964461427
5.808857906383
5.812677197446
5.816530099463
5.820294591103
5.824024686997
5.827705433006
5.831344205042
5.834930784561
5.838502843054
5.842125786018
5.846464889125
5.850072507014
5.853665018602
5.857412120277
5.861293361218
5.864938881560
5.868689738868
5.872336315463
5.876264683153
6.140399909125
6.143705950016
6.147877469754
6.151950465344
6.156092876181
6.160280253786
6.164504258720
6.168780804227
6.173037800418
6.177419057564
6.181874957689
6.186341251370
6.190817884535
6.195286823197
6.199830492818
6.204503748212
6.209275996842
6.214133140239
6.219005111500
6.223931876961
6.228917734497
6.233830883965
6.238852508674
6.243915299115
6.248929062764
6.253961412191
6.258988914841
6.263991617568
6.269038448063
6.274021804937
6.278995648659
6.283958175379
6.288882503955
6.293733051158
6.298477592784
6.303184904028
6.307849422384
6.312446521129
6.317020497289
6.321523573436
6.326034211965
6.330480268430
6.334918308493
6.339312312291
6.343626869523
6.347927451247
6.352265745660
6.356569073111
6.360970780741
6.566250448232
6.571104575581
6.575585098747
6.580043918611
6.584575390379
6.589156115328
6.593773913519
6.598446967423
6.603156790582
6.607867908297
6.612619047619
6.617369829379
6.622150009230
6.626956188794
6.631773700882
6.636615923426
6.641224909090
6.645854019521
6.650744781996
6.655354161313
6.660005361260
6.664769219838
6.848488961419
6.852496566561
6.856785222274
6.861262835202
6.865765416140
6.870297124060
6.874865275432
6.879483920730
6.884138118436
6.888827523625
6.893515770863
6.898239065794
6.902945877926
6.907684352524
6.912409722971
6.917136556698
6.921848621579
6.926546928023
6.931233991259
6.935890080828
6.940523539605
6.945148505547
6.949761485560
6.954337221074
6.958912213759
6.963445874098
6.967959552821
6.972432795765
6.976862631566
6.981347135292
6.985821310352
6.990379953415
6.994842136700
6.999500088484
7.004108192216
7.008651716340
7.013271779315
7.017963464474
7.299724150873
7.303223706840
7.307044235868
7.311381775460
7.316001589818
7.320486267134
7.324945668552
7.329509857099
7.334005960805
7.338577150523
7.343105642769
7.347682470853
7.352198398129
7.356847517272
7.361578137940
7.366320689015
7.371106324704
7.375905768443
7.380753776111
7.385612976259
7.390494037949
7.395376291728
7.400220400232
7.405065160290
7.409956580506
7.414840795148
7.419729288569
7.424621630780
7.429503514480
7.434400678710
7.439311859161
7.444227215929
7.449155334007
7.454350528473
7.459445280614
7.464345076786
7.469199073024
7.665147726362
7.670330992901
7.675613977041
7.680920222713
7.686206213234
7.691518096136
7.697005088426
7.702582598817
7.708336918581
7.714056562945
7.719995167516
7.725963607911
7.732031410620
7.738328368679
7.744679555635
7.751112754901
7.757375790566
7.764060097055
7.770737024707
7.777300081437
7.784099284437
7.790840366797
7.797644617059
7.804450796085
7.811320830313
7.818269310524
7.825198066408
7.832008519423
8.466265919768
8.470653373409
8.474989089291
8.479357990270
8.483753419484
8.488219964530
8.492717277018
8.497249261460
8.501780409514
8.506313900135
8.510835061037
8.515348913133
8.519844679283
8.524328192948
8.528760003493
8.533150967409
8.537513314198
8.541836264691
8.546117940434
8.550319529490
8.554508121404
8.558660272107
8.562742405037
8.566808286182
8.570842345433
8.574826209095
8.578736882931
8.582607309718
8.586408420599
8.590154619481
8.593879119633
8.597541863109
8.601198617787
8.604813146515
8.608425642190
8.612355314297
8.616383390078
8.620377246223
8.624339671360
8.627503910332
8.631387771717
8.635153311084
8.638718074848
8.642088357295
8.645198928157
8.648429422589
8.652544817570
8.856753406795
8.861131442719
8.865205672794
8.869377220276
8.873650632487
8.877966062125
8.882385556313
8.886909311674
8.891488113851
8.896029485989
8.900658214054
8.905296327602
8.910020547229
8.914772015186
8.919537339694
8.924319203609
8.929102339112
8.933852329179
8.938573548227
8.943298051976
8.948003721208
8.952650638603
8.957291448985
8.961888244000
8.966465556436
8.971013117430
8.975580053460
8.980069397215
8.984607539029
8.989358773790
8.994290236620
8.999191203705
9.003872316141
9.008556862492
9.013202489530
9.017866203420
9.286308547738
9.290431706181
9.294019649742
9.298435183055
9.303059536265
9.307662031863
9.312241052046
9.316833309069
9.321433739806
9.325728783391
9.330442851483
9.335271543936
9.340166113539
9.345090318744
9.350041167593
9.355083328304
9.360155877320
9.365268666594
9.370365342032
9.375527013075
9.380730109821
9.385941489164
9.391189469539
9.396410116934
9.401690258395
9.407005110860
9.412346956038
9.417627822993
9.422913104454
9.428074196274
9.433220817907
9.438329277588
9.443382282276
9.448422966694
9.453369602565
9.458223632535
9.463108544237
9.468029926973
9.473092700154
9.478176738394
9.483325703549
9.488438748331
9.493570201314
9.499930912839
9.719835985585
9.725150238249
9.730403987302
9.735582275186
9.740721592137
9.745870911755
9.751022848019
9.756220236571
9.761429130717
9.766658504577
9.771930536146
9.777243309183
9.782556094407
9.787901021795
9.793158677811
9.798420294068
9.803723110454
9.807967080332
9.813233533539
9.888589852924
9.894709507402
9.900484055374
9.906367440132
9.912122702189
9.917783158526
9.923561807656
9.929387943259
9.934995862521
9.940314744275
9.945461026005
9.950505444409
9.956058790644
9.960670959647
9.965777726364
9.970906606536
9.976009295578
9.981030898718
9.986115413415
9.991210250974
9.996319793306
10.001471648851
10.006671273146
10.011561725060
10.016445792476
10.021249998688
10.026006743562
10.030692069179
10.035361985771
10.040004290471
10.044651397356
10.049348305922
10.054034617254
10.058710690796
10.063385498644
10.068048090870
10.072722411465
10.077381862764
10.082026395943
10.086674375836
10.091309674383
10.095965586287
10.100662775672
10.105357011534
10.110105639790
10.114907526930
10.119840709882
10.124489324981
10.356842518575
10.360343010411
10.364173877046
10.368297764823
10.372455769003
10.376683725719
10.380927196480
10.385190378202
10.389477887272
10.393828982157
10.398215483715
10.402627246986
10.407103930327
10.411610018302
10.416218630858
10.420875383872
10.425651546922
10.430591181753
10.435693117499
10.440938681147
10.446273751690
10.451818963434
10.457645423583
10.463768477929
10.470063301926
10.476467934307
10.482979788163
10.489595021727
10.496149229698
10.503244743066
10.510320584728
10.517647921365
11.174939846963
11.179210747476
11.183406974642
11.187595489151
11.191849961556
11.196140633442
11.200422921931
11.204730879372
11.209016415613
11.213334208378
11.217673750363
11.222040960869
11.226442386522
11.230851275543
11.235600009352
11.239917385834
11.244248741551
11.248573746745
11.252947877089
11.257367209025
11.261768503710
11.266207293531
11.270637673405
11.275082671382
11.279515683372
11.283938168093
11.288361618128
11.292761577858
11.297128696818
11.301502810808
11.305840533066
11.310166372997
11.314468615166
11.318749734362
11.322931565827
11.327066691700
11.331310620324
11.335641551669
11.339872558414
11.343990918823
11.348104295628
11.352211591820
11.356236339333
11.360089371102
11.363830913068
11.367699391759
11.371459731155
11.375182510018
11.378896381767
11.382577623857
11.386220833853
11.389814464667
11.393396747922
11.396942271020
11.400457446396
11.403942231436
11.407393478262
11.410832336201
11.414231337458
11.417611226705
11.420963252159
11.424305167260
11.427643221467
11.430986367272
11.434296306962
11.437635501369
11.440964627023
11.444334346701
11.447675682903
11.451054307251
11.454465030824
11.457863744146
11.461375883142
11.464962392674
11.468793361397
11.479277904158
11.482982190368
11.486759229158
11.490856006468
11.495187788058
11.499051505798
11.502846717928
11.507148730052
11.511670963611
11.515584496391
11.519414656952
11.523323593168
11.527432056609
11.531081630705
11.534888796081
11.538666924096
11.542544602601
11.546404515928
11.550240947072
11.554108439737
11.557981941255
11.561798533394
11.565621831497
11.569419113291
11.573213668225
11.576979483582
11.580734134608
11.584472328316
11.588181990225
11.591903632052
11.595599683232
11.599322716514
11.603075675896
11.606826547274
11.610588760746
11.614364142062
11.618196747786
11.622060396931
11.625920080386
11.629849128483
11.633802283773
11.637783783956
11.641785409055
11.645847298901
11.649933878463
11.654085651997
11.658296511275
11.662558637708
11.666896281171
11.671317742864
11.675807745578
11.680328121368
11.684857427725
11.689418259570
11.694044764862
11.698684001760
11.703300142791
11.707906478654
11.712532534193
11.717151813962
11.721934257555
11.726584926219
11.856921480376
11.860620873593
11.864694091912
11.868981512214
11.873351492758
11.877662103930
11.882038261090
11.886420321112
11.890828985691
11.895206164012
11.899687496741
11.904212697783
11.908699413281
11.913246800987
11.917791033519
11.922265143705
11.926406344356
11.931065357887
11.935742430390
11.940389422941
11.945014096616
11.949632965325
11.954252120679
11.958857273782
11.963471781460
11.968040233174
11.972617242229
11.977170243773
11.981727383577
11.986278704546
11.990806216188
11.995292144854
11.999772947398
12.004229650469
12.008681095207
12.013120452127
12.017563456748
12.021968325305
12.026362481186
12.030743600478
12.035100180053
12.039411430728
12.043716476328
12.047970164874
12.052191803075
12.056419866590
12.060581249709
12.064758500316
12.069253121105
12.073477875339
12.076957819570
12.081494796344
12.087043784852
12.091493058602
12.095929790945
12.100370984554
12.104815263312
12.109216432300
12.113564135815
12.235108359627
12.238790867205
12.242233804382
12.246115888336
12.250129583363
12.254146204276
12.258245400259
12.262418074510
12.266658758168
12.270938416456
12.275254441619
12.279649314405
12.284153260766
12.288655629514
12.293211146822
12.297795564038
12.302462581126
12.307142477880
12.311907819598
12.316665069282
12.321507514752
12.326366187091
12.331170453664
12.335961243913
12.340732042063
12.345528945822
12.350309450804
12.355028328736
12.359796954764
12.364645889091
12.369390979846
12.374089569574
12.378811739420
12.383548835885
12.388251583502
12.393019774138
12.397876918881
12.402693250001
12.407508537247
12.412411138175
12.417428070717
12.422503874440
12.427729903673
12.433122889076
12.438591692044
12.444115348474
12.449705532904
12.455173938122
12.460653588965
12.466110138872
12.471549956275
12.476990935355
12.482397927137
12.487807403031
12.493175833026
12.498570360614
12.503925087582
12.509289648114
12.514689937446
12.520211534928
12.525824660531
12.531241385606
12.536728146296
12.542165468632
12.547611457762
12.553243084201
12.559045487963
12.655626944728
12.660931636054
12.666205170290
12.671386270488
12.676475170989
12.681439358064
12.686383110699
12.691274379776
12.696090436222
12.700835538055
12.705529193893
12.710177411762
12.714782048401
12.719377674040
12.723987172973
12.728590864289
12.733180475202
12.737732931436
12.742262257257
12.746765661426
12.751244610595
12.755698939760
12.760139279560
12.764536599322
12.768890122416
12.773192933404
12.777477501397
12.781750234215
12.785975341147
12.790138294753
12.794294270216
12.798439432514
12.802558288144
12.806661706312
12.810759155257
12.814863274531
12.818956341267
12.823029137193
12.827135432578
12.831282852587
12.835488447877
12.839730635979
12.844030307128
12.848343796029
12.852608051746
12.856791905092
12.860962866691
12.865210539547
12.869481478365
12.873994317299
12.878372947046
12.882738339055
12.887015142831
12.891525355017
12.896281606565
12.900898857592
12.905634908270
12.910359941112
12.915125942912
12.919921670305
12.924750178454
12.929632059321
12.934549287188
12.939527037140
12.944596835139
12.949796228534
12.955056255494
12.960376940074
12.965865987334
12.971492894927
12.977220469596
12.983303320107
13.093395820475
13.098288627002
13.103884583844
13.109323746762
13.114711819737
13.120026980237
13.125318132074
13.130623251808
13.135872498736
13.141177852785
13.146518896377
13.151888425830
13.157335738681
13.162831324573
13.168458273123
13.174156401940
13.180119927817
13.186113479542
13.192198921233
13.198423603964
13.204657369975
13.211035417613
13.217418580690
13.223903847040
13.230498933360
13.237331665405
14.073917089696
14.077856454978
14.081552499224
14.086139887938
14.090361436081
14.094820969234
14.098986592209
14.103259558448
14.107506379765
14.111710754360
14.115866334873
14.120038119874
14.124189864501
14.128318506993
14.132484670212
14.136622321322
14.140764007007
14.144884694464
14.149002885533
14.153103373880
14.157206704559
14.161283420302
14.165357204257
14.169379199864
14.173408265596
14.177442859117
14.181463032912
14.185445434084
14.189425088197
14.193407071329
14.197369724447
14.201286008819
14.205196198631
14.209098881705
14.212945115007
14.216776186014
14.220580458709
14.224369294516
14.228131078407
14.231830623129
14.235446448798
14.239042343094
14.242583288332
14.246103334361
14.249619991656
14.253040304136
14.256347325623
14.259623865805
14.262949263144
14.266233790194
14.269422886155
14.272544623931
14.275663759967
14.278775826310
14.281894683562
14.284869837033
14.287882776368
14.290870154672
14.293779800411
14.296826102635
14.299714710724
14.302780960905
14.305665271836
14.308800815297
14.311525835418
14.314586325202
14.447049295239
14.450126167441
14.453214910111
14.456280379065
14.459551827244
14.462901457875
14.466275792558
14.469677216495
14.473109693593
14.476596522832
14.480088290523
14.483601080511
14.487142332596
14.490700340860
14.494296067066
14.497920485519
14.501604438635
14.505327323042
14.509086011847
14.512852981768
14.516637174822
14.520479980700
14.524352825417
14.528252895339
14.532146380680
14.536060355075
14.540004021969
14.543923120630
14.547862814611
14.551839414838
14.555812476133
14.559805544190
14.563833766679
14.567881542627
14.571961017563
14.576055993815
14.580154053780
14.584215468040
14.588349481633
14.592509751356
14.596726919472
14.600983921512
14.605193177841
14.609264941549
14.613356996669
14.617522611849
14.621697179589
14.625856291114
14.630016828222
14.634211021871
14.638404614845
14.642582699434
14.646769288581
14.650975536504
14.655213935978
14.659432278071
14.663643181293
14.667854744715
14.672114152824
14.676350222221
14.680604210472
14.684831607125
14.689052040804
14.693298281932
14.697531237759
14.701688842008
14.705894371421
14.710127583190
14.714327209000
14.718509224412
14.722696452518
14.726851508694
14.731009436787
14.735155719856
14.739281206218
14.743388009521
14.747510328210
14.751603644151
14.755677900888
14.759757266944
14.763820274209
14.767845215651
14.771877036498
14.775895428601
14.779895539188
14.783887030183
14.787870862369
14.791845655375
14.795826271245
14.799787617545
14.803721556495
14.807669155557
14.811609720841
14.815552864921
14.819483705391
14.823423407801
14.827373094801
14.831287377656
14.835198678139
14.839095728456
14.842986556335
14.846929360758
14.850894942636
14.854885624040
14.859308416740
14.863607455656
14.867741467006
14.871963491934
14.876117584584
14.880052912704
14.888221055881
14.892200063379
14.896312808851
14.900453187169
14.904470848464
14.908442810607
14.912279148473
14.916085399053
14.930879492613
14.935348830587
14.939483857600
14.943823034957
14.948553637253
14.952102216353
15.044918649930
15.049485564809
15.054028501727
15.058591542077
15.063126986204
15.067655793196
15.072197758184
15.076745923622
15.081286392856
15.085839884863
15.090400969831
15.094949834198
15.099498185060
15.104078912990
15.108660154386
15.113184621400
15.318268504084
15.321846268009
15.325610529027
15.329821556115
15.334112102498
15.338371554639
15.342585944996
15.346813139667
15.351102289568
15.355396949986
15.359703560953
15.364034581374
15.368339987273
15.372690625510
15.377029814585
15.381398067242
15.385758165851
15.390114533249
15.394476987130
15.398838683721
15.403188659870
15.407529340822
15.411700669435
15.415982377720
15.420301711745
15.424609475091
15.428874081997
15.433140197952
15.437375558640
15.441611243211
15.445837567440
15.450051779137
15.454234766028
15.458390112327
15.462570528162
15.466715719173
15.470856385498
15.474990623537
15.479122274332
15.483210925939
15.487311254675
15.491409373407
15.495488943689
15.499553878589
15.503603389647
15.507642428948
15.511671294711
15.515679631113
15.519688997550
15.523709840297
15.527713254557
15.531698262083
15.535672373538
15.539644443469
15.543585998633
15.547499842442
15.551390279309
15.555296684715
15.559195412585
15.563063412058
15.566905260916
15.570726828118
15.574547673092
15.578358585212
15.582157766141
15.585930483524
15.589697081322
15.593440063959
15.597195915965
15.600937234600
15.604681590935
15.608475788688
15.612239366826
15.615989673347
15.619804534218
15.623636782549
15.627408685186
15.631194088017
15.635025321690
15.638856791527
15.642720112924
15.646635283263
15.650588878643
15.654545684983
15.658534082666
15.662469637361
15.666442485551
15.670451445887
15.674472191645
15.678529041691
15.682546036251
15.686634495868
15.690705720826
15.694753662097
15.698804317267
15.702866244797
15.706925308205
15.711022574385
15.715118036983
15.719176234797
15.723317765904
15.727655302740
15.731630133337
15.735497560802
15.739131214638
15.743119686609
15.747339330757
15.751457236447
15.856276178108
15.859751858611
15.864267478056
15.868382771393
15.872172555977
15.876245129164
15.880455659167
15.884512634671
15.888526676786
15.892714917534
15.897068642808
15.901480442250
15.906010927755
15.910627934396
15.915334144035
15.920052565770
15.924775738654
15.929502992260
15.934204807250
15.938859743433
15.943452584612
15.947918635428
15.952243809549
15.956517880710
15.960714077622
15.964812867617
15.968848850691
15.972867453658
15.976767197572
15.980595800216
15.984297798056
15.988039318758
15.991695755267
15.995475070796
15.999290973686
16.002970065700
16.006807520189
16.010743651241
16.014844051471
16.167906637252
16.171492223377
16.174753862784
16.178584224403
16.182465378399
16.186480203407
16.190541312758
16.194663104682
16.198852705988
16.203058973036
16.207294890641
16.211559087334
16.215820384500
16.220099031599
16.224392562416
16.228652547001
16.232919807256
16.237152887515
16.241403171049
16.245634540283
16.249861622552
16.254080335061
16.258301801143
16.262525069750
16.266741650242
16.270976491265
16.275354110129
16.280008284107
16.284562288913
16.288817550877
16.293309562145
16.297565884460
16.301562389516
16.305928903692
16.310149362411
16.314681666581
16.318907843802
16.323198022836
16.477263495518
16.484143229575
16.487781060768
16.491464254237
16.495706347172
16.500115718844
16.504461009266
16.508862893780
16.513284851713
16.517732740353
16.522211047114
16.526743820539
16.531295080111
16.535827379919
16.540435979212
16.545013543197
16.549606634955
16.554200618752
16.558789730357
16.563317802585
16.567715331633
16.572262507075
16.576958145389
16.581738346800
16.586541067323
16.591356500949
16.596180579221
16.601002910083
16.605839468952
16.610676781361
16.615493940571
16.620317105343
16.625100541825
16.629916534000
16.634748149525
16.639557987031
16.644381726585
16.649208758606
16.654027362393
16.658834189117
16.663643501964
16.668398470923
16.673112564872
16.677807318025
16.682471544771
16.687126728948
16.691764372547
16.696384658686
16.700980798270
16.705566741858
16.710145906419
16.714775419522
16.719401377922
16.723931289589
16.728623201293
16.733251977775
16.738084188476
16.742917396344
16.747622731766
16.752257572864
16.756946543160
16.761636198937
16.766346783845
16.770947059243
16.775552362094
16.780374562948
16.911393641873
16.916056911350
16.920630882570
16.925163806282
16.929672420544
16.934183723107
16.938691582946
16.943217072313
16.947766881380
16.952325217816
16.956894255416
16.961529373254
16.966106163227
16.970584032851
16.975024622117
16.979529020645
16.984045531412
16.988552066364
16.993049811377
16.997555135556
17.002073227965
17.006578195440
17.010972743644
17.015358761031
17.019811722405
17.024326252715
17.028837186623
17.033370497625
17.037902579744
17.042424028027
17.046938299072
17.051500089285
17.056100663717
17.060798336705
17.065554853673
17.070356084924
17.075083258445
17.079548712184
17.088535754957
17.093332481890
17.098357206404
17.103239999731
17.108202195290
17.117444753030
17.122798075483
17.128379190036
17.134443404246
17.140251446273
17.145408669577
17.207947664427
17.211355007049
17.215312410883
17.219589747959
17.223900602642
17.228178920493
17.232427238582
17.236649964786
17.240872074795
17.245091611677
17.249310414196
17.253484746111
17.257636128890
17.261778201906
17.265897250638
17.269998514248
17.274078290347
17.278133579411
17.282199360037
17.286209758360
17.290229270738
17.294250798820
17.298267864324
17.302291963357
17.306283983209
17.310277083376
17.314237591656
17.318208668588
17.322164905168
17.326112654697
17.330094896319
17.334202183175
17.338569944501
17.342718558320
17.346809146180
17.350684992929
17.354556448392
17.358600458821
17.362953106241
17.366953669196
17.577872210611
17.581365037402
17.585292174422
17.589219479628
17.593233862578
17.597344150644
17.601505182183
17.605759279029
17.610046061538
17.614393418166
17.618860603071
17.623394941087
17.627996820352
17.632596357588
17.637243344876
17.641900960460
17.646554566784
17.651209240720
17.655862714679
17.660505910790
17.665148471255
17.669772328028
17.674393662210
17.679010761011
17.683627087174
17.688252237499
17.692882829833
17.697530977535
17.702178359897
17.706809782573
17.711449441157
17.716082147339
17.720730271988
17.725380093746
17.730008357197
17.734630437002
17.739200271160
17.743774613532
17.748367222807
17.752983459345
17.757660839920
17.762356550599
17.767091512658
17.771711209070
17.776462865562
17.781100598647
17.785741647824
17.790402448244
17.794866865395
17.799315301499
17.803960927450
17.977768916029
17.982166290066
17.986468397060
17.990803733650
17.995148570745
17.999525102793
18.003979840371
18.008517056600
18.013201622788
18.017935808945
18.022750500574
18.027631803932
18.032565678974
18.037531463074
18.042541474986
18.047570295242
18.052601447948
18.057626654470
18.062648354721
18.067655446142
18.072612303934
18.077564450557
18.082502930694
18.087422203300
18.092339329077
18.097238313582
18.102138291439
18.107019394413
18.111869554704
18.116695146519
18.121559171759
18.126408595017
18.131284237876
18.136174324597
18.141094668174
18.145998210880
18.150883827017
18.155777131192
18.160685749860
18.165577161679
18.170389974263
18.175221814911
18.179991390122
18.184760715533
18.189521048725
18.194224066329
18.198949771431
18.203625595766
18.208287787597
18.212983764562
18.217671896047
18.222373874015
18.227077697858
18.231803088485
18.236586347407
18.241374606839
18.246087678514
18.250709680601
18.255451484490
18.259948815630
18.264659734915
18.269331889802
18.273991778909
18.278697374524
18.283397610208
18.288068509276
18.292950726851
18.875127097249
18.879555176159
18.884421370015
18.889088734338
18.893878895244
18.898722957649
18.903681701400
18.908737928391
18.913887145152
18.919227943170
18.924669431813
18.930387111263
18.936227166714
18.942322109037
18.949089538818
18.955673664859
18.961476631379
18.967199323759
18.973134747193
18.979405857072
18.986199586841
18.992934103504
18.999671047545
19.005437449333
19.010614904585
19.015979994365
19.021372908239
19.026854387028
19.032406573222
19.037981184999
19.043576104711
19.049122976663
19.054733367869
19.061375674236
19.066886279327
19.072353313872
19.077987070341
19.083418898857
19.088912674888
19.094560040120
19.218074021761
19.222356217639
19.226459807229
19.230749078467
19.235190564570
19.239664246573
19.244122014724
19.248649219527
19.253217524586
19.257828623461
19.262501046658
19.267233181470
19.271991300545
19.276792238559
19.281676786251
19.286601351618
19.291739497438
19.297033360063
19.302398166886
19.307854516274
19.313543350302
19.319182227572
19.324972265962
19.330826299372
19.336716952966
19.342689028467
19.348790714654
19.355146074706
19.362151553139
19.368888853413
19.376018728662

