Time_s
0.204021670957
0.208239859757
0.212398371772
0.216633356364
0.220963190420
0.225166229558
0.229386197821
0.233717994458
0.238215380887
0.242570401945
0.246981599862
0.251311460792
0.255707199449
0.260076495268
0.264551775688
0.268936742740
0.273270388648
0.277485289026
0.281822432182
0.286214140433
1.028769195930
1.032720585248
1.036719092861
1.041448044904
1.044957682932
1.048955380245
1.052589757770
1.056210262248
1.059891347851
1.063537032265
1.067193132394
1.070859010904
1.074519028232
1.078164416681
1.081783234233
1.085435065234
1.089096084540
1.092748477060
1.096393534427
1.100008805770
1.103620576928
1.107220998814
1.110810379739
1.114387677072
1.117958757686
1.121513786890
1.125039229372
1.128549562513
1.132042728238
1.135517839658
1.138983101767
1.142415813087
1.145847180041
1.149252465489
1.152640969115
1.156009705886
1.159367081463
1.162721437926
1.166053853646
1.169373974795
1.172669268770
1.175952491175
1.179222036628
1.182481919117
1.185722408376
1.188957522358
1.192168824920
1.195376249131
1.198578127076
1.201761039564
1.204935572721
1.208101455191
1.211272730505
1.214436456793
1.217593610075
1.220757257077
1.223941792927
1.227141673735
1.230337237514
1.233536253122
1.236766376344
1.240015040010
1.243262437301
1.246573581069
1.249810216309
1.253048354852
1.256449277809
1.259956824072
1.263268299159
1.416721806919
1.420216096393
1.423970043720
1.427507404074
1.431143838879
1.434669248829
1.438227893965
1.441819075677
1.445416501098
1.449044555429
1.452682233418
1.456358075977
1.460041914353
1.463748590798
1.467459054611
1.471162857962
1.474890540766
1.478612282649
1.482357497987
1.486118050834
1.489882637983
1.493646279452
1.497408608220
1.501161718471
1.504911972854
1.508665465332
1.512418357135
1.516164158572
1.519900061289
1.523641883706
1.527370650333
1.531098573679
1.534828318105
1.538560629504
1.542274191890
1.545990200240
1.549712448190
1.553446660335
1.557174805779
1.560897279700
1.564618735911
1.568349717293
1.572085303263
1.575815086633
1.579533535996
1.583259598928
1.586991148023
1.590742706757
1.594502392218
1.598258989784
1.602041124262
1.605861318132
1.609675544440
1.613491853748
1.617369113162
1.621247253126
1.625220632835
1.822473541552
1.826045963743
1.830354837929
1.834910126436
1.839475452579
1.844049244185
1.848686275962
1.853348220932
1.858049837026
1.862836653413
1.872411329914
1.881875482033
1.891432795270
1.900659273712
1.910041908264
1.919444030807
1.928743425591
1.938118363112
1.947183934623
1.956331283812
1.965494814388
1.974721664033
1.984070335530
1.993579770743
2.003328500237
2.013065566289
2.022909938107
2.032815105088
2.042728063712
2.052637285780
2.062555482592
2.072492497492
2.082332344122
2.092105928307
2.101846938562
2.111560919208
2.121195646955
2.130764071822
2.140247669617
2.149508972045
2.284830209489
2.289313035263
2.293644909494
2.298017112211
2.302351978463
2.306671818210
2.311050464806
2.315387309989
2.319681944802
2.323984111792
2.328275024050
2.332593846688
2.336897939725
2.341190743912
2.345501977373
2.349808059986
2.354088012560
2.358343011628
2.362573919639
2.366786859086
2.370983486301
2.375180907440
2.379343901117
2.383479534676
2.387580349656
2.391635482899
2.395645156823
2.399641582318
2.403609801096
2.407550868755
2.411521493213
2.415466735860
2.419434984386
2.423410683154
2.427415396054
2.431526211262
2.435720852959
2.439719132873
2.443690994129
2.589053482086
2.592784954596
2.596322972542
2.600042164929
2.603663293499
2.607211155413
2.610687955003
2.614161434184
2.617694151798
2.621177574916
2.624700801152
2.628199631788
2.631708974064
2.635214240580
2.638750689794
2.642296674542
2.645864400728
2.649413610848
2.652986399576
2.656548483102
2.660098385664
2.663655706490
2.667222302657
2.670777803382
2.674341348133
2.677911966927
2.681474862824
2.685068056753
2.688669162942
2.692320649903
2.696205300993
2.700040653602
2.703854349057
2.707611455342
2.711289367141
2.714944960928
2.718573072795
2.722074100701
2.725589102250
2.729184230214
2.732781094731
2.736344568392
2.739896017318
2.743450680900
2.747009035886
2.750560598238
2.754131004902
2.757681633754
2.761238984108
2.764798590216
2.768371246996
2.771955553060
2.775558812033
2.779160580097
2.782778501134
2.786434089680
2.790136955032
2.793912611236
2.797927290595
2.802597428349
2.806763399785
2.810814686339
2.814887537949
2.819133184332
2.823602979972
2.827710701240
2.831703881963
2.839312185755
2.843504572174
2.847733192911
2.901265582675
2.905046097314
2.908628161069
2.912725538235
2.916847762171
2.920962965166
2.925090755383
2.929236074477
2.933389128164
2.937522371584
2.941642947851
2.945793030639
2.949954881562
2.954109054681
2.958284766413
2.962437371276
2.966580337493
2.970728583601
2.974878838830
2.979021548630
2.983166034067
2.987319332163
2.991469407860
2.995617168770
2.999792346305
3.003959317778
3.008095477442
3.012181364275
3.016290776140
3.020390076885
3.024469892644
3.028568211954
3.032621567159
3.036750453059
3.040825102918
3.044954303814
3.049105336836
3.053220765664
3.057331011292
3.061448007389
3.065584554201
3.069712660084
3.073832668635
3.077923212514
3.082046043288
3.086238729081
3.090389970419
3.094539754004
3.098703283143
3.102871095327
3.107042801462
3.111144004427
3.115302281381
3.119479124424
3.123648423450
3.127702514046
3.131875961028
3.136081274327
3.140276521874
3.144468482519
3.148668639715
3.152883198648
3.157086006386
3.161303397272
3.165546216829
3.169795361290
3.174037546115
3.178265443720
3.182519510432
3.186785355761
3.191044398014
3.195349454393
3.199663388861
3.204018958822
3.208397486678
3.212835683465
3.217323906817
3.221885451155
3.226469411442
3.231059063429
3.235573213731
3.240434825824
3.244900521965
3.279330384905
3.283638146840
3.287952096590
3.292283550201
3.296742113009
3.301276513463
3.305944645207
3.346719772980
3.351232154984
3.355789276200
3.359893345376
3.363772808840
3.368069113142
3.372295003815
3.376523218218
3.380742352092
3.384962285626
3.389183620368
3.393419855330
3.397680618711
3.401938447387
3.406210873494
3.410495290011
3.414787954068
3.419084929485
3.423371228836
3.427687993585
3.431989371986
3.436305812949
3.440625715959
3.444946877705
3.449254114354
3.453570325167
3.457881292143
3.462191478040
3.466513236801
3.470862817231
3.475190911880
3.479517748440
3.483866155591
3.488241183216
3.492594362284
3.496941261667
3.501315596113
3.505679485153
3.510028009915
3.514398689225
3.518789471214
3.523172805086
3.527552806367
3.531934989330
3.536364399141
3.540803742135
3.545306854297
3.549897082516
3.554480444049
3.559129964704
3.563788523366
3.568423737346
3.572993406245
3.577559392511
3.582210496862
3.586856198849
3.591384803763
3.596018298647
3.600541676517
3.605081893709
3.609680626102
3.614274714279
3.618813672620
3.623313873471
3.627736732801
3.632109508237
3.636429100126
3.640738969589
3.645014210744
3.649289053698
3.653556776144
3.657864843130
3.662186739536
3.666491840857
3.670840961749
3.675273995525
3.679733118008
3.684228469373
3.688780117200
3.693403718025
3.698203807395
3.702946087984
3.707601838644
3.712301443624
3.716943885094
3.721477937759
3.725851782331
3.730176503209
3.738523843487
3.743000552972
3.747554909287
3.752667292913
3.757198108754
3.767330573047
3.772052612416
3.776532282808
3.781029128640
3.785582800787
3.790062313802
3.794537796690
3.798960186313
3.803416711330
3.807849944181
3.812298101016
3.816751964040
3.821231088800
3.825734684350
3.830242589630
3.834761009721
3.839272288549
3.843786740359
3.848307549299
3.852841021294
3.857365767986
3.861894454523
3.866428660616
3.870964346573
3.875485556844
3.880016060175
3.884549744195
3.889084841760
3.893639779080
3.898190503047
3.902784982371
3.907384803686
3.912019276453
3.916680226689
3.921414473080
3.926123214565
3.930846153558
3.935678249549
3.940420319919
3.944506957160
3.978309657232
3.983074956882
3.988114190678
3.993084740748
3.997376094467
4.001715412757
4.006104379540
4.010444988003
4.014687529880
4.019039421908
4.023503375195
4.027978735348
4.032488098775
4.037005656152
4.041561139102
4.046165121614
4.050788371918
4.055432238555
4.060052200959
4.064640138094
4.069246634014
4.073835025698
4.078412946994
4.082959740219
4.087513299930
4.092049164255
4.096606010479
4.101155776337
4.105718106664
4.110301125847
4.114870922899
4.119403833681
4.123984916804
4.128510116913
4.132998352680
4.137559841421
4.142136473757
4.146751899763
4.151374785302
4.155975593510
4.160605918225
4.165240728216
4.169899222176
4.174609785424
4.179381629473
4.184206824481
4.189195882592
4.194320440387
4.199414124759
4.204434590904
4.209423484548
4.214207552849
4.344230926161
4.348613193508
4.353767131412
4.358818744708
4.363986572263
4.369261947362
4.374694431733
4.379668092794
4.389159225235
4.399305667837
4.409636867014
4.519856981599
4.524166142585
4.529127233273
4.533995722749
4.539054573400
4.544064187735
4.549178361463
4.554093011208
4.559117591729
4.563971509247
4.568987074686
4.917992847524
4.922345110644
4.926082097895
4.929743687755
4.933642689057
4.937496031883
4.941395320772
4.945269809161
4.949120486655
4.952964542005
4.956787322401
4.960591688122
4.964370112539
4.968134495535
4.971869359340
4.975570010347
4.979267330841
4.982906233309
4.986539951725
4.990172272295
4.993825530036
4.997468031295
5.001116424783
5.004783035904
5.008580830844
5.012411258541
5.016180721288
5.019296697476
5.023262249857
5.027274157338
5.031267415304
5.035130315953
5.038850105164
5.042720247979
5.238477857413
5.242205936760
5.245820646350
5.249576034319
5.253392819700
5.257189900184
5.261007938559
5.264837874682
5.268681268504
5.272535795694
5.276374181490
5.280318318998
5.284233322169
5.288149074958
5.292085949490
5.296012548989
5.299928620648
5.303838763983
5.307750995741
5.311680161484
5.315579553039
5.319495688055
5.323403572247
5.327303766515
5.331198825928
5.335099624271
5.338978274193
5.342855007738
5.346733807166
5.350609850640
5.354468254151
5.358316825609
5.362166567301
5.366005508915
5.369852506051
5.373685772536
5.377530910869
5.381384307960
5.385237949375
5.389108302336
5.392997356879
5.396933503857
5.400914382316
5.404862409143
5.408810838417
5.412804522049
5.416848903468
5.420891279909
5.424970305330
5.429070329137
5.433209842320
5.437431218258
5.441690609687
5.446056854344
5.450456704074
5.455057082993
5.459581347619
5.463849608416
5.468200408231
5.472393953373
5.477116951603
5.481401852783
5.485561109352
5.489758284287
5.494046245749
5.498292204563
5.502548730485
5.506739803594
5.510926694190
5.515178096247
5.519492295527
5.523877212205
5.528429742937
5.533089952986
5.537841201084
5.542548200722
5.547292059480
5.552051075492
5.556708265640
5.561405581798
5.670316168160
5.674248538467
5.677728181681
5.681881173671
5.686026614405
5.690173720730
5.694352600463
5.698545717368
5.702738745859
5.706943736189
5.711162429412
5.715386335978
5.719597587763
5.723806146000
5.728042674094
5.732265677771
5.736479291640
5.740686700310
5.744905928094
5.749113803675
5.753324941941
5.757518139578
5.761739951544
5.765968681454
5.770170143549
5.774369715660
5.778587138445
5.782822328463
5.787079193709
5.791364477035
5.795679945529
5.800023519751
5.804389870842
5.808846712314
5.813473417515
5.817870677471
5.822255495429
5.986452069649
5.991018466357
5.995184038691
5.999404622208
6.003712098770
6.008080869152
6.012421272439
6.016749874715
6.021111574738
6.025468841754
6.029791916631
6.034122115234
6.038443367315
6.042762380537
6.047083046429
6.051452065466
6.055829166663
6.060229711134
6.064637056877
6.069068228011
6.073475965319
6.077898521581
6.082298013456
6.086710770139
6.091111641337
6.095506659434
6.099900440505
6.104295498859
6.108679645329
6.113074510321
6.117462422629
6.121846680530
6.126233399778
6.130622911822
6.134993999687
6.139370247228
6.143747023810
6.148129337956
6.152513519756
6.156900696695
6.161278441420
6.165669043917
6.170131155347
6.174595191208
6.179094184444
6.183728430024
6.188591680828
6.193321387346
6.197936458603
6.202511055354
6.207006870727
6.211446002966
6.215871411170
6.220115703958
6.286592994223
6.290048905396
6.294461074838
6.298446850812
6.302685113469
6.306989932279
6.311308623677
6.315651670538
6.320024807915
6.324403457044
6.328794571703
6.333206675972
6.337631009035
6.342073760244
6.346517546151
6.350966781094
6.355426380829
6.359885845227
6.364317295958
6.368791997949
6.373264207675
6.377731367490
6.382199325729
6.386639579642
6.391082675844
6.395535278875
6.399988532633
6.404463129122
6.408934457550
6.413400686265
6.417875693536
6.422342575401
6.426812746839
6.431280548418
6.435758354164
6.440225922493
6.444687287119
6.449142986538
6.453608729649
6.458038457432
6.462473520311
6.466921620590
6.471355871181
6.475773204912
6.480188554067
6.484577230465
6.488997309631
6.493433943040
6.497866108773
6.502300172796
6.506753845007
6.511205148724
6.515641025695
6.520133601209
6.524662188923
6.529232378844
6.533852909139
6.538530864653
6.543193774490
6.547816838788
6.552390351565
6.556896919204
6.561364968282
6.565639402417
6.697418068819
6.701664326898
6.706467997099
6.710022638574
6.714334406160
6.718870720508
6.723416222456
6.727994917003
6.732574314937
6.737184338773
6.741844676556
6.746464598877
6.751074706628
6.755719700195
6.760355453570
6.764990078950
6.769618877092
6.774251529855
6.778915644466
6.783556641768
6.788210267862
6.792839848369
6.797488059654
6.802134210725
6.806776958029
6.811425787302
6.816065070656
6.820681914662
6.825298708952
6.829906591249
6.834479649847
6.839036708514
6.843567314770
6.848070612810
6.852561140417
6.857047679590
6.861576405983
6.866097296741
6.870613330904
6.875160991615
6.879712181733
6.884302605058
6.888953965581
6.893545684209
6.898164375099
6.902829323969
6.907496782377
6.912111457227
6.916686907567
6.921114238174
6.925646409969
6.930221176121
6.934722868987
6.939393179122
6.944001313914
6.948567286204
6.953082521901
6.957929554478
6.962844610825
7.007701910834
7.011149602397
7.015000233974
7.019094153594
7.023259926570
7.027435744410
7.031603720885
7.035782042889
7.039995472635
7.044202254193
7.048422153149
7.052696578359
7.057003883370
7.061310830288
7.065659433561
7.070074759024
7.074545836864
7.079171541322
7.084031480952
7.088666066961
7.093282133888
7.097878005356
7.102462519385
7.107340352075
7.112125488676
7.278244074175
7.282392966599
7.286835866050
7.291340770447
7.295913635333
7.300521824745
7.305147316508
7.309833134389
7.314569648173
7.319282628184
7.324040884906
7.328773915812
7.333537620495
7.338369986862
7.343198799089
7.347986845507
7.352852790719
7.357579445286
7.362448150767
7.367210230034
7.372078772041
7.376810163155
7.381649163961
7.386404624763
7.391176638360
7.395952164022
7.400695147435
7.405432941955
7.410191925961
7.414942252931
7.419643778160
7.424403190066
7.429102732298
7.433931545207
7.439319399099
7.444335352050
7.449255307470
7.454117335196
7.459014525061
7.463770462577
7.468539015285
7.473459656443
7.478243358453
7.482871927974
7.487864120971
7.492946093811
7.497872244104
7.502966801657
7.507598142677
7.512566731889
7.517445579146
7.521998969423
7.526437862765
7.530939922182
7.535569191783
7.540238997337
7.544886691803
7.549521068580
7.554183199211
7.558830850905
7.563495659442
7.568099141113
7.572919203914
7.577708918804
7.582491429665
7.587274313558
7.592013535627
7.596862205299
7.601505726171
7.606163082842
7.611309229748
7.616643310081
7.665042533960
7.669513382864
7.673863905812
7.678130056696
7.682683832582
7.687358860234
7.692017521353
7.696640818570
7.701231186745
7.705834677561
7.710439380687
7.715051071435
7.719639288656
7.724256060145
7.728870322120
7.733490562367
7.738113952426
7.742737876823
7.747360502951
7.752011262781
7.756664692201
7.761316389540
7.766001425238
7.770678705831
7.775366012851
7.780068010694
7.784766258580
7.789490085938
7.794241194544
7.799049687097
7.803938338943
7.808736324169
7.813592276307
7.818501858482
7.823629533438
7.829015201545
7.834068646689
7.838980851503
7.843712828939
7.848208433506
7.852922123034
7.857963971121
7.863395131680
7.946691592076
7.951325108029
7.956081374277
7.960642496179
7.964705382976
7.969241293304
7.973825294280
7.978370967542
7.982917506543
7.987504048927
7.992081946967
7.996670554165
8.001271231470
8.005866502363
8.010463539424
8.015058359519
8.019686965089
8.024319962157
8.028946927840
8.033587686366
8.038237822814
8.042873272700
8.047519927719
8.052164122299
8.056802905321
8.061426802011
8.066038486174
8.070646073069
8.075257776636
8.079868131563
8.084470399799
8.089095989462
8.093713944149
8.098375325957
8.103060992858
8.107867574155
8.112748488713
8.117875551679
8.122932936252
8.127878447229
8.132834628135
8.137719838242
8.142617597506
8.147456959674
8.152244133124
8.156994485749
8.161776673824
8.166592764810
8.171341950085
8.175974772256
8.180549949540
8.185107301439
8.189650205483
8.194176765444
8.198717946179
8.203278673166
8.207863529883
8.212470238283
8.217097613627
8.221724513616
8.226406175705
8.231151171991
8.236181542142
8.240779076109
8.245534220301
8.250198347439
8.254893318102
8.259573497340
8.264303475083
8.269050050053
8.273722792813
8.278445155452
8.283130768921
8.287863543644
8.292593624868
8.297270716437
8.301977892336
8.306677219510
8.311367310408
8.316070196063
8.320711160210
8.325115202472
8.329775404544
8.334462659743
8.339136042469
8.343822147712
8.348477726346
8.353162579525
8.357832860388
8.362504893943
8.367169798731
8.371824712848
8.376495634516
8.381177734230
8.385805676158
8.390448448648
8.395059132316
8.399666960752
8.404292085072
8.408927627502
8.413504035431
8.418113245429
8.422743734521
8.427353097995
8.432160676048
8.436844259098
8.441679958826
8.446480429997
8.451259980114
8.456131213311
8.461068105500
8.465733897492
8.470636323263
8.475380945164
8.480281000573
8.484581061825
8.488881201596
8.493151277977
8.497459264433
8.501723573618
8.506026124599
8.510305180534
8.514604466077
8.518882234638
8.523198676152
8.527496783925
8.531813173252
8.536127940960
8.540444587108
8.544753676067
8.549057878227
8.553389193140
8.557711524912
8.562058178296
8.566425331044
8.570779189006
8.575181283536
8.579633138503
8.584162643253
8.588779496867
8.593418415696
8.598100729018
8.602860111154
8.607582829133
8.612418361747
8.617292493200
8.622004884981
8.736504942888
8.741132958099
8.745802942001
8.749650793852
8.754176519711
8.758780598170
8.763335151521
8.767867631530
8.772402488885
8.776995359713
8.781635455141
8.786354801051
8.791092640129
8.795830580763
8.800583663087
8.805344850852
8.810126486650
8.814916185312
8.819711727242
8.824510388466
8.829323789205
8.834145419515
8.838965107392
8.843787476218
8.848596677584
8.853423138129
8.858238795782
8.863061527174
8.867893670331
8.872728039619
8.877606357684
8.882526234875
8.887491870990
8.892481498021
8.897516177598
8.902709152425
8.907815385046
8.912588618759
8.916867254103
8.921734618116
8.926613203169
8.931493031930
9.018428827455
9.026980550208
9.035595345717
9.044476423263
9.053810581690
9.063324309870
9.068077782875
9.072849396755
9.077690405403
9.082549763660
9.087478837655
9.092473548825
9.097533030633
9.102632626478
9.107737848247
9.112831022237
9.117845575431
9.122805949625
9.127753241351
9.132671629667
9.137534976350
9.142455001646
9.147371996284
9.152282570260
9.157214695949
9.162098278682
9.166995415454
9.171917713872
9.176814697378
9.181738816973
9.186653630337
9.191596646591
9.196551310897
9.201544497847
9.206639902367
9.211748383190
9.216904053078
9.222077856164
9.227256861665
9.232463650427
9.237738666936
9.242940139557
9.248016788104
9.253111634016
9.258192810214
9.263202415292
9.268208083130
9.273246192406
9.278284862629
9.283253968254
9.288167088960
9.293058971454
9.297916013301
9.302754404317
9.307632782740
9.312544900981
9.317416399506
9.322338876361
9.327275299958
9.332229186533
9.337182158601
9.342124626064
9.347103309933
9.352111939362
9.357088864359
9.362064075259
9.367057998318
9.372118680129
9.377089163718
9.382240077601
9.387427478533
9.392547011181
9.397610276846
9.402611201701
9.407584410959
9.412366331359
9.417151843068
9.422029710826
9.426951101677
9.431913549720
9.436831055783
9.441741886326
9.446687315364
9.451615150192
9.456565103878
9.461508242829
9.466475229407
9.471442140213
9.476425365525
9.481889102279
9.487452336905
9.493003357066
9.498417989612
9.503874286230
9.509148401933
9.514353870381
9.519577361824
9.524808068322
9.529833932463
9.534774173916
9.539689600468
9.544617686899
9.587842256003
9.590204625873
9.592675323713
9.595205245436
9.597700338425
9.600213303103
9.602903873064
9.605414642508
9.607884507194
9.610469686319
9.613014064917
9.615488371551
9.620496320427
9.622918195051
9.625450606598
9.631120735742
9.633398516211
9.635758412741
9.638213326325
9.640808182131
9.643453773081
9.646064274218
9.648869722967
9.651432328818
9.653973827695
9.656535131309
9.659111051691
9.661849530796
9.664247338615
9.669254841506
9.671991837342
9.674238869614
9.676544350456
9.679029006729
9.681651684107
9.684124623473
9.686412321718
9.689475700193
9.691640844553
9.694216466265
9.716061881277
9.721221320089
9.724710072420
9.728875017731
9.732922292213
9.737256743536
9.741525510505
9.746292199188
9.750841584863
9.755494985469
9.760058048766
9.764889427213
9.769621376414
9.774137859274
9.779221420109
10.448699131089
10.456251966987
10.464137870301
10.472108507428
10.480054754698
10.487933743360
10.495773438688
10.503473337554
10.507382921250
10.511296859412
10.515217735617
10.519117210171
10.523004031833
10.526894842021
10.530765835664
10.534629537908
10.538481225231
10.542355330653
10.546185198611
10.550020334808
10.553841178378
10.557654866248
10.561444628810
10.565207430528
10.568965232215
10.572682018725
10.576381868829
10.580070946619
10.583728519316
10.587352465224
10.590988475230
10.594600310721
10.598201622134
10.601782971022
10.605350891673
10.608915903514
10.612488483452
10.616038282795
10.619643852535
10.623293885696
10.626916172376
10.630580991397
10.634265515249
10.637968382505
10.641684877616
10.645396221431
10.649130288773
10.652846338521
10.656510192301
10.660206503136
10.663961320212
10.728732655278
10.732398977911
10.735670415279
10.738911129329
10.742239723763
10.745563823468
10.748877568639
10.752178511260
10.755479630596
10.758790022053
10.762125692152
10.765474572882
10.768820928916
10.772165726299
10.775534111634
10.778917487219
10.782301138208
10.785714454837
10.789182481234
10.792709046073
10.796095853997
10.799589668862
10.803084844013
10.806565037239
10.810042935801
10.813578544441
10.817091288741
10.820655698802
10.824197438072
10.827724687511
10.831252691268
10.834807542643
10.838381856038
10.841916710603
10.845421900060
10.848981752460
10.852537743563
10.856089584098
10.859650896540
10.863233627695
10.866802540788
10.870383714385
10.873982736333
10.877591939895
10.881206312608
10.884824565594
10.888443751037
10.892065815163
10.895711272254
10.899346201734
10.902987939886
10.906605681898
10.910231277040
10.913877489782
10.917501772926
10.921137145624
10.924774482787
10.928427832661
10.932084307418
10.935740060866
10.939388193679
10.943036494127
10.946694903680
10.950369434972
10.954038843120
10.957715817445
10.961389399443
10.965067112687
10.968772092267
10.972447030368
10.976134705523
10.979840915644
10.983542349367
10.987251653494
10.990912921428
10.994612667000
10.998335952440
11.002067591178
11.005810764592
11.009604914073
11.013433949486
11.017289490145
11.021185530645
11.025286770295
11.029409405345
11.033517730080
11.037583946132
11.041776610107
11.045839031109
11.119544829023
11.124097981582
11.128204249488
11.131911605916
11.135780716034
11.139744885897
11.143704407256
11.147695597157
11.151727303343
11.155751695410
11.159796788023
11.163854235778
11.167919142778
11.171995731033
11.176076909668
11.180194936296
11.184276490945
11.188377987618
11.192488040649
11.196620169238
11.200749634731
11.204875289151
11.208992735115
11.213117508635
11.217236093739
11.221353024908
11.225487607683
11.229617971974
11.233741212272
11.237881959561
11.242000997881
11.246097492309
11.250189145595
11.254278469232
11.258340768118
11.262422139262
11.266468766692
11.270501045373
11.274518986101
11.278537153299
11.282534919354
11.286551133080
11.290547214850
11.294540343835
11.298540551175
11.302523598679
11.306528368783
11.310512030111
11.314536178170
11.318620265891
11.322747653525
11.326941967345
11.330995984227
11.335042623696
11.339110158518
11.343194741508
11.347240559031
11.351230163209
11.355325961393
11.409732546084
11.413636245349
11.417596807494
11.421567622206
11.425441720113
11.429439950453
11.433481211676
11.437516953830
11.441587833214
11.445666589153
11.449733286262
11.453831374739
11.457975147669
11.462135534569
11.466311698519
11.470510750952
11.474712893915
11.478889060240
11.483096428341
11.487327528887
11.491541150049
11.495737162536
11.499957574885
11.504188071206
11.508439133770
11.512692772301
11.516958632356
11.521256051106
11.525587634343
11.529937299059
11.534263602335
11.538593239654
11.542919891644
11.547375818563
11.551788872398
11.556187823697
11.561023421259
11.565408445221
11.608614514760
11.612948239040
11.617088264865
11.620621258193
11.624234087601
11.628175757485
11.632041506263
11.635900359989
11.639774776746
11.643674540304
11.647587823696
11.651551082765
11.655499749945
11.659508546708
11.663565840282
11.667673036534
11.671887149842
11.676098685669
11.680202316763
11.684222388702
11.688207011833
11.692224594475
11.696224743162
11.827595736443
11.831717033815
11.835867589007
11.840237406755
11.844684145588
11.849066197538
11.853345305346
11.857582927902
11.861941152256
11.866326330628
11.870749202793
11.875200393118
11.879653912478
11.884116686959
11.888560861028
11.893025159062
11.897492498088
11.901958614974
11.906421160565
11.910904713632
11.915402718540
11.919891487376
11.924380953240
11.928865839995
11.933341508394
11.937797011563
11.942250509712
11.946713411324
11.951169733219
11.955612256775
11.960049120204
11.964502331180
11.968948581501
11.973408054437
11.977840550020
11.982283139674
11.986727660352
11.991179594243
11.995633865484
12.000062790636
12.004565424742
12.009078270433
12.013652173093
12.018373596149
12.023035089836
12.027550589909
12.032097696962
12.036625634268
12.041085135272
12.045520221782
12.049971915684
12.054433953886
12.058877402173
12.142944771127
12.151719876407
12.156594226932
12.160744641911
12.165149692167
12.169589897263
12.174025499369
12.178477376407
12.182965780928
12.187462679518
12.192019638855
12.196755450596
12.201409395527
12.205866540170
12.210399772255
12.214903160249
12.219404717616
12.223893299562
12.228335350057
12.232747335001
12.237156400723
12.241580965034
12.245993022701
12.250473258037
12.255011973704
12.259511104782
12.264023614566
12.268552975319
12.273041267347
12.277540709998
12.282026023570
12.286523944503
12.290998114013
12.295500296724
12.299967355282
12.304446786020
12.308921118475
12.313364175505
12.317849125886
12.322361931527
12.326882417901
12.331406893631
12.335953010299
12.340549133093
12.345201850146
12.349828751201
12.354439617411
12.359133986743
12.363816195320
12.368524738786
12.373240410251
12.377866678130
12.382443981111
12.386997961985
12.391470481875
12.395912742856
12.400296441367
12.404647304398
12.409029196729
12.413428988131
12.417832771998
12.422225286634
12.426639829775
12.431045188096
12.435483312629
12.439939985612
12.444341593374
12.448750328049
12.453186113460
12.457605234943
12.462007973982
12.466381713043
12.470742528392
12.475071094427
12.479386975081
12.483717838546
12.488050689973
12.492511506099
12.497362516611
12.502058481508
12.506741839103
12.511376959072
12.516020278263
12.520657752282
12.525206032037
12.529692238282
12.534276588408
12.538829756250
12.543240231135
12.547581986391
12.753402896805
12.758013707179
12.761966222919
12.766053196722
12.770217969392
12.774437548737
12.778669777917
12.782905672907
12.787184038681
12.791464358623
12.795769021112
12.800127805052
12.804510254667
12.808909276111
12.813309230874
12.817717435760
12.822133346690
12.826548219296
12.830968081623
12.835377023143
12.839787739946
12.844229054420
12.848678858353
12.853127450044
12.857561796182
12.861980073234
12.866407914278
12.870840872175
12.875271921149
12.879694241131
12.884092920703
12.888480999370
12.892896379913
12.897298295887
12.901676921715
12.906078490927
12.910470797009
12.914849213774
12.919243341725
12.923635584149
12.928036434713
12.932473899510
12.936957545034
12.941485726434
12.946124651301
12.950821824798
12.955532667127
12.959972501189
12.964441420085
12.969063406203
12.973616215057
13.089461480367
13.093331135355
13.097682705032
13.102130031138
13.106595285865
13.111038045786
13.115491098079
13.119961360959
13.124433947157
13.128918256984
13.133406070609
13.137911018282
13.142426244606
13.146966349402
13.151515575935
13.156048328593
13.160588680142
13.165144160708
13.169727340553
13.174272478747
13.178859165415
13.183458659126
13.188070685230
13.192693999340
13.197322230761
13.201953881370
13.206600991241
13.211255186051
13.215929649389
13.220601358647
13.225295073779
13.229955138381
13.234635226451
13.239320962315
13.243987977140
13.248680219320
13.253363634879
13.258043306673
13.262739586218
13.267410409264
13.272075634988
13.276744522510
13.281381811791
13.286010199330
13.290621360923
13.295207477578
13.299825539482
13.304464098196
13.309091648135
13.313767767635
13.318441961030
13.323159154744
13.327906640729
13.332731018903
13.337806501455
13.342726439349
13.347674712860
13.352724733446
13.443726266816
13.447650865417
13.451800625175
13.456032633094
13.460275800337
13.464527577846
13.468767329365
13.473017727306
13.477302675699
13.481611601271
13.485960615625
13.490328130855
13.494699852020
13.499078559355
13.503444943548
13.507836030319
13.512278453907
13.516749932423
13.521255620837
13.525879004634
13.530684345307
13.535579737506
13.540255024961
13.544958941973
13.549694172464
13.554421877201
13.559164080869
13.564037134614
13.568995803081
13.574097539829
13.578509216264
13.582907029435
13.587365768123
13.591851843779
13.596261525637
13.600613770415
13.605014611518
13.609433500336
13.613889131815
13.618394200648
13.622985342070
13.627632956949
13.632275187453
13.637028439618
13.641659160643
13.646215044151
13.650752882211
13.655261963535
13.659668951349
13.664075549902
13.668555603291
13.672958299621
13.777673297938
13.781605090624
13.786053017163
13.790498812143
13.795149047302
13.799806736823
13.804494497079
13.809209336591
13.813999593667
13.818843152205
13.823774836656
13.828735251335
13.833657209613
13.838672110801
13.843595575705
13.848566910631
13.853525552772
13.858477464880
13.863482076515
13.868465383556
13.873428678872
13.878366885907
13.883320025141
13.888339257674
13.893314053862
13.898265306122
13.903332105019
13.908304085272
13.913315714735
13.918387231229
13.923487300920
13.928527048477
13.933583592245
13.938643764629
13.943739483189
13.948930741151
13.953993733036
13.959070231265
13.964219066869
13.969378516351
13.974490409959
13.979656843885
13.984773809106
13.989946335724
13.995058831538
14.000049887235
14.005053392661
14.010030038982
14.014742847244
14.507442292576
14.511493707281
14.514980713089
14.518610705683
14.522162876603
14.525905930716
14.529645852470
14.533375662553
14.537137606367
14.540948884379
14.544807918214
14.548676768230
14.552579480183
14.556531352817
14.560409206707
14.564179301895
14.567940094865
14.571653221556
14.575346816080
14.579044904798
14.582724741258
14.586432262965
14.590140139607
14.593857658328
14.597557350299
14.601275953937
14.605016324460
14.608773703994
14.612554577168
14.616360666601
14.620174859460
14.624054503745
14.627967753508
14.631901769626
14.635822543809
14.639745481190
14.643680203444
14.647746869476
14.651837160210
14.655956352723
14.660078584622
14.664187763313
14.668261814109
14.672344444480
14.676542272467
14.680665472106
14.684768565812
14.845912778212
14.849516038858
14.853392274813
14.856809953245
14.860217760652
14.863599989748
14.867053744264
14.870520877509
14.873939962561
14.877362096760
14.880791742191
14.884202529731
14.887593145759
14.890972655918
14.894334659840
14.897688228548
14.901051199415
14.904397321548
14.907748776172
14.911083999061
14.914412713100
14.917729268500
14.921035248790
14.924355410321
14.927681072237
14.930977542859
14.934286384531
14.937591115233
14.940883445343
14.944222179925
14.947609708908
14.951107137325
14.954795302370
14.958566766730
14.962272862598
14.965876405119
14.969409250074
14.972913459058
14.976364021816
14.979773695601
14.983159609860
14.986527990535
15.088263650610
15.091615551715
15.095260749740
15.098504526706
15.101862367657
15.105297170512
15.108785376481
15.112278251834
15.115803018618
15.119353532110
15.122883728543
15.126437559003
15.130010278446
15.133584998487
15.137171481041
15.140758533843
15.144353146562
15.147953360289
15.151566540889
15.155170709262
15.158803046308
15.162426514346
15.166054273069
15.169700705819
15.173366952996
15.177034084954
15.180713518263
15.184417364075
15.188151436789
15.191904773953
15.195867152406
15.199754515934
15.203783378563
15.207818229650
15.211717130539
15.337595725638
15.341225031970
15.344769540269
15.348422363625
15.352281871591
15.355988778877
15.359747263328
15.363510846774
15.367244718551
15.370975362203
15.374719030792
15.378482053371
15.382250151439
15.386020551439
15.389774703265
15.393536442157
15.397309798844
15.401085363134
15.404856278034
15.408638759320
15.412422596716
15.416212249778
15.420007928476
15.423812321647
15.427617120262
15.431428733488
15.435240422052
15.439067599351
15.442916925078
15.446784926986
15.450650403587
15.454521640850
15.458417327200
15.462282871023
15.466157566291
15.470019187328
15.473891137043
15.477783988039
15.481682844065
15.485569050337
15.489454355839
15.493339769079
15.497228000251
15.501110538206
15.504992312315
15.508878156061
15.512753497405
15.516627472441
15.520519544594
15.524476426674
15.528515677294
15.532594101285
15.536676628964
15.540964026599
15.545245025663
15.549547635164
15.553833042363
15.557879596300
15.562013434724
15.566435290103
15.570633661897
15.574845386755
15.579019444481
15.583220080355
15.587308520047
15.591371723239
15.595465291881
15.599513084709
15.603506995476
15.607450515376
15.611380355376
15.615315552244
15.619214394109
15.623125340958
15.627038731322
15.630946694661
15.634881868186
15.638884207054
15.642914197417
15.646878039810
15.650982895783
15.655062526929
15.659100504608
15.663142292362
15.667257350025
15.671440252944
15.675675642008
15.679980412667
15.684379425529
15.688879868108
15.693417401417
15.698083781912
15.703032597712
15.738612878896
15.742771749137
15.747096743718
15.751759382789
15.756266373218
15.760359515320
15.764261010377
15.768317192601
15.772351986022
15.776329356639
15.780299423343
15.784285336173
15.788276486543
15.792293349275
15.796295477619
15.800329233435
15.804381073773
15.808431207852
15.812494948416
15.816575314708
15.820679877652
15.824769540700
15.828884254465
15.832989886880
15.837119717095
15.841262874535
15.845408357478
15.849580717661
15.853723048086
15.857909288980
15.862113349310
15.866311788034
15.870519632519
15.874758922251
15.878991317429
15.883243808780
15.887545728316
15.891855028202
15.896198766510
15.900556956057
15.904961941271
15.909378027483
15.913837210768
15.918356157917
15.922877862704
15.927328445222
15.931747629813
15.936230116946
15.940673071323
15.945067016262
15.949401480106
15.953678481506
15.957957329624
15.962202500079
15.966432342017
15.970655431512
15.974899412390
15.979137613583
15.983384097886
15.987629992959
15.991888738763
15.996151678262
16.000415506875
16.004672509539
16.008919138932
16.013192497768
16.017460990496
16.021700154255
16.025958457816
16.030213207189
16.034470715116
16.038715084920
16.042962621780
16.047203335489
16.051443919577
16.055680675438
16.059915027897
16.064140786098
16.068372501585
16.072604427927
16.076873793000
16.081176394685
16.085575216147
16.090616801550
16.095224292513
16.099874268822
16.104710711108
16.109440010557
16.114263929626
16.119119716422
16.123950906477
16.128747011754
16.133579611504
16.138486534366
16.143339242353
16.148169154038
16.152917563217
16.157789298112
16.162551042140
16.167183252116
16.171951767401
16.176670586578
16.181273354884
16.185887369753
16.190715022608
16.195687021258
16.199780232829
16.204208759523
16.208491841977
16.213242607091
16.217416979292
16.221851589561
16.226279390987
16.230748300018
16.235211472824
16.239675773738
16.244139531602
16.248578862007
16.253047494629
16.257533286784
16.262026217796
16.266556190371
16.271086846076
16.275593745880
16.280126069248
16.284649999594
16.289191053027
16.293714767698
16.298241057475
16.302765002060
16.307272327954
16.311771367948
16.316289323380
16.320833561552
16.325359493010
16.329870159988
16.334380958462
16.338893088554
16.343416834382
16.347932651829
16.352434593416
16.356915613832
16.361403158513
16.365868159325
16.370359127073
16.374850988152
16.379321923406
16.383822079374
16.388310072315
16.392812627444
16.397314811273
16.401807957809
16.406280437548
16.410771661232
16.415239961110
16.419695439772
16.424132987819
16.428591082688
16.433030324562
16.437478980820
16.441947928618
16.446441408876
16.450970042184
16.455562572109
16.460217673071
16.464923465622
16.469639915367
16.474145856038
16.478489469742
16.482768114296
16.487053517589
16.563041431468
16.567481434363
16.571208496951
16.575580638333
16.579871276523
16.584181167613
16.588502807905
16.592820117002
16.597151681687
16.601488077781
16.605851946492
16.610235149615
16.614619936380
16.619007884027
16.623366804639
16.627712429357
16.632079309156
16.636437333048
16.640811944955
16.645214434315
16.649605163651
16.653976718613
16.658393387650
16.662781054909
16.667169391884
16.671533934646
16.675892105267
16.680268523605
16.684608116552
16.688942537062
16.693263357780
16.697586818392
16.701907259068
16.706241416223
16.710574868915
16.714919483117
16.719260223244
16.723577592398
16.727903910373
16.732279386547
16.736644864960
16.741057940981
16.745671326723
16.750353565006
16.755307342023
16.760286749883
16.765114566434
16.770082558297
16.775238073078
16.780363032614
16.837750935877
16.841922813296
16.846224129940
16.850149991133
16.854418479343
16.858690417935
16.862990016364
16.867263059242
16.871598236460
16.875891479748
16.880134855811
16.884404112211
16.888716541897
16.893091450965
16.897481801578
16.901862625404
16.906245315478
16.910673847998
16.915182949355
16.919721370561
16.924345581876
16.928947966507
16.933475489512
16.938132811118
16.942678132539
16.947053332417
16.951413344162
16.955703113086
16.959957334074
16.964146483084
16.968311200254
16.972471623697
16.976650157604
16.980834779086
16.985032696882
16.989242434795
16.993460417764
16.997674124293
17.001892411919
17.006111145417
17.010365659417
17.014566175121
17.018791513485
17.023016158582
17.027241924534
17.031457677132
17.035678655663
17.039890445733
17.044104819183
17.048332763368
17.052560410603
17.056779301247
17.061023903824
17.065282725077
17.069538965201
17.073831674515
17.078139814525
17.082350504376
17.086653628427
17.090843653194
17.095059044368
17.099336677823
17.103618178884
17.107910253299
17.112174417012
17.116429650391
17.120717599645
17.125003520934
17.129286702788
17.133588624587
17.137917297108
17.142230253882
17.146526239621
17.150782490276
17.154986490147
17.159290214394
17.163594709488
17.167915015076
17.172247545934
17.176551961071
17.180869059911
17.185173867307
17.189481771396
17.193804533037
17.198111117900
17.202436309981
17.206739108633
17.211008716569
17.215311156587
17.219566250052
17.223865923959
17.228139981788
17.232419112824
17.236733746056
17.241043118840
17.245358405977
17.249758936704
17.254182673822
17.258584769519
17.263072166869
17.267759879002
17.272487549115
17.277251174393
17.282024708649
17.286743228196
17.291353469547
17.296177232361
17.301220672533
17.306414830538
17.311516699180
17.316542454076
17.321529785754
17.326328171545
17.330722225474
17.335399801594
17.339752589412
17.344128267341
17.348605663514
17.353015030382
17.357322932442
17.361640530148
17.365961897496
17.370291261592
17.374624543136
17.378983514463
17.383351102009
17.387760185017
17.392162595886
17.396595549691
17.401039814042
17.405470635874
17.409929036697
17.414383137648
17.418847263173
17.423321878441
17.427810992267
17.432342132875
17.436841867624
17.441407658256
17.445916940271
17.450477441226
17.455075203116
17.459736485824
17.464375553371
17.469071287091
17.473794193990
17.478571209318
17.483352432808
17.488134894904
17.492864311018
17.497587661688
17.502211332296
17.506814578010
17.511378139853
17.515936866468
17.520449441301
17.525019637495
17.529584222691
17.534152137323
17.538789279936
17.543395770647
17.548008906456
17.552648264880
17.557300404896
17.561956572173
17.566649025091
17.571334547005
17.576023693116
17.580714970550
17.585406980632
17.590088539877
17.594774514642
17.599475080011
17.604176239120
17.608878702446
17.613639636435
17.618371360980
17.623106112382
17.627844746331
17.632553843940
17.637242859366
17.641936718138
17.646621882741
17.651332186988
17.656025719231
17.660779406273
17.665564203901
17.670380207484
17.675321321109
17.680308953917
17.685389976402
17.690470286193
17.695540901503
17.700664536720
17.705685944876
17.710696023200
17.715635238488
17.720937930877
17.725906972262
17.730846247155
17.735717297429
17.740567850129
17.745494912587
17.750185003039
17.754914660897
17.759524511784
17.764067466531
17.768608003477
17.773085454651
17.777580091830
17.782112288256
17.786663836074
17.791219860116
17.795801030625
17.800396499628
17.805013461109
17.809669341871
17.814338512408
17.818995668672
17.823648152274
17.828308874983
17.832994346477
17.837646302622
17.842305560198
17.846976037203
17.851631091468
17.856309377183
17.860992352100
17.865638578482
17.870315546917
17.875018996216
17.879734749849
17.884471911156
17.889200050294
17.893939283074
17.898678083361
17.903416405232
17.908184278807
17.912988141145
17.917777170409
17.922652586544
17.927555761761
17.932445652520
17.937709175791
17.942457591234
17.947242648027
17.951964961198
17.999875340569
18.005578679766
18.009906510422
18.014687356410
18.019563669560
18.024421363111
18.029559005772
18.035009200771
18.039933528928
18.044592446874
18.129550330773
18.133536949532
18.138000811017
18.142697211806
18.147459431073
18.152231668454
18.157037896437
18.161895009727
18.166805815244
18.171693547167
18.176567876131
18.181499828912
18.186412430133
18.191351560573
18.196345631931
18.201374809154
18.206448615532
18.211504064734
18.216676416281
18.221770638964
18.226961109411
18.232077107761
18.237190836525
18.242246196020
18.247387282393
18.252602794756
18.257703712890
18.262721606529
18.267698780032
18.272741553502
18.277764935304
18.282817972723
18.287934338005
18.293163698659
18.298471828516
18.304027104939
18.412195999511
18.425523959807
18.439196008021
18.482169971944
18.486433922561
18.490583800418
18.494894234163
18.499492996417
18.503755708869
18.508038548753
18.512957105727
18.518018382656
18.523474547663
18.598406055189
18.602556397428
18.607268589799
18.611960736990
18.616328914787
18.620780577097
18.625317472353
18.702882893058
18.707811988632
18.712329119873
18.716931525917
18.721564869726
18.726255085189
18.731030332270
18.735785039583
18.740607395524
18.745384434425
18.750199204619
18.755102223501
18.760083695548
18.765018457639
18.770467505868
18.775096681669
18.779937510353

