Time_s
0.217286850639
0.221124487919
0.224853032308
0.228721882113
0.232830337992
0.236942941614
0.241008238566
0.245087610038
0.249135395039
0.253196373035
0.257131294644
0.261156525954
0.265148277049
0.269115012063
0.273140795240
0.277048205339
0.281027973092
0.284905549643
0.288869622042
0.292734262885
0.296668575214
0.300510621405
0.304397856106
0.308241689150
0.312055317524
0.315890808792
0.319695700755
0.323487083556
0.327248787283
0.330996639270
0.334675061092
0.338344691976
0.342018883959
0.345630310318
0.349267402442
0.352879888189
0.356545152223
0.360204849434
0.363823103702
0.367515764125
0.370972606271
0.374303936782
0.537259217112
0.540470572929
0.544465418453
0.548592750949
0.552380632754
0.556475329427
0.560867984410
0.565170442638
0.569546227968
0.573944675123
0.578411918448
0.583047540526
0.587728897096
0.592481886770
0.597269548301
0.602037377378
0.606871264007
0.611678531940
0.616497218646
0.621303346665
0.626155116419
0.630975646207
0.635785000787
0.640602351000
0.645444120492
0.650270121771
0.655142794094
0.659971021639
0.664815486013
0.669630177867
0.674442242360
0.679219231919
0.684002754230
0.688757179054
0.693524180631
0.698311496712
0.703102483633
0.708007187139
0.712986798072
0.717998739765
0.723087520363
0.844843133235
0.846662644128
0.848610935715
0.850414902634
0.852191561412
0.854744264777
0.857282945423
0.861623141351
0.864161500847
0.865979371410
0.868098325955
0.869787641302
0.872053959961
0.874333981518
0.876022930427
0.879454664896
0.881665069458
0.884204894239
0.885990895830
0.908742467029
0.913775649318
0.919362300691
0.924844122510
0.930438655685
0.936089155057
0.941845044120
0.947621108669
0.953482901650
0.959367026469
0.965284141137
0.971199778471
0.977166904215
0.983150870912
0.989216173786
0.995139354883
1.001315378328
1.007388098862
1.013717405885
1.019990759077
1.032646710912
1.045330323635
1.057944748866
1.191862231474
1.196611673670
1.201582447695
1.207074691023
1.212957443314
1.218075725864
1.223901531309
1.229176395707
1.234896772816
1.240081234641
1.702179674234
1.707128591074
1.712461521284
1.717559625631
1.722700730588
1.727788988205
1.732834582862
1.737865974032
1.742898666224
1.747913960397
1.752928520720
1.757890805037
1.762860077619
1.767781383122
1.772703852795
1.777610320827
1.782654103338
1.787699236456
1.792692027142
1.797552051809
1.917726010462
1.921630711781
1.925183142921
1.928817444537
1.932296383869
1.936047652634
1.939960114852
1.943961605763
1.947920025651
1.951915984886
1.955882376694
1.959904203279
1.963882732981
1.967944046776
1.971973031213
1.976010664499
1.980032944758
1.984108135524
1.988226375396
1.992356015289
1.996472919029
2.000548249373
2.004644639698
2.008762711219
2.012825624606
2.016759198057
2.020784384407
2.024723344827
2.028877707914
2.032961539262
2.037281968326
2.041158700456
2.045300336322
2.049094362781
2.053305407753
2.057219877821
2.061281330981
2.065203645934
2.069275574924
2.073272400009
2.077272466806
2.081284649278
2.085289056666
2.089341987054
2.093449864324
2.097525155367
2.101713983177
2.106051083936
2.110462176369
2.114733591639
2.119114434406
2.123723460496
2.128044241195
2.132624922451
2.137201965803
2.141947854533
2.146776064450
2.151282130312
2.155960659967
2.160548431452
2.164791785450
2.169906875905
2.174367709220
2.178473279378
2.184041046970
2.187612446177
2.206629481305
2.212034676266
2.216994555972
2.222020738737
2.227122093238
2.232164845367
2.237380519354
2.242471346822
2.247617500644
2.252796475344
2.258007930096
2.263285163619
2.268472649670
2.273866686726
2.279089996068
2.284553795977
2.289825927143
2.295237012354
2.300534732863
2.305962816723
2.311352922304
2.316844102335
2.322437246609
2.328037133196
2.333486485693
2.339227829504
2.344027075835
2.349941432001
2.354709816436
2.360093475523
2.365139347546
2.370317044057
2.375386743820
2.380499872525
2.385642243830
2.390760946497
2.395894205123
2.401066824846
2.406270319191
2.411528703082
2.416866569319
2.422174993937
2.427668383927
2.433029161013
2.438516782352
2.443773031735
2.448514538749
2.453702152013
2.458736525298
2.463753373528
2.468751102473
2.473683472951
2.478579075692
2.483457592883
2.488321500703
2.493147288898
2.497966076834
2.502794907569
2.507613789126
2.512655920249
2.517472607482
2.522518719428
2.527589158529
2.532262475396
2.654830590130
2.656501722314
2.659120819348
2.661717197354
2.664083735777
2.667400084455
2.669780913384
2.671895664174
2.673798236542
2.676355928379
2.691081560797
2.695438648997
2.699750105412
2.704096669617
2.708534558637
2.712816516704
2.717459669117
2.721730059111
2.742830624149
2.755201501602
2.772370136177
2.778810732181
2.785031546082
2.790602608115
2.796377113592
2.802320746553
2.808099494976
2.813874884958
2.819660464863
2.825394867241
2.831246541437
2.837109162882
2.843012963816
2.848983494800
2.854537134729
2.994079045400
3.005212156665
3.016463151844
3.034519670442
3.045823274916
3.051152409648
3.056587661918
3.149539250639
3.155197920695
3.160810511354
3.166263293072
3.171927554707
3.177470806259
3.183136813251
3.188771189818
3.194428605764
3.200197671124
3.205944293735
3.211613258865
3.217751462018
3.263653693826
3.269484087512
3.275137059055
3.280894746077
3.286493994682
3.292175621348
3.298110356357
3.303870436496
3.315171187089
3.430476846609
3.435787779627
3.441778741648
3.447331143985
3.453050068765
3.458862199023
3.464658846738
3.470509441785
3.476322518404
3.482307846731
3.488452819319
3.494867887172
3.500364920655
3.506434652197
3.512343989370
3.518186342202
3.523985879502
3.529833525321
3.535676437813
3.541603729409
3.547545654789
3.553469499665
3.559385585020
3.565509800870
3.571536062155
3.576912360034
3.587473262809
3.593300653344
3.599050439734
3.605052019734
3.610839154038
3.616687722081
3.622542808843
3.628359230148
3.634205532427
3.753012870941
3.755254348592
3.757175478901
3.759113945278
3.761148664716
3.762873282907
3.764913084387
3.766626679416
3.768365183708
3.770033295758
3.772409766802
3.774684716029
3.776328665513
3.778587821678
3.780253822983
4.011733240571
4.016861632002
4.022365092409
4.027113668839
4.032920923779
4.037247089188
4.042285969140
4.047660382125
4.052974710915
4.058300864190
4.854894726806
4.856541398156
4.859092461908
4.863391098051
4.866033796114
4.867740446970
4.869452334308
4.871240087229
4.873182773807
4.988368315081
4.992106871995
4.996151282021
5.000552837542
5.004924670401
5.009200000074
5.013460871604
5.017694337081
5.021904142059
5.026133865210
5.030314539844
5.034461066451
5.038599470560
5.042897938596
5.047379720082
5.051580210371
5.055806278222
5.064175293573
5.068995351447
5.073444961104
5.077554320506
5.245024777546
5.247828216584
5.249735657909
5.252207443778
5.254244774025
5.257219714518
5.262213897271
5.265641945243
5.311166056121
5.315934287075
5.320728608592
5.325567461459
5.330456316703
5.335366759536
5.340344603503
5.345351775848
5.350436538587
5.355464507104
5.360545312869
5.365567274594
5.370631522994
5.375712134241
5.380772700688
5.385835491372
5.390924386533
5.395965199441
5.401068548162
5.406167747944
5.411199337003
5.416306864604
5.421396667990
5.426348112351
5.431289386730
5.436187672134
5.441090742414
5.445921132487
5.450748558349
5.455662271771
5.460685981561
5.465815674035
5.471045812898
5.550586291489
5.561315740378
5.572046575908
5.582665568885
5.593362916719
5.604224598300
5.622929056072
5.625086608130
5.627797116067
5.632948304543
5.635080526919
5.637453549355
5.639392854203
5.641150206218
5.643354228234
5.645990693588
5.648177700738
5.650044893446
5.737804946482
5.748851434647
5.759499046455
5.770056174599
5.780793415963
5.791561787496
5.802451637887
5.812981841711
5.823219576084
5.833896281909
5.843215637912
5.848140506112
5.852945242756
5.857654645630
5.862401902802
5.867411353079
5.872303897654
5.877498899156
5.882691502333
6.081981229284
6.087210289455
6.092348731401
6.097392705697
6.102432468594
6.107510137118
6.112634397262
6.117801013075
6.122977012031
6.128209843078
6.133448908061
6.138700708729
6.143999616677
6.149287177367
6.154605773707
6.159945187977
6.165305544910
6.170685682671
6.176117086286
6.181520227625
6.186979922129
6.192461791485
6.197997516151
6.203425104280
6.208922828543
6.214325514129
6.219740157513
6.225087622400
6.230418571054
6.235767122865
6.241008008011
6.246313174595
6.251586074905
6.256760459149
6.262108887755
6.267436227381
6.333528491483
6.336028870485
6.340523636047
6.343006332291
6.344819503178
6.347026155595
6.349358017230
6.351136767712
6.353504917775
6.355469436489
6.358130240955
6.360201751630
6.362087205380
6.363886279723
6.366014316725
6.435956397211
6.442069271919
6.448226463976
6.454757478588
6.460986579606
6.467327846535
6.473810228426
6.480446024804
6.487301155421
6.494391373181
6.501582100920
6.508409592280
6.515196188992
6.521452011297
6.528381276153
6.534991471453
6.541568954070
6.548390404972
6.554773693093
6.561347240104
6.567784955603
6.574493450761
6.581503726209
6.587489280755
6.594023779475
6.599338290716
6.604023155272
6.609613743031
6.614796872944
6.619367207907
6.624675954687
6.629337787191
6.634210907722
7.226011687323
7.231093665169
7.235947357444
7.240691760444
7.245590496806
7.250508520833
7.255493525220
7.260549093997
7.265628279748
7.270815330468
7.275995675800
7.281207763498
7.286436866453
7.291743808870
7.297027344397
7.302326557976
7.307663871083
7.312960413031
7.318317924575
7.323645411632
7.329058631145
7.334503815817
7.339893934958
7.345267456896
7.350725563526
7.356027701175
7.361300559567
7.366548133759
7.371674435790
7.376851906136
7.382080484400
7.387358409938
7.392748763152
7.398191106557
7.403838394188
7.409005431820
7.414376098536
7.419723887657
7.424935398517
7.551221534936
7.556501241095
7.561389141634
7.566224065707
7.571056072900
7.575864076428
7.580676561090
7.585553791614
7.590311163615
7.595081476200
7.599874716529
7.604650186413
7.609366123314
7.614083843663
7.618782205905
7.623422465079
7.628008091780
7.632596791239
7.636900153214
7.641240252870
7.645657196300
7.649965513481
7.654708025953
7.659356458095
7.664443083842
7.669300266759
7.810715012016
7.815695466489
7.820824190605
7.825864448334
7.830940208196
7.836141192903
7.841385463871
7.846714826471
7.852109044200
7.857577252239
7.863004561719
7.868487385583
7.874088327017
7.879620027149
7.885199132934
7.890850585856
7.896435817600
7.902181583359
7.907833609704
7.913452934787
7.919184492256
7.924812025550
7.930602140542
8.080445188369
8.086053009025
8.091257305951
8.096777722412
8.102369455266
8.107823420959
8.113565863777
8.119184227632
8.124893572815
8.130412098065
8.136108786604
8.141566594002
8.147052867076
8.152517292816
8.158374165783
8.223488911261
8.234449358668
8.245547859601
8.264274904737
8.269690159800
8.275143062647
8.280664644462
8.286141336136
8.291652153548
8.297233635843
8.302772942970
8.308345552583
8.313943728516
8.319533782704
8.325219940665
8.330889963405
8.336577848464
8.342324686552
8.348076748437
8.353943060831
8.359784166910
8.365636444864
8.371453019320
8.377305485721
8.383093055980
8.388841608847
8.394504260017
8.400224968436
8.406106345673
8.411881357019
8.417553795185
8.423328020467
8.584111090859
8.592109113050
8.596251516149
8.600345549559
8.604625890775
8.609267693878
8.613879799138
8.618501441558
8.623405545816
8.628171254503
8.633095116343
8.638077375848
8.643065930444
8.648281106798
8.653390441706
8.658795737426
8.664042203476
8.669656130968
8.675073801987
8.680891735259
8.686608034104
8.692520489131
8.698461132559
8.704332869590
8.710152007647
8.716270788614
8.722274833272
8.728453362857
8.734442821301
8.740453105606
8.746807916937
8.752645236435
8.758738715790
8.764837058354
8.770101840058
8.776008005072
8.781749336048
9.429081737680
9.435357123255
9.440986982937
9.446629160098
9.452173571813
9.457672025790
9.463030499979
9.468224981003
9.473468373267
9.478584815832
9.483766407464
9.488820897171
9.493843633446
9.498903486505
9.503926999911
9.508969833582
9.514038909068
9.519130898149
9.524227079348
9.529330395086
9.534409904255
9.539484484731
9.544607582755
9.549701228723
9.554842136017
9.559980701043
9.565102876151
9.570266585804
9.575457779506
9.580639525664
9.585835864815
9.590832442661
9.595870932626
9.601122149944
9.606305191881
9.611440269850
9.616565736307
9.621663805499
9.626707583511
9.631740893793
9.636752946013
9.641733618391
9.646644658156
9.651501321101
9.656386787039
9.661194044001
9.665978350027
9.670720033474
9.675424361754
9.680108694771
9.684724241216
9.689324919957
9.693891189888
9.698395954001
9.702837220530
9.707215435256
9.711575364887
9.715900066078
9.720242622279
9.724524766763
9.728808501690
9.733084803016
9.737353562130
9.741623540560
9.745915420561
9.750199077577
9.754492910092
9.759025848639
9.763339095235
9.767929533438
9.772803746081
9.777637466424
9.782618876991
9.787288588791
9.792512061694
9.797557975434
9.802041909997
9.807182397878
9.844895930095
9.849727086778
9.854597332112
9.859519716844
9.864543930013
9.869690722310
9.874826723318
9.880050387300
9.885296000007
9.890648719162
9.896009855130
9.901358277483
9.906737164217
9.912178673623
9.917662534276
9.923153314868
9.928603590577
9.934069003855
9.939587065842
9.945125834844
9.950643033141
9.956152262360
9.961706689662
9.967212739850
9.972703019352
9.978160039903
9.983613937585
9.989008503395
9.994424233484
9.999797067833
10.005182533965
10.010547406805
10.015918627259
10.021383124644
10.026922664539
10.032540924546
10.038245588634
10.043844267166
10.186804663653
10.192413011118
10.198100224728
10.203585667239
10.209139403199
10.214630769558
10.220182119930
10.225774917851
10.231479089687
10.237317149642
10.243071267622
10.248870079180
10.254738793045
10.260620880141
10.266535638211
10.272447040761
10.278346665669
10.284342344663
10.290289321560
10.296139101398
10.302092498732
10.307959651863
10.313945607426
10.319836955208
10.325635500574
10.331354246853
10.337008713610
10.342559736252
10.348055658571
10.353697005476
10.359517746528
10.365256314000
10.370811332354
10.376554053223
10.382129182258
10.387622708504
10.518702780098
10.523813589822
10.529282867919
10.534534640749
10.539867428097
10.545345440580
10.550817689550
10.556369315796
10.561883033660
10.567296299481
10.572652064703
10.578029112466
10.583380360735
10.588795431813
10.594228504285
10.599688154520
10.605232666227
10.610770464166
10.616462168729
10.622240283040
10.628047885966
10.633496579148
10.639234656738
10.644818820808
10.650408235052
10.655932753618
10.661356937180
10.666766365005
10.672105712498
10.677366379619
10.682592116876
10.687793546444
10.692943994983
10.698079820626
10.703248368432
10.708390714079
10.713595601315
10.718760644798
10.723983102053
10.729156980621
10.734346450297
10.739518866943
10.744741446565
10.749955902108
10.755242075365
10.760552227267
10.765895082316
10.771772104190
10.777329238959
10.783181716184
10.788824069986
10.794549469848
10.800534374249
10.806519806388
10.812120867342
10.817687597129
10.823181790525
10.828753252448
10.859972620342
10.865862576630
10.871803031445
10.877722685167
10.883498128925
10.889467900368
10.895328190647
10.901161313618
10.907095022653
10.912996799371
10.918995210321
10.924938686944
10.930950237618
10.936881208181
10.943045352647
10.949082298478
10.955278894642
10.961397023724
10.968017981190
10.973929582520
10.980621192524
10.986493296925
10.992142244250
10.998525513576
11.004584057781
11.009621662824
11.014581408749
11.020629210239
11.026989220120
11.032717077356
11.038744339032
11.044719599389
11.050733376741
11.056498638080
11.062540408770
11.068273031256
11.074110498083
11.079869801013
11.085638301607
11.091344225338
11.097051966169
11.102810669861
11.108175614661
11.113903673876
11.119503756420
11.125035237973
11.130623680979
11.136444682205
11.142118802583
11.147764494743
11.153481474654
11.159127696789
11.164862229280
11.170566205497
11.176083187299
11.181535402225
11.187260311727
11.192836484196
11.198230021222
11.203641250137
11.207824670121
11.212950047320
11.218046587802
11.223281650734
11.228497720706
11.233761982596
11.239012164558
11.244348433783
11.249781074155
11.255238915885
11.260714730860
11.266383031842
11.272053993220
11.277773300797
11.283554157154
11.289400922714
11.295326306793
11.301413421478
11.307539490030
11.313808773328
11.320104377646
11.326527924824
11.332966531863
11.339361465455
11.345864039251
11.352344689358
11.358956453475
11.365427561571
11.372017016396
11.378577796634
11.385143240278
11.391702229871
11.398147411310
11.404472099392
11.410948768337
11.417335584945
11.423766630977
11.430134110685
11.436550991306
11.442999948441
12.056011006957
12.060278237577
12.064639000408
12.069767231098
12.074599855127
12.079383396478
12.084117825047
12.088781063485
12.093531341574
12.098359961879
12.103112719327
12.107945166746
12.112830790272
12.117745634115
12.122747537036
12.127807678765
12.132926497057
12.138060197031
12.143207379694
12.148334812438
12.153450307106
12.158497958776
12.163525365617
12.168624339984
12.173768465728
12.178873827465
12.183972171997
12.189042592672
12.194161407000
12.199376984087
12.204605005951
12.209808639463
12.214982699910
12.220182695211
12.225364159031
12.230459199256
12.235577731306
12.240608949700
12.245606857242
12.250571533434
12.255502708940
12.260369451836
12.265186463278
12.269974882116
12.274690025208
12.279355445201
12.283983966381
12.288491421063
12.292985785426
12.297440202225
12.301805471092
12.306144230426
12.310460898598
12.314702111467
12.318871296092
12.323051256787
12.327197255072
12.331356658440
12.335492962717
12.339624870523
12.343779703143
12.347984607521
12.352280228085
12.356715086137
12.360998176052
12.448316053586
12.452014463358
12.455980141534
12.459842475112
12.463985995508
12.468332388407
12.472716347465
12.477166439405
12.481723324751
12.486402059144
12.491226819536
12.496086061606
12.501012889222
12.506070838473
12.511169350943
12.516506682803
12.521463740539
12.526848879345
12.531865140844
12.537110327041
12.542301925190
12.547615422414
12.552852993752
12.558209965747
12.563493782087
12.568886567843
12.574228639845
12.579662843492
12.585108477656
12.590658536564
12.596234771414
12.601856305810
12.607510266261
12.613194566276
12.618959091105
12.624674610595
12.630456936572
12.636267758328
12.642054150945
12.647909374845
12.653730598519
12.659570899143
12.665541665179
12.671591457540
12.677492550203
12.683440892112
12.689453262027
12.695530828099
12.701595377125
12.707651247004
12.713694713485
12.719661537407
12.725642716955
12.731596579113
12.737647976545
12.743630066684
12.749540901277
12.755367475234
12.761142340243
12.766972328944
12.772834404778
12.778724297827
12.911432319653
12.917388566276
12.923400133773
12.928974943033
12.934895834021
12.940681014727
12.946191789499
12.952155215349
12.958118847715
12.964057197284
12.970082018765
12.976100695129
12.982134945057
12.988185324675
12.994281630041
13.000353622659
13.006392815763
13.012529538328
13.018647056448
13.024660513661
13.030803623279
13.036843894174
13.042908531019
13.049056696449
13.055257613877
13.061737740401
13.175207798203
13.180496430410
13.185431343933
13.190944380337
13.196409236468
13.206921130679
13.217964255477
13.229072459696
13.240200340141
13.251332520880
13.262309127295
13.273343242875
13.284371478242
13.295593067010
13.300964069754
13.306347432774
13.311773652602
13.317316215877
13.322735689728
13.327299687291
13.436968463409
13.441641205105
13.445467163940
13.449157171759
13.453352645418
13.457597681220
13.461751852809
13.465912207195
13.470065017741
13.474249547143
13.478450945669
13.482946741893
13.487236952723
13.491474712626
13.495790659594
13.636311566958
13.640834461245
13.644991610299
13.649807784453
13.654992687542
13.659878419228
13.664899650982
13.669765016735
13.674855499657
13.679883769025
13.685054909302
13.690229150384
13.695351667019
13.700593972798
13.705833837363
13.711089089822
13.716366698723
13.721664497094
13.727071439489
13.732517590046
13.738119606455
13.743790902669
13.749542831225
13.755323773296
13.761249784501
13.767206675434
13.773192422286
13.779270437247
13.785392512453
13.791566872355
13.797752015075
13.803940749027
13.810133393476
13.816308536696
13.822485375722
13.828578731730
13.834595344213
13.840563292654
13.846454887064
13.852254937508
13.857843394728
13.863416889643
13.868799963021
13.874098204625
13.879009429376
13.884347318631
13.889581037790
13.894423386367
13.899297786886
13.904167937081
13.909067586069
13.914149237808
13.919266739607
13.924232114107
14.077321265470
14.081890093007
14.087595306931
14.093086991588
14.098538719112
14.103959958753
14.109408026384
14.114866767093
14.120354051285
14.125859735781
14.131420694404
14.137064265722
14.142771881306
14.148423223604
14.154060283751
14.159632646413
14.165250091436
14.170975855848
14.176619912050
14.182023794719
14.187700160672
14.193403350595
14.199142076935
14.204835196902
14.210567688188
14.216240155248
14.222022368390
14.227677376271
14.233449687227
14.239196307975
14.244879725513
14.250722165170
14.256375638388
14.262225574103
14.268039349970
14.273875207485
14.279717663171
14.285567010143
14.291612068853
14.297548260050
14.303457189671
14.309463113739
14.315412237571
14.321186614564
14.326937537125
14.332698959783
14.412921627617
14.418157830232
14.424372325190
14.430277600266
14.435945391318
14.441641635277
14.447380871536
14.453063626233
14.458689517555
14.464302367311
14.469882895138
14.475371161924
14.480855841772
14.486121421306
14.491367508202
14.496459949842
14.501384100030
14.506525463636
14.511412711574
14.516567024942
14.521949849991
14.526575613542
14.531514203624
14.536433239287
14.758654278799
14.769149053964
14.779755180367
14.790369052661
14.800904564812
14.811517810590
14.822413723221
14.827942810071
14.833272875663
14.838704011528
14.844121337293
14.849604011027
14.855065041209
14.860538345073
14.866054160219
14.871524818338
14.877005452592
14.882446325645
14.887896978102
14.893312572011
14.898688909595
14.904048488359
14.909321847256
14.914539048665
14.919729802360
14.924819274435
14.930086343743
14.935343005741
14.940712873938
14.946065981256
14.951308191523
14.956536572598
14.961851368675
15.419202192465
15.431931216764
15.444400528867
15.456708887963
15.468990112634
15.481068458837
15.493124520281
15.499757469800
15.506180755014
15.512527668423
15.518553504503
15.573449502718
15.578413001531
15.583881953868
15.589111625869
15.594355420587
15.599553664318
15.604760467278
15.609978673779
15.615344394017
15.620472034493
15.625690618911
15.631304335105
15.636899372080
15.642310467274
15.647415445820
15.652494032237
15.657883276012
15.748466184530
15.754274760927
15.759441749308
15.764914059648
15.770324877750
15.775698602962
15.781244077877
15.786889038051
15.792750022052
15.798632056838
15.804831089270
15.874523064037
15.877165320786
15.879122433913
15.881187008515
15.883343147035
15.885269913621
15.887620587577
15.889812012201
15.891990930299
15.894062875002
15.896337099748
15.898204121742
15.900718281874
15.904737020483
15.906787726586
17.516283530186
17.519922925794
17.524012801590
17.528371135994
17.532789490513
17.537215229722
17.541659657455
17.546152088147
17.550685483275
17.555232203181
17.559815025645
17.564516404920
17.569621028883
17.574628749192
17.579811450402
17.584844960918
17.590500189254
17.643836087312
17.648288143366
17.653003351683
17.658072895995
17.663195072930
17.668501522128
17.673923236128
17.679403290155
17.684916903541
17.690250525531
17.695602652068
17.700818489924
17.706130411999
17.711333221921
17.716597948175
17.721844015056
17.727158965082
17.732426307987
17.877801065506
17.882760408326
17.886223160660
17.890082835445
17.894034336956
17.898500078758
17.902763644821
17.907061934725
17.911368532342
17.915657991573
17.919926546565
17.924219771959
17.928477021182
17.932712729958
17.936948719116
17.941169369481
17.945419788117
17.949755041761
17.954186566984
17.958629134442
17.963209485892
17.967857724673
17.972405886272
17.976930685304
17.981528329045
17.985782593358
17.990266018521
17.994996309497
17.998477016115
18.071717898244
18.079243889685
18.086693101138
18.094166630122
18.101452541626
18.108732516547
18.115960565781
18.123166837432
18.130315553199
18.137537936577
18.144778618472
18.151950145590
18.159133612835
18.325327662918
18.330097066234
18.334600642331
18.339206757830
18.343900634050
18.348555284545
18.353285414600
18.358001913384
18.362846932150
18.367680024264
18.372534734575
18.377401621759
18.382270312740
18.387156489783
18.392078554508
18.396992349710
18.401923234751
18.406827005304
18.411769786504
18.416693680663
18.421622796693
18.426561877023
18.431425293916
18.436344714027
18.441202131363
18.446071661086
18.450922828654
18.455693937137
18.460626689821
18.465568067810
18.470494803862
18.475670337579
18.480341934116
18.561199656896
18.571555736323
18.582086198429
18.592664798192
18.598117041314
18.603507504045
18.608807769377
18.614099808863
18.619364956793
18.624679988426
18.630053937408
18.635398197095
18.640921097314
18.646409179927
18.651216830817
18.656847596068
18.662324534327
18.667693735100
18.673203068325
18.739519800212
18.745238566261
18.750584261463
18.756306733254
18.762038420449
18.767502988365
18.772989180843
18.778450091635
18.783947230394
18.789214773862
18.800310674313
18.905582552231
18.910868430659
18.916419858994
18.921781896985
18.927340956061
18.932797297201
18.938316367349
18.943788922300
18.949230660531
18.954695688252
18.960079528261
18.965408310962
18.970655894120
18.975900703034
18.981098937624
18.986263501528
18.991377231347
18.996421354854
19.001428624092
19.006411632994
19.011416070415
19.016385285771
19.021393640178
19.026355942218
19.031336012812
19.036293836580
19.041228625241
19.046163935588
19.051071763448
19.055961321216
19.060839102049
19.065699035882
19.070543965493
19.075380381265
19.080197597800
19.085024890118
19.089853456239
19.094696212504
19.099522266528
19.104369792116
19.109210916031
19.114105801890
19.119128249492
19.124158091338
19.129382437663
19.134542496984
19.139622870598
19.144713852414
19.149739444616
19.154774869797
19.159843098090
19.164853961839
19.169803249067
19.174746933254
19.179695700480
19.184642408718
19.189624234425
19.194617284692
19.199635970825
19.204679746646
19.209762467203
19.214849545802
19.219975323811
19.225083176827
19.230275091288
19.235418467038
19.240568765560
19.245716644800
19.250869037924
19.255958759597
19.261054158989
19.266070412226
19.271212696436
19.276289141855
19.281607595814
19.298098646436
19.308483426447
19.318975470882
19.329056321408
19.339138416221
19.344259086706
19.348925387297
19.353412572579
19.358087481560
19.525183730053
19.527576437477
19.529754636840
19.531882385738
19.533971511693
19.536068639430
19.538264017482
19.540391756299
19.542550578763
19.545215636980
19.546902737356
19.549047915552
19.551059239182
19.553127172968
19.555357446675
19.557523799285
19.559703693246
19.983375541881
19.985949249376
19.987986607239
19.990511030884
19.992171507943
19.994262105335

