Time_s
0.924826797141
0.927197032314
0.931787327058
0.933831379712
0.936217426771
0.938287270782
0.940507945146
0.943361698574
0.946914298430
0.950571824788
0.953977883046
0.956799152928
0.960747109903
0.964518855185
0.968250588839
0.971603931252
0.975232727377
0.978985006717
0.982721175374
0.986498452162
0.990282041732
0.994068869550
0.997817897743
1.001512179881
1.005277807175
1.008994034590
1.012638901665
1.016233465175
1.019811297013
1.023398020713
1.026955578481
1.030513101928
1.034056242211
1.037588816500
1.041112262361
1.044642726691
1.048170887381
1.051675402779
1.055178938896
1.058672661263
1.062162664677
1.065652134186
1.069125844194
1.072592700350
1.076049677674
1.079500916719
1.082935032322
1.086376867725
1.089807279688
1.093240189458
1.096680633382
1.100108782085
1.103541584199
1.106959162167
1.110392368880
1.113838220671
1.117268899377
1.120696004616
1.124124906096
1.127568004075
1.130994466725
1.134417085538
1.137840944579
1.141266588233
1.144698712676
1.148102460277
1.151508660130
1.154920953810
1.158416878106
1.161907504162
1.165491305812
1.169096934187
1.172540210594
1.203349896039
1.205344425661
1.207157634717
1.209178645752
1.211599226114
1.213273489119
1.215314300858
1.217148784388
1.219553892684
1.221216835063
1.222887615322
1.338814734418
1.342239888529
1.345463836173
1.348942953940
1.352753075123
1.356617353400
1.360547704308
1.364466062288
1.368405576785
1.372352100134
1.376310536094
1.380302048236
1.384291189238
1.388278490612
1.392285663845
1.396307932934
1.400340263893
1.404366585793
1.408375207056
1.412380101231
1.416375462373
1.420380723576
1.424373021089
1.428383279970
1.432368996557
1.436354350487
1.440333493049
1.444330713823
1.448323134815
1.452303906799
1.456288337846
1.460267352528
1.464275824228
1.468275213636
1.472263383136
1.476265148433
1.480282186475
1.484321563166
1.488361650897
1.492422562215
1.496562730522
1.500790106163
1.505010398257
1.509447947358
1.514485117710
1.671650480616
1.676396531974
1.681496970325
1.686691708874
1.691870253058
1.697237529742
1.702521193020
1.707833202285
1.713181506677
1.718474659435
1.723846619474
1.729232407194
1.734615546094
1.740025819552
1.745468199917
1.750927003068
1.756500399898
1.762190724329
1.767656029971
1.773158810209
1.778707586801
1.784306216510
1.789922790438
1.795515363397
1.801028832307
1.806545962623
1.812011155428
1.817506734672
1.823071088876
1.828669682720
1.834291352749
1.839935379079
1.845581793082
1.851246380036
1.856912765608
1.862575753435
1.868230526319
1.873916010555
1.879613502186
1.885328016532
1.891039048998
1.896755642684
1.902507279676
1.908263307619
1.913998847333
1.919729975599
1.925507746289
1.931331690593
1.937238196540
1.943202559754
1.949130669822
1.954723124582
1.960871311618
1.966835643931
2.613714828027
2.618219327375
2.622701631139
2.627203126351
2.631661540408
2.636113450563
2.640540940157
2.644970853824
2.649382012336
2.653743328362
2.658095933685
2.662457289168
2.666790165235
2.671100611207
2.675414597048
2.679669710462
2.683923498632
2.688163596307
2.692371076270
2.696550508414
2.700701918074
2.704836509952
2.708962543403
2.713071621695
2.717173767341
2.721245029682
2.725302175847
2.729380037350
2.733461658042
2.737546969545
2.741661202407
2.745748651622
2.749842831459
2.753958996811
2.758051758416
2.762177672716
2.766306112902
2.770524271349
2.774552200436
2.778518219727
2.781915837075
2.785358403831
2.905174244240
2.908796886772
2.912026441364
2.915936097253
2.919324252127
2.922719446886
2.926318607097
2.930028697461
2.933794354661
2.937607639829
2.941476403527
2.945387564236
2.949343599125
2.953333735708
2.957352448692
2.961392502540
2.965488628819
2.969603604032
2.973771818772
2.977971948116
2.982267801157
2.986606628860
2.991031968946
3.075116790845
3.079123422463
3.082869596691
3.086675722135
3.090819061280
3.095093343606
3.099470953250
3.103952166695
3.108647760526
3.113433908089
3.118243880226
3.123196112133
3.128206736021
3.133381949021
3.138477566098
3.143697410850
3.148914697022
3.154125305287
3.159205986482
3.177325339400
3.182728116737
3.187010762440
3.191341712296
3.195709389116
3.200299030804
3.204940912664
3.209584563953
3.214226356028
3.218870799131
3.223507906957
3.228197492874
3.232897080052
3.237601479998
3.242353552410
3.247076830913
3.251817115661
3.256549214051
3.261329387882
3.266149676729
3.270994290129
3.275834454604
3.280597092951
3.285364114710
3.290153426265
3.295000718727
3.299840747761
3.304683361335
3.309535777565
3.314435504854
3.319326706831
3.324219690470
3.329128870137
3.334074024619
3.339062185365
3.344020655142
3.349042450131
3.354034873500
3.359079286203
3.364149312121
3.369347857655
3.374606571567
3.379959603912
3.385472790034
3.390734859701
3.396058819027
3.401021533262
3.406031160103
3.410920884167
3.415693211345
3.420451194278
3.425187643594
3.429921955666
3.434652262641
3.439335738271
3.444005031692
3.448640626458
3.453258736974
3.457850630131
3.462412894555
3.466956285916
3.471471052719
3.475978399692
3.480468422407
3.484944605671
3.489418536372
3.493862683251
3.498280748093
3.502671292139
3.507060409493
3.511435389925
3.515800249744
3.520157676164
3.524546460019
3.528954639147
3.533423526780
3.537939813039
3.542547400221
3.547069088429
3.551140195768
3.555533456851
3.684597479859
3.688218081375
3.691527637523
3.695647237394
3.699791061852
3.704093296669
3.708410499441
3.712725731666
3.717055870146
3.721401764513
3.725779457017
3.730134914120
3.734515102447
3.738922408958
3.743330788594
3.747793342166
3.752304350993
3.756747279799
3.761211356701
3.765665617609
3.770142983924
3.774640856614
3.779142779275
3.783635864612
3.788137812678
3.792650869069
3.797156891784
3.801670241733
3.806179920269
3.810695793452
3.815198406551
3.819622030708
3.824142643528
3.828661676375
3.833211392411
3.837807708798
3.842486962367
3.847205889354
3.851757937265
3.856110899228
3.933614060019
3.938035160556
3.942364950502
3.946627181323
3.951142564406
3.955961945145
3.960779699576
3.965616380366
3.970428983405
3.975189980089
3.979900844751
3.984596510533
3.989252190587
3.993876174300
3.998474092776
4.003072173071
4.007651877312
4.012249232628
4.016862449508
4.021472191665
4.026094457885
4.030727967577
4.035402789858
4.040197406949
4.045090113935
4.050021552889
4.055000293144
4.059994472900
4.064972190755
4.069808344255
4.074643633116
4.079336675265
4.084043044997
4.088715271317
4.093414037563
4.098087001255
4.102753387801
4.107465361590
4.112188224512
4.116961980426
4.121673445655
4.126646395556
4.131808240132
4.136964320441
4.141938772950
4.146712695681
4.254084291028
4.257825212725
4.261998275373
4.266144982305
4.270650479449
4.275861565904
4.280986490125
4.285799621961
4.290805258021
4.295668742660
4.300524122694
4.305319751112
4.310137156319
4.314943084473
4.319696001069
4.324506774635
4.329407095610
4.334260788789
4.339093061956
4.343931701636
4.348774899732
4.353608154419
4.358481331816
4.363332675645
4.368206035575
4.373111005190
4.378048850036
4.383032109152
4.387968768134
4.392980407282
4.398157680865
4.403448925106
4.408395637481
4.413518150461
4.418353088175
4.423164419383
4.427906483977
4.432999845940
4.438070608283
4.629186905622
4.634718994084
4.640001525336
4.645596587060
4.651156874321
4.656759402686
4.662398323269
4.667984065460
4.673604162422
4.679246593121
4.684902363800
4.690583002927
4.696258994247
4.701934727131
4.707614171542
4.713294725261
4.718987228105
4.724651213455
4.730309063851
4.735997858377
4.741697476812
4.747362569417
4.753080838838
4.758802963435
4.764532852990
4.770336757294
4.776118234756
4.781906574548
4.787726567193
4.793556758179
4.799421334769
4.805332233530
4.811236901819
4.817191624198
4.823224239916
4.829318659129
4.835463714123
4.841536251698
4.847626741197
4.853756250585
5.425259959228
5.427207772811
5.429604957623
5.431203503064
5.433059497140
5.434658387020
5.436256993746
5.692925623424
5.697155664026
5.701027309153
5.704872905513
5.708758655024
5.712608221360
5.716462623330
5.720316111000
5.724181325461
5.728061224490
5.731921107639
5.735830493263
5.739784039218
5.743856977383
5.748232377543
5.752715985862
5.757068081888
5.761403676354
5.765631272863
5.793666425568
5.795880632017
5.798285320295
5.800436221056
5.804765523248
5.806964336717
5.809057245931
5.810835019490
5.812606685887
5.814783770700
5.816538669976
5.818306497063
5.820225444677
5.822423516411
5.824258136449
5.826185614840
6.002333659568
6.005361775308
6.009885651072
6.013488827491
6.017119589250
6.020381160211
6.024223677346
6.028271450011
6.032330592315
6.036417123055
6.040502022416
6.044572127294
6.048663187434
6.052748886772
6.056850944679
6.060970175753
6.065080300545
6.069209004297
6.073341660145
6.077485888762
6.081632297702
6.085778967488
6.089926837997
6.094071326065
6.098231810702
6.102375237044
6.106522982331
6.110665550440
6.114807922033
6.118946469867
6.123092837930
6.127265128904
6.131458912542
6.135685019547
6.139889050719
6.144100121458
6.148352063241
6.152627986649
6.156929620398
6.161236431741
6.165623608681
6.169994695210
6.174408676485
6.178935687979
6.183530318758
6.188220509322
6.193191500246
6.198068794251
6.202377145353
6.247620999111
6.251823014890
6.255800057925
6.259959551528
6.264593048518
6.269395725899
6.274195516928
6.279193884149
6.284344232474
6.289287903654
6.294402909050
6.408579353492
6.412733888337
6.417204150720
6.420583775741
6.424521560548
6.428793614334
6.433054237789
6.437335814643
6.441646276763
6.445991768113
6.450382073287
6.454793086793
6.459215670548
6.463652928688
6.468111037346
6.472592584026
6.477082741708
6.481601930839
6.486126845986
6.490714318552
6.495342713148
6.500039574413
6.504756836378
6.509468757557
6.514178413553
6.518843189308
6.523425837721
6.528135813522
6.532895072714
6.688295921011
6.692360151408
6.696205693128
6.700352118875
6.704974293245
6.709644242383
6.714367571932
6.719144826601
6.723759582278
6.728550782149
6.733396350381
6.738242088796
6.743126536043
6.748020513227
6.752955968214
6.757896818171
6.762868496417
6.767868094395
6.772881292352
6.777901468478
6.782949359604
6.788031024448
6.793144375750
6.798264932483
6.803410429702
6.808557032921
6.813750599874
6.818965415397
6.824208477160
6.829510874355
6.834891237724
6.840455490570
7.004730843766
7.008394442622
7.012429838459
7.016185594400
7.020097923789
7.024267779329
7.028449533006
7.032662723850
7.036833033877
7.040999135296
7.045179437035
7.049328856219
7.053452590255
7.057561259868
7.061653535164
7.065712652476
7.069788617822
7.073841951915
7.077857192189
7.081849958003
7.085825599814
7.089794909027
7.093754888504
7.097695468133
7.101625402035
7.105523808797
7.109423962811
7.113312087896
7.117192504508
7.121051164613
7.124903645932
7.128735091501
7.132576923293
7.136425718260
7.140251756131
7.144072511630
7.147888070240
7.151699150865
7.155507238346
7.159303142547
7.163084043053
7.166878830016
7.170676412266
7.174459635409
7.178230048348
7.181992383509
7.185757169660
7.189514130223
7.193286949979
7.197044449897
7.200832326334
7.204613500915
7.208393104615
7.212199447768
7.215946545145
7.219666592114
7.223258447294
7.226783191641
7.230416957917
7.234224889456
7.237115336824
7.914588814481
7.917559978190
7.920612203629
7.923746758635
7.927009816644
7.934648902715
7.938529264446
7.942465307412
7.946463622143
7.950483967492
7.954532161259
7.958610658262
7.962699716886
7.966809752279
7.970941030628
7.975050420248
7.979204511664
7.983365027076
7.987517787913
7.991676076078
7.995830225192
7.999968030379
8.004105786930
8.008239653223
8.012380844240
8.016526611512
8.020674080517
8.024831470402
8.028998154585
8.033197579549
8.037392610283
8.041592738315
8.045799083766
8.049975081329
8.054163300089
8.058363918327
8.062575301999
8.066785478769
8.070993079968
8.075179426110
8.079373676860
8.083525081538
8.087733062929
8.091956599165
8.096289477716
8.100563307374
8.105015182896
8.109489017516
8.113953753068
8.118318502156
8.122420349273
8.127787426431
8.133120735691
8.135736578208
8.138132644973
8.145195176547
8.147379764023
8.149285862406
8.151265180867
8.153752594916
8.155722123489
8.158098299577
8.160594866315
8.162867758957
8.165226822108
8.167266462150
8.169303907324
8.171214208020
8.173136429371
8.174760512047
8.241486929747
8.245519293339
8.248580674691
8.252268643348
8.255409361409
8.258917617779
8.262878268858
8.266765931577
8.270720456359
8.274692975116
8.278667754619
8.282665241423
8.286688872505
8.290711862932
8.294762892483
8.298863639475
8.302975277296
8.307070623548
8.311255663233
8.315348557892
8.319775738447
8.323797672291
8.327840162565
8.331908696356
8.454606941028
8.456808443891
8.458981092882
8.460719140242
8.462578418565
8.464688085156
8.466907928663
8.468560557425
8.473065502533
8.474725012375
8.476407471141
8.478071762973
8.479759154696
8.481939980344
8.487097085677
8.489115606905
8.491953714920
8.497743526484
8.499783562646
8.501964786042
8.505237097803
8.507985391530
8.511689615400
8.515168432389
8.518660771378
8.522916502915
8.527066795965
8.531281282258
8.535594260260
8.540004761948
8.544425300277
8.548921068372
8.553428631002
8.557965097483
8.562416335374
8.567029384454
8.571503163877
8.576205341885
8.580686540037
8.585488506912
8.590067264304
8.594877541985
8.599572546363
8.604493158463
8.609197679140
8.614055300079
8.618898557084
8.623829755434
8.628957259263
8.634120989154
8.639117625074
8.644119753309
8.649179041262
8.654426140910
8.659686131038
8.665019787439
8.670493247626
8.675929011121
8.681186088616
8.686346437675
8.713716390738
8.716228322341
8.718696808385
8.720642476722
8.722817125900
8.724757088047
8.726697840950
8.728618147091
8.730555044160
8.733264160503
8.774717846847
8.779045188844
8.784044724252
8.789203619826
8.794465235737
8.799757758581
8.805192469025
8.810663983949
8.816162279057
8.821580385003
8.827025277300
8.832445622154
8.837830288788
8.843227677858
8.848504158964
8.853807963265
8.859084869691
8.864443656338
8.958848543756
8.963098664448
8.967489812527
8.972313324949
8.977075684636
8.981667723806
8.986257139626
8.990863705367
8.995347158523
8.999761002342
9.004111407049
9.008435437074
9.012721228909
9.016998288938
9.021260493520
9.025512407406
9.029739920657
9.033962138120
9.038153654047
9.042334760183
9.046457384292
9.050631255031
9.054803494475
9.058950791433
9.063090328878
9.067223599860
9.071364620223
9.075493237543
9.079627137193
9.083760544058
9.087908026383
9.092050341094
9.096228072672
9.100424293696
9.104675161707
9.112588570401
9.116933953137
9.121497543823
9.125925076918
9.247895351937
9.251163116428
9.254964328469
9.259094195644
9.262873838278
9.266852848704
9.271079510016
9.275365924577
9.279708269571
9.284028863730
9.288366104209
9.292720504933
9.297067058401
9.301458998243
9.305853369467
9.310250682231
9.314652596179
9.319071157389
9.323486439128
9.327895088601
9.332328553959
9.336772575044
9.341225295003
9.345663315814
9.350107995818
9.354580414185
9.359043612874
9.363504212371
9.367991678299
9.372454521938
9.376916180287
9.381398180777
9.385853825293
9.390308691626
9.394740819002
9.399174988614
9.403597314621
9.408047021998
9.412461702872
9.416896822781
9.421342565920
9.425802648264
9.430270465545
9.434735938837
9.439220675587
9.443771782859
9.448317481566
9.452846452263
9.457345590994
9.461715009612
9.466261718067
9.470542506932
9.477389405236
9.480410543164
9.482548267386
9.485111314260
9.487651363070
9.489781984200
9.492272436744
9.494051768947
9.496153207243
9.498060300059
9.500637638015
9.502686675656
9.505183904432
9.506927050249
9.508663844353
9.511207625944
9.513081671788
9.514967309807
9.517003031279
9.519544375067
9.521257581857
9.523683222234
9.525767510334
9.527684952395
9.529616125943
9.531995671157
9.533645705795
9.535476872590
9.537311970272
9.539341196971
9.541044526651
9.543136853951
9.545013241061
9.546632043238
9.550324986109
9.552414433627
9.554095626243
9.558394848786
9.564039836973
9.565980055957
10.032289498206
10.036622654333
10.041429651791
10.046319761919
10.051228188035
10.055940224062
10.060719150672
10.065488625657
10.070301632387
10.075126789385
10.079995395402
10.084897297397
10.089824288258
10.094777440525
10.099772726880
10.104739083570
10.109708799815
10.114730127421
10.119712108459
10.124614091231
10.129474944918
10.134311583319
10.139093697864
10.143835496149
10.148537149343
10.153183475580
10.157771408987
10.162393558518
10.166972052707
10.171446215723
10.175820340077
10.180400355945
10.184990667378
10.189550197763
10.194138675841
10.198746317540
10.203368570883
10.207991417581
10.212599026734
10.217202741387
10.221795387301
10.226361540610
10.230922256895
10.235455850504
10.239986433707
10.244548425919
10.249067974578
10.253591954492
10.258100792633
10.262610909599
10.267110053547
10.271612527987
10.276125609249
10.280777512650
10.285479973735
10.290166727188
10.295088629778
10.300019288685
10.304969627062
10.309980824669
10.315014611018
10.320032333171
10.325012915242
10.329889110098
10.334697840479
10.339571628017
10.344320361741
10.348971452948
10.353537476964
10.358046850568
10.362564045925
10.367049429429
10.371533953061
10.376052341938
10.380580793375
10.385119891594
10.389662905874
10.394187289087
10.398721735481
10.403265307164
10.407844244098
10.412419152387
10.416993793013
10.421566790517
10.426178090631
10.430762793767
10.435363788988
10.440012457582
10.444660329560
10.449292174522
10.453984567938
10.458725316382
10.463523081203
10.468517667258
10.473738951817
10.478957413131
10.483685751185
10.488057900206
10.576988031362
10.578659690519
10.580436822902
10.582877294577
10.584980174059
10.587250339561
10.589720024209
10.591824120779
10.594352097814
10.596085671063
10.608297447830
10.611807283251
10.615613572303
10.619505394359
10.624317833943
10.629023296602
10.633809698898
10.638574608378
10.643154427167
10.647944917776
10.652867097542
10.657811035717
10.662792525685
10.667786638155
10.672818107256
10.677867300092
10.682939766998
10.688007696567
10.693098797722
10.698195165986
10.703273285637
10.708383024661
10.713495819630
10.718614698843
10.723688206413
10.728724296305
10.733906046132
10.739114667002
10.744232465456
10.749351345054
10.754419322034
10.759607998613
10.772782169586
10.775061703965
10.777008863101
10.779218417520
10.784372358463
10.786394321511
10.788760452984
10.790743526917
10.792857050094
10.795255495325
10.797845272091
10.800204967506
10.802299563836
10.804000521867
10.805895826240
10.807588667921
10.809386427164
10.811824610940
10.813570776627
10.815234825732
10.819154915161
10.821274152396
10.823703089153
10.826378430437
10.829192779986
10.831963560841
10.834366571221
10.836566574138
10.894211921880
10.898076928115
10.902447194752
10.906376519683
10.910693398939
10.915921707999
10.920555482840
10.925553384868
10.930415970269
10.935289454864
10.940124524760
10.945009837119
10.949873086534
10.954740272617
10.959609916195
10.964471662854
10.969366082882
10.974226212793
10.979115322268
10.984020584916
10.988952910776
10.993884881788
10.998818884875
11.003786262754
11.008735667302
11.013712203185
11.018721426370
11.023731510996
11.028765793094
11.033811578148
11.038898924144
11.044072493900
11.049347371993
11.054795752148
11.060387533383
11.065907366880
11.071395370959
11.076783832149
11.082110734029
11.087372241930
11.123832990415
11.128526555034
11.133069648686
11.138033908566
11.143019747646
11.148024923344
11.153045885766
11.158098488639
11.163166638091
11.168244408481
11.173349345771
11.178458720260
11.183582307423
11.188741558274
11.193904506251
11.199093124933
11.204278041541
11.209481289475
11.214684405953
11.219935199718
11.225192063583
11.230467334026
11.235717190936
11.240972696774
11.246196067355
11.251411103949
11.256635534891
11.261836404238
11.267024300512
11.272208884464
11.277376708146
11.282556773361
11.287768937784
11.292990116919
11.298220389434
11.303455622045
11.308744156383
11.314079945998
11.319484190591
11.325041627395
11.330697854140
11.336502652341
11.342228615136
11.347877882121
11.427080066925
11.431697826669
11.436353557861
11.441753151075
11.447336853409
11.452948694229
11.458611281296
11.464290457634
11.470019566435
11.475816018288
11.481651438310
11.487532862328
11.493467202323
11.499431223290
11.505426592734
11.511468103509
11.517546413670
11.523648797609
11.529777363361
11.535876983829
11.542109360314
11.548277182819
11.554498750985
11.560664715067
11.566869991019
11.573096829997
11.579289224547
11.585468945522
11.591668129721
11.597847963018
11.604051606465
11.610250299824
11.616469975683
11.622847942765
11.629151878390
11.635098717976
12.452198616499
12.455606737156
12.458488620418
12.461969351867
12.464963712538
12.468173236040
12.470946214132
12.474676443750
12.477706083174
12.480715786660
12.483646065128
12.486060202286
12.492607471538
12.495158631158
12.498228955462
12.500711850404
12.503754055804
12.506938034338
12.509835503741
12.512761899946
12.516005663331
12.636370266660
12.640616881500
12.644075592171
12.648514215968
12.652833624275
12.657140148425
12.661389247779
12.665617329842
12.669832039012
12.674055709256
12.678264828047
12.682474429560
12.686665952552
12.690868702563
12.695092247876
12.699325972677
12.703575984263
12.707831109897
12.712092166251
12.716360153604
12.720638935810
12.724917561762
12.729184116947
12.733459127326
12.737735208895
12.742019835544
12.746261588222
12.750482216755
12.754675057061
12.758863143608
12.763028836393
12.767176401099
12.771321071151
12.775436369762
12.779589612293
12.783672166624
12.787789542632
12.791876434815
12.795977246030
12.800071963670
12.804139321666
12.808204786845
12.812245358502
12.816260198488
12.820245938516
12.824196024100
12.828141791660
12.832057007151
12.835969070181
12.839883086288
12.843809263087
12.847730353934
12.851646447709
12.855562941998
12.859498423413
12.863515761730
12.867620834723
12.871850988676
12.876168110043
12.880529208726
12.962280416222
12.965687026867
12.968701719582
12.974973959539
12.978180998443
12.981474161759
12.984801205745
12.988826462278
12.992795020334
12.996776151428
13.000736909632
13.004731492993
13.008752615099
13.012808332009
13.016877142245
13.020935004329
13.025307090654
13.029312197138
13.033386964737
13.037504571418
13.041665250522
13.045799733568
13.049933991163
13.054074574115
13.058209648399
13.062359812700
13.066516878589
13.070690893215
13.074746587663
13.078936448626
13.083246740676
13.087471414122
13.091734636069
13.095976683642
13.100228167118
13.104493720005
13.108766860433
13.113051191059
13.117361616279
13.121675771514
13.126012708764
13.130351631498
13.134694525720
13.139051384904
13.143416386636
13.147924824425
13.152454070783
13.156919716713
13.161392816779
13.165934044165
13.170499738031
13.175128803516
13.179802839081
13.184503952214
13.189267018949
13.193957640598
13.198577153977
13.203104646065
13.207543709759
13.211987591690
13.216440514723
13.220886549685
13.225373827648
13.229982038666
13.234762384319
13.239683723521
13.244773815531
13.362872868856
13.366871335020
13.370229198347
13.373923447885
13.377643874549
13.381160962351
13.385138844480
13.389178283399
13.393195604684
13.397192501104
13.401191012061
13.405190043887
13.409171380229
13.413046112088
13.417084756270
13.421099872406
13.425078512420
13.429052523352
13.432999298578
13.436940667302
13.440888531854
13.444840176657
13.448783000984
13.452712617864
13.456631573392
13.460547123441
13.464454018633
13.468330326480
13.472192243205
13.476046762403
13.479901644543
13.483745102410
13.487572927135
13.491406971722
13.495227094086
13.499073139153
13.502931791618
13.506807418216
13.510702482224
13.514642435578
13.518625028457
13.522684717927
13.526769385005
13.530797536299
13.534705977566
13.538443556544
13.542207548742
13.546268560577
13.549032481068
13.551178273068
13.553499417475
13.555927162577
13.558435677027
13.560815587172
13.563015931713
13.564886534382
13.567413692660
13.594120096913
13.596064799312
13.598910629751
13.600929814587
13.602874921178
13.605198251536
13.609441233700
13.611732148004
13.614798239603
13.619150571862
13.623289983285
13.627623825597
13.631412152320
13.634981938033
13.638640702690
13.642392220051
13.646161659290
13.649978679018
13.653866456296
13.657782791861
13.661718525811
13.665675588566
13.669683956911
13.673674083616
13.677727556520
13.681766101142
13.685820336587
13.689893435074
13.693973781701
13.698021245585
13.702103883982
13.706190310809
13.710280813065
13.714432028802
13.718588534643
13.722766854946
13.726982926853
13.731198224735
13.735566012527
13.739985436183
13.744545694043
13.749254317575
13.752978096983
13.835179116412
13.837936429516
13.840763708142
13.843731326606
13.846403830789
13.849188775329
13.851921757080
13.854533702923
13.857227875990
13.860092194640
13.862877451981
13.865834276652
13.912211959673
13.916770398830
13.920989543928
13.925375736299
13.929703641960
13.934041810388
13.938563056520
13.943732649970
13.947845841275
13.952655756766
13.956848506257
14.112858794386
14.116424594320
14.120387564884
14.124136788398
14.127898652289
14.132248424525
14.136551540457
14.140814790591
14.145139271943
14.149513156156
14.153890539475
14.158308736420
14.162664761595
14.166979692056
14.171445091729
14.175912659481
14.180362699274
14.184817323535
14.189318376920
14.193795718288
14.198254032295
14.202733611095
14.207210072461
14.211691074918
14.216156375878
14.220603686200
14.225059793904
14.229480034839
14.233890547029
14.238301834981
14.242682761136
14.247066023408
14.251441055788
14.255836075946
14.260232657686
14.264779058605
14.269424670535
14.274075823306
14.278813293251
14.283348398788
14.350820762263
14.354423610221
14.358188477432
14.361986280124
14.366302701353
14.370741589767
14.375339782605
14.379960245752
14.384590361162
14.389261809853
14.393927802876
14.398665121175
14.403412055749
14.408778194637
14.413581333984
14.418393800445
14.423203625133
14.428038864559
14.432901024381
14.437746560125
14.442608669136
14.447496047515
14.452403277917
14.457296339772
14.461993984638
14.466801457927
14.471702220627
14.476615401992
14.481509496965
14.486431269738
14.491381510282
14.496322145282
14.501294303584
14.506289500531
14.511316655198
14.516430287972
14.521850201940
14.526899922622
14.531913734414
14.536963118510
14.542168712816
14.547413463965
14.552639905134
14.557893021052
14.563211136056
14.568576384488
14.573981437396
14.579424986077
14.584915133493
14.590375010865
14.595830756994
14.631025898768
14.634816717206
14.639345688086
14.643729340509
14.648085626880
14.652417086967
14.656771833017
14.661133104302
14.665480438618
14.669796353014
14.674100131125
14.678411840464
14.682721426326
14.687012419481
14.691300542254
14.695590521455
14.699879045747
14.704175061553
14.708476037427
14.712762777550
14.717081192384
14.721406677937
14.725857884927
14.730401593028
14.734813593396
14.739346594820
14.743766669941
14.748164615198
14.752468012574
14.756747835174
14.883349390116
14.886973687768
14.891177364645
14.894705539238
14.902403718411
14.905960707461
14.909619987662
14.913713001069
14.917670014483
14.920461281695
14.924694376566
14.928950445438
14.933082834358
14.936991083624
14.940765630300
14.944856939875
14.949135349785
14.953535085301
14.957949585795
14.962390692030
14.966826690306
14.971251314740
14.975669827492
14.980071948003
14.984478921563
14.988871572396
14.993252826484
14.997603428327
15.001973761842
15.006390156294
15.010811231327
15.015211318669
15.019608225293
15.024035547793
15.028441947149
15.032842452484
15.037284860375
15.041740098116
15.046202453758
15.050685195361
15.055155991334
15.059640996266
15.064127333779
15.068628951852
15.073105205239
15.077609757628
15.082118739415
15.086604343957
15.091120595417
15.095665329086
15.100206148696
15.104778540301
15.109351798989
15.113988093063
15.118700998530
15.123478209693
15.128306762220
15.133130441463
15.138093052018
15.263012535318
15.267573577366
15.272186351124
15.276902228832
15.281617029191
15.286369606462
15.291148770081
15.295924377014
15.300728246011
15.305529471629
15.310349896732
15.315203109978
15.320058311902
15.324930173941
15.329805237101
15.334718478029
15.339645001745
15.344553260147
15.349483901838
15.354453546449
15.359634751881
15.365245668360
15.523437692812
15.528393853668
15.532783050847
15.536771546103
15.540954494302
15.545637703320
15.550351958066
15.555115229599
15.559934785925
15.564884666746
15.570096702192
15.575111513326
15.580278975458
15.585532424439
15.590851102031
15.596269387593
15.601640336166
15.607384138769
15.612879630459
15.618062813010
15.623088296786
15.628384757716
15.633013585554
15.638085849560
15.642881434807
15.647724244851
15.652586087363
15.657464184824
15.662349814326
15.667335188678
15.672324862979
15.677425565533
15.682896066473
15.814183273550
15.819204508671
15.823780847443
15.828651149205
15.833805319793
15.839178330784
15.844677371439
15.850257374173
15.855888797002
15.861582028716
15.867294745043
15.873041015232
15.878842836550
15.884643946826
15.890496000057
15.896399554231
15.902313288678
15.908252061263
15.914202954085
15.920164620021
15.926145427900
15.932203930776
15.938154548878
15.944250127808
15.950331296044
15.956369152785
15.962515710780
15.968590438656
15.974853459258
15.980777292779
15.986288031235
15.992251063448
15.998196629096
16.004323792114
16.010439040351
16.016511019817
16.022598359618
16.028615394529
16.038379910126
16.044370117249
16.049850831305
16.056094090946
17.027709874107
17.032169165322
17.036548319551
17.040385351245
17.044825002388
17.049321917905
17.053769742245
17.058192427620
17.062647518143
17.067070765198
17.071507250516
17.075917633868
17.080331110710
17.084776798578
17.089217510864
17.093671308064
17.098164360082
17.102810337427
17.107690257309
17.113179316676
17.117895637879
17.214356614378
17.218948680553
17.223062301458
17.227471393993
17.231966374272
17.236645496223
17.241377286140
17.246099658758
17.250957661995
17.255953759991
17.260898910967
17.265663218773
17.270461152322
17.275239869940
17.280017935583
17.284837006344
17.289667045434
17.294508681370
17.299317150368
17.304121531724
17.308989730133
17.314014277618
17.319029260949
17.324183237318
17.329461027651
17.334440710112
17.459386428759
17.462667386237
17.467041008041
17.470773590780
17.474150398940
17.478087160477
17.481995629709
17.485963706659
17.489923017416
17.493891116997
17.497860340058
17.501813555829
17.505767372296
17.509727700935
17.513675792498
17.517629232772
17.521573240628
17.525532611486
17.529467818294
17.533416965623
17.537358563837
17.541271326697
17.545175165297
17.549088302517
17.553000571517
17.556913797499
17.560853198654
17.564795305800
17.568760242034
17.572711476732
17.576676452802
17.580645455772
17.584696861021
17.588808072022
17.593066154123
17.597558957482
17.602156666492
17.606692030345
17.611170035463
17.615482886566
17.619838719273
17.624039394948
17.628356575449
17.632635756481
17.636900176064
17.641138334263
17.645338900241
17.649873703270
17.654216054767
17.658667821960
17.663453541410
17.668404295651
17.672926435734
17.677824919124
17.682503866919
17.687308917923
17.692199885605
17.697128365813
17.701926300788
17.706785347985
17.711610971176
17.716200666734
17.720604647424
17.725321344512
17.729874881792
17.734448789561
17.738892592704
17.743300759368
17.747656513693
17.752018945665
17.756370360191
17.760716971046
17.765042563715
17.769390156250
17.773728404975
17.778080610952
17.782436389254
17.786779477944
17.791118553280
17.795457368961
17.799787809941
17.804130143571
17.808470545207
17.812777069172
17.817106181934
17.821383752779
17.825677170765
17.829921719194
17.834194283534
17.838432883643
17.842678352244
17.846907705836
17.851129857027
17.855353151587
17.859542973864
17.863755895223
17.867960734567
17.872166048337
17.876369817318
17.880572587947
17.884793263130
17.888994329577
17.893216622222
17.897440131463
17.901718900144
17.906041269949
17.910349040591
17.914687303595
17.919046692372
17.923244501601
17.928009506547
17.933530562175
17.935273432444
17.937196683955
17.939646795906
17.942102605801
17.944074955028
17.946368981354
17.948691358609
17.950913130527
17.952549506783
17.954259318917
17.955914510430
17.957606444089
17.959274680890
17.960986203109
17.963183507132
17.965048254900
17.968383100358
17.970244907054
17.971884635164
17.974377376613
17.976809904177
17.978851870276
17.981298072419
17.983026960370
17.984670743281
17.988434357474
17.992602361944
17.994291618245
17.996286033106
17.998574761138
18.000289183248
18.002468016097
18.006660963049
18.009356828024
18.011477005056
18.013691809392
18.015917790948
18.078705963459
18.082936865318
18.087285467900
18.091742281648
18.096204906606
18.100667001273
18.105134848009
18.109643642448
18.114153155571
18.118669988957
18.123212064362
18.127771409358
18.132321787962
18.136864524880
18.141409742621
18.145983250857
18.150500389150
18.155032719479
18.159583839553
18.164123366900
18.168683002573
18.173245848825
18.177787322523
18.182336809406
18.186855993827
18.191362878649
18.195893732063
18.200403313846
18.204889977291
18.209395082610
18.213868076550
18.218345442265
18.222825155395
18.227251667771
18.231713634468
18.236116187441
18.240588210417
18.244996494991
18.249387548425
18.253843781542
18.258356969007
18.262923787181
18.267553914410
18.272241804725
18.276869364949
18.281633990126
18.286211566989
18.290980640378
18.316706223135
18.319825966588
18.322494582649
18.325182214909
18.327875307635
18.330751516267
18.334991224787
18.338839191541
18.343039211754
18.347277840880
18.351818983625
18.356519302350
18.361281016314
18.366218843434
18.371269711349
18.376287212770
18.381292369916
18.386375982723
18.391455533123
18.396600384681
18.401770650634
18.406999769009
18.412190900512
18.417011614031
18.485223927249
18.489661964947
18.494684523874
18.499988387776
18.505453510291
18.511013739525
18.516602119686
18.522312696476
18.528047797309
18.533953362343
18.539844705824
18.546019514965
18.624892482832
18.627488906895
18.629177585944
18.631462492478
18.635679315614
18.637745802787
18.640169746692
18.642643088526
18.644530323615
18.646888230128
18.650486975454
18.655383923530
18.659913801791
18.664258476742
18.668438232322
18.672964052393
18.677528051053
18.682083511726
18.686595360869
18.691128800904
18.695662427478
18.700167401841
18.704651723036
18.709150149623
18.713620212712
18.718081099018
18.722536765141
18.726979115369
18.731408412094
18.735832726965
18.740259324624
18.744668919507
18.749080148313
18.753488722423
18.757913138935
18.762326302344
18.766746706516
18.771177564118
18.775606819571
18.780044420872
18.784480097897
18.788929954908
18.793380170977
18.797849945370
18.802318507133
18.806825544255
18.811353835422
18.815914826565
18.820537812430
18.825150881574
18.829858905519
18.834503888230
18.839178972598
18.843959737390
18.848670263816
18.853556595132
18.858313919534
18.863039444650
18.867655783897
18.872311085251
18.876924865284
18.881539496352
18.886069432546
18.890632105365
18.895219292637
18.899798720929
18.904402339110
18.909046580725
18.913680090172
18.918333570769
18.923005861510
18.927699968114
18.932393408880
18.937122672284
18.941865352566
18.946576132938
18.951317587600
18.956077702158
18.960833546249
18.965579452987
18.970331744312
18.975099315388
18.979839949970
18.984569069727
18.989339823947
18.994074771496
18.999166596023
19.003679930171
19.007806570100
19.011324756457
19.151434938609
19.155826967314
19.160707695415
19.165571457910
19.170446732204
19.175325113919
19.180204410896
19.185098047994
19.190009586581
19.194910509411
19.199820161799
19.204728963438
19.209645908625
19.214581183679
19.219501740874
19.224450049231
19.229382680732
19.234341774905
19.239315219477
19.244263492496
19.249228726315
19.254191050480
19.259177049476
19.264120002451
19.269109276238
19.274085416025
19.279096740115
19.284095033815
19.289085986161
19.294091113360
19.299120955512
19.304130637425
19.309127374047
19.314134623247
19.319110843940
19.324088029299
19.329059661560
19.334028767714
19.339001455831
19.343958167207
19.348912240923
19.353873770388
19.358792092438
19.363701118497
19.368680554766
19.374055226230
19.379224909650
19.384323391919
19.389394795666
19.394419592382
19.399401108400
19.929135350673
19.933730057982
19.939319639069
19.943749455627
19.948748322884
19.953945329158
19.958846058603
19.963697698789
19.968505179470
19.973494759697
19.978756743513
19.983634596516
19.988608573401
19.993422625227
19.998224771793

