Time_s
0.559764065172
0.564029505918
0.568420097658
0.572789269002
0.577112917361
0.581433603545
0.585777115485
0.590123075192
0.594420603919
0.598713013295
0.602961825716
0.607181950152
0.611372124357
0.615545074539
0.619694327067
0.623837211933
0.627976705685
0.632051841613
0.635993095563
0.639846544021
0.643657054080
0.647438930458
0.651202524470
0.654936399562
0.658637123142
0.662310799950
0.665965893659
0.669582836665
0.673185432244
0.676743324190
0.680272800454
0.683786449940
0.687289171131
0.690743691413
0.694184671564
0.697600421025
0.700988503615
0.704346058274
0.707674915681
0.710957534106
0.714181832990
0.717397117062
0.720567455038
0.723713319916
0.726821027808
0.729885073349
0.732929346892
0.735974651574
0.739017079029
0.742033831113
0.745181987447
0.748311010153
0.751440958727
0.754445092242
0.956845051640
0.960087164419
0.963227873765
0.966265876961
0.969716552545
0.973316536982
0.976951699546
0.980670716055
0.984496438784
0.988463652397
0.992503067644
0.996631703972
1.000805665870
1.005005248136
1.009267791747
1.013567096968
1.017876041269
1.022227615774
1.026579011317
1.030930710688
1.035275470081
1.039605794220
1.043918124551
1.048221232385
1.052507566679
1.056760427035
1.061005561716
1.065268567115
1.069523185748
1.073769024895
1.078041499284
1.082311306800
1.086589022515
1.090877742985
1.095160087224
1.099451182691
1.103846930081
1.108228393956
1.112520559596
1.116742464666
1.120917748930
1.125088580495
1.129260591279
1.133421570693
1.137586415525
1.141743298936
1.145880531746
1.150058255054
1.154222552498
1.158341385984
1.162463374379
1.166575819568
1.170657009050
1.174697398548
1.178679998889
1.182743733333
1.186809599302
1.190848018603
1.194860628861
1.198854317388
1.202832726726
1.206799176102
1.210787448837
1.214789929309
1.218730486590
1.222669640280
1.226709256214
1.721564501104
1.726535465927
1.730525050478
1.734588178483
1.738787812494
1.743009440891
1.747226825272
1.751542899202
1.755925986569
1.760326816501
1.764799998746
1.769393021824
1.774124848868
1.778944344126
1.783890177589
1.788835740079
1.793838706004
1.798881837161
1.803956920023
1.809063600940
1.814186376078
1.819300225119
1.824470038174
1.829642501006
1.834803981406
1.840007909849
1.845189455730
1.850414976208
1.860227558544
1.865431215451
1.870645545037
1.875773844790
1.880946799705
1.886132965067
1.891231405350
1.896386893007
1.901547244975
1.906686128567
1.911797188273
1.916889343456
1.921949359604
1.926780180395
1.931782390571
1.936491238693
1.941424291847
1.946341369226
1.951295997857
1.956234998647
1.961153293641
1.966058022516
1.970958150486
1.975821195051
1.980656931193
1.985462096438
1.990239846020
1.994945510947
1.999573794427
2.004136189335
2.008622475207
2.013017280359
2.017332099447
2.021535824769
2.025637770372
2.029641132002
2.033574614066
2.037488399326
2.041304501177
2.045044741833
2.048664293238
2.052267764308
2.055471182472
2.058560875785
2.061813311730
2.064701014602
2.067559898017
2.070349586840
2.073230919427
2.076077617108
2.078886454030
2.081730430934
2.084532688796
2.875648468189
2.880048705133
2.884590801799
2.889198429385
2.893793345954
2.898641755971
2.903694948579
2.909055656233
2.914440397700
2.919706825504
2.924683250311
2.929693759656
2.934645990584
2.939607521375
2.944605019053
2.949517931957
2.954432900631
2.959307430195
2.964102127862
2.968825776164
2.973484571123
2.978032929807
2.982537212835
2.987022625448
2.991485468148
2.995897121361
3.000263905419
3.004587225167
3.008864176791
3.013066306422
3.017191020669
3.021283490453
3.025300902346
3.029257577354
3.033182930264
3.037107455699
3.040930732077
3.044805820317
3.048635403465
3.052406419179
3.056199333587
3.060017198668
3.063866615506
3.067708053059
3.071787669801
3.076022646968
3.080173304323
3.084488351292
3.305393956353
3.308930028601
3.312545526871
3.316100875790
3.319546837681
3.323002155240
3.326483766504
3.330046988946
3.333711245149
3.337591726145
3.341654776453
3.345921998488
3.350384569621
3.354912565211
3.359524354811
3.364137959060
3.368806684121
3.373504586623
3.378224902866
3.382954923935
3.387681608186
3.392405404796
3.397139773641
3.401859053668
3.406567762427
3.411258634473
3.415945711055
3.420628347319
3.425312439802
3.429981461373
3.434640540154
3.439288536937
3.443933258482
3.448569697946
3.453207315000
3.457837335885
3.462470395026
3.467093909352
3.471712900746
3.476336032165
3.480952284558
3.485575404385
3.490214656286
3.494848299490
3.499471816067
3.504073939514
3.508672479775
3.513246416967
3.517816659279
3.522372088124
3.526893613043
3.531416303836
3.535986077009
3.540664542598
3.545701683006
3.550342377370
3.554903692361
3.559457531892
3.564043018770
3.688103879148
3.691666083198
3.695119903499
3.699268229881
3.703557109909
3.707970752929
3.712540418775
3.717366521039
3.722433723599
3.727631796968
3.732938434975
3.738291008339
3.743533246127
3.748926504724
3.754465828622
3.760107763267
3.765674414799
3.771194159893
3.777112270125
3.881089640224
3.886996430147
3.892301142339
3.897869992621
3.903468217499
3.908999175120
3.914484477719
3.919900369920
3.925210940872
3.930493408470
3.935730470082
3.940985551814
3.946180889152
3.951157995981
3.956303853856
3.961500158724
3.966668337615
3.971837862167
3.976992404024
3.982136331749
3.987265855912
3.992365583187
3.997422135563
4.002462218747
4.007486575524
4.012468481235
4.017385429537
4.022283284841
4.027148670837
4.031993264149
4.036801309326
4.041573959272
4.046282301460
4.050981163214
4.055669064290
4.060359003196
4.065024405565
4.069686123312
4.074332328799
4.079009898850
4.083703868726
4.088394760671
4.093131157327
4.097905631933
4.102548499626
4.107175097233
4.111810706219
4.116454230067
4.121097360014
4.125711592896
4.130314847892
4.134897745662
4.139479914195
4.144046374815
4.148615631826
4.153172507366
4.157732733614
4.162293911061
4.166865852037
4.171447993690
4.176035694117
4.180643122664
4.185265650684
4.189914316087
4.194587891764
4.199262737622
4.203971991210
4.208715314354
4.213518678060
4.218362590119
4.223317111811
4.228331565658
4.233537952816
4.300238879692
4.305446033543
4.311037278715
4.316576179865
4.322087796938
4.327519676147
4.332911099889
4.338269030643
4.343608883122
4.348819735084
4.353967333570
4.359081127302
4.364180356796
4.369255505695
4.374265322141
4.379303772451
4.384317395807
4.389359874118
4.394433691612
4.399537023899
4.404658627346
4.409764851692
4.414885387054
4.419981568014
4.425057811007
4.430084977511
4.435125143713
4.440114917214
4.445126949534
4.450134159381
4.455214815617
4.460418902086
4.757163008920
4.761637028667
4.766192237083
4.770882303493
4.775757485497
4.780870631447
4.786141870127
4.791471677116
4.796779510786
4.802068850422
4.807366451070
4.812657059912
4.817920259224
4.822904369141
4.828261454737
4.833546682504
4.838721681003
4.843854972185
4.849003662709
4.854113045250
4.859216935952
4.864303024390
4.869383785137
4.874445956317
4.879496858210
4.884510920612
4.889455038026
4.894388846626
4.899350797825
4.904324725389
4.909276748061
4.914204389523
4.919147964564
4.924046955783
4.928869504734
4.933640273101
4.938341749845
4.943024390810
4.947635195402
4.952180343064
4.956663579505
4.961082572188
4.965409299072
4.969696721531
4.974055417663
4.978408054004
4.983001846264
5.574241753454
5.579471008681
5.585473376239
5.591076524954
5.596496432660
5.602004084467
5.607435544338
5.612863824779
5.618294384335
5.623717216123
5.629088194901
5.634410408992
5.639722827040
5.645061239666
5.650370205098
5.655629978933
5.660828575293
5.666008898981
5.671194682734
5.676355806117
5.681487720076
5.686633433214
5.691785567565
5.696825393831
5.701864006790
5.706898093880
5.711923442456
5.716930819080
5.721920866717
5.726881113989
5.731822112503
5.736766100074
5.741679407207
5.746581608716
5.751459007134
5.756348748498
5.761233971893
5.766130765239
5.771035077996
5.775953690308
5.780460692387
5.784883486703
5.789742341037
5.794714303067
5.799673158499
5.804588987155
6.092405509146
6.096296031780
6.100619978864
6.105444977846
6.110299448283
6.115242669980
6.120230490518
6.125203173441
6.130199792240
6.135173235398
6.140168109662
6.145131974541
6.150105380645
6.155172268421
6.160211757363
6.165476667420
6.170676152085
6.175870598442
6.181013446733
6.186181227755
6.191352446048
6.196511739894
6.201678623235
6.206795855947
6.211923638021
6.217052801275
6.222173077141
6.227298637837
6.232419865042
6.237532981653
6.242633391878
6.247725502737
6.252810330391
6.257864669143
6.262907012484
6.267943147182
6.273002281303
6.278044827156
6.283089982209
6.288137070736
6.293194096803
6.298248544327
6.303336554597
6.308416618891
6.313509033224
6.318599586896
6.323728405660
6.328838998174
6.333940361490
6.339031693882
6.344119915961
6.349182733656
6.354240933501
6.359276193329
6.364308823686
6.369304450912
6.374289782056
6.379258798395
6.384206611329
6.389130272077
6.394043097149
6.398946609401
6.403806814801
6.408626802850
6.413429196399
6.418176777636
6.422921895758
6.427627236065
6.432302357276
6.436960500203
6.441581886078
6.446224228575
6.450871765888
6.455458815834
6.460110557358
6.464650286338
6.469110034386
6.473751416796
6.619963199917
6.625761754380
6.631547599010
6.637499652710
6.643524664555
6.649555090821
6.655712983977
6.661943672275
6.668348692257
6.674790312084
6.681159920755
6.687626190085
6.693901633078
6.700163686678
6.706435493158
6.712712000850
6.718815596164
6.724928484257
6.731110572772
6.737296369664
6.743770618401
6.749897296154
6.756042616388
6.762167026317
6.768324491764
6.774462802758
6.780595369809
6.786686546204
6.792717239253
6.798735128106
6.804727411889
6.810693015304
6.816672700037
6.822649709447
6.828639189545
6.834643161573
6.840668775546
6.846717103452
6.852792770290
6.858924148556
6.865133647946
6.871439049884
6.911437111978
6.916934452141
6.923126004814
6.929070247648
6.935034807295
6.941018018438
6.947022889624
6.953070907335
6.959125704349
6.965209244643
6.971320221027
6.977464808635
6.983645923715
6.989823368058
6.996023201007
7.002240879025
7.008469396460
7.014744580296
7.020990136334
7.027246174153
7.033484217840
7.039690239776
7.045841150689
7.051922391748
7.057841106739
7.063748773705
7.069817353249
7.075600624453
7.081466754170
7.087769300600
7.336870088297
7.341084816160
7.344741312743
7.348897765983
7.353521479380
7.358284976675
7.363101816395
7.367925600086
7.372754906290
7.377593288439
7.382452776046
7.387342279580
7.392267072484
7.397202724444
7.402167401536
7.407162624015
7.412135366594
7.417173592401
7.422252810746
7.427356386782
7.432480785604
7.437657179755
7.442903649245
7.448244405228
7.453669095578
7.459197553921
7.464709290041
7.470276350221
7.474103522275
7.476334639198
7.478324898179
7.480223912311
7.482331200068
7.484494767674
7.486442974483
7.488632440754
7.490764500081
7.492759702883
7.494616518170
7.498318571226
7.500197813522
7.502224573697
7.504283635222
7.506308944416
7.508258856199
7.510375112609
7.512465377050
7.514549647579
7.516950132222
7.525641976888
7.533544433676
7.541345631921
7.549231606337
7.557028313822
7.564914720229
7.572623607899
7.579924204266
8.758437450660
8.762301357794
8.766104402150
8.769896322550
8.774013177164
8.778216825079
8.782475042158
8.786820470500
8.791190631031
8.795560933464
8.799894580065
8.804180431363
8.808439491059
8.812684212641
8.816932664835
8.821191545507
8.825525713364
8.830033972662
8.834614705730
8.838992097949
8.843246113690
8.847585298506
8.851887944868
8.856206608875
9.146061570828
9.149077310648
9.152836124993
9.156792977731
9.160526770343
9.163899033750
9.167855026753
9.171910436490
9.176157620446
9.180483067806
9.184832511846
9.189255144237
9.193695914554
9.198225291598
9.202780647923
9.207408347646
9.212130983833
9.216893241326
9.221697564611
9.226591784545
9.231489106025
9.236455725839
9.241400196166
9.246419127422
9.251409403669
9.256512976225
9.261595752038
9.266677963208
9.271686157472
9.276731456669
9.281751223501
9.286729791202
9.291708570541
9.296669265700
9.301576162742
9.306464145249
9.311343816367
9.316188541579
9.321014127876
9.325807516103
9.330578551211
9.335309232477
9.339986523062
9.344637235116
9.349258027127
9.353834605959
9.358356251004
9.362849045337
9.367300134317
9.371683560165
9.375991018156
9.380244119189
9.384459958750
9.388635859957
9.392760795428
9.396836735771
9.400846834214
9.404811058470
9.408721231706
9.412563249169
9.416365086692
9.420101567907
9.423745350219
9.427354251990
9.430935636033
9.434460434573
9.437898233692
9.440746991908
9.443850051311
9.446927104592
9.450098904057
9.452974824963
9.455766760555
10.072385020804
10.076553509328
10.081520541786
10.086467555949
10.091558837686
10.096841736890
10.102686973688
10.108735394736
10.114587413789
10.120506373610
10.126459879022
10.132440020926
10.138456504060
10.144531145527
10.150659252635
10.156838410665
10.163062747141
10.169343684532
10.175637839242
10.181952390915
10.188267922447
10.194587211538
10.200936847217
10.207311637938
10.213646617613
10.219994989356
10.226363805434
10.232636965987
10.883541512928
10.887626072685
10.892490859198
10.897500060030
10.902564188822
10.907678142093
10.912844672473
10.918021959759
10.923212520773
10.928467419782
10.933756667318
10.939040483139
10.944279954342
10.949544373883
10.954849966021
10.960178497831
10.965489602202
10.970766613903
10.976000189111
10.981193538443
10.986375427060
10.991492228566
10.996573896746
11.001621168154
11.006626196825
11.011582795200
11.016518772278
11.021403421830
11.026248982364
11.031056604852
11.035811178383
11.040533531618
11.045214354201
11.049840672092
11.054428094301
11.058981993750
11.063500921669
11.067975367287
11.072464650325
11.076961143587
11.081410650831
11.085819226584
11.090196957349
11.094528147530
11.098820719113
11.103062565968
11.107222559542
11.111303325811
11.115263552640
11.119240070336
11.123090147021
11.126820560465
11.130737000101
11.134598619907
11.138320438426
11.142059363328
11.145843920567
11.149539589427
11.153235106459
11.156882020106
11.160505221390
11.164150400140
11.167860906814
11.171570430726
11.966436072080
11.977196134291
11.988405371254
11.999541560370
12.010737344000
12.016160861255
12.021581890472
12.026952621060
12.032306668150
12.037678126476
12.043029866293
12.048399399148
12.053761852648
12.059132516204
12.064509230830
12.069883187914
12.075256288952
12.080630714539
12.086003086513
12.091373564376
12.096742821487
12.102111424912
12.107485492003
12.112866084697
12.118248577231
12.123583563510
12.128901029239
12.133858953666
12.139051012999
12.144313949446
12.149647147089
12.154943205624
12.160262822922
12.165561946337
12.170841661893
12.176099113382
12.181319989983
12.186515537219
12.191712858401
12.196902420256
12.202069616853
12.207223953370
12.212335234616
12.217432839023
12.222541319560
12.227612882806
12.232661851920
12.237724123894
12.242819590658
12.247900017379
12.253006080826
12.258135255863
12.263278875289
12.268417989513
12.273538734369
12.278637494329
12.283661259659
12.288547174027
12.293442050365
12.298360463011
12.303345194807
12.308294968208
12.313324051386
12.318384636683
12.323467379413
12.328557389666
12.333625156398
12.338642043909
12.343586196334
12.348504502685
12.353345853396
12.358152131310
12.362928543208
12.367709683551
12.372477724974
12.377260142732
12.382091492330
12.525588051236
12.530268668006
12.534687533818
12.538443214821
12.542491359220
12.546838053307
12.551255295001
12.555687523994
12.560146413708
12.564615498247
12.569073822044
12.573532498986
12.577971562670
12.582374571371
12.586734093303
12.591044802434
12.595326098569
12.599570026455
12.603792141663
12.607978590083
12.612141670100
12.616286371948
12.620429030621
12.624569949503
12.628705472136
12.632835475548
12.636997158906
12.641177800606
12.645389722748
12.649641532910
12.653937004993
12.658306404586
12.662751366051
12.667323842064
12.672141637792
12.677067118111
12.682293288152
12.687808303412
12.693305740231
12.699145575160
12.705384853376
12.711711733303
12.718392778553
12.725423761745
12.732313841457
12.739557303203
14.647412339021
14.651280325088
14.654869397454
14.658899632097
14.663082810018
14.667346737955
14.671683463370
14.676126846116
14.680619196730
14.685176366243
14.689745221136
14.694303306161
14.698854191113
14.703392745552
14.707919962841
14.712403290805
14.716877430221
14.721327867688
14.725736659895
14.730133776059
14.734508405848
14.738858050455
14.743185671754
14.747499280623
14.751783341046
14.756036075611
14.760280244012
14.764496744497
14.768708684294
14.772902673260
14.777087268246
14.781255305062
14.785420386793
14.789555919399
14.793676218176
14.797773362895
14.801855154537
14.805925765129
14.809976504563
14.814017358163
14.818043956102
14.822044172844
14.826031152274
14.830002558076
14.833960196499
14.837895233586
14.841821910143
14.845723466297
14.849606263095
14.853472205446
14.857313692379
14.861140671141
14.864947999985
14.868714851239
14.872466855872
14.876210443585
14.879927681077
14.883618975544
14.887267393619
14.890885943266
14.894491985229
14.898078754986
14.901645326684
14.905175389568
14.908695916074
14.912204611077
14.915709668225
14.919244263919
14.922771643802
14.926295031035
14.929859697105
14.933442046047
14.936867304071
14.940263886278
14.943769135897
15.517261090142
15.520867015009
15.525261548265
15.529595162448
15.533988699340
15.538449062618
15.542904822266
15.547369610365
15.551828426712
15.556274665352
15.560711219611
15.565120911131
15.569509141722
15.573869322514
15.578220238604
15.582542647515
15.586946942975
15.591358929639
15.595743922249
15.600079654624
15.604367956979
15.608614179364
15.612836955137
15.617029724301
15.621194449566
15.625327868802
15.629436786306
15.633522122443
15.637589896649
15.641655157472
15.645684056617
15.649705580011
15.653710427913
15.657703234660
15.661679500522
15.665632845892
15.669548878700
15.673434674145
15.677318886774
15.681168523419
15.684999688688
15.688807679125
15.692593430637
15.696364444775
15.700113149046
15.703846895403
15.707573428047
15.711276083784
15.714978312444
15.718646961936
15.722307921033
15.725926599934
15.729518330951
15.733109110984
15.736695338685
15.740198307881
15.743714360981
15.747216471875
15.750744314785
15.754278001137
15.757813432123
15.761389461379
15.764960046136
15.768510189208
15.772096348709
15.775607054067
15.779011781979
15.782541045604
15.785993845602
15.789471503457
15.792960843477
15.796430258176
15.799945340155
15.803467434018
15.806994374240
15.810541229137
15.814088872238
15.817617496421
15.821179357729
15.824708772797
15.828258325348
15.831807303163
15.835367808121
15.838936788931
15.842524584282
15.846115068037
15.849702218717
15.853293642256
15.856910050508
15.860560182022
15.864210713932
15.867835513704
15.871503819635
15.875191443034
16.878563906417
16.882596148376
16.887237257526
16.892066381520
16.897193451074
16.902493265056
16.907848224830
16.913219209842
16.918619114078
16.924113066716
16.929658426215
16.935242375548
16.940792359916
16.946373009099
16.951914381397
16.957456858863
16.962932974688
16.968365064941
16.973749206156
16.979059231656
16.984346821443
16.989590955410
16.994813008991
17.000021255767
17.005189413065
17.010380124402
17.015567065249
17.020650815961
17.025776481907
17.030899551364
17.036000606997
17.041074275965
17.045638447397
17.050085266219
17.055125691242
17.060020951534
17.064949959874
17.069880686616
17.074793965261
17.079697681013
17.084562297667
17.089426060633
17.094281003888
17.099144630151
17.103979559016
17.108802958272
17.113612999061
17.118423649617
17.123206882999
17.127955319262
17.132659938251
17.137333216569
17.141983886945
17.146605206514
17.151201233277
17.155764799286
17.160306696692
17.164816347731
17.169280193893
17.173697721870
17.178095895658
17.182435544275
17.186771794446
17.191064369547
17.195317317314
17.199529696821
17.203699446364
17.207818683732
17.211913347476
17.215990097115
17.220040481415
17.224061811708
17.228051117131
17.231999702270
17.235937825567
17.239858864991
17.243774554398
17.247632461210
17.251436171020
17.255210693091
17.258990996489
17.262735844318
17.266541945866
17.270414761117
17.274323462249
17.278170060895
17.282029415064
18.035371888783
18.040589693050
18.045639434931
18.050996575841
18.056340013391
18.061671830111
18.067034035643
18.072391755142
18.077583495640
18.082643363419
18.087720721571
18.092835949940
18.097984755331
18.103125114681
18.108276410012
18.113487763213
18.118731408881
18.124007783827
18.129309284488
18.134655593612
18.140050889200
18.145472440026
18.150963185065
18.156483098770
18.162084622640
18.167671862632
18.173280013460
18.179006932487
18.184780881545
18.191127413024
18.197333812365
18.203537745310
18.360008432332
18.365521035257
18.371065795243
18.376526599610
18.382025834218
18.387023398438
18.392003510928
18.397032303963
18.401961819627
18.406818119597
18.411629962228
18.416438400035
18.421223155187
18.426005871502
18.430778268701
18.435518214518
18.440266808034
18.444985050379
18.449687202073
18.454377144772
18.459045272986
18.463689253711
18.468348422322
18.472983124999
18.477615311025
18.482232031106
18.486850173838
18.491481345914
18.496042170164
18.500449749653
18.504984623934
18.509391021813
18.513742612530
18.518100767061
18.522426584216
18.526726188128
18.531031629956
18.535338209769
18.539594222761
18.543857609961
18.548126489071
18.552368192696
18.556560436663
18.560767321144
18.564955042213
18.569145284636
18.573304815572
18.577448419198
18.581574115778
18.585712337710
18.589849998658
18.593970459421
18.598083479459
18.602179737814
18.606273429864
18.610347201001
18.614383921085
18.618429870832
18.622440178693
18.626447892129
18.630428323508
18.634398176192
18.638342634473
18.642290132065
18.646209549536
18.650119188708
18.654018410075
18.657917834036
18.661806722383
18.665672066844
18.669525616046
18.673370909437
18.677196749335
18.680979672760
18.684739887255
18.688504876800
18.692258797083
18.695997009628
18.699723380018
18.703434549818
18.707141181052
18.710839127334
18.714523166915
18.718195134400
18.721791678396
18.725408317166
18.729008370105
18.732533663225
18.736102273899
18.739659801553
18.743122128360
18.746496828914
18.749965327175
18.753416750726
18.756824962936
19.124713793216
19.128156675042
19.131621134394
19.135574793197
19.139613344387
19.143643075014
19.147702923494
19.151787088465
19.155882730385
19.159996911225
19.164114708089
19.168245245180
19.172376647811
19.176519755578
19.180669317343
19.184844542581
19.189038942443
19.193266678045
19.197518665922
19.201790780892
19.206101632099
19.210462089333
19.214860273247
19.219305590080
19.223819606506
19.228419057105
19.233049041811
19.237769380790
19.242614741503
19.247546509455
19.252509896298
19.257494672225
19.262940461273
19.268241413065
19.273741638314
19.279986843187
19.287124765055
19.294476302218
19.302517468678
19.311333616424
19.320340652477
19.328855677650
19.336742260106
19.344213317384

