Time_s
0.694656041149
0.698107256219
0.701624977128
0.704901153176
0.708168255735
0.711378034015
0.714572357560
0.717759668843
0.720904027314
0.724029338420
0.727149876842
0.730266897162
0.733386886863
0.736499368730
0.739635995842
0.742784356513
0.745961891128
0.749141573418
0.752316122082
0.755565390798
0.758602281711
0.761568233240
0.764553548507
0.767494953848
0.770385193876
0.773329748514
0.776282357468
0.779186982523
0.782059050419
0.784985520151
0.787882982580
0.790778017588
0.793647198236
0.796522583516
0.799398426938
0.802260281407
0.805100993215
0.807940510736
0.810761214631
0.813567685262
0.816380225464
0.819153615053
0.821931401352
0.824684334404
0.827432240103
0.830172537762
0.832894791441
0.835609380242
0.838335450906
0.841032303594
0.843726384467
0.846402563569
0.849091516290
0.851713855887
0.854338472461
0.856980937894
0.859599532277
0.862207787569
0.864812072020
0.867411560782
0.869994269202
0.872581651780
0.875150472395
0.877701736908
0.880256042091
0.882801426343
0.885344145164
0.887892628986
0.890418845213
0.892940871762
0.895453904197
0.897989632749
0.900504486032
0.903013918539
0.905527707392
0.908017893114
0.910508742957
0.913003831665
0.915488159452
0.917980993771
0.920456589753
0.922943550873
0.925427064883
0.927918164850
0.930404674142
0.932894012101
0.935378257569
0.937871302483
0.940369417554
0.942872862391
0.945364299200
0.947860556387
0.950361248269
0.952873229997
0.955379699597
0.957865593338
0.960361386975
0.962833613203
0.965325589940
0.967799917999
0.970222845742
0.972623882211
0.975068954690
0.977596426979
0.979977987012
0.982590058486
0.984950777840
0.987505423752
0.990118640516
0.992727919005
0.995369492729
0.997892488735
1.000433920147
1.002970088738
1.005598399501
1.008226418995
1.011217930632
1.013327686953
1.015437430601
1.017613585609
1.020060407911
1.022599462644
1.024668571767
1.026777786715
1.029114855042
1.031858611138
1.033876602106
1.036121797320
1.037935159836
1.040065554319
1.042198730091
1.166645899645
1.170895437730
1.174414448003
1.177991861473
1.181662833695
1.185245507023
1.188750618713
1.192296005802
1.195796566949
1.199232822293
1.202668034000
1.206067388911
1.209476377074
1.212839480617
1.216190540494
1.219521633651
1.222840733971
1.226159661798
1.229481938312
1.232805044773
1.236134162342
1.239457695852
1.242797284971
1.246123546682
1.249467286628
1.252814897204
1.256160056115
1.259517419141
1.262859590098
1.266205091297
1.269551871267
1.272894331135
1.276231703482
1.279577790801
1.282924866414
1.286274081984
1.289625285245
1.292975309881
1.296326880992
1.299687569560
1.303053389882
1.306417924253
1.309785225454
1.313149546826
1.316529453334
1.319903877674
1.323284197889
1.326664567657
1.330036819508
1.333406947495
1.336774020218
1.340110628220
1.343458099460
1.346791136141
1.350106842730
1.353416755544
1.356709691598
1.359977158673
1.363224596763
1.366462056299
1.369672386262
1.372874234408
1.376044481406
1.379238396788
1.382449729488
1.385669855273
1.388899690055
1.392130718690
1.395408331867
1.398760994192
1.402233956761
1.405606212110
1.409155459119
1.412567864302
1.415832910294
1.636962936086
1.640169255440
1.643328582921
1.647027830555
1.650208203109
1.653329325110
1.656553752869
1.659796154701
1.663058326516
1.666336398112
1.669618247005
1.672929633437
1.676288781578
1.679662344044
1.683056532331
1.686471580228
1.689892447408
1.693322296548
1.696766889755
1.700216058341
1.703681569863
1.707166859804
1.710652781532
1.714156921457
1.717688194540
1.721231593306
1.724806165615
1.728400700112
1.732019793328
1.735672170027
1.739336684343
1.743027398598
1.746751989686
1.750500794764
1.754294863409
1.758138112812
1.762018664899
1.765961993658
1.769958247491
1.773964452135
1.778038365301
1.782159904878
1.786335599338
1.790536063615
1.794794790419
1.799129613790
1.803566625944
1.808015191831
1.812554339167
1.817180784120
1.821867774728
1.826644681114
1.831438297791
1.836340729202
1.841227338849
1.846178709299
1.851091651672
1.855982983103
1.860843402624
1.865657712488
1.870439735632
1.875221558320
1.879999002704
1.884697503728
1.893805773692
1.902474350493
1.911353475426
1.920191104537
1.928958791746
1.941953257904
1.955008579278
1.967586492231
1.980185066101
1.992730604242
2.005098117711
2.017616804181
2.021684357503
2.026053043810
2.030358518002
2.034501025266
2.038595281134
2.043107432607
2.047689309475
2.052466179061
2.688155157210
2.692073457029
2.695826052536
2.699570600412
2.703301939180
2.706984235376
2.710670457529
2.714351761462
2.718007994363
2.721660626982
2.725266954106
2.728836687733
2.732326514894
2.735785238411
2.739212278024
2.742595031164
2.745946293068
2.749231895179
2.752493614036
2.755699886941
2.758879996978
2.761997725680
2.765108325592
2.768157315757
2.771140653857
2.774117364104
2.777033954062
2.779924456077
2.782761886933
2.785591280755
2.788393845244
2.791197509979
2.794012885276
2.796792366336
2.799639674009
2.802500034912
2.805426738864
2.808351323812
2.811208100029
2.814154875232
2.975758202946
2.979088310330
2.982277157427
2.985468368772
2.988586272575
2.991682256120
2.994780991991
2.997884815798
3.001005919762
3.004138703127
3.007273964337
3.010454819770
3.013697860590
3.017008453741
3.020418102947
3.023890474930
3.027456740918
3.031090885232
3.034837214108
3.038681911788
3.042592394948
3.046560271745
3.050626110855
3.054741933173
3.058849828975
3.062859516163
3.066868840434
3.070984069549
3.075117415572
3.079041238891
3.083137680051
3.087244670552
3.091921506775
3.096072796956
3.100122851574
3.104205922624
3.108097233200
3.111931549927
3.168444323588
3.172512359454
3.176056952978
3.179618897505
3.183301400666
3.187022484607
3.190745631369
3.194508500406
3.198284039481
3.202123761092
3.206064082371
3.210110632360
3.214318904185
3.218757404282
3.223182696511
3.227657948577
3.232262839196
3.236741645918
3.241592296768
3.246342400986
3.251025282834
3.255812372188
3.298674337289
3.302847798660
3.306430468484
3.310182387831
3.313976715859
3.317694377575
3.321377974957
3.325077114190
3.328785040122
3.332489604118
3.336178113179
3.339856114914
3.343533769102
3.347219418234
3.350903330036
3.354580956664
3.358285960375
3.361994300299
3.365700204758
3.369391624953
3.373090216861
3.376778295037
3.380459032151
3.384147060495
3.387841339610
3.391542530695
3.395245185942
3.398936737433
3.402645292095
3.406323008038
3.409996172231
3.413675277129
3.417362759281
3.421037465089
3.424698223061
3.428360535092
3.432004612465
3.435648999868
3.439270557786
3.442893461241
3.446492151266
3.450093284040
3.453686027760
3.457296422557
3.460888914156
3.464453958633
3.468014892287
3.471604964831
3.475173838898
3.478751371567
3.482361919945
3.485969570420
3.489644676583
3.493305582212
3.496945601978
3.500570784994
3.504197537454
3.507835461097
3.511451283576
3.515073841149
3.518745946796
3.522393069214
3.526014111490
3.529648529389
3.533294325692
3.536944073000
3.540595867496
3.544247602103
3.547903176913
3.551561957020
3.555219150938
3.558881001905
3.562541389499
3.566201502450
3.569857564103
3.573527016270
3.577189638580
3.580854170424
3.584527033938
3.588195558109
3.591858949398
3.595537612882
3.599268429811
3.602964780231
3.606642692261
3.610332906275
3.614046432116
3.617803937375
3.621609076253
3.625449269014
3.629374258215
3.633378860680
3.637406623008
3.641272965384
3.644995129570
3.648507732447
3.651755493479
3.655377821816
3.658938877154
3.662606955594
3.755459656752
3.759078322895
3.762814505480
3.766634431931
3.770717366581
3.775031684825
3.779350721824
3.783660977500
3.787980705067
3.792390112413
3.796879316784
3.801347295753
3.805852326113
3.846241979747
3.850397240105
3.853629500206
3.856889755637
3.860436439101
3.864002395903
3.867562784411
3.871134870106
3.874694043597
3.878226034843
3.881760653838
3.885260176941
3.888762306608
3.892260462509
3.895730349539
3.899169107235
3.902603187014
3.905993412908
3.909354817393
3.912686521938
3.915991736601
3.919253211638
3.922503188496
3.925704362142
3.928873976372
3.932018601796
3.935152080380
3.938214388425
3.941264356295
3.944274531964
3.947286299227
3.950233584056
3.953161003429
3.956046252809
3.958917244302
3.961772768764
3.964611617772
3.967425455629
3.970212432178
3.972983768420
3.975738149875
3.978475169121
3.981175194560
3.983835687425
3.986519493250
3.989206466954
3.991897515340
3.994565984198
3.997200156312
3.999815070277
4.002439336692
4.005041659891
4.007641710318
4.010211901454
4.012766330356
4.015339546503
4.017899046087
4.020445980100
4.022880099742
4.025347557014
4.027885805383
4.030432253069
4.032945809626
4.035469437108
4.038000054649
4.040517972249
4.043025906588
4.045556685733
4.048097546229
4.050636525427
4.053198647053
4.055754675650
4.058232044573
4.060639261452
4.063119042058
4.065654570426
4.067761043384
4.070134805928
4.072745190741
4.075281480788
4.077781769154
4.080366086718
4.082941159486
4.085511225129
4.088078756239
4.090457361784
4.093019851589
4.279602605467
4.282780143324
4.285693263063
4.288883294279
4.292345187285
4.295817064961
4.299293326552
4.302845291436
4.306425408367
4.310004716125
4.313576312950
4.317146116860
4.320716805041
4.324316536403
4.327921210554
4.331529179410
4.335138518749
4.338754413532
4.342370513903
4.345999726349
4.349635012512
4.353281268480
4.356937609516
4.360592496903
4.364265064288
4.367930022496
4.371593334032
4.375248539754
4.378905368157
4.382558081252
4.386221539756
4.389896021821
4.393569927250
4.397251752732
4.400937832297
4.404647655044
4.408379539025
4.412097108239
4.415799894505
4.419504578689
4.423216615446
4.426922373735
4.430617140759
4.434307236712
4.437980914003
4.441668784259
4.445371652378
4.449048782530
4.452715585431
4.456393947500
4.460069543312
4.463746601668
4.467396195392
4.471058196111
4.474726601833
4.478395330968
4.482081151528
4.485779113279
4.489506243447
4.493263814812
4.497030071019
4.500863892193
4.504781279178
4.508815622958
4.512794921434
4.578005179357
4.582207324811
4.586273757448
4.590347124442
4.594716296647
4.599153701496
4.603590515222
4.608031940943
4.612464720449
4.616928608336
4.621499442562
4.626046949792
4.630505794096
4.634933948254
4.639450486266
4.644012088894
4.648638883043
4.653256372212
4.657858846477
4.662457275788
4.667046702643
4.671650852589
4.676294728779
4.680983188361
4.685707544940
4.690723312367
4.695551723555
4.700141456810
4.704732783498
4.818598275505
4.823202411821
4.827747269110
4.832175474437
4.836354731310
4.840574106401
4.844891744241
4.849225504207
4.853558991470
4.857928376178
4.862326385774
4.866770179066
4.871142353784
4.875616471471
4.880040872155
4.884470495848
4.888896249667
4.893312350892
4.897742533243
4.902150574159
4.906549164463
4.910937494119
4.915325003983
4.919693232012
4.924072209156
4.928442725924
4.932806926121
4.937168355611
4.941534246411
4.945885144328
4.950314318304
4.954536408196
4.959017158120
4.963314046219
4.967637043686
4.971957090375
4.976277552273
4.980606912549
4.984924864731
4.989246110819
4.993592932731
4.997980206640
5.002386622032
5.006773622893
5.011104986278
5.015504015805
5.019887647508
5.024240248054
5.028578512127
5.032864575340
5.037258975941
5.041637157066
5.088547597144
5.092897943107
5.096644906743
5.100359591127
5.104009326429
5.107662187693
5.111309033683
5.114955548192
5.118618735869
5.122284594037
5.125965740778
5.129670287964
5.133378521147
5.137095572711
5.140821736963
5.144557528219
5.148295448188
5.152052000252
5.155915052386
5.159682567228
5.163480674713
5.167269577960
5.171048422658
5.174809606927
5.178582555394
5.182379588691
5.186173725024
5.189971462764
5.193778787953
5.197576348974
5.201402701481
5.205243737815
5.209104420901
5.212974739073
5.216793267477
5.220656236273
5.224603553765
5.228645327417
5.232784783355
5.237015227819
5.241246970057
5.245527054253
5.249696658357
5.253691015774
5.257337132790
5.261133168432
5.264848145206
5.268539828599
5.272247579017
5.275941371143
5.279628377511
5.283279291385
5.286919410090
5.290533541452
5.294133427080
5.297691950209
5.301223402448
5.304744819939
5.308231095898
5.311725689515
5.315241580972
5.318839662110
5.322584514929
5.326435433355
5.330290316219
5.333880157676
5.526625701371
5.530216872294
5.533573608311
5.536417553571
5.539155170410
5.542317745762
5.545425295082
5.548545389303
5.551712367827
5.554903554473
5.558107315622
5.561335573466
5.564585156291
5.567850000902
5.571134085950
5.574451230433
5.577808359753
5.581162917602
5.584539430323
5.587954624516
5.591377269174
5.594822575353
5.598293842740
5.601765730051
5.605249854768
5.608739845206
5.612231753761
5.615739539723
5.619318638003
5.622910490924
5.626494914297
5.630126251468
5.633778882999
5.637436423630
5.641123574864
5.644832691370
5.648597139406
5.652433696355
5.656273694383
5.660168388464
5.664125749399
5.668089959945
5.672129221923
5.676254687215
5.680445838765
5.684638159783
5.688902278398
5.693272141927
5.697681828505
5.702087487084
5.706547400976
5.711055864627
5.715571743415
5.720135920153
5.724746936448
5.729323576453
5.733888158311
5.738534549212
5.747695818214
5.756783310866
5.765631400988
5.774385178831
5.782946580122
5.791309328834
5.799594042775
5.807836842683
5.819468234323
5.835617608562
5.844535051838
5.853446194329
5.862364148568
5.866873361508
5.871472473870
5.875379036850
5.879665051357
5.883586574507
5.887844615761
5.892117376597
5.896415441350
5.901037185835
6.836719651629
6.839715395821
6.842607005896
6.846152590260
6.849411222780
6.852752774860
6.856088034177
6.859380733224
6.862713276453
6.866038281902
6.869337351273
6.872637572389
6.875873694065
6.879095750737
6.882267293819
6.885423374859
6.888560583934
6.891677745393
6.894767990270
6.897841022602
6.900842847661
6.903808318787
6.906921941994
6.910242833412
6.913506373925
6.916668376279
6.919985275549
6.923152142227
7.198170159942
7.205856590434
7.212657624302
7.266104433834
7.268875572704
7.271345450315
7.273589596010
7.276056295308
7.278738917803
7.281397475456
7.284060972062
7.286743179002
7.289413081478
7.292125250877
7.294911081149
7.297678737939
7.300439423815
7.303191620267
7.305961635637
7.308742683157
7.311557308961
7.314369318531
7.317193303609
7.320039538713
7.322891424956
7.325751228926
7.328641198152
7.331545347668
7.334449819496
7.337348477394
7.340259107126
7.343191176599
7.346133781341
7.349090301180
7.352041775364
7.354985199022
7.357947085903
7.360941195884
7.363950946016
7.366980963795
7.369992495279
7.372981430506
7.375980562227
7.379011495667
7.382055848931
7.385102822355
7.388153786826
7.391207292824
7.394277630402
7.397300849959
7.400328111203
7.403355428773
7.406417277777
7.409456421005
7.412523689890
7.415574861685
7.418620553454
7.421653343467
7.424701759496
7.427741386113
7.430782180709
7.433818398794
7.436851779041
7.439852671937
7.442866955847
7.445901693426
7.448956313703
7.451973684916
7.454986818406
7.458005077526
7.461022041635
7.464037821588
7.467031706094
7.470037805250
7.472995044575
7.475945759750
7.478871613909
7.481786655602
7.484719351465
7.487603535077
7.490488210746
7.493374444498
7.496260766057
7.499127408641
7.501980328299
7.504823849271
7.507659318321
7.510492717369
7.513326236546
7.516113305860
7.518913606704
7.521703677761
7.524474108894
7.527275538006
7.530054633287
7.532850013519
7.535627878152
7.538415791191
7.541201099511
7.543996076177
7.546778273074
7.549574197209
7.552356046205
7.555142405179
7.557905254387
7.560700915436
7.563512998405
7.566356994237
7.569190219429
7.572032926081
7.574927427374
7.577859106818
7.580815208288
7.583818039849
7.586815495410
7.589794910411
7.592656927060
7.595544235210
7.598554792450
7.601580323328
7.604755395992
7.607799268482
7.610979967489
7.614176306889
7.655798939192
7.659226266289
7.662618905019
7.666056371933
7.669897885738
7.674030265982
7.678225354060
7.682426455186
7.686594952396
7.690762611412
7.694889311450
7.699039555719
7.703242381055
7.707502571331
7.711792143370
7.716092198701
7.720379271128
7.724683195362
7.728956041384
7.733247704028
7.737560096911
7.741870456281
7.746201011295
7.750559265751
7.754937678828
7.759388441535
7.763810730918
7.769051284819
7.773337680532
7.777611186930
7.781892783124
7.786209376236
7.790497963871
7.794798551429
7.799109280934
7.803458181205
7.807789274136
7.812167154459
7.816477215404
7.946137054387
7.949691174773
7.952810527059
7.955875434709
7.959224736391
7.962456533192
7.965765263828
7.969083809296
7.972426779350
7.975804393709
7.979201364383
7.982627254790
7.986090491853
7.989546288338
7.992992794336
7.996427425637
7.999872458038
8.003322509656
8.006768528117
8.010175660736
8.013555695703
8.016919271992
8.020261332671
8.023584992831
8.026882024279
8.030158383890
8.033407276723
8.036619781198
8.039811783160
8.042980655785
8.046128551975
8.049243315871
8.052354165679
8.055424957313
8.058471945891
8.061516943596
8.064545870202
8.067567005465
8.070605929229
8.073640300872
8.076691677246
8.079756141948
8.082839189350
8.085924874510
8.089060212748
8.092210172349
8.095314941177
8.098421276016
8.101534694394
8.104921714101
8.108406728048
8.111729699908
8.317016907361
8.320511248453
8.323026607335
8.326653602160
8.329632416873
8.332757157840
8.335935430554
8.339088006518
8.342307792586
8.345550033223
8.348747038158
8.351952210586
8.355165922219
8.358283976253
8.361424844060
8.364563121314
8.367704349259
8.370839684229
8.373975508251
8.377111079246
8.380252384959
8.383392935838
8.386525241060
8.389651181954
8.392773112357
8.395894359406
8.399007323366
8.402116474473
8.405217604943
8.408300244095
8.411387055371
8.414474613947
8.417540969954
8.420595804694
8.423643446743
8.426673243796
8.429710325317
8.432735118408
8.435769743135
8.438774754228
8.441773266395
8.444772794009
8.447769211857
8.450748230034
8.453740573483
8.456712611719
8.459688524531
8.462660846845
8.465619819745
8.468584895870
8.471524581786
8.474466309495
8.477375151325
8.480288217929
8.483173245431
8.486036276025
8.488913073223
8.491748878302
8.494613563034
8.497431025994
8.500262617355
8.503042281938
8.505817732300
8.508623154037
8.511368477641
8.514243524357
8.516946292838
8.519710290094
8.522419732398
8.525233995255
8.527994133276
8.530782376139
8.533478416573
8.536177109271
8.538913518921
8.541698830738
8.547538498686
8.550396129837
8.553245108513
8.556069868685
8.558864687123
8.561648331520
8.564440632950
8.647344950668
8.650999738891
8.654396464122
8.657690661462
8.660902439886
8.664134865036
8.667447063669
8.670823007812
8.674199060824
8.677572547979
8.680991434221
8.684450922316
8.687954501257
8.691491969250
8.695068308754
8.698688721168
8.702329803003
8.706003708050
8.709701919351
8.713434442148
8.717203699987
8.720999531814
8.724828103106
8.728699314069
8.732593488812
8.736520965043
8.740480155685
8.744486530405
8.748520318788
8.752605756038
8.756719275295
8.760891094674
8.765105164500
8.769354000364
8.773661876815
8.778012231077
8.782396676176
8.786809630433
8.791239503358
8.795680775599
8.800120429510
8.804569886605
8.809030832776
8.813501799095
8.817977351300
8.822482581759
8.827034369645
8.831576804962
8.836128832947
8.840673743693
8.845180121548
8.849684488653
8.854188587972
8.858681235985
8.863177718604
8.867632740297
8.872070946491
8.876494496308
8.880867466449
8.885209596046
8.889524811128
8.893840092087
8.898049116622
8.902204573185
8.906338538869
8.910444457664
8.914544113509
8.918554001853
8.922541228024
8.926517471428
8.930495744600
8.934428615667
8.938373266996
8.942350291544
8.946316542438
8.950309944488
8.954301055174
8.958300173052
8.962266723980
8.966227761131
8.970087429250
8.973925583000
8.977731273918
9.946683093660
9.949959732974
9.952946251507
9.956614757888
9.960218504456
9.963849898571
9.967504431512
9.971158367427
9.974815438235
9.978479086045
9.982148508734
9.985825398645
9.989513558232
9.993205465844
9.996896511006
10.000583665223
10.004276653212
10.007961916583
10.011652789301
10.015339290608
10.019040638049
10.022737077084
10.026434555660
10.030125050388
10.033815269267
10.037502231332
10.041184046678
10.044864279203
10.048534763025
10.052213489717
10.055891991534
10.059572009747
10.063261849826
10.066945207955
10.070624379327
10.074292829014
10.077961992307
10.081620287990
10.085267582082
10.088906810231
10.092532752272
10.096152989608
10.099762293668
10.103374144376
10.106982399547
10.110605103613
10.114220722078
10.117844046538
10.121455076165
10.125101546886
10.128737503617
10.132366227834
10.136010998203
10.139649588031
10.143297849044
10.146949668124
10.150604142920
10.154283110242
10.157948438844
10.161594721510
10.165225209310
10.168853682134
10.172488952692
10.176101488442
10.179720457486
10.183340746461
10.187014117365
10.190695388424
10.194346504567
10.197996658891
10.201649193705
10.205297632947
10.208962203813
10.212606958315
10.216240730083
10.219893940276
10.223558506523
10.227218667093
10.230869978633
10.234523908469
10.238183325237
10.366044441237
10.369018230277
10.371813000091
10.374750209354
10.377734568714
10.380617340089
10.383531996376
10.386442735651
10.389340807906
10.392224688972
10.395097963339
10.397951145647
10.400792137472
10.403614878348
10.406389030162
10.409145149385
10.411899400507
10.414585806252
10.417270909358
10.419940115351
10.422557780034
10.425167005442
10.427732065753
10.430341019387
10.432867131271
10.435414758619
10.437902252948
10.440419592983
10.442906940549
10.445353652515
10.447838452907
10.450401553756
10.453006965708
10.455573335186
10.458029250109
10.460621888866
10.463346732917
10.466152744260
10.471751345156
10.474269118334
10.476725756143
10.479283939897
10.481836108745
10.484343839192
10.486873252292
10.489450218539
10.492071245783
10.494626218839
10.497117008037
10.704460928027
10.706164596459
10.708183621164
10.710857855888
10.713530108287
10.715659796441
10.717676507928
10.719382391805
10.721288553953
10.723305786575
10.735407703765
10.738896913014
10.742229550611
10.745429367404
10.748529875579
10.751707953524
10.754905857590
10.758123242020
10.761354603264
10.764587469449
10.767820652318
10.771063778707
10.774284950873
10.777516735199
10.780736967046
10.783951815429
10.787173846642
10.790379321357
10.793586119153
10.796790135714
10.799997941050
10.803204480472
10.806419036258
10.809595208317
10.812785732668
10.815975445745
10.819177373522
10.822376403561
10.825580199989
10.828785457826
10.831995673573
10.835206092175
10.838402464976
10.841602713049
10.844801637674
10.848018423583
10.851223796566
10.854435470929
10.857654711958
10.860878259442
10.864103688409
10.867333932045
10.870567367455
10.873809694241
10.877048843583
10.880290089552
10.883545279332
10.886793947525
10.890063455380
10.893331011979
10.896616691449
10.899917209880
10.903223771002
10.906550263797
10.909883890916
10.913237806038
10.916614288384
10.919996760473
10.923406221017
10.926844460061
10.930305133123
10.933810335393
10.937328677371
10.940894910217
10.944460922341
10.948069336300
10.951716147448
10.955389977309
10.959115617146
10.962856011572
10.966622022987
10.970416305916
10.974229326194
10.978053845823
10.981899099600
10.985763246678
10.989639019912
10.993538699704
10.997463300765
11.001412182155
11.005361688703
11.009321480484
11.013307664205
11.017296768454
11.021287926243
11.025286801992
11.029295842817
11.033319243645
11.037341872589
11.041360089337
11.045384313594
11.049415500124
11.053445298464
11.057484347020
11.061515462199
11.065554463144
11.069584242779
11.073619677553
11.077645905356
11.081661406954
11.085670028016
11.089678101580
11.093685988982
11.097707918352
11.101738600527
11.105793407345
11.110688583905
11.114748831680
11.118809366111
11.122912408570
11.127041664039
11.131186477013
11.135367675044
11.139548275524
11.143657615468
11.147849708940
11.152254356144
11.156671446348
11.161012561420
11.165238062822
11.169371427214
11.173523876538
11.335952667858
11.340220596836
11.344269948005
11.348561084270
11.352916788719
11.357362378786
11.361788179550
11.366186729498
11.370701087815
11.375261033418
11.379896135682
11.384688935001
11.389719885620
11.394143956599
11.398546238502
11.402828507736
11.407128766791
11.411504749886
11.415830315127
11.442173670254
11.446685180892
11.451191486462
11.455704321944
11.460252498245
11.464741800895
11.469278006748
11.473778309495
11.478288310346
11.482828452196
11.487422277426
11.492031063152
11.496664599545
11.501345953860
11.506117146407
11.510908815680
11.515750022516
11.536219887668
11.540731756312
11.545040640802
11.548974904306
11.553265464675
11.557434866538
11.561579152717
11.565679608217
11.569733100837
11.573751080386
11.577736525365
11.581684766071
11.585615997571
11.589512597638
11.593387188077
11.597243248793
11.601113658392
11.604982391848
11.608833783681
11.612655652925
11.616220053899
11.619755964817
11.623192005922
11.626606701393
11.629997648897
11.633360640766
11.636696658890
11.640005987216
11.643284582314
11.646550790259
11.649807851727
11.653042370873
11.656261159692
11.659471833462
11.662670819604
11.665861296223
11.669038571431
11.672206088187
11.675361467787
11.678509737544
11.681656624462
11.684797976132
11.687916480298
11.691026446727
11.694139064156
11.697230485209
11.700311801719
11.703382153590
11.706439684170
11.709476699807
11.712508870947
11.715529141911
11.718528288746
11.721518525215
11.724505285339
11.727485829440
11.730461074018
11.733412793566
11.736356711324
11.739307511546
11.742239538892
11.745193995037
11.748099642942
11.751038967973
11.753929910146
11.756871057999
11.759742579385
11.762591367393
11.768059542481
11.771040762767
11.773901896786
11.776743672355
11.779588187789
11.782538309695
11.785565942763
11.788655801066
11.791748926432
11.794776860442
11.797695962051
11.956849082677
11.959917484775
11.962162264078
11.965442003812
11.968217989234
11.971010873551
11.973862152388
11.976748113229
11.979678125539
11.982652941745
11.985660209096
11.988697335773
11.991756262269
11.994845076694
11.997962608667
12.001115430285
12.004284361950
12.007484175357
12.010704234329
12.013938067873
12.017180948023
12.020446437582
12.023729574557
12.027028930128
12.030350820240
12.033697268125
12.037059116340
12.040445692111
12.043863041620
12.047322919734
12.050804966899
12.054301195711
12.057830999173
12.061398412647
12.065008335396
12.068655361306
12.072334756170
12.076038733024
12.079813568310
12.083622936415
12.087470138083
12.091354317042
12.095283156200
12.099251805515
12.103254690675
12.107290447476
12.111356991873
12.115447975322
12.119581002470
12.123724504204
12.127887537797
12.132088003113
12.136313948707
12.140555393445
12.144831963132
12.149115893460
12.153419795174
12.157732043804
12.162065538642
12.166407636761
12.170745221497
12.175096599428
12.179465412381
12.183831919101
12.188197811611
12.192601477296
12.197023165035
12.201470957993
12.205907319948
12.210360573768
12.214783195468
12.219206900785
12.223603553925
12.227966528162
12.232318752093
12.236649987181
12.240952709631
12.245241750226
12.249506071470
12.253695818498
12.257878691226
12.262017335159
12.266089181066
12.270126184209
12.274144838946
12.278128471695
12.282140881838
12.286183921694
12.290298011834
12.294416741014
12.298515254672
12.302659588255
12.306857444296
12.310948985486
12.314995814496
12.319031093015
12.323089542225
12.327165723080
12.331161247635
12.335058477996
12.433701929386
12.435742002782
12.437647158823
12.439807515310
12.441846728171
12.443880508184
12.445893037908
12.447505922317
12.449665150446
12.451703618285
12.454062277912
12.949312377723
12.956195049848
12.960188453391
12.964430407424
12.968391340199
12.972641472116
12.976782077494
12.980904285649
12.985041355519
12.989181737722
12.993324531237
12.997478483979
13.001641117952
13.005829710080
13.010432658706
13.014517323108
13.018609578175
13.022731560855
13.026845551364
13.030969621811
13.035096869658
13.039234439315
13.043377278283
13.047524643786
13.051668839429
13.055816580059
13.060015561550
13.064170178753
13.068329098592
13.072499653075
13.076673587275
13.080844580808
13.085013467742
13.089199944922
13.093374699553
13.097545458191
13.101701940417
13.105857543382
13.110027154412
13.114176281683
13.117949275110
13.121798412293
13.125897761515
13.129993539539
13.134096012644
13.138195172105
13.142296614638
13.146402551770
13.150511597465
13.154632418744
13.158765021438
13.162901633711
13.167034249872
13.171166764246
13.175302685409
13.179435394997
13.183583427521
13.187716782264
13.191858103460
13.195982613620
13.200067151039
13.204134404902
13.208160816988
13.212178657795
13.216207042015
13.220295812260
13.224424181246
13.228930469985
13.233052472573
13.237393052421
13.241770977466
13.246194478011
13.250669497476
13.255068632683
13.259405457955
13.263777112469
13.267889865602
13.272230471789
13.276570569065
13.280414067209
13.284369285602
13.288479044158
13.292602243056
13.296734620073
13.300883521772
13.305033156166
13.309183937106
13.313321937539
13.317476166080
13.321629978653
13.325805013483
13.329997747757
13.334270559087
13.338554144496
13.342559496580
13.346608469384
13.350818715861
13.354512028554
13.382282147049
13.385416063694
13.388561724188
13.391557673033
13.394461665772
13.397322366036
13.400178616622
13.403164855120
13.406381527340
13.409402278122
13.416199633110
13.420600091226
13.424739086006
13.429086712452
13.433434426327
13.437794371806
13.442091829302
13.446266954585
13.450293616715
13.454312746634
13.458361110605
13.462446922775
13.466638465248
13.470845402340
13.636586657989
13.640277389126
13.643552156829
13.646801617688
13.650153759975
13.653505061655
13.656846858897
13.660164873505
13.663490802957
13.666811723691
13.670141070745
13.673469019820
13.676804516250
13.680118772170
13.683445461470
13.686775112447
13.690095483474
13.693446921344
13.696797222523
13.700095363048
13.703322941950
13.706568518930
13.709777975985
13.712972680546
13.716162293052
13.719357595953
13.722542512464
13.725734199533
13.728918711492
13.732115989517
13.735320527170
13.738530548724
13.741757225448
13.744991354934
13.748243600391
13.751503766974
13.754779551584
13.758068251644
13.761378570685
13.764705433474
13.768047090258
13.771399428003
13.774780178452
13.778177345842
13.781588621272
13.785029437365
13.788491015336
13.791986421364
13.795509234866
13.799095485382
13.802690309542
13.806338787056
13.810027535992
13.813756716742
13.817497501108
13.821317288990
13.825171754836
13.829065182997
13.832989349969
13.836940886275
13.840942794702
13.844968381746
13.849016309694
13.853056771678
13.857150814745
13.861267573043
13.865386400459
13.869533022823
13.873708138208
13.877897641270
13.882110873125
13.886336294939
13.890588113003
13.894835003771
13.899103141205
13.903373390889
13.907643558356
13.911949118557
13.916218779492
13.920489367713
13.924753973593
13.929022799345
13.933275511365
13.937494310248
13.941705484348
13.945866396845
13.950003101361
13.954115585915
13.958225281730
13.962400329953
13.966604520268
13.970924842805
13.975162860350
13.979360856533
13.983600244353
13.987845663714
13.992073348684
13.996289961597
14.000488981109
14.004724255876
14.008903082568
14.013149243051
14.135897089839
14.140030166035
14.144045978705
14.148077458943
14.152126993927
14.156209061445
14.160336650770
14.164522122806
14.168722590498
14.172934110230
14.177161680215
14.181396671939
14.185595318302
14.189769949686
14.193981762755
14.198408115295
14.202673142920
14.206913608952
14.211143584632
14.215323963286
14.219496043584
14.223649941928
14.227829541107
14.232163491123
14.236317024076
14.240355076891
14.244487258489
14.249059588745
14.254073703118
14.259255163388
14.263664800602
14.267883698697
14.271881574009
14.275696133117
14.279471877032
14.283223341066
14.286978366919
14.290818309007
14.294793066120
14.298865660291
14.303016243615
14.307312679406
14.311598191868
14.315935816555
14.320312732366
14.324762885016
14.329265798643
14.333814907507
14.338378148328
14.343663164649
14.348335894402
14.352717691260
14.357126992775
14.361786602371
14.367240588984
14.416393322051
14.420335480008
14.424544725358
14.428927466044
14.433263494356
14.437652461279
14.442052583385
14.446446272430
14.450859386579
14.455308052896
14.459778785997
14.464243137071
14.468752622296
14.473237641347
14.477860272115
14.482433016206
14.487054606293
14.491646378471
14.496277692367
14.500878316395
14.505470007447
14.510050712455
14.514613581269
14.519165844970
14.523745599124
14.528260971813
14.532888588898
14.537566595728
14.542244897758
14.547222811113
14.551837524560
14.556501562550
14.561114705222
14.565741877315
14.570337004391
14.574935665153
14.579495727231
14.584045933674
14.588604568988
14.593220393754
14.596764233171
14.600594677398
14.604572441102
14.608523713735
14.612520508115
14.616555017479
14.620603562360
14.624648012748
14.628710329775
14.632757957913
14.636804598910
14.640838461642
14.644866082730
14.648877599504
14.652890452438
14.656890034468
14.660866824498
14.664827568907
14.668768876397
14.672702717643
14.676641229524
14.680579628454
14.684548191205
14.688545926861
14.693440243072
14.697483467611
14.701528406263
14.705713711943
14.709905908096
14.714181366887
14.718496048807
14.722882207545
14.727332833782
14.731894105591
14.736407724082
14.740861882373
14.745314606657
14.749783227557
14.754087948262
14.775859357495
14.780007000279
14.783428126291
14.786481177716
14.789930536150
14.793411728461
14.796975158916
14.800540551410
14.804099126310
14.807653324412
14.811195750634
14.814728983835
14.818257500703
14.821775666082
14.825294878077
14.828809104774
14.832324524978
14.835836494120
14.839352353778
14.842871147286
14.846392090796
14.849919236113
14.853452729414
14.856987979040
14.860539188964
14.864098797842
14.867670208047
14.871265674285
14.874885271341
14.878512676833
14.882156668547
14.885834928965
14.889541984646
14.893292019003
14.897050133449
14.900811270680
14.904598298611
14.908422036639
14.912287857771
14.916185472617
14.920099406687
14.924041595034
14.928006170769
14.932031681562
14.936095409989
14.940215491217
14.944375232686
14.948578779864
14.952836631690
14.957150262101
14.961531959594
14.965947026309
14.970440176634
14.975015941821
14.979589999790
14.984233278667
14.988922683859
14.993630131269
14.998353340543
15.003082327649
15.007846218301
15.012669612576
15.017498161086
15.022131086286
15.027043777879
15.080514471657
15.088948713721
15.097449137888
15.105932023889
15.178259450532
15.182361084894
15.186487209388
15.190521755665
15.194633493262
15.198851250434
15.203060068699
15.207533565717
15.212054160639
16.129099331992
16.133022725603
16.136615508084
16.140126551194
16.144194452403
16.147971327435
16.151861484557
16.155591115241
16.159414725666
16.163193565129
16.166993048102
16.170792350909
16.174612179071
16.178428155083
16.182229985911
16.186047239435
16.189868216403
16.193687718472
16.197505645054
16.201329239683
16.205151935119
16.208968097804
16.212787862520
16.216602285947
16.220407678003
16.224209732962
16.228006836891
16.231861609473
16.235710280847
16.239576732691
16.243256837469
16.246931434342
16.250552845247
16.254804366385
16.258342744179
16.261521431844
16.264436932195
16.267334515898
16.270112803667
16.273396932833
16.276314915992
16.278890124647
16.281576940301
16.284391924237
16.287164475658
16.314444677880
16.321747026786
16.334163496406
16.337724618524
16.341255453877
16.344793237428
16.348337030018
16.351921245812
16.355518159131
16.359018755756
16.362448126471
16.365782108776
16.369045526306
16.372233878388
16.375377659295
16.378487824372
16.381530149701
16.384507700226
16.387474535191
16.390388689209
16.393257833110
16.396137883023
16.399039401274
16.401892039655
16.404825286525
16.407847121562
16.410827843999
16.413853621728
16.416980334433
16.420368401286
16.423361486066
16.515914090161
16.519077593703
16.521714193407
16.524242172027
16.526757802356
16.529338729013
16.532161864205
16.534825220412
16.537541850090
16.540215151975
16.542951559116
16.545661837430
16.548382849626
16.551112043590
16.553848078935
16.556591616313
16.559345649678
16.562119066303
16.564909294189
16.567707660417
16.570520142944
16.573332095335
16.576159519631
16.578988944925
16.581836648452
16.584683294243
16.587524567462
16.590390469201
16.593248355846
16.596107603868
16.598962477610
16.601854968522
16.604775937902
16.607682235992
16.610554377310
16.613430391307
16.616330032857
16.619226775203
16.622132188037
16.625034968306
16.627955281453
16.630883472942
16.633806884348
16.636725344434
16.639649392860
16.642579601614
16.645511559441
16.648465359493
16.651400513794
16.654342717111
16.657283089256
16.660114240736
16.663031556536
16.665946860765
16.668851323526
16.671770710101
16.674686240750
16.677599093520
16.680510927656
16.683419089604
16.686328728758
16.689244164981
16.692160707290
16.695076004592
16.697991716764
16.700905092533
16.703837151142
16.706767786344
16.709702261044
16.712645638550
16.715587969267
16.718524867264
16.721468673969
16.724411393920
16.727368208858
16.730331942746
16.733295947292
16.736265926069
16.739250552582
16.742233872876
16.745227258838
16.748227536414
16.751241372795
16.754254475250
16.757273730149
16.760304470701
16.763337487746
16.766397562258
16.769473093488
16.772616277559
16.776046344014
16.779490046915
16.783001911925
16.786553911598
16.789995819544
16.793383135395
16.796744604899
16.800291240395
16.803691397742
16.806586413413
16.809863344697
16.813056137880
16.816340993130
16.819621601360
16.822957743576
16.826352784415
16.829783886395
16.833267172466
16.836786891660
16.840352364090
16.843963479410
16.847616983337
16.851307113952
16.855021295447
16.858724533294
16.862441435619
16.866158914036
16.869885833697
16.873614020637
16.877176494747
16.880599191207
16.884053603619
16.887594542444
16.891254069121
16.894976669359
16.898757796815
16.902450451186
17.066086640202
17.070346239630
17.073856937514
17.077121428386
17.080460624857
17.083886730744
17.087308662365
17.090773981360
17.094225589185
17.097680505981
17.101136339018
17.104583340420
17.108078918901
17.111592886350
17.115108283514
17.118633899053
17.122126590906
17.125628322080
17.129119616213
17.132483748643
17.135730151010
17.139056251902
17.142393012258
17.145710235126
17.149005522717
17.152305634444
17.155606257153
17.158901725269
17.162189250228
17.165471111216
17.168738290175
17.171993523337
17.175241897952
17.178490929620
17.181726350594
17.184949329976
17.188163637366
17.191375886994
17.194574306150
17.197759044668
17.200930895453
17.204093295917
17.207238238359
17.210363437592
17.213479613221
17.216578557991
17.219676980835
17.222754770044
17.225818111747
17.228868709571
17.231899687962
17.234912387818
17.237898422346
17.240850435016
17.243804654127
17.246747194093
17.249669156279
17.252578873369
17.255482209826
17.258389605521
17.261305397087
17.264193065723
17.267039602015
17.269895388779
17.272747560565
17.275599204670
17.278418887454
17.281235148599
17.284039896237
17.286813904016
17.289596159853
17.292406467264
17.295199308685
17.297969674578
17.300702202145
17.303423981354
17.306136484031
17.308878388546
17.311621858850
17.314326051583
17.316968060822
17.319602405342
17.322210097184
17.324845657229
17.327515988301
17.330205572746
17.332841076523
17.335447983969
17.337956000865
17.340571948261
17.343129775465
17.345762836243
17.348346985981
17.350880997717
17.353467016358
17.355994345396
17.358497487258
17.361031992559
17.363601313321
17.366122506752
17.368629854752
17.371116102135
17.373659940523
17.376140782587
17.378641425881
17.381106728832
17.383609961472
17.386104509214
17.388627382021
17.391102067962
17.393614038523
17.396099937702
17.398615770888
17.401122943459
17.403629351202
17.406118756070
17.411047906541
17.413534696034
17.416093612987
17.418642585923
17.421151940972
17.423646376711
17.426171817001
17.428723560821
17.431279640865
17.433805596072
17.436262685729
17.526418068907
17.529337383367
17.532406128775
17.535235412744
17.538059648840
17.540944903685
17.543792695530
17.546653601654
17.549496790666
17.552332986866
17.555076525361
17.557827136486
17.560650594811
17.563522577736
17.566417616593
17.569326046286
17.572253458847
17.575189331788
17.578131305936
17.581071938947
17.584021094279
17.586974882003
17.589932369767
17.592891211812
17.595853496345
17.598809148462
17.601779337653
17.604753120950
17.607723068278
17.610689047933
17.613658580007
17.616629326316
17.619600826866
17.622575789336
17.625545769459
17.628513078862
17.631474753133
17.634430532745
17.637379794601
17.640317910628
17.643254930519
17.646187232093
17.649106567524
17.652025156954
17.654933159978
17.657839184470
17.660736832696
17.663627889787
17.666507522950
17.669390444921
17.672266096353
17.675148427598
17.678025754128
17.680901012342
17.683776360075
17.686645671328
17.689497068516
17.692353097244
17.695179267551
17.698015849573
17.700851036995
17.703698419732
17.706540424627
17.709407863032
17.712279637325
17.715160200655
17.718050177634
17.720959571009
17.723910569088
17.726854163186
17.729816676412
17.732796987041
17.735772781220
17.738647967321
17.741573436743
17.744500686174
17.747292868686
17.875739875999
17.878434710089
17.881052975173
17.883562537873
17.885999932881
17.888367947511
17.890905368773
17.893510984589
17.896107509775
17.898732904165
17.901351791147
17.903985914495
17.906633357325
17.909285510442
17.911933522048
17.914589079094
17.917235942459
17.919916163294
17.922580734569
17.925229191471
17.927911768484
17.930587807247
17.933293061647
17.935991502751
17.938723855748
17.941501293780
17.944327844456
17.947087609520
17.953505575399
17.956594727333
18.187435355046
18.190405059602
18.193219403186
18.195977130941
18.198892726327
18.201973048082
18.205063369386
18.208179164362
18.211335150153
18.214518564932
18.217744805683
18.220999485607
18.224297136436
18.227531619038
18.230846079493
18.234169548731
18.237509695568
18.240870208202
18.244247788552
18.247648081528
18.251065525245
18.254501321975
18.257953616469
18.261449018098
18.264965926052
18.268514744544
18.272069469935
18.275628149156
18.279220594637
18.282818520379
18.286420675182
18.290043042268
18.293680008828
18.297320196471
18.300962120964
18.304615346597
18.308275548111
18.311942662529
18.315607672053
18.319285129349
18.322959665795
18.326642248963
18.330314591156
18.333976485276
18.337655742225
18.341326678644
18.345003149355
18.348674415669
18.352346157759
18.356009343088
18.359671643921
18.363331672734
18.366985122060
18.370643769887
18.374304310946
18.377969662778
18.381620262023
18.385278026142
18.388932622023
18.392571802436
18.396200863890
18.399824846297
18.403435295555
18.407038199809
18.410625663983
18.414213819148
18.417790370522
18.421353404235
18.424908648442
18.428466059898
18.431996716491
18.435527778891
18.439053140128
18.442544707291
18.446051472210
18.449565657429
18.453053852529
18.456560185714
18.460059352404
18.463550061763
18.467067151601
18.470610031379
18.474217861817
18.477951328854
18.481619628413
18.485243620441
18.963917472398
18.966981999770
18.970534267326
18.974675397471
18.978430961317
18.982624920030
18.986514085792
18.990622374697
18.994721326939
18.998815016378
19.002870867388
19.006952780753
19.011021803488
19.015109000185
19.019183370060
19.023264800789
19.027343444554
19.031432284619
19.036369245190
19.040436493453
19.044469697839
19.048514589341
19.052589255453
19.056663541863
19.060751611227
19.064836021435
19.068875001149
19.072492702827
19.076605551223
19.080713820308
19.084823901565
19.088933399220
19.093050557468
19.097192401973
19.101360845192
19.105555211965
19.109759165459
19.113974936747
19.118210152849
19.122464430517
19.126777681233
19.131208851847
19.140181977699
19.144374665648
19.148610941271
19.152920563506
19.157190681636
19.161391397674
19.165647301025
19.169918060954
19.174149302187
19.178485875842
19.182990002236
19.187743375423
19.192460271525
19.197214468477
19.201947858584
19.206701335929
19.211711576552
19.216602430983
19.221612286749
19.226594601250
19.231487142871
19.236711744468
19.241328738009
19.246447593142
19.251172808069
19.256131493223
19.261008518397
19.265800826518
19.270593350420
19.275325901839
19.280179303275
19.284983257859
19.289750663967
19.310755031392
19.314461549106
19.317974631880
19.321401576270
19.324868824151
19.328335479976
19.331755181962
19.335149617282
19.338542933881
19.341920700574
19.345278716043
19.348591195327
19.351886750104
19.355181454143
19.358440147843
19.361691660075
19.364900915573
19.368082464597
19.371277035481
19.374466368930
19.377611019640
19.380764161133
19.383911829547
19.387016555435
19.390147514419
19.393239241348
19.396330651418
19.399423362415
19.402510421761
19.405595597065
19.408674852077
19.411727191838
19.414784284743
19.417833540919
19.420867078760
19.423892210190
19.426906365144
19.429926688686
19.432918456755
19.435908189115
19.438879765235
19.441846751312
19.444814056181
19.447768933948
19.450715305329
19.453655964640
19.456583092727
19.459515134419
19.462421739288
19.465321315268
19.468210059146
19.471082972045
19.473966508983
19.476835602056
19.479696088824
19.482541555755
19.485376469210
19.488210751258
19.491032210542
19.493850563223
19.496662957866
19.499475714615
19.502273005310
19.505067338679
19.507860070527
19.510643210955
19.513433498658
19.516247115520
19.519097371368
19.522017841053
19.525008090151
19.528139703635
19.531416944529
19.534593235869
19.537806159546
19.541090917111
19.544267007014
19.547436758793
19.550610648646
19.553763417656
19.556926680252
19.560112390528
19.563247827245
19.566340366649
19.569420458429
19.572467329971
19.716761201265
19.720719430009
19.724295509758
19.727127982711
19.730320791938
19.733495169988
19.736690281814
19.739892060475
19.743051494786
19.746180767462
19.749290493086
19.752378123396
19.755455227413
19.758515663134
19.761566078196
19.764618020054
19.767663251257
19.770717884217
19.773771268803
19.776841532967
19.779923235146
19.783029431232
19.786153463575
19.789286142614
19.792429074938
19.795580029028
19.798739800553
19.801906626867
19.805085737924
19.808263039430
19.811446031229
19.814627174798
19.817823072029
19.821013890480
19.824196084039
19.827405329458
19.830608935308
19.833806993414
19.837007543496
19.840204042325
19.843416960802
19.846617515819
19.849799604967
19.853004564606
19.856223362877
19.859425800586
19.862643952589
19.865864957634
19.869073150154
19.872279090972
19.875496374466
19.878707742790
19.881917674955
19.885142493340
19.888361179558
19.891566689628
19.894780963719
19.898003777747
19.901227430370
19.904450685972
19.907670672474
19.910875467370
19.914069010962
19.917270707898
19.920497582954
19.923735237610
19.926968433028
19.930210653104
19.933420007014
19.936646657076
19.939860510668
19.943052357617
19.946228846792
19.949385764789
19.952507981151
19.955620252407
19.958704682221
19.961783414847
19.964846794690
19.967903388991
19.970945548917
19.974020448735
19.977052633868
19.980112138608
19.983128908386
19.986183237932
19.989197728678
19.992226416575
19.995269277116
19.998350864665

