Time_s
0.634304566337
0.642579719288
0.646660019334
0.650456019300
0.654402335310
0.658342343387
0.662325287632
0.666294517307
0.670288236249
0.674112311069
0.678013550356
0.681847363237
0.685697668058
0.689557509877
0.693415656855
0.697303284744
0.701191295848
0.705101339798
0.709018560197
0.712921529735
0.716846519816
0.720774039966
0.724627234545
0.728451998529
0.732221169317
0.735986978932
0.739715205691
0.743410801300
0.747116267325
0.750814905103
0.754503245756
0.758193968673
0.761851006759
0.765512108487
0.769163908098
0.772823081907
0.776457145209
0.780096414214
0.783714600995
0.787334280763
0.790900467007
0.794442305800
0.797934422161
0.801415334352
0.804867140847
0.808268732301
0.811608234042
0.814937063664
0.818337276340
0.821652289283
0.824915561552
0.828211073921
0.831548947454
0.834847563569
0.838051710595
0.841277170068
0.844303804774
1.036776396689
1.040841741597
1.044435915003
1.047717127935
1.051233175380
1.054861760386
1.058531943244
1.062237196189
1.065941496629
1.069671788177
1.073394991280
1.077133183385
1.080880382305
1.084640341601
1.088404051664
1.092184398454
1.095959006882
1.099734323553
1.103504533888
1.107301900844
1.111096196484
1.114886760521
1.118676695264
1.122459273991
1.126243731724
1.130035816903
1.133812256553
1.137571534713
1.141343233969
1.145099476750
1.148861722049
1.152621210482
1.156359899907
1.160115959222
1.163856893835
1.167592010544
1.171347867295
1.175075111744
1.178773355326
1.182508456960
1.186247115027
1.189978080067
1.193727037421
1.197485274091
1.201289218802
1.205107374137
1.208952828933
1.212849687882
1.216711718556
1.220594518703
1.224614972418
1.407055574574
1.414491156658
1.418112597144
1.421696487027
1.425259111485
1.428921728195
1.432625439946
1.436385047745
1.440197157641
1.444043400364
1.447903688657
1.451775138436
1.455710443173
1.459677249604
1.463662086812
1.467681722132
1.471768685550
1.475838448292
1.479858091684
1.483927682303
1.488017387470
1.492140183285
1.496273808636
1.500411660883
1.504560660166
1.508713280813
1.512874401302
1.517082534783
1.521338592735
1.525616728692
1.529897026336
1.534217063618
1.538559228927
1.542920206981
1.547272572018
1.551648434874
1.556038553921
1.560456704279
1.564890702776
1.569323039054
1.573821499810
1.578324341474
1.582855058304
1.587454881887
1.592107590123
1.596801562809
1.601539655280
1.606302080897
1.611151337222
1.616023679611
1.620875370583
1.625723726134
1.630562330170
1.635456204769
1.640401013734
1.645463940704
1.650587297457
1.655759545373
1.660985946067
1.666254131974
1.671512573191
1.676878752756
1.682241702575
1.687708666128
1.693188761418
1.698657278354
1.704322292988
1.712364780138
1.722793237944
1.733235828233
1.743964113855
1.754772875369
1.934917532058
1.939590121330
1.944433852554
1.949252509541
1.954079435978
1.958898654992
1.963665896926
1.968408142967
1.973085870698
1.977754579762
1.982384306655
1.986970108807
1.991546753781
1.996074813137
2.000559057956
2.004991600250
2.009321936751
2.013584472106
2.017770751657
2.021881301394
2.026013740818
2.030197711609
2.034374873529
2.038554594843
2.042807639425
2.047056194040
2.051275593363
2.195176706869
2.198797107319
2.202038677479
2.205923100138
2.209676045699
2.213443081220
2.217234114575
2.221058527444
2.224869984144
2.228699491170
2.232521025596
2.236342415198
2.240162235394
2.244001762897
2.247814772499
2.251622309855
2.255458056039
2.259289819635
2.263150515759
2.266999336843
2.270852804023
2.274721144863
2.278608941199
2.282642045859
2.286780207804
2.291009854495
2.295225045373
2.299396225446
2.303567482384
2.394737099328
2.398333270568
2.401876563064
2.405340303783
2.409116239575
2.412883741155
2.416698958510
2.420554324354
2.424481550368
2.428451486046
2.432466181006
2.436646435303
2.440896979072
2.445130843601
2.449468698536
2.453858507530
2.458284812905
2.462810876257
2.467279061782
2.471891124518
2.476490225639
2.481092132656
2.485754417279
2.490284333650
2.494785167503
2.499200361532
2.503589713513
2.508015758039
2.512211047415
2.516349623557
2.520418130609
2.524350287828
2.528650058797
2.532955957119
2.537363030827
2.541853284226
2.546345629910
2.550839944617
2.555344102399
2.559848718417
2.564361505147
2.568854506671
2.573358134310
2.577853837290
2.582333566760
2.586781623561
2.591214060276
2.595736736990
2.600297045789
2.604902748340
2.609523688551
2.614153904565
2.618796828061
2.623453443188
2.628122254644
2.632787783735
2.637475085339
2.642144943166
2.646806390103
2.651480023955
2.656137930272
2.660786018510
2.665430568252
2.670041597632
2.674660233432
2.679257850856
2.683834064055
2.688433094449
2.693032204535
2.697603365696
2.702176295715
2.706727976843
2.711270584524
2.715798196477
2.720288744189
2.724783362501
2.729282171522
2.733775325327
2.738257838482
2.742750023216
2.747253902697
2.751779133898
2.756262561945
2.760822341985
2.765317197246
2.769734858003
2.774188823703
2.778700949623
2.783177846152
2.787574883506
2.791944470882
2.796301980554
2.800612555947
2.804876686608
2.809168594694
2.813420341671
2.817661533962
2.821898860291
2.826142000503
2.830397783646
2.834687595457
2.839054442143
2.843441866547
2.847801927870
2.852120693124
3.050669058843
3.055868863198
3.060802883731
3.065478715031
3.070305038027
3.075156175876
3.079996762154
3.084820145184
3.089660684300
3.094511057149
3.099359131562
3.104242103581
3.109137849771
3.114000903176
3.118900350561
3.123789859555
3.128711053648
3.133634165638
3.138558015199
3.143458118539
3.148325173946
3.153132546242
3.157965302584
3.162842043492
3.167635748011
3.172432141828
3.177239210875
3.182049093524
3.186816918633
3.191603363899
3.196366291288
3.201119444767
3.205813264212
3.210498369328
3.215124601898
3.219674703234
3.224256812255
3.228768801324
3.233259687405
3.242096538008
3.246400905895
3.250681127793
3.254922688858
3.259157326457
3.263371256794
3.267565424096
3.271758625651
3.275996611324
3.280302207881
3.284614214816
3.288926086288
3.293171204717
3.297423377884
3.301695649622
3.395514580283
3.399365680980
3.403169327195
3.407054457906
3.411499235221
3.415828648979
3.420207110309
3.424620274362
3.429081452857
3.433569799073
3.438077276658
3.442589041297
3.447120434221
3.451661315393
3.456203074046
3.460747060963
3.465289963484
3.469832372431
3.474380804762
3.478923714689
3.483468301766
3.488020146993
3.492548651756
3.497098506250
3.501626049465
3.506149847269
3.510649700313
3.515196973882
3.519728069898
3.524272623444
3.528838508760
3.533475319609
3.538068794008
3.542677671074
3.547439054072
3.552096381716
3.556818025637
3.561418448841
3.573862073807
3.578272247174
3.582791767959
3.587241981932
3.591614649993
3.746593598074
3.748324081537
3.750222876138
3.751931991336
3.754100432930
3.756259954921
3.757988939358
3.759733642212
3.761628595016
3.765996944749
3.768569441112
3.771036975347
3.772703562752
3.775135568202
3.777572310679
3.779296646550
3.782779499181
3.795316014158
3.797019432923
3.801380504591
3.803230628249
3.805797738834
3.807914025693
3.810038012984
3.812458187523
3.814904500003
3.818323883644
3.820150477702
3.821799329940
3.824063556178
3.826489783112
3.828165070671
3.831459233091
3.833645891969
3.836072245343
3.837781207352
3.839866244643
3.841558447040
3.843271608725
3.847575121557
3.849262128145
3.850941943334
3.852633564049
3.854960473177
3.857474877972
3.876859467348
3.884535158178
3.887196101462
3.889340039703
3.891410499887
3.893302869385
3.897959041676
3.900457024199
3.902829421300
3.905183062815
3.974567084224
3.978006823192
3.982602150118
3.987143676201
3.991031103925
3.995062984975
3.999505143339
4.003934527060
4.008492427703
4.013100326026
4.017671642313
4.022262614441
4.026842338433
4.031417948890
4.036007443820
4.040593462698
4.045206128864
4.049822917522
4.054429864797
4.059024480668
4.063633883446
4.068235578685
4.072852796595
4.077480390537
4.082152288820
4.086796657644
4.091442919828
4.096093943634
4.100738304645
4.105344105228
4.109921733311
4.114440231704
4.118955334843
4.123424285374
4.127823536857
4.132199732332
4.136687722898
4.141183489386
4.145644283439
4.150146419213
4.154462431903
4.268415679971
4.271859502095
4.275820717508
4.279897555623
4.284131868408
4.288419005143
4.292756360017
4.297099759427
4.301471699181
4.305870590118
4.310264362628
4.314698269340
4.319113540693
4.323573534103
4.328100339477
4.332554336630
4.337034970717
4.341587860277
4.346168195784
4.350853175533
4.355438703151
4.359861209027
4.364368973090
4.368892858230
4.373399466339
4.377919604035
4.382432295496
4.386951041281
4.391465425006
4.395973366181
4.400478846218
4.404992367679
4.409518710762
4.414019887699
4.418529805518
4.423036856509
4.427524698283
4.432086318332
4.436654171059
4.441200912985
4.445770769155
4.450321793924
4.454880966345
4.459465237695
4.463998774377
4.468332238493
4.472767131569
4.477332154396
4.481874597231
4.486462316889
4.491046885434
4.495597640859
4.500140311899
4.504673439247
4.509176293868
4.513637971239
4.518077404778
4.522505039395
4.526947934901
4.531504630221
4.536179348918
4.540718739353
4.545043030263
4.549800933213
4.554576010665
4.741969840105
4.746032864371
4.750473044611
4.754957760517
4.759587207852
4.764262074664
4.768948101757
4.773660801415
4.778374655380
4.783136962399
4.787925012301
4.792846807107
4.797748827730
4.802615373551
4.807544671881
4.812542656607
4.817616089344
4.822583555920
4.827562415459
4.832593375556
4.837541447667
4.842547370508
4.847617925211
4.852775507744
4.857887792452
4.863042810052
4.868130147745
4.873371450746
4.878554824322
4.883883141885
4.889074457989
4.894418392453
4.899569378273
4.905005629034
4.910019400299
4.915345995221
4.920242707286
4.925325900447
4.930161340917
4.935007347702
4.939976559617
4.944794297249
4.949680989308
4.954776687855
4.959693199919
4.964553861188
5.107256107746
5.110492800888
5.113078439560
5.115609542464
5.118481993511
5.121511408345
5.124160726604
5.126794902423
5.136498925969
5.145056661090
5.153824393610
5.418111958014
5.422010735858
5.425721532348
5.429061649844
5.432716621359
5.436569139962
5.440435956482
5.444339407914
5.448249445114
5.452161016650
5.456088017558
5.460018313204
5.463943118171
5.467861180704
5.471782607728
5.475702112872
5.479618293219
5.483514335649
5.487381159920
5.491268206513
5.495147443704
5.499033120320
5.502914804778
5.506784289489
5.510660645961
5.514541762538
5.518392221537
5.522241356595
5.526084688393
5.529933655353
5.533795728713
5.537646506723
5.541494199505
5.545375606149
5.549282272116
5.553239734768
5.557308719389
5.561481328473
5.565609859773
5.569775619857
5.573861809236
5.617823809237
5.621555809019
5.624839870443
5.628472321091
5.632247821628
5.636016408715
5.639791805738
5.643575773066
5.647376817912
5.651185152816
5.654993229436
5.658798826466
5.662587313805
5.666385635336
5.670173733259
5.673973508453
5.677774529195
5.681603685247
5.685429093450
5.689270556022
5.693140589980
5.697029058855
5.700959077517
5.704925910386
5.708958251423
5.713025189540
5.717172608490
5.721350020774
5.873845100289
5.878590591415
5.882885400973
5.887267501563
5.891773789077
5.896302792560
5.900900198242
5.905576481534
5.910229271031
5.914926681178
5.919656657116
5.924408277375
5.929143630488
5.933873544775
5.938624252554
5.943336159750
5.948111276606
5.952859109584
5.957635530349
5.962415690755
5.967171123140
5.971971942842
5.976738364756
5.981565117224
5.986497037399
5.991483533679
5.996532132921
6.001351679025
6.006187447640
6.011056924299
6.015638359795
6.019909879023
6.024252365574
6.028665565486
6.032945323715
6.037231467026
6.383052537056
6.386846820737
6.391053326094
6.395231047923
6.399410175850
6.403636424311
6.407909504620
6.412212697603
6.416529915840
6.420861398906
6.425218095834
6.429590275700
6.433982680919
6.438402093467
6.442831667029
6.447271509869
6.451724832941
6.456180013857
6.460629780168
6.465070383738
6.469504538268
6.473920490688
6.478350345779
6.482758095644
6.487083076447
6.491392384173
6.495710222586
6.499925279378
6.504121792105
6.508330770013
6.512596935106
6.516900618211
6.521197967804
6.525541797571
6.529867835910
6.534003586988
6.677659002627
6.681436001893
6.685803921482
6.689979368766
6.694280488082
6.698563989517
6.702890111395
6.707212861759
6.711535369086
6.715863350111
6.720231342098
6.724565767803
6.728927547902
6.733303550605
6.737361159499
6.741590373779
6.745994840509
6.750416762626
6.754875146491
6.759351865710
6.763819893056
6.768329644554
6.772805677538
6.777248669172
6.781713995550
6.786155051592
6.790602382016
6.795041834464
6.799475442226
6.803900467392
6.808352727169
6.812794701942
6.817227162462
6.821634542778
6.826037105555
6.830431637290
6.834825752457
6.839218374520
6.843595581536
6.847948169292
6.852354182817
6.856803113513
6.861306371177
6.865782310509
6.870358686076
6.875037855456
6.879783962669
6.884221201378
6.888876077565
7.001387152805
7.005626110040
7.009958259368
7.014347675863
7.018661081602
7.022951501481
7.027559869489
7.032109857105
7.036775865844
7.041371276294
7.046053373129
7.050788554193
7.055494646520
7.060289865754
7.064940149259
7.069627552978
7.074409083579
7.079082103190
7.083839403273
7.088537930880
7.093263345300
7.097911189806
7.102559709766
7.107211126025
7.111858003576
7.116484114386
7.121052311129
7.125636828134
7.130163609005
7.134681788677
7.139141373536
7.143522137545
7.147839747645
7.152128723323
7.156389184861
7.160564855678
7.164716567489
7.168772807695
7.172851098214
7.176860085079
7.180846643837
7.184763858273
7.188684346659
7.192554705639
7.196338641747
7.200121664224
7.203816356243
7.207544839103
7.211226075856
7.214896056018
7.218410061196
7.221925743992
7.225554376993
7.229077448029
7.485454159107
7.489162852053
7.497672488898
7.501978525499
7.506240367728
7.510709510002
7.515076200327
7.519533186126
7.523964124289
7.528465802642
7.532920761284
7.537386532374
7.541908282628
7.546392548383
7.550939951759
7.555446451085
7.560012458018
7.564493685660
7.569006079646
7.573448936036
7.577909631806
7.582333011901
7.586752181000
7.591154820120
7.595548001814
7.599925534723
7.604307402925
7.608686966401
7.613001209896
7.617320394261
7.621620619639
7.625902763640
7.630168868423
7.634483060952
7.638857847431
7.643243841943
7.647582765769
7.652135502349
7.656734694949
7.661211254486
7.665614655239
7.864316016673
7.869061054541
7.873277548827
7.877656381557
7.882072406748
7.886382644264
7.890752037685
7.895119954877
7.899493798817
7.903866983142
7.908244799497
7.912624959212
7.916966878554
7.921365614902
7.925713470553
7.930132250324
7.934486036573
7.938853845247
7.943163693598
7.947572983923
7.951872497114
7.956290125813
7.960605908496
7.964963427358
7.969368675094
7.973781439319
7.978232038691
7.982762002088
7.987370352807
7.992064403677
7.996658402445
8.001106899180
8.005633044557
8.401773740747
8.405954368047
8.410335081313
8.415420681700
8.420017168032
8.424603789355
8.429258385397
8.433902668096
8.438502600145
8.443052989433
8.447571737833
8.452083899434
8.456609289807
8.461122948399
8.465666193802
8.470198037560
8.474756634833
8.479319643726
8.483875536176
8.488441794061
8.492996352696
8.497578990383
8.502143667578
8.506716663809
8.511290972574
8.515887235743
8.520484314211
8.525091021720
8.529685701997
8.534287775532
8.538888141312
8.543474357461
8.548088753239
8.552706007354
8.557312830573
8.561940100375
8.566589735533
8.571230555081
8.575870702269
8.580537980627
8.585197455072
8.589852650857
8.594522327741
8.599176593772
8.603841630600
8.608497155038
8.613145199518
8.617792002733
8.622443770434
8.627113677749
8.631784462220
8.636426520709
8.641084426563
8.645755584616
8.650445417498
8.655121529189
8.659778250157
8.664356095009
8.669121007608
8.673855806239
8.678645627458
8.683365716494
8.688140547003
8.692926740361
8.697680404647
8.702510345645
8.830003648712
8.835134991447
8.839190168987
8.843234938439
8.847566643044
8.852010800203
8.856494004532
8.861048284802
8.865661977395
8.870266309174
8.874939543214
8.879524944634
8.884173462857
8.888765639488
8.893419532686
8.898144774502
8.902901705160
8.907678731679
8.912479313246
8.917264069718
8.922083945852
8.926918279025
8.931766456204
8.936598515217
8.941451861684
8.946326877643
8.951155409631
8.956009964883
8.960822830288
8.965662440361
8.970465196009
8.975254719043
8.980067047673
8.984844129883
8.989590435342
8.994310553533
8.998989615127
9.003638028438
9.008280152421
9.012881225787
9.017489730750
9.022121299710
9.026732577664
9.031348667485
9.036861729573
9.041582493970
9.046387612167
9.051122431969
9.055815643396
9.060381585862
9.065107554115
9.069935849368
9.158007551900
9.162067539066
9.165749175798
9.169971665442
9.174301582212
9.178664158183
9.183126691460
9.187646412578
9.192181758534
9.196729505936
9.201267456441
9.205832270856
9.210410341177
9.214982459901
9.219581337799
9.224227003982
9.228870845216
9.233529062382
9.238192181494
9.242942939761
9.247739802298
9.252563582134
9.257340456069
9.262349032097
9.267405685901
9.272408262881
9.277465278143
9.282572922316
9.287650943420
9.292709420039
9.297703566768
9.302480618289
9.307358428685
9.312034034860
9.316887164541
9.321853429220
9.326191578700
9.368513642189
9.372506506043
9.377154515477
9.381984684528
9.386889144982
9.391783013587
9.396618625312
9.401362941227
9.406157693664
9.410977541026
9.415817962874
9.420717816330
9.425704053753
9.430681726591
9.435628739866
9.440276625594
9.444946996406
9.449646706740
9.454317433939
9.458922776429
9.463543980709
9.468171067476
9.472820811743
9.477444695702
9.482115984122
9.486777804673
9.491414507214
9.496028495642
9.500627294785
9.505248418959
9.509832146934
9.514399910985
9.518969551919
9.523524266631
9.528147852347
9.532873293259
9.537587347245
9.542383460991
9.547110737581
9.706009019534
9.710449230907
9.714498397195
9.718558530228
9.722950735399
9.727541049547
9.732144624735
9.736841130993
9.741516023276
9.746168079689
9.750838802917
9.755560841903
9.760228280271
9.764715398142
9.769256276639
9.773809406345
9.778286805331
9.782712522991
9.787111007867
9.791471355634
9.795786587984
9.800058486518
9.804267207276
9.808438049985
9.812585131506
9.816678580102
9.820696946167
9.824697409195
9.828641512306
9.832547605018
9.836396955993
9.840230204989
9.844015340269
9.847798855510
9.851555779062
9.855298304535
9.858997954389
9.862725126914
9.866434562603
9.870108076095
9.873731616385
9.877408986225
9.881072345181
9.884730069768
9.888346247783
9.891965539077
9.895571797967
9.899230294304
9.902752061654
9.906307662590
9.909783952115
9.913238480049
9.916675265831
9.920184709095
9.923798612379
9.927220784568
9.930997722361
9.934809968279
9.938732309148
9.942137049828
9.946314669397
9.954752624077
9.958556453167
9.962367456421
9.966124297220
9.969687141092
9.973601068149
9.977585381893
9.981510424152
9.985395967567
9.989312782189
9.993348414601
9.997383021418
10.001369391509
10.005426327035
10.009590082498
10.013783906105
10.017998337212
10.022269075534
10.026570635232
10.030905437384
10.035270071677
10.039641843154
10.044028524006
10.048454247476
10.052894907714
10.057370535518
10.062070681848
10.066674654475
10.071142482021
10.075568394781
10.080018859985
10.084552617009
10.089038834358
10.093516597417
10.098014642217
10.102557659526
10.107108654766
10.111593814932
10.116132893897
10.120623422155
10.125173472605
10.129684904426
10.134255225461
10.138746752472
10.143271888443
10.147774770160
10.152342720306
10.156867011927
10.161375978966
10.165986545914
10.170555067413
10.175121394495
10.179683182897
10.184232238482
10.188853734079
10.193384134363
10.198005683072
10.202511657194
10.207125437409
10.211688109371
10.216001658909
10.220375352840
10.224883914443
10.229446886588
10.234026493975
10.238608739448
10.243177843153
10.247749163836
10.252335628974
10.256916944760
10.261482487577
10.266032284248
10.270574672947
10.275104502672
10.279620857812
10.284135804045
10.288637172111
10.293122989185
10.297602250309
10.302096855567
10.306587583537
10.311072922962
10.315549868833
10.320023063267
10.324498046173
10.329007480049
10.333443979899
10.337857447983
10.342313395886
10.346744391313
10.351167705043
10.355592582436
10.360013533318
10.364444360535
10.368883774958
10.373347552217
10.377788588884
10.382366903441
10.386938087894
10.391591961155
10.396173781800
10.400747380927
10.405408603966
10.410113074360
10.414840351941
10.419591976386
10.424547755444
10.429486694579
10.434460652017
10.439365091369
10.444386615229
10.449332888191
10.454216521179
10.458803803981
10.463173505570
10.467566746325
10.472290901673
10.477012045735
10.481707231253
10.486386554595
10.491039225322
10.495733656498
10.500425649396
10.505090989116
10.509782606857
10.514427804797
10.519147046773
10.523862575935
10.528566491293
10.533284244791
10.537923451316
10.542540694272
10.547228084241
10.551923789642
10.556584403541
10.561256505590
10.565930570327
10.570607731361
10.575315808109
10.579978173833
10.584702464534
10.589430947440
10.594171746626
10.598920169169
10.603691624584
10.608551771941
10.613530794231
10.618467361690
10.623380012034
10.628282395244
10.633204361934
10.638097656482
10.642904984161
10.647736110432
10.652560882510
10.657378778987
10.662172524002
10.666891164576
10.671608395377
10.676501878230
10.681115014802
10.819500864000
10.823353331600
10.827413792943
10.831941961919
10.836456950388
10.840973901240
10.845593305857
10.850189778751
10.854786656175
10.859379771293
10.863711247098
10.868032481214
10.872725348108
10.877457758270
10.882089180955
10.886893467408
10.891754366679
10.896626534202
10.901524864658
10.906404783170
10.911292966685
10.916181801844
10.921010585087
10.925818810343
10.930599231332
10.935317299119
10.939970110859
10.944551949487
10.949117201356
10.953628712334
10.958137551054
10.962595689767
10.967048491752
10.971496588819
10.975943186274
10.980436687034
10.984994567613
10.989539335009
10.994049384480
10.998604283863
11.003251938608
11.007901615213
11.012621848662
11.135531973440
11.139846019464
11.143820889878
11.147803436129
11.152192182003
11.156742273907
11.161288329708
11.165859628608
11.170460380726
11.175072781046
11.179785248671
11.184432214422
11.189158056762
11.193924397272
11.198705135092
11.203446492519
11.208177851826
11.212887798367
11.217579314829
11.222268254953
11.226945329634
11.232126064140
11.236852124045
11.241646688168
11.246401109584
11.250606916954
11.289107517436
11.293785983106
11.298033845995
11.302068788604
11.306481800327
11.311046038774
11.315758961146
11.320442964860
11.325184794185
11.330005421162
11.334885559280
11.339862642246
11.344824210626
11.349832034110
11.355547236115
11.360719272354
11.365619152594
11.370708259464
11.375837201439
11.380933989957
11.385892087624
11.390873683739
11.395527552040
11.400481108636
11.405207430934
11.433039742010
11.437382408515
11.441349895698
11.445359670319
11.449980966228
11.454769215116
11.459637011049
11.464525979993
11.469412230933
11.474353566373
11.479303898979
11.484311812365
11.489240629268
11.494268909815
11.499293345252
11.504319475243
11.509352191137
11.514382543587
11.519378817390
11.524356925435
11.529307203832
11.534246193662
11.539157960650
11.544103759241
11.549027028961
11.553917823259
11.558797115529
11.563708182938
11.568571179985
11.573407641098
11.578294013580
11.583168958256
11.588043676507
11.593021100940
11.597964313522
11.603057177043
11.608065174155
11.613012101246
11.617974395805
11.622999260834
11.627876318127
11.632798852570
11.637576361232
11.642259676095
11.646834199801
11.651560121616
11.656342660888
11.661197465706
11.666050303288
11.670907859589
11.675755781708
11.680579532913
11.685481340085
11.690401623439
11.695307469057
11.700256202808
11.705229644660
11.710191826140
11.715175215091
11.720179028827
11.725184573246
11.730229044101
11.735277489614
11.740412502744
11.745767684337
11.750741077749
11.756016936434
11.760929119304
11.766142163242
11.770771546348
11.776178402510
11.780728066625
11.786200745742
11.790700205825
11.795632399097
11.800259449552
11.805076627123
11.809988534581
11.814739904309
11.819631393394
11.824366188384
11.829008587569
11.833832856463
11.838322108802
11.843642930463
11.848710418221
11.853812037218
11.858928708872
11.864112706332
11.869197773131
11.874340601899
11.879525902884
11.884785144854
11.890139955688
11.895542998688
11.901048334398
11.906654597138
11.912418339642
11.918251805607
11.941797955379
11.952766212443
11.964018596991
11.973922321283
11.984486453145
11.995031759128
12.005352899481
12.021987247305
12.026485960660
12.036358132810
12.040962376671
12.046022611933
12.050701066213
12.055844041556
12.314729993055
12.327104438634
12.339902291168
12.586514188083
12.590565012521
12.595275856370
12.599983760779
12.604391651147
12.608756191912
12.613142294141
12.617525629718
12.621883614030
12.626237482054
12.630576395278
12.634901022055
12.639203594666
12.643472919253
12.647754804663
12.652005565125
12.656254543818
12.660511835107
12.664780498382
12.669064597265
12.673346995358
12.677630149932
12.681912354794
12.686184521106
12.690463306486
12.694733752765
12.699011405622
12.703260651007
12.707512775542
12.711728836182
12.715946182983
12.720134521797
12.724308578188
12.728455462245
12.732597558792
12.736710758381
12.740800726222
12.744861487184
12.748883620969
12.752889736910
12.756869328839
12.760841922248
12.764846613822
12.768939016947
12.773119973498
12.777309331808
12.781526427370
12.785840693427
12.790053680268
12.793741579767
12.866178219703
12.870052354988
12.873478182558
12.876664115864
12.880125147273
12.883580421537
12.887090286275
12.890614662335
12.894155883945
12.897729027825
12.901333898860
12.904960808257
12.908632709201
12.912344415285
12.916085461863
12.919837687298
12.923604687352
12.927418640580
12.931302188819
12.935211127652
12.939056961050
12.942923451798
12.946839911226
12.950789442092
12.954749138549
12.958712597586
12.962695865866
12.966699596004
12.970718784663
12.974748207567
12.978786273573
12.982888592331
12.986953690597
12.990945258285
12.995080566718
12.999202616929
13.003287671390
13.007340757667
13.011377314310
13.015376753981
13.019403326502
13.023427212782
13.027459756278
13.031478540569
13.035493515846
13.039533442040
13.043627534374
13.047639584629
13.051695296239
13.055873311886
13.059986193361
13.064092189638
13.068185653495
13.072316321669
13.076413805433
13.080580002311
13.084778721565
13.089003138694
13.093257172395
13.097482561345
13.101518758989
13.105651146057
13.109811678434
13.113945138606
13.118111880021
13.122304678096
13.126566941044
13.130813961729
13.135090276949
13.139369476532
13.143640724817
13.147979594207
13.152334667637
13.156685478222
13.161032656845
13.165368479767
13.169694254718
13.174105245475
13.178569635775
13.183171568827
13.187890870441
13.192472179909
13.311607001203
13.315278492123
13.319105712566
13.323653703233
13.328120564229
13.332626648559
13.337176915761
13.341754824177
13.346326205497
13.350909423672
13.355483861407
13.359707241384
13.364123131875
13.368778525243
13.373449183890
13.378101410085
13.382737207891
13.387352315398
13.391960310079
13.396564662862
13.401155239490
13.405714164075
13.410267155628
13.414783246658
13.419278446430
13.423732294250
13.428146418668
13.432525918129
13.436893824398
13.441240462932
13.445575706544
13.449908418638
13.454200768360
13.458499153966
13.462839369113
13.467283482973
13.471453064256
13.475700268832
13.479921782242
13.484221751432
13.488634199274
13.493117447207
13.497380666983
13.501687789909
13.588538604405
13.592729452738
13.596664893642
13.600558682565
13.604565796647
13.608698812631
13.612902001338
13.617148422162
13.621424519936
13.625739579982
13.630057374827
13.634419087662
13.638771438283
13.643146662412
13.647569186280
13.652031012571
13.656500037637
13.660977343610
13.665412293361
13.669883830186
13.674309225742
13.678688755502
13.683104063609
13.687497374600
13.691867869458
13.696209837059
13.700542002108
13.704892011622
13.709218539897
13.713515538769
13.717788257109
13.722043123674
13.726305844507
13.730563596765
13.734805448800
13.739058900716
13.743515880686
13.747899413076
13.752253218238
13.756670470898
13.760931885131
13.894170402454
13.898533643579
13.902831074987
13.907068146981
13.911369432892
13.915673312269
13.920145715882
13.924765306976
13.929264334357
13.933841322791
14.079679979815
14.083796087182
14.087456248459
14.091667318902
14.095983543518
14.100403873904
14.104787915858
14.109219690959
14.113654481178
14.118127709858
14.122626828167
14.127145516401
14.131674398151
14.136250748236
14.140864705512
14.145489646723
14.150005750516
14.154511084630
14.159107684393
14.163761476556
14.168526737733
14.173332816945
14.178152904824
14.182961090169
14.187781331582
14.192585497211
14.197365550928
14.202120404750
14.206850445809
14.211577110351
14.216279201032
14.220925533436
14.225544727295
14.230119738894
14.234666795804
14.239161908557
14.243592326943
14.247950861880
14.252247431952
14.256486411675
14.260663988399
14.264771955607
14.268815452390
14.272797281451
14.276709418641
14.280518329806
14.284279471881
14.287985668090
14.291587689231
14.295221433216
14.298808315946
14.302348774420
14.305839866229
14.309298300025
14.312736057297
14.316103597198
14.319529517039
14.322825678464
14.326310543859
14.329705774337
14.333102479419
14.336686346933
14.340116807043
14.343405089891
14.346580758046
14.349565861379
14.498387782230
14.501871501396
14.506162341145
14.510289423685
14.514552972194
14.518836849058
14.523084468090
14.527314366539
14.531568061681
14.535844495114
14.540159847031
14.544450919123
14.548779310789
14.553134160924
14.557558668369
14.561935664351
14.566391639657
14.570827610154
14.575369003209
14.579923916163
14.584451502392
14.588975152005
14.593508855014
14.598040608234
14.602602320165
14.607150545974
14.611798749041
14.616674223174
14.621776101462
14.626397182804
14.631073431153
14.635834823443
14.640524768157
14.645227254632
14.649945417634
14.654657112591
14.659359809747
14.664154668402
14.668828650138
14.673361681860
14.677933903985
14.682641723356
14.687366515693
14.692052948997
14.696788683194
14.701483265490
14.706296428078
14.711061062651
14.715816064992
14.720519600074
14.725356705078
14.730066431081
14.734935752057
14.739748285184
14.744674329589
14.749589231887
14.754491942294
14.759465194631
14.764218229257
14.769033148350
14.773701371279
14.778722666799
14.783512725438
14.788457956000
14.793250627245
14.798226680126
14.803316552595
14.808365338933
14.813474665553
14.818650406842
14.823778473991
14.828943817850
14.834072682001
14.839295365567
14.844390347941
14.849120823579
14.853922783305
14.858811962331
14.863545413310
14.868539225240
14.873373729995
14.962576510962
14.967318727716
14.971846593914
14.976571082906
14.981087014824
14.985624395869
14.990313095106
14.994856043993
14.999380946971
15.003898304288
15.008355007393
15.012938700457
15.017418048845
15.021902940972
15.026397939209
15.030882121857
15.035384630664
15.039848130890
15.044290092300
15.048718067043
15.053120255560
15.057483303907
15.061830671253
15.066165102273
15.070496886517
15.074819920734
15.079134965383
15.083460800042
15.087866148553
15.092324055686
15.096803442145
15.101501969897
15.106472919143
15.111104514495
15.116034027746
15.120621309332
15.125181667516
15.129859777752
15.134298502060
15.138936106470
15.143582994927
15.296106895112
15.300541519886
15.304652202782
15.308724137390
15.312569000983
15.316847522420
15.321262047698
15.325750907480
15.330231630211
15.334822719399
15.339389752381
15.344039571958
15.348662426240
15.353378635259
15.358068323955
15.362752437929
15.367406641143
15.372076869326
15.376737814765
15.381342677762
15.385960819866
15.390696825961
15.395337909487
15.399911144698
15.404479926255
15.409066744429
15.413639228155
15.418191558526
15.422702388260
15.427261511316
15.431792000265
15.436311637030
15.440814426790
15.445301551799
15.449779804689
15.454261721092
15.458743652126
15.463233397184
15.467831107910
15.472468278638
15.477202293638
15.481583235570
15.613451614064
15.622858429705
15.632202219470
15.641796519632
15.651257898463
15.660709512186
15.670132326774
15.679782002753
15.689292422234
15.698780524014
15.703489488590
15.708163955870
15.712868440245
15.717555629847
15.722209865079
15.726899294277
15.731575043828
15.736331130271
15.741173868518
15.745958063484
15.750831891005
15.755752062643
15.760444627778
15.765092806556
15.901199695712
15.905620148205
15.910099196718
15.914636368973
15.919274542570
15.923894491375
15.928540124383
15.933207243948
15.937888423825
15.942541572976
15.947151269226
15.951862687529
15.956536918907
15.961230534759
15.965907187624
15.970576412145
15.975280946691
15.979985929990
15.984823216076
15.989702902722
15.994500259288
15.999451411710
16.004503636406
16.009484995451
16.014578002975
16.019663255590
16.024690366174
16.029556295295
16.034468045946
16.039353883762
16.048580799709
16.057997118810
16.067470231934
16.076974335043
16.239041617988
16.243209114779
16.247213036667
16.250985544482
16.255366108369
16.259693549720
16.264018134116
16.268416178585
16.272813248606
16.277287675540
16.281768133001
16.286278502894
16.290816426182
16.295352265612
16.299936448922
16.304548404884
16.309187835775
16.313880341607
16.318598320990
16.323364359028
16.328066865540
16.337679453076
16.347516040435
16.357483524881
16.368103486980
16.378441375095
16.389328986250
16.399772903961
17.040759419099
17.044621720376
17.048062919438
17.052032704966
17.056383357557
17.060558388808
17.064815172275
17.069029604771
17.073306668322
17.077578639773
17.081911162753
17.086417882188
17.090973340800
17.095598880302
17.177010361206
17.180957481858
17.184843772804
17.188999966256
17.193211542398
17.197441385175
17.201771742799
17.206198678016
17.210638946957
17.215092234248
17.219558656946
17.224016932852
17.228516843665
17.233061572175
17.237599921727
17.242121249016
17.246681150856
17.251323887800
17.256009625430
17.260560322378
17.265070773429
17.269582773483
17.274080797544
17.278548659558
17.283037057438
17.287520919082
17.292009237485
17.296486015878
17.300937496640
17.305420538097
17.309915654508
17.314429053944
17.318919813527
17.323436070821
17.328000001717
17.332549629959
17.337123615928
17.341778507464
17.346450264157
17.351220462160
17.572903832760
17.576820743896
17.580621390669
17.584368875144
17.588117511120
17.591850169587
17.595549916702
17.599255536571
17.602937961980
17.606620426453
17.610297582943
17.613950455541
17.617665148761
17.621521861201
17.625365216575
17.629238446220
17.633159093781
17.636850579025
17.640627116057
17.644540102366
17.775442108920
17.779311907807
17.783340240563
17.787371385186
17.791422719210
17.795556797602
17.799677900709
17.803770318479
17.807986040983
17.812139331343
17.816296064440
17.820551772771
17.824755918195
17.828977278190
17.833246931932
17.837559137890
17.841932927754
17.846396412461
17.850989580880
17.855498105748
18.026684120407
18.031024386345
18.034945696649
18.038941132913
18.042917741839
18.046879657879
18.050817887199
18.054783615695
18.058718049723
18.062644118945
18.066543683479
18.070441038963
18.074329020011
18.078190822599
18.082044380304
18.085874298987
18.089695755581
18.093499116787
18.097301913571
18.101089927775
18.104849971252
18.108579680328
18.112340219655
18.116050428080
18.119736518965
18.123402856943
18.127061422450
18.130724831822
18.134375414457
18.138009992412
18.141638872754
18.145252219592
18.148856712259
18.152473026041
18.156073442544
18.159688002617
18.163277350181
18.166891515928
18.170506215472
18.174149202169
18.177833960871
18.181569246229
18.185372649116
18.189087186451
18.192948079103
18.196758118249
18.200502364059
18.204563213605
18.208126544157
18.246826264114
18.254801561529
18.258529827536
18.262021370891
18.266060681535
18.270155497762
18.274230072157
18.278307067004
18.282463398070
18.286625412775
18.290854365190
18.295107023009
18.299420103343
18.303675470821
18.307997422059
18.312386722961
18.316829949764
18.321274438630
18.325769394821
18.330273738510
18.334760785301
18.339323857835
18.343834543461
18.348432748998
18.353011687656
18.357606453362
18.362270881930
18.366884787278
18.371504267375
18.376286604744
18.381529774963
18.458815342560
18.463543082219
18.468006542878
18.472505438958
18.477168540922
18.481718895978
18.486298955594
18.490910321670
18.495501135386
18.500107701116
18.504703841025
18.509270993826
18.513833948993
18.518401340690
18.522966063030
18.527518493284
18.532101287379
18.536610124292
18.541204543464
18.545815868444
18.550444278348
18.555158906855
18.559926370559
18.668162944053
18.672216296215
18.675884979361
18.680281445452
18.684537982276
18.688937193204
18.693289611409
18.697662703194
18.702091056532
18.706533747213
18.711053128730
18.715574978603
18.720100526545
18.724615548898
18.729070060610
18.733496336170
18.737868607674
18.742205521058
18.746480145760
18.750718606354
18.754937986127
18.759131207132
18.763337523024
18.767533197790
18.771726779238
18.775912406055
18.780098534733
18.784293252135
18.788487332086
18.792679926331
18.796877520491
18.801070708154
18.805258542481
18.809442321571
18.813643020370
18.817822670877
18.822011971776
18.826211478209
18.830395911929
18.834608341738
18.838808963994
18.843019990442
18.847206309021
18.851435751739
18.855612677989
18.859848232462
18.864010624346
18.868248186497
18.872433192746
18.876706271804
18.880956018060
18.885300112153
18.889783405511
18.894329328204
18.898902608558
18.903502003550
18.908075439040
18.912597656233
18.917122226152
18.921612405360
18.926053196103
18.930448059597
18.934792700772
18.939078562435
18.943351051807
18.947606538558
18.951891552823
18.956242249564
18.960613906365
18.965011793979
18.969488983382
18.973970422006
18.978505722656
18.983062520625
18.987637385782
18.992263755821
18.997033945721
19.001716210280
19.006415073349
19.011084505297
19.015763639380
19.020436203011
19.025051986515
19.029691000464
19.034317863719
19.038961549078
19.043657844360
19.048465904440
19.053446329080
19.058370187813
19.063297180930
19.068278094267
19.073321991497
19.078323609049
19.083430973163
19.088652766555
19.093632238903
19.098564342768
19.103713073260
19.108498918740
19.113308520891
19.118380862444
19.123239780126
19.195441723914
19.200165386863
19.204873759889
19.209684494099
19.214490574961
19.219356172439
19.224204652002
19.229119362641
19.234077645031
19.239045650412
19.244038402288
19.249002740584
19.253911466832
19.258803269128
19.263724437315
19.268659176525
19.273586569536
19.278471583295
19.283325301652
19.288173529812
19.292987972607
19.297765661375
19.302495613141
19.307189567771
19.311843659387
19.316473653027
19.321055209467
19.325596239056
19.330085160139
19.334535450082
19.338935618449
19.343271737608
19.347572709325
19.351833453528
19.356045792827
19.360215519329
19.364347651111
19.368422709919
19.372446452542
19.376424824385
19.380349005039
19.384229414391
19.388076256563
19.391885813541
19.395651528501
19.399383289182
19.403095368964
19.406790620142
19.410480460399
19.414178981467
19.417876304358
19.421597463693
19.425347961129
19.429168319457
19.432982022113
19.436888643631
19.440731790827
19.444630992896
19.448649356584
19.452516913136
19.456437152900
19.460352272180
19.464279722761
19.468303581474
19.472190801157
19.476095644517
19.479999531383
19.483715009394
19.487757741656
19.491776987585
19.597352927986
19.600883418161
19.604969637969
19.609291392733
19.613583403657
19.617863981305
19.622189876557
19.626534534267
19.630904870781
19.635289055488
19.639658257168
19.644079626649
19.648586501047
19.653057345510
19.657553187943
19.662074412632
19.666597020990
19.671157493381
19.675812042467
19.680429240652
19.684947329401
19.689469100114
19.693989785204
19.698514085349
19.703045711785
19.707564927391
19.712079185224
19.716586130480
19.721100027100
19.725612850311
19.730127063147
19.734612697983
19.739116911291
19.743614640023
19.748072512556
19.752622195554
19.757175821450
19.761696124093
19.766226956157
19.770752055461
19.775274709194
19.779808379075
19.784336607567
19.788859430695
19.793376423006
19.797917685152
19.802448820457
19.806996645918
19.811525162231
19.816067187070
19.820605322096
19.825106795193
19.829495093794
19.833982331663
19.838511919918
19.843025161290
19.847547189802
19.852080444907
19.856608271526
19.861122359061
19.865649716393
19.870183652337
19.874706351583
19.879234391909
19.883766022258
19.888281728420
19.892799956382
19.897328170868
19.901858503920
19.906396898609
19.910937545400
19.915478768560
19.920043804023
19.924573734796
19.929133724492
19.933717109368
19.938313427859
19.942902229168
19.947482293372
19.952054717112
19.956622223788
19.961193708251
19.965770114217
19.970328396467
19.974888903348
19.979473439759
19.984038387308
19.988611574055
19.993202772304
19.997797394991

