Time_s
0.930846880205
0.934048707240
0.937358335702
0.940864504965
0.944391139106
0.947876223408
0.951349227277
0.954759667233
0.958227505995
0.961664769940
0.965102900209
0.968543316552
0.971984787938
0.975413371892
0.978852236070
0.982361499081
0.985875145562
0.989083361120
0.992670815144
0.995924443911
0.999191190483
1.002430839491
1.005698191293
1.008937560945
1.012180049385
1.015425120542
1.018677010313
1.021920116525
1.025174033324
1.028419988212
1.031678819283
1.034944593026
1.038226782507
1.041505850382
1.044776639410
1.048041548961
1.051326821414
1.054595219950
1.057855467642
1.061113789668
1.064371380918
1.067613456614
1.070866220218
1.074125747081
1.077373456139
1.080627231675
1.083885885618
1.087124642997
1.090358518919
1.093585221570
1.096791715046
1.100015483189
1.103229669139
1.106449889573
1.109670795286
1.112922542055
1.116145300784
1.119399573488
1.122653316218
1.126008873371
1.129330842239
1.132618819394
1.201545862218
1.208114362672
1.214588053985
1.221170825146
1.308284814313
1.311546861560
1.314681416656
1.317903724769
1.321505301436
1.325191362731
1.328969141214
1.332770407796
1.336552583543
1.340353945242
1.344161694187
1.347942251754
1.351732865200
1.355528086775
1.359324929188
1.363110992401
1.366898119112
1.370657575991
1.374388423286
1.378178271603
1.381966077827
1.385758043124
1.389535595839
1.393323206193
1.397117755299
1.400960837206
1.404840951865
1.408777796162
1.412642854063
1.416504026280
1.420413990864
1.424356175804
1.428199622581
1.432071103407
1.435926124170
1.439819373731
1.443718181248
1.447673553216
1.451576964105
1.455439878379
1.459224860908
1.463073462466
1.466989421104
1.470901053880
1.474808820892
1.478686210003
1.482587714203
1.486452723148
1.490335665278
1.494175661992
1.498047065714
1.501918330594
1.505794232627
1.509679878838
1.513659340711
1.517668582521
1.521612935832
1.525518943738
1.529279605077
1.533190707190
1.537076928492
1.541043255042
1.544763565646
1.548501708782
1.552200967246
1.556098489145
1.560050423213
1.563881497960
1.567746258463
1.571559247741
1.575499118943
1.579491733360
1.583295964747
1.587304849657
1.591077935499
1.595065392394
1.599038169496
1.602809735934
1.606783361679
1.610582052746
1.614481383986
1.618352249400
1.622103136186
1.625963483316
1.629916220237
1.633596250007
1.637585290519
1.641465466621
1.645258815861
1.649336093134
1.653012825909
1.657023846437
1.660880466297
1.664602760701
1.707869016610
1.711294769258
1.715139292194
1.719252788179
1.723423277568
1.727619506493
1.731875045277
1.736056744489
1.740256859107
1.744454737832
1.748658202889
1.752876526756
1.757086528679
1.761292950556
1.765476505417
1.769670717874
1.773857790703
1.778067725295
1.782284878223
1.786505934638
1.790738038786
1.794986134324
1.799232824096
1.803473153783
1.807719786977
1.812015173585
1.816318645732
1.820630754337
1.824970532737
1.829363849707
1.833763139957
1.838254253138
1.842926762247
1.847246770880
1.851617309711
1.855996495660
1.860459871592
1.864871923243
1.869330769900
1.873756581053
1.878209032537
1.882730095351
1.887253592019
1.891854582016
1.896464482661
1.901077436194
1.905381400027
1.910161931884
1.914872712854
1.919631883318
1.924485628591
1.929481404827
1.934370707597
1.943998779930
1.953145880377
1.962378762643
2.073298246057
2.077922753472
2.082436721955
2.086934208194
2.091406158620
2.095806431851
2.100210189900
2.104555860132
2.108873736359
2.113195394690
2.117458623467
2.121702215084
2.125903785801
2.130093552568
2.134217040856
2.138335818752
2.142432104989
2.146494373276
2.150484067363
2.154443944779
2.158381063352
2.162312517411
2.166390895225
2.170568127391
2.174781557575
2.321987066930
2.326126632785
2.330296514844
2.334469815987
2.338200145646
2.342045683896
2.345833597443
2.349615975876
2.353398660058
2.357198177680
2.360939382369
2.364675707819
2.368436015194
2.372202986388
2.375994931621
2.379817699007
2.383658422725
2.387489934036
2.391329516013
2.395194720026
2.399061949745
2.402925098017
2.406787813871
2.410662915743
2.414536929264
2.418427482227
2.422284070155
2.426139090524
2.429989728370
2.433848381044
2.437696092391
2.441527286706
2.445341668249
2.449144145114
2.452946872944
2.456737758761
2.460559948701
2.464367097168
2.468191540743
2.472180575365
2.476239485983
2.480206018389
2.484189976075
2.488166043880
2.491943079537
2.495922580590
2.499754136322
2.503596601441
2.507620017324
2.511396816761
2.515228685467
2.518983553681
2.522846089682
2.526631801216
2.530424879464
2.534384843547
2.538146454268
2.541942841080
2.545859137932
2.549816321310
2.553687005212
2.557533263683
2.561629835101
2.565461464509
2.607962362663
2.615716046555
2.618927697298
2.622737103232
2.626646830826
2.630548272848
2.634498542369
2.638453476682
2.642446889120
2.646408576837
2.650401147404
2.654384234477
2.658492584445
2.662670132733
2.666831328030
2.671084894823
2.675306942672
2.679592079783
2.683855429837
2.688209375980
2.692565244350
2.696900816941
2.701199574904
2.706789191891
2.711499343783
2.716118317187
2.720820448373
2.725675967743
2.730401843141
2.734891408740
2.739341075543
2.744486365685
2.749459797789
2.754085606349
2.758608399629
2.762798278671
2.767439771240
2.771857386663
2.776185417993
2.780376419380
2.784616255359
2.788791896020
2.792957189879
2.797111429837
2.801248226039
2.805367140112
2.809483402394
2.813612088083
2.817709562263
2.821807858688
2.825888772852
2.829977371285
2.834047614147
2.838108461423
2.842164447384
2.846220847903
2.850238245430
2.854272236093
2.858295024886
2.862313900267
2.866329000233
2.870337119591
2.874340612831
2.878336475444
2.882370019338
2.886376815722
2.890349126829
2.894323488608
2.898329796880
2.902426773302
2.906684052708
2.910730570119
2.914793865463
2.918834933534
2.922844197467
2.926860576287
2.930890676301
2.934923326652
2.938950376907
2.943021392996
2.947069683933
2.951179162751
2.955247312071
2.959362229886
2.963506660118
2.967607703552
2.971902287079
2.976074711620
2.980235258667
2.984451892625
2.988762424078
2.993146995191
2.997470817988
3.002102229561
3.006761519748
3.011527802795
3.016264443290
3.020925048601
3.025475133041
3.030282403861
3.034967751543
3.039228741151
3.043637049063
3.047930435199
3.052147879280
3.056381387853
3.060592770637
3.064789046283
3.069004423999
3.073202833439
3.077439972756
3.081663293030
3.085842683046
3.090098794145
3.094290168149
3.098500208645
3.102691745168
3.106931063846
3.111165391303
3.115379483055
3.119610960462
3.123765920605
3.127904886665
3.132048812736
3.136170231571
3.140276708903
3.144395011697
3.148488059392
3.152502702191
3.156511445600
3.160530408495
3.164522381086
3.168473861592
3.172378741579
3.176343448430
3.180308550587
3.184291109317
3.188411868480
3.192299014512
3.435654546940
3.439083885424
3.443520472897
3.447422095770
3.450850303769
3.454797023972
3.458744232675
3.462725976590
3.466732577213
3.470771268050
3.474838185705
3.478902882083
3.482967426996
3.487084095081
3.491228403139
3.495398101515
3.499570318209
3.503773626739
3.507992086582
3.512230394619
3.516488250130
3.520770500844
3.525057160352
3.529358079081
3.533685437222
3.538046475602
3.542439467403
3.546851835014
3.551275155377
3.555738257207
3.560227825310
3.564722199108
3.569242182782
3.573763566444
3.578304431440
3.582873155121
3.587502176247
3.592169780621
3.596739701757
3.601290260203
3.605874211997
3.610536881129
3.615115849677
3.619871584847
3.624511998963
3.629146254071
3.633925618217
3.638799718149
3.643294942478
3.648077714263
3.652605035780
3.656975705899
3.661516202856
3.816914544742
3.820213374785
3.823725361901
3.827598440890
3.837316163848
3.841605549167
3.846946982937
3.852243179130
3.856847143233
3.861373829292
3.866121487215
3.870863141345
3.875423092892
3.880037020521
3.884934439168
3.889621210486
3.894236054045
3.898963385570
3.903616600194
3.908323452458
3.912911975869
3.917437158148
3.921841651118
3.926236051595
3.930581725315
3.934916509595
3.939195097332
3.943497396695
3.947819791692
3.952112881536
3.956391312618
3.960659841547
3.964960054863
3.969256371249
3.973527922558
3.977820045977
3.982397982058
3.986906689669
3.991331753349
3.995822556249
4.000563507668
4.005124884888
4.009481546431
4.014047881931
4.018676025245
4.023377190025
4.028091776175
4.032636312944
4.037267963600
4.042007070531
4.046659027211
4.051267374542
4.055839138163
4.060196306002
4.064472849014
4.068878033997
4.073432320603
4.077839149977
4.082142857143
4.086384584891
4.090658962420
4.094965685888
4.099248559645
4.103568161824
4.107912663692
4.112279757063
4.116692903585
4.121119497499
4.125566974932
4.130040698749
4.134508869767
4.139033167132
4.143568479452
4.148122716778
4.152713164670
4.157315514936
4.161955549566
4.166614538206
4.171282412913
4.175912638620
4.180550160438
4.185196012692
4.189863135142
4.194538756273
4.199233735289
4.203922897886
4.208604065061
4.213292629249
4.218000586841
4.222699948228
4.227411115978
4.232122269480
4.236770970459
4.241364172422
4.245969499385
4.250597634230
4.255300040891
4.260039111721
4.264692572597
4.269444877950
4.274073120081
4.278678600388
4.283298983024
4.287580937221
4.292352548379
4.296864134968
4.301591404202
4.306179145013
4.310815217399
4.315505067088
4.320158965957
4.324881402560
4.329531795302
4.334049513885
4.337762518939
4.342384217821
4.376640834736
4.381012344263
4.385710092316
4.389819948845
4.394324723941
4.398808472113
4.403327446233
4.407877287380
4.412430709790
4.417054978477
4.421697050610
4.426295727700
4.430960277663
4.435602613746
4.440310165437
4.444979466414
4.449657857690
4.454420250675
4.459280039000
4.464184921002
4.468848562750
4.473514623237
4.478207199626
4.482946303812
4.487790707675
4.492519096842
4.497165290614
4.501955091211
4.506910257735
4.511999374616
4.517263606314
4.522088134033
4.532896169483
4.537581930066
4.542457291445
4.547180513357
4.551939321839
4.556668149613
4.561347710085
4.566083387489
4.570867170127
4.575972456091
4.580837828077
4.585842611011
4.590420732750
4.594901121577
4.757632062173
4.761841362426
4.765756886531
4.769852081525
4.774076679068
4.778405573341
4.782752882805
4.787071095129
4.791439299562
4.795840013164
4.800278819758
4.804733819788
4.809265877768
4.813803059893
4.818377323674
4.822972598223
4.827617591071
4.832291743752
4.837035901345
4.841817070602
4.846581757661
4.851455689933
4.856324362496
4.861221562834
4.866221197847
4.871212530217
4.876155635376
4.881285206975
4.886360545156
4.891533544248
4.896723398315
4.901924796637
4.907129525271
4.912375428526
4.917080427969
4.933987923676
5.245686449520
5.249076552902
5.252696336803
5.256018155375
5.259693571878
5.263280687057
5.266810135647
5.270314230161
5.273737231115
5.277202990359
5.280642684848
5.284073895151
5.287491871894
5.290918024183
5.294334467442
5.297765810249
5.301142814611
5.304560214223
5.307945127385
5.311331564635
5.314691600856
5.318057380457
5.321412581317
5.324767919017
5.328095500590
5.331411609252
5.334720830922
5.338044395754
5.341381706183
5.344849214100
5.348278801115
5.351801859918
5.355309495431
5.358938545614
5.362557947398
5.366268456282
5.369993800325
5.373801966547
5.377202521565
5.381286664130
5.384583345262
5.634608653873
5.638569776110
5.642528966477
5.646431857774
5.650276846667
5.654155691868
5.658038548753
5.661929271099
5.665827254716
5.669786012495
5.673747483666
5.677802991900
5.682106617845
5.865877196828
5.869658522777
5.873587364058
5.877905835334
5.881313502019
5.885161392882
5.889092737592
5.893083975498
5.897047300870
5.901002903076
5.904911331586
5.908833654072
5.912730448215
5.916610871344
5.920501246779
5.924445244230
5.928314637080
5.932250745193
5.936198266850
5.940130278462
5.944039419214
5.947945989216
5.951829643784
5.955711244613
5.959563904323
5.963429590963
5.967259348150
5.971080905298
5.974905569746
5.978731660680
5.982545259986
5.986310458099
5.990071053942
5.993803952904
5.997531025205
6.001222190448
6.004967906763
6.008666063739
6.012370340760
6.016012569159
6.019652996077
6.023266692993
6.026829863998
6.030381467641
6.033909434100
6.037495659603
6.041115710571
6.044779178811
6.048449763196
6.052189255317
6.056005276705
6.059785109910
6.063422295510
6.067270571448
6.070710472243
6.074672479107
6.116861439231
6.120804973882
6.124621234465
6.128246909670
6.131721030600
6.135247085770
6.138831664014
6.142494089366
6.146276489038
6.150197052596
6.154111300396
6.158075829175
6.162079462212
6.166138605326
6.170229642366
6.174292560191
6.178438296005
6.182528453057
6.186609566686
6.190689408022
6.194783336141
6.198812964362
6.202959183673
6.210745468008
6.214838723243
6.218984622835
6.222835440761
6.226883665888
6.230930740812
6.235106430700
6.239108271572
6.242893191205
6.246880624028
6.250304376950
6.254166855047
6.258135058422
6.262153246282
6.266116095159
6.269833324697
6.273189442624
6.277008081361
6.280838095910
6.285180206395
6.289238710919
6.293179630456
6.324771409938
6.328549338387
6.332876930190
6.336137526884
6.340070727179
6.344120330063
6.348281712381
6.352466039949
6.356548919803
6.360619729633
6.364676190661
6.368747724591
6.372841693247
6.376904521418
6.381004677354
6.385094448313
6.389195781875
6.393328898938
6.397443519754
6.401589385170
6.405746561161
6.409902131265
6.414057626826
6.418211259330
6.422378470886
6.426554884295
6.430732793727
6.434915557153
6.439094778164
6.443245180629
6.447389720768
6.451529222077
6.455661631012
6.459785616321
6.463905170316
6.468011417353
6.472104569389
6.476166026508
6.480241515460
6.484295402051
6.488352619213
6.492393622778
6.496383484563
6.500356050463
6.504303569656
6.508204532256
6.512127857371
6.516040644452
6.519984314397
6.523936452754
6.527920832922
6.531938645102
6.711220411145
6.715448341219
6.719609887533
6.723826508234
6.728464835714
6.733434138324
6.833177713850
6.837288930756
6.841483761566
6.845709508389
6.850124271560
6.854603883657
6.858992505593
6.863374128759
6.867784538614
6.872251704966
6.876628037076
6.881058143248
6.885396087773
6.889759967078
6.894195494228
6.898540862940
6.902887332514
6.907242459959
6.911560798093
6.915798693635
6.919850324070
6.924057402097
6.928313179157
6.932583678673
6.936861621290
6.941121402908
6.945373084112
6.949643303828
6.953916429257
6.958182467135
6.962420328289
6.966697629701
6.970954612083
6.975228766794
6.979498393826
6.983750641345
6.988012319124
6.992290619903
6.996565215208
7.000857910496
7.005126961300
7.009393466795
7.013645262913
7.017911703105
7.022193218775
7.026464475748
7.030720983790
7.034990837433
7.039298148051
7.043500893878
7.047834416273
7.052180079865
7.056517640195
7.066010835702
7.070250201165
7.075395311707
7.079700375472
7.084102753977
7.088462370049
7.092650939350
7.097198515960
7.101314941335
7.105519639214
7.109851499794
7.114143713325
7.118397154401
7.122620252248
7.126900035496
7.131266809873
7.135423166935
7.139807817289
7.144062673688
7.148981462960
7.152555089337
7.156830184496
7.161344310919
7.165672864680
7.169900558298
7.174203795614
7.178456623200
7.182808911980
7.205260662103
7.209109897776
7.213740620423
7.217318606597
7.221418792566
7.225536654281
7.229759624126
7.234011511582
7.238281323781
7.242568453279
7.246960452087
7.251356196136
7.255852857156
7.260320748145
7.264925383759
7.269526976608
7.274222779525
7.278821057693
7.283486284066
7.288166078771
7.292892944151
7.297673602398
7.302392290249
7.307200657372
7.312067111677
7.316966688200
7.321748552509
7.326651372734
7.331527733600
7.336420679939
7.341412863641
7.346206619951
7.351181090005
7.356240697093
7.361068941309
7.366040028768
7.371059138676
7.376012111338
7.380637848422
7.385770700517
7.390790667825
7.394715535198
7.769266855214
7.774025984481
7.777301862151
7.781155031463
7.785060649616
7.788949904939
7.792845739628
7.796732529624
7.800669761391
7.804631178387
7.808583550108
7.812547464503
7.816552683167
7.820601428307
7.824617773584
7.828693829375
7.832741827411
7.836811728599
7.840878132080
7.844939662884
7.849022658049
7.853121582397
7.857240942483
7.861294263342
7.865398198351
7.869484351495
7.873578525298
7.877677768799
7.881742913892
7.885814783422
7.889883332866
7.893952879184
7.898041807384
7.902185992482
7.906328840102
7.910468868557
7.914562895015
7.918592976513
7.922553605915
7.926551944725
7.930501270890
7.934451014154
7.938381773433
7.942296352783
7.946147001511
7.949849174027
7.953700970082
7.957357243981
7.961172809510
7.964806635652
7.968560335907
7.972222466552
7.975878634540
7.979677981648
7.983603479121
7.987478693899
7.991500389868
7.995553073969
7.999675658085
8.003732877840
8.007825976439
8.011889178595
8.015925386076
8.019957787629
8.023940254362
8.027936421488
8.032016468976
8.035847123559
8.039872357886
8.051948212971
8.056057935926
8.060140224376
8.064238230231
8.068367934840
8.072414390352
8.076453064335
8.080597155562
8.084635561222
8.088786232595
8.486357745871
8.489736358203
8.493627037550
8.497524074340
8.501329262480
8.505200854341
8.509050762718
8.512897738498
8.516719254974
8.520562517148
8.524441276943
8.528309232338
8.532156311723
8.535975616194
8.539886130679
8.543771556180
8.547671744060
8.551539748518
8.555432516045
8.559304922720
8.563179125286
8.567125099168
8.571030461892
8.574912085057
8.578835055509
8.582727862037
8.586596287217
8.590488691481
8.594351109909
8.598232283592
8.602096435822
8.605980393374
8.609863459538
8.613752276429
8.617603321621
8.621495891885
8.625375433006
8.629231543387
8.633095971196
8.637032265062
8.640915396885
8.644799763123
8.648702524453
8.652585772544
8.656376969113
8.660196481740
8.664109173294
8.667982720974
8.671818534905
8.675699275898
8.679599350045
8.683514275159
8.687513732205
8.691362933385
8.695144286495
8.699053514312
8.702844146171
8.706877304420
8.710728813292
8.714578673184
8.718431576725
8.722289873378
8.726214219325
8.730251303852
8.734093265496
8.738061361553
8.741873655843
8.745780010660
8.749609462100
8.753551054128
8.757462202310
8.761219386978
8.765099617084
8.768948257702
8.772853222504
8.776880394455
8.780646945748
8.784710958580
8.788486920146
8.792031831483
8.796303034591
8.800052269513
8.803915725145
8.878725220165
8.883282571082
8.887796443360
8.892174116787
8.896582783240
8.900849214654
8.905158167934
8.909466656149
8.913840667678
8.918186271442
8.922470118521
8.926729947632
8.931010088392
8.935325874236
8.939697540910
8.944068453370
8.948432533334
8.952908306450
8.957372560440
8.961836026332
8.966313297332
8.970803620763
8.975274968422
8.979734734797
8.984117044907
8.988417117937
8.992802453078
8.997238770760
9.001713534745
9.006179408009
9.010660541228
9.015134134633
9.019604015243
9.024061539661
9.028538860084
9.032983581882
9.037488068948
9.041927855803
9.046384175760
9.050821118836
9.055309170734
9.059786135552
9.064221987216
9.068690494048
9.073156628925
9.077648201976
9.082084703607
9.086517501352
9.090983900690
9.095460007430
9.099926753410
9.104366741135
9.108827204224
9.113280070311
9.117734653590
9.122180260714
9.126607399140
9.131055265342
9.135533460347
9.139925301951
9.144249275628
9.148706419960
9.153139691695
9.157616760043
9.162053288354
9.166509397150
9.170953538193
9.175385113236
9.179831595461
9.184279717783
9.188718934643
9.193168864677
9.197632807185
9.202076172847
9.206549426609
9.211027038132
9.215506288169
9.219959488905
9.224400471787
9.228894049585
9.233372733907
9.237810134854
9.242268355844
9.246726478783
9.251190849207
9.256700385080
9.262237723348
9.271036668346
9.274796550214
9.278989974633
9.283498366543
9.287818473944
9.292139139398
9.296555809018
9.300858006652
9.305171750640
9.309682498585
9.314179573261
9.318621176360
9.323126008894
9.327570042037
9.332023250723
9.336438190581
9.340784636838
9.345141984820
9.349491480700
9.353797893557
9.358135934366
9.362569794367
9.367169820853
9.371831037888
9.376391023258
9.380965680963
9.385752860400
9.390491761859
9.395281491170
9.400434404077
9.405342812454
9.410413045722
9.415160082676
9.434231597310
9.439072587953
9.443655251096
9.448345523396
9.453349377907
9.458511352221
9.463288367172
9.468264829446
9.472720913513
9.477661753221
9.482246326542
9.486652377236
9.491091849614
9.495608928996
9.500117863030
9.504644931071
9.509061910217
9.513490468827
9.518091262646
9.522708353714
9.527423904931
9.532261708493
9.537032294600
9.541806321182
9.546500682538
9.551093855401
9.555616351625
9.559966810964
9.564247568030
9.568519284482
9.572819589228
9.577155904298
9.581477663142
9.585782560399
9.590110027881
9.594402371198
9.598701328692
9.602994749608
9.607264530669
9.611504140335
9.615748069792
9.620001359916
9.624201170384
9.628383753731
9.632543501346
9.636696704793
9.640863738546
9.645083906767
9.649256179660
9.653432076289
9.657554890527
9.661703871545
9.665837851816
9.670011975111
9.674142358891
9.678159173797
9.682293929994
9.686378202470
9.690452190504
9.694561356446
9.698647060850
9.702640872255
9.706619038042
9.710555857917
9.714505393930
9.718433628924
9.722547125895
9.726661388647
9.730926593278
9.735212063750
9.739444964529
9.743628782905
9.747818321305
9.752056324162
9.756285679790
9.767277842049
9.771826929452
9.776085850250
9.780304385949
9.784543590570
9.788757234729
9.792928675698
9.905064793076
9.909410995016
9.913565671195
9.917577842730
9.921632646327
9.925736891087
9.929830842304
9.934005760545
9.938175393612
9.942336526021
9.946633894366
9.950867916978
9.955142972827
9.959445365039
9.963803587006
9.968170233153
9.972589087603
9.977044967386
9.981550588613
9.986117815327
9.990755294092
9.995375003909
10.000225115953
10.004954302187
10.010305133885
10.561218314301
10.565433884300
10.569931098789
10.574161496160
10.578470471631
10.582681083271
10.586875344738
10.591070058476
10.595245391423
10.599450870656
10.603625004884
10.607859321999
10.612046206300
10.616329743443
10.620587228362
10.624799450381
10.629133746289
10.633664079049
10.637908654375
10.642054003397
10.646298634967
10.650561342940
10.654773421849
10.658946065192
10.663163648868
10.667430091743
10.671603594074
10.675878722628
10.680090805289
10.684260719908
10.688498854804
10.692680255691
10.696836390329
10.700997720659
10.705179836166
10.709387380621
10.713529828339
10.717679787691
10.721850602570
10.726066793955
10.730238534992
10.734341368478
10.738500144166
10.742615850737
10.746379382954
10.750377863552
10.754395503258
10.758402728362
10.762406453530
10.766423822967
10.770445671062
10.774489832855
10.778502369202
10.782526606169
10.786544671309
10.790570109484
10.794566388368
10.798569349123
10.802556651582
10.806530747399
10.810471835632
10.814440862207
10.818375973419
10.822304572878
10.826210284362
10.830108614351
10.833972248806
10.837854882023
10.841737400732
10.845620476794
10.849488234181
10.853342545956
10.857143082710
10.860950859667
10.864750210211
10.868547110537
10.872312326952
10.876037729589
10.879754325313
10.883427690126
10.887098209786
10.890746147540
10.894419731148
10.898056094742
10.901749915510
10.905370666549
10.909055719672
10.912682776067
10.916374021017
10.920030586757
10.923731077734
10.927489808217
10.931498958437
10.935397081093
10.939402792228
10.943465775921
10.947475430535
10.951545188482
10.955605298998
10.959676383381
10.963648920067
10.967625071690
10.971319992815
10.975035835530
10.978729030917
10.982441009710
10.986273632663
10.990395295405
10.994261136265
10.998175357621
11.002457469186
11.005760573255
11.008803684835
11.012563427400
11.016005577002
11.019516649333
11.022980497903
11.026468052680
11.029963350232
11.033467247540
11.036970225130
11.040490874784
11.044024776764
11.047557157489
11.051094497010
11.054626138101
11.058165684214
11.061718854290
11.065277614874
11.068839424605
11.072409744880
11.075988593102
11.079572749455
11.083160858266
11.086761159656
11.090378291551
11.093981039420
11.097592363531
11.101207134101
11.104852598087
11.108519802994
11.112188290284
11.115871375321
11.119564440604
11.123261068486
11.126955976305
11.130669614193
11.134411388954
11.138138007810
11.141872390261
11.145635756809
11.149426085089
11.153189529805
11.156986149935
11.160786341843
11.164595291231
11.168414111755
11.172271856012
11.176138287514
11.180034244857
11.183919706627
11.187826353736
11.191763985879
11.195689633618
11.199606142886
11.203547727232
11.207506213852
11.211515640062
11.215586676910
11.219684631026
11.226757456617
11.230648279969
11.234635722066
11.275340940621
11.279288862242
11.282972172613
11.287099604030
11.290599880255
11.294509450190
11.298411432043
11.302273198821
11.325832787804
11.329688613743
11.333293660473
11.337345367186
11.341082456294
11.344836028505
11.348823239747
11.353014477766
11.357170818961
11.361380508056
11.365698306766
11.369880973597
11.374114535714
11.378391415536
11.382630871930
11.386905354001
11.391221524542
11.395457412656
11.399716394009
11.403950752645
11.408304173962
11.412534810909
11.416814146474
11.421022268425
11.424897434673
11.428979851423
11.433084160700
11.437173639714
11.441305902930
11.445484202610
11.449708666501
11.453943160654
11.458130959095
11.462358321091
11.466579481881
11.470821688524
11.475057207247
11.479285978105
11.483543754730
11.487768590269
11.492017860020
11.496251217327
11.500486433155
11.504687191531
11.508904072472
11.513098487237
11.517283646318
11.521454175925
11.525591508499
11.529754099691
11.533854111600
11.537974369958
11.542066904643
11.546186647866
11.550265021923
11.554348456055
11.558369367054
11.562443761424
11.566376948019
11.570403421336
11.574330565870
11.578339182878
11.582410189881
11.586567767394
11.590768903930
11.594921237801
11.599042225764
11.603207018294
11.607375602899
11.611543469847
11.615729499233
11.619828760718
11.623965063008
11.628076357948
11.632193858941
11.636290389866
11.640425346967
11.644505361164
11.648596309613
11.652652915816
11.656673792521
11.660732084313
11.664820732539
11.668940409029
11.677171158756
11.681271420858
11.685414230433
11.689511671328
11.694671350637
11.703887228868
11.708198363654
11.712316624829
11.716422251563
11.720617598869
11.724393614814
11.728427397224
11.732562320012
11.736739302176
11.740967230439
11.745223371101
11.749413261510
11.753693121169
11.757931647810
11.762154504138
11.766458184673
11.770764981441
11.775080790046
11.779398057482
11.783731995068
11.788038638117
11.792399141237
11.796732478395
11.801117413948
11.805584459181
11.810167451795
11.814809474140
11.819380014913
11.824019965670
11.828553625031
11.833042328377
11.837352896596
11.842268887039
11.846748817968
11.851544372134
11.856331207288
11.860949187532
11.865233384894
11.870153260242
11.874606580859
11.879095922719
11.883479661937
11.887788265379
11.892032660406
11.896315355549
11.900640434744
11.905012671642
11.909394774835
11.913770529273
11.918130616146
11.922499325747
11.926870148097
11.931216191522
11.935579694564
11.939929351101
11.944292690519
11.948636292889
11.952988314277
11.957419604104
11.961792965081
11.966187064920
11.970603349238
11.975049296155
11.979574199115
11.984067773918
11.988661134738
11.993275406171
11.998868935402
12.003426651570
12.008006692388
12.012530783249
12.017023312348
12.021614158180
12.026243005889
12.030874599231
12.036483966096
12.040968816534
12.046650053905
12.051940751886
12.057376983768
12.061798274085
12.066647853954
12.072136786610
12.077776245764
12.082088926228
12.087269956336
12.091883560092
12.096156345208
12.100530421882
12.105297435727
12.109894108514
12.115324072219
12.119961571637
12.124514752652
12.128533850067
12.132751575429
12.137143993291
12.141516933068
12.145879104412
12.150261838483
12.154632416411
12.159022440865
12.163413007998
12.167793375181
12.172158645771
12.176512357963
12.180842818835
12.185174736725
12.189500044761
12.193828604312
12.198114813763
12.202398201421
12.206684604056
12.210947585770
12.215203556903
12.219442864285
12.223665239942
12.227879120620
12.232062852184
12.236239541098
12.240407986861
12.244585415356
12.248721734660
12.252885857326
12.257052652867
12.261194681792
12.265325182387
12.269442619739
12.273561503831
12.277708219918
12.281909448215
12.286153392329
12.290341539652
12.294587020706
12.298907894145
12.303129473896
12.307395759678
12.311600596703
12.315723060424
12.319846334288
12.324013589209
12.328200105900
12.332423196543
12.336628817255
12.340871292440
12.345132818548
12.349422409038
12.353699399188
12.358002160859
12.362332743354
12.366704616083
12.370987971093
12.375351093698
12.379677205096
12.384138995162
12.388478853369
12.392832166719
12.397346685466
12.401825588269
12.406132750168
12.410674725989
12.415008327874
12.419583514205
12.423906967223
12.428169972651
12.432745634450
12.436941030699
12.441569161798
12.446068969877
12.450442912414
12.455840379002
12.461238356012
12.465687587800
12.470559904444
12.475549179682
12.479908203319
12.484282566933
12.488810589115
12.494191679152
12.498583091038
12.503058567365
12.806954383879
12.816377557990
12.826175781902
12.836064598407
12.844999254495
12.855205762813
12.865339284228
12.875351188396
12.885854700916
12.896140762257
12.906437540413
12.932556850151
12.937200365168
12.941802046890
12.946370345811
12.951015980315
12.955436737605
12.959942565011
12.964419104132
12.968878649899
12.973320596435
12.977742491540
12.982174003256
12.986580149983
12.990957018411
12.995379155990
12.999791540197
13.004143484792
13.008544203706
13.012922105151
13.017318576846
13.021703958314
13.026117248416
13.030525336077
13.034962415830
13.039424988542
13.043894067927
13.048432764986
13.052965746585
13.057558922020
13.062178188955
13.066872165245
13.071619197530
13.076356574948
13.081141398528
13.086002418535
13.090913439153
13.095896524775
13.100966836678
13.106108036162
13.111494310378
13.116629737125
13.121478696425
13.126106015645
13.130607856912
13.135219610120
13.139746833941
13.144040583061
13.795989506189
13.799769957790
13.803174936353
13.806758594833
13.810322919184
13.813888709463
13.817447331162
13.820970406486
13.824482997776
13.828010606470
13.831496882842
13.835017384973
13.838520314664
13.842001861105
13.845476035514
13.848944977941
13.852417284163
13.855843255648
13.859257854997
13.862681201672
13.866073236177
13.869480169758
13.872841500264
13.876189040254
13.879578465068
13.882914500922
13.886286306897
13.889610513225
13.892950703693
13.896314498103
13.899650426351
13.902954705230
13.906362477091
13.914052379224
13.916487283838
13.918541704172
13.920561413339
13.922591110033
13.924707828620
13.926843406001
13.929417710195
13.931456764940
13.933482114025
13.935644031383
13.937511252743
13.939481890129
13.941488661610
13.943219832137
13.987681922004
13.991699554627
13.994989379024
13.998289788703
14.001809328591
14.005394084758
14.008968634327
14.012534285190
14.016089206831
14.019648353258
14.023196756063
14.026747673913
14.030254125466
14.033770320821
14.037265941898
14.040781471907
14.044308102139
14.047824924787
14.051332384201
14.054834900352
14.058356884723
14.061880061862
14.065406200671
14.068942640033
14.072473352999
14.075988976595
14.079517472795
14.083030669990
14.086546505264
14.090055426356
14.093572651816
14.097081898824
14.100606226372
14.104142248088
14.107654176402
14.111167509717
14.114673538306
14.118151526815
14.121639856217
14.125124547151
14.128605424825
14.132084604886
14.135547738618
14.139026454338
14.142480234920
14.145922545640
14.149361268422
14.152787460966
14.156204529995
14.159651976014
14.163150448892
14.166692006747
14.170284154513
14.173817550559
14.177319640364
14.180826512039
14.184405148891
14.187943155286
14.191413699498
14.194893846720
14.255462014795
14.258999256248
14.262431353352
14.266101932300
14.269379346416
14.272546338447
14.275751159732
14.279032277030
14.282287729852
14.285581093135
14.288902542124
14.292256722734
14.295634782287
14.299066563214
14.302458163363
14.305908525612
14.309391229683
14.312870594202
14.316378875140
14.319902834164
14.323442992953
14.326982150191
14.330537976313
14.334112133105
14.337692319605
14.341314042588
14.344938418515
14.348587370580
14.352257115964
14.355975448684
14.359657690524
14.363337569871
14.367093962458
14.370891514360
14.374696392371
14.378489642095
14.382302064097
14.386121960121
14.390040410821
14.393911858850
14.397827394933
14.401721055713
14.405609068504
14.409525295854
14.413424549507
14.417354195078
14.421245084076
14.425203919260
14.429203471128
14.433094481699
14.436930128018
14.440817146366
14.444723342855
14.448611171772
14.452521563244
14.456452508651
14.460346635072
14.464226744444
14.468154068162
14.472075942195
14.475979372198
14.479880249168
14.483772499476
14.487687218872
14.491579736312
14.495491322725
14.499372441586
14.503231884585
14.507085894414
14.510943902511
14.514826407227
14.518670411249
14.522517238585
14.526372250580
14.530221679493
14.534056188590
14.537891873123
14.541673909056
14.545496486144
14.549336605572
14.553134472700
14.556945299928
14.560775117296
14.564570695290
14.568400456913
14.572243557442
14.576092167545
14.579967215654
14.583803952115
14.587706521666
14.591627320456
14.595545447624
14.599447302078
14.603329250697
14.607252336499
14.611190109960
14.615106221518
14.618993311957
14.622896839227
14.626827821849
14.630775231529
14.634718392322
14.638646230380
14.642553614674
14.646490061135
14.650425289603
14.654334091556
14.658255589332
14.662194885240
14.666203610945
14.670083686763
14.673936039444
14.677788943390
14.681835749261
14.685798871357
14.689830891530
14.693701017340
14.758370791504
14.762244416448
14.766063820319
14.769770140676
14.773583698197
14.776879838677
14.780891197846
14.784909149373
14.789020169585
14.793072552762
14.797095296753
14.801217811885
14.805286883066
14.809416663798
14.813545702679
14.817705192519
14.821869753349
14.826074496504
14.830318448603
14.834509299808
14.838706419600
14.842877025996
14.847080391893
14.851352112707
14.855583807904
14.859737229786
14.863972746121
14.868244776566
14.872554837237
14.876695959879
14.880812757524
14.884913292024
14.889024273859
14.893171199073
14.897292808018
14.901428082549
14.905547261911
14.909701992036
14.913814414384
14.917952316352
14.922053862441
14.926180727215
14.930294244701
14.934354465625
14.938438108647
14.942537264713
14.946621519527
14.950649864352
14.954709802319
14.958746956500
14.962788710532
14.966802812846
14.970784186686
14.974777088162
14.978752465522
14.982727207694
14.986729190385
14.990725946897
14.994710721582
14.998679580352
15.002656052926
15.006623972963
15.010556917759
15.014505077003
15.018418857155
15.022338070609
15.026213494127
15.029975282685
15.033969548802
15.037988739307
15.042035104974
15.046132847687
15.050183499023
15.054197523910
15.058202461613
15.062239744181
15.066270860705
15.070339061802
15.074318925869
15.078297295903
15.082283689176
15.086345893366
15.090360577665
15.094363932606
15.098397007242
15.102405208371
15.106423047969
15.110492883712
15.114517066091
15.146266675067
15.150569346610
15.154748382727
15.158560298087
15.162556495355
15.166515655526
15.170505954229
15.174494380643
15.178467871544
15.182440877144
15.186213311687
15.190203014816
15.194238610104
15.198325754861
15.202438112475
15.206623940544
15.210808377931
15.215006525576
15.219224622592
15.223491606637
15.227737578637
15.232012896067
15.236273812362
15.240511906082
15.244737880545
15.248962160622
15.253176713874
15.257332691071
15.261479581209
15.265598158203
15.269674082405
15.273714897874
15.277738709001
15.281748508933
15.285773034694
15.289864039613
15.294031930355
15.298170125440
15.302406896684
15.306629288335
15.310822172280
15.314989660340
15.319206967700
15.323410456880
15.327594763048
15.331786498312
15.335124064344
15.339317492918
15.343521527453
15.347623113773
15.351718215656
15.355800810406
15.359856087897
15.363970951003
15.368028926851
15.372135564966
15.437960730847
15.441302592840
15.444774535188
15.448368602001
15.451961398242
15.455599813908
15.459248591603
15.462943955749
15.466633939967
15.470363584478
15.474080233878
15.477815212063
15.481586931056
15.485351610651
15.489121077258
15.492897107788
15.496696721399
15.500494412746
15.504298441363
15.508116499701
15.511916099773
15.515764322990
15.519577608734
15.523389440993
15.527213028035
15.531021630754
15.534835476095
15.538637098461
15.542440695918
15.546244127528
15.550002972180
15.553821832117
15.557667238189
15.561536764787
15.565474283497
15.569507497852
15.573673944804
15.577877480679
15.582156701382
15.708365245242
15.711971588604
15.715690041809
15.719661520537
15.723547884503
15.727513397587
15.731589747156
15.735816862000
15.739962283224
15.744163376992
15.748359320947
15.752561982338
15.756815775580
15.761090258429
15.765473537710
15.769756873432
15.774088227452
15.778358085279
15.782655161379
15.786894145713
15.791195680033
15.795520107206
15.799807757753
15.804068451777
15.808289751431
15.812546846469
15.816830901111
15.821104354803
15.825394230056
15.829682910655
15.833980320105
15.838290522843
15.842609730138
15.846935528873
15.851260096142
15.855597412066
15.859949977106
15.864300387226
15.868641427490
15.872991944446
15.877354379331
15.881705815115
15.886063066943
15.890410231854
15.894766515242
15.899123044066
15.903482408346
15.907821432586
15.912190241673
15.916539303524
15.920897292648
15.925255889705
15.929576873844
15.933900858518
15.938187207479
15.942509151805
15.946791941910
15.951090871309
15.955364545040
15.959642440130
15.963911733552
15.968165915046
15.972415640127
15.976664721206
15.980895430732
15.985128394097
15.989368282922
15.993613162976
15.997826055250
16.002058800788
16.006298861908
16.010562813719
16.014805584966
16.019101897237
16.023469897639
16.028002411307
16.032441589944
16.071929954877
16.076248880798
16.080536746849
16.084808495658
16.089150358961
16.093416649007
16.097760011235
16.102081263314
16.106443653140
16.110758765401
16.115234674182
16.119642704732
16.124311337932
16.357765720705
16.361726348348
16.365970130405
16.369816708954
16.373826127957
16.378032895128
16.382330675869
16.386743489094
16.391154205673
16.395793476565
16.400426173562
16.404672167017
16.496712685230
16.501043393295
16.505207346402
16.509239295648
16.513449698266
16.517651788090
16.521964600206
16.526239349310
16.530581730987
16.534886608677
16.539202243393
16.543609065379
16.547980107899
16.552328134777
16.556663899040
16.561090730825
16.565451362377
16.569704679611
16.573994210607
16.578317950294
16.582741742961
16.587090149056
16.591435923312
16.595786767123
16.600148451083
16.604510489826
16.608852080781
16.613233534348
16.617580376901
16.621935012252
16.626280592693
16.630634578347
16.634997782871
16.639349278577
16.643707549931
16.648059460676
16.652404103841
16.656734124277
16.661042959670
16.665389634950
16.669683253074
16.673990083647
16.678262315205
16.682544072362
16.686824070500
16.691055628020
16.695311804816
16.699545733109
16.703779375902
16.707975527769
16.712176881257
16.716361860691
16.720526699447
16.724667142746
16.728778060252
16.732864169840
16.736932481867
16.740946253811
16.745005880505
16.749117290456
16.753190325142
16.761566214769
16.765832770711
16.787903025903
16.792285175021
16.796685294770
16.801009034025
16.805348020621
16.809693257168
16.813870936759
16.818212571729
16.822432571708
16.826704894301
16.830932394210
16.835229897616
16.879282874211
16.892407738114
16.933703078092
16.937777866320
16.941853754830
16.945952621582
16.950078623583
16.954215232417
16.958357725512
16.962498780987
16.966676718797
16.970862877006
16.975022176261
16.979213599999
16.983435528063
16.987702000037
16.991948172086
16.996207886570
17.000471523051
17.004743133263
17.009070678739
17.013381562848
17.017751890800
17.022072480055
17.026407808647
17.030736250558
17.035073147228
17.039414599145
17.043752872751
17.048083939490
17.052421962214
17.056774255548
17.061131680683
17.065488980995
17.069855645849
17.074225174911
17.078587824698
17.082966673711
17.087347269023
17.091732184259
17.096134728100
17.100537870752
17.104964102936
17.109425366751
17.113919064858
17.118417433138
17.122947124851
17.127529338991
17.132299674922
17.136839317245
17.141446859175
17.146163833745
17.150944419713
17.156080998127
17.161080805187
17.165792816319
17.170489093874
17.175299119264
17.180069161274
17.184470529362
17.192923493262
17.197690721232
17.202874356623
17.208171573517
17.213156662729
17.218151247623
17.223248335709
17.228019871261
17.233346501178
17.238368241941
17.243253448190
17.248148264979
17.252979784183
17.257914585858
17.262668864997
17.267499521316
17.272360564246
17.277403761808
17.281823735359
17.285680220990
17.290108533770
17.294251748256
17.298362677077
17.302555287482
17.306725332169
17.310898474030
17.315091532331
17.319258451962
17.323450737220
17.327617157818
17.331765524993
17.335918256857
17.340037391109
17.344163689504
17.348239119358
17.352335893028
17.356409956499
17.360677050754
17.372182186217
17.376294249703
17.380642382798
17.384740590847
17.418930946972
17.422982318652
17.427245555089
17.431286506927
17.435438203100
17.595533701469
17.599428381887
17.603174856148
17.607089612332
17.611014513308
17.615014945848
17.619061555102
17.623220203149
17.627341645863
17.631551870177
17.635767772677
17.639990216340
17.644224220129
17.648456628087
17.652675044761
17.656930450133
17.661169448444
17.665433519889
17.669666749997
17.673964214104
17.678243710841
17.682486194595
17.686734308700
17.691035843125
17.695299899220
17.699578524090
17.703871666535
17.708131500394
17.712429509714
17.716634915161
17.720952101166
17.725151889471
17.729438527337
17.733722222543
17.737959063084
17.742228767847
17.746514463051
17.750797131912
17.755022842819
17.759277357605
17.763518043982
17.767837740964
17.772207908948
17.776542986737
17.781512238716
17.786057102009
17.790708032729
17.795220336528
17.799522715397
17.803958953219
17.808303372969
17.812655261519
17.817218629267
17.821352078179
17.825628338756
17.829976732206
17.839611429613
17.843875952690
17.847874759153
17.851802064159
17.856636440654
17.860774590079
17.865194119111
17.869458293382
17.976411738402
17.980037631763
17.984154943784
17.988383421512
17.992650263979
17.996954852360
18.001252431321
18.005559747033
18.009879923356
18.014187520374
18.018520722524
18.022843953773
18.027169903691
18.031478576044
18.035785083798
18.040126311066
18.044447090992
18.048754634355
18.053084151599
18.057415353652
18.061747872911
18.066088343184
18.070413292527
18.074737193252
18.079081381876
18.083422528508
18.087776398189
18.092154468420
18.096509122052
18.100882997383
18.105285306636
18.109655498680
18.114049339691
18.118435770824
18.122845603849
18.127266241247
18.131676693196
18.136120401080
18.140580021380
18.145044726918
18.149517183973
18.154015167137
18.158443917716
18.162876740110
18.167248678144
18.171652894189
18.176037052666
18.180426328941
18.184799670250
18.189131080087
18.193565804340
18.197930364653
18.202240150982
18.206660812071
18.211108274383
18.215462074249
18.219840917941
18.224185660220
18.327316920748
18.331370875944
18.335847838310
18.340296046322
18.344864572433
18.349478899753
18.354055662076
18.358661269292
18.363219991210
18.367787672874
18.372370593124
18.376943425486
18.381513071377
18.386065657230
18.390660337194
18.395252695343
18.399845606373
18.404470296109
18.409073262697
18.413644018325
18.418245925740
18.422891364387
18.427591641658
18.432293329642
18.437043416518
18.441882438449
18.446401122267
18.451221287354
18.455962340570
18.460630585479
18.465314284979
18.470390139115
18.474751182655
18.479429026568
18.484308354489
18.488910932033
18.493358415400
18.498112675884
18.502932293411
18.591264646053
18.595230175173
18.599740503712
18.604421010074
18.609297485160
18.614030327476
18.618904062899
18.623709488273
18.628510420771
18.633382669367
18.638180340114
18.642965444085
18.767365876198
18.771497060304
18.775711088141
18.780069649630
18.784535704019
18.788976904883
18.793443274670
18.797984562102
18.802510860608
18.807119358927
18.811831187614
18.816628952427
18.821457222033
18.826314720211
18.831309401574
18.836482050128
18.841539753106
18.846518400101
18.851011680655
18.855982643894
18.860515300285
18.864616182233
18.868889059126
18.873189519426
18.880453192539
18.884873743163
18.889199425748
18.893682779161
18.898973505900
19.751476053194
19.754407812050
19.757855971598
19.761260543666
19.764693043725
19.768080819567
19.771507059920
19.774892394713
19.778294034680
19.781695696569
19.785097587327
19.788427874473
19.791811056820
19.795146587871
19.798534882024
19.801950737843
19.805791864996
19.809918460642
19.813839446504
19.817732922378
19.821652837697
19.824986481817
19.828740716676
19.832444334510
19.835860180493
19.897752894991
19.901385659057
19.904575710176
19.907624829615
19.910659803522
19.913769834477
19.916906314624
19.920025788203
19.923215600175
19.926362414989
19.929551961854
19.932720903497
19.935901710013
19.939104935828
19.942308853428
19.945531318548
19.948732616088
19.951965906912
19.955189768833
19.958438919118
19.961654921717
19.964921613890
19.968175610135
19.971455538663
19.974721563077
19.978007968914
19.981293740148
19.984580589207
19.987860330042
19.991168294347
19.994464635263
19.997789834114

