Time_s
0.692117233167
0.700495253850
0.708335486861
0.715834565150
0.722920742008
0.726573013748
0.730227623393
0.733848911341
0.737468052703
0.741044778887
0.744659946850
0.748271206978
0.751908785239
0.755499740967
0.759093530529
0.762703628187
0.766141129296
0.769768484590
0.773624929131
0.957573014155
0.961216321299
0.964817925466
0.968251489081
0.971793344224
0.975451552362
0.979184250810
0.982943255091
0.986824661556
0.990720543988
0.994644016197
0.998555491253
1.002528540443
1.006464482704
1.010419917407
1.014350000745
1.018265469171
1.022205537085
1.026114427433
1.030041058690
1.033934685136
1.037817218688
1.041678796775
1.045524986525
1.049382157394
1.053250439684
1.057087456253
1.060937494653
1.064811595304
1.068658254418
1.072480426170
1.076311817868
1.079908543245
1.083802194703
1.087633458626
1.091588289686
1.095310828690
1.099065425320
1.102829423347
1.106685877083
1.110651691759
1.114320719836
1.248778345728
1.252032262740
1.255700384225
1.259176447412
1.262604166330
1.266224857128
1.269916241658
1.273711427758
1.277639330829
1.281702980628
1.285834341167
1.289993704913
1.294186685469
1.298434550625
1.302655542529
1.306916123801
1.311224592342
1.315547924884
1.319880846145
1.324251780191
1.328643903235
1.333044115616
1.337503259040
1.341907569196
1.346383804218
1.350883990354
1.355388759143
1.359983346836
1.364527066514
1.369123099915
1.373654386276
1.378211734374
1.382830837613
1.387424855935
1.392049169849
1.396708218838
1.401401575838
1.406091922735
1.410799936597
1.415575244327
1.420406266488
1.425254007699
1.430139484486
1.435097303387
1.440134968799
1.445189526032
1.450280831160
1.455446462461
1.460671753167
1.465949531288
1.471453191968
1.476679365346
1.482097460530
1.487449702995
1.492834348286
1.498192128003
1.503616846466
1.509092231791
1.514573078629
1.520120092429
1.525538211127
1.531007122409
1.536443510774
1.541648853778
1.625093458253
1.629083414439
1.633221094510
1.637301492446
1.641175996755
1.645500986575
1.650273646810
1.919816916332
1.929426523178
1.939238050497
1.949076461259
1.958689752397
1.965012276216
1.969510951780
1.974230857793
1.978758383407
1.983258929805
1.987731097310
1.992157758598
1.996529269949
2.000858019500
2.005179753067
2.009394019269
2.013761338288
2.017906592440
2.022397128279
2.168296457986
2.171314451327
2.174732537921
2.178356405136
2.182010028258
2.185614716059
2.189169945378
2.192720186718
2.196217052388
2.199720887075
2.203224719079
2.206725027176
2.210230388749
2.213743878040
2.217261965494
2.220817428135
2.224413434047
2.228016903247
2.231646655549
2.235299460080
2.238952293350
2.242615124148
2.246313624643
2.250039404139
2.252998299243
2.259523504994
2.266895701772
2.270655852662
2.274756681929
2.278698448601
2.282432316037
2.286360062730
2.326700391568
2.330054369664
2.333939673587
2.337358600710
2.340596194923
2.343831801054
2.347295972594
2.350895005884
2.354570073011
2.358249492542
2.361995838031
2.365756263266
2.369566453606
2.373504935190
2.377655936928
2.382024260468
2.386238508914
2.390430615103
2.394796827646
2.399162644927
2.403625951965
2.408244621239
2.413001864680
2.417788103438
2.422689459123
2.427611934320
2.432622927769
2.437643301943
2.442644572086
2.447818739381
2.453019068892
2.458263644174
2.463347350181
2.468079023801
2.472778122647
2.477465781091
2.481869727671
2.486178486538
2.490602757691
2.494576020799
2.498567044638
2.502766368468
2.507205258371
2.511786065305
2.516393144574
2.521093610978
2.525831385758
2.530587550386
2.535366642822
2.540173808212
2.544993969029
2.549822808976
2.554638895424
2.559433427692
2.564185992868
2.568930231915
2.573633466378
2.578293193642
2.582914793396
2.587413835557
2.591980813519
2.596553729110
2.601127608802
2.605709401101
2.610238785828
2.614824666879
2.619450651614
2.623911957753
2.628349519409
2.632794658596
2.637206944303
2.641651508403
2.646091782171
2.650518552797
2.654922330593
2.659377652974
2.663863806459
2.668322229995
2.672807557479
2.677331154260
2.681919042561
2.686499731982
2.691064423566
2.695571343182
2.700042044448
2.704242819315
2.708373781069
2.713007754279
2.717408779789
2.721856390630
2.726798078979
2.730614479947
2.734682843530
2.739148264457
2.743724186288
2.748353265236
2.752968283541
2.757643028423
2.762349036202
2.767105706321
2.771825119495
2.776611573020
2.781335442198
2.786131105204
2.790897502988
2.795681340549
2.800470087067
2.805273656613
2.810081499082
2.814835496459
2.819621941927
2.824399359068
2.829142884445
2.833879170475
2.838596625465
2.843299199236
2.848014830052
2.852658937943
2.857061161165
2.861457111636
2.865838358555
2.870256639859
2.874775261170
2.879262158419
2.883712792620
2.888419160390
2.892968199527
3.016205201404
3.020860009951
3.025077508270
3.028818516386
3.032645177392
3.036599687849
3.041218161102
3.045802471355
3.050436944832
3.055022916422
3.059656057002
3.064269624818
3.068779586231
3.073324757487
3.077852397658
3.082387812426
3.086905922515
3.091366454161
3.095811033554
3.100205417562
3.104550430437
3.108821742008
3.113069883324
3.117279981262
3.121455376526
3.125592229070
3.129689568202
3.133760452510
3.137787300728
3.141795634799
3.145772377810
3.149700464203
3.153545335014
3.157343631107
3.161145933149
3.164942645238
3.168679884239
3.172421703570
3.176127895911
3.179777898764
3.183437240852
3.187094769757
3.190752461723
3.194330861261
3.197882263587
3.201496499821
3.205416801954
3.208904297280
3.212373901759
3.216303067968
3.220180476044
3.224178146834
3.228096456743
3.231760856442
3.235747896827
3.239670720659
3.243480661227
3.356383130334
3.360612171416
3.364781345183
3.368660461475
3.372208397255
3.376790121035
3.381111805471
3.385497684596
3.389700693427
3.394062242433
3.398343051740
3.402728983284
3.407046161182
3.411490182627
3.415916195940
3.420406164363
3.424870958824
3.429420981742
3.434011221244
3.438819448090
3.443621973142
3.448636788388
3.453260924165
3.457741449220
3.462275093578
3.669395634754
3.673773457941
3.678184462603
3.682190200303
3.686154368156
3.690117216533
3.694305232734
3.698597725230
3.703006840724
3.707419885480
3.711898713857
3.716392443376
3.720887213442
3.725402166709
3.729893640679
3.734374868168
3.738850955056
3.743314163838
3.747757080348
3.752161308825
3.756538287345
3.760892813032
3.765218342897
3.769511068266
3.773764465358
3.777992916673
3.782207170572
3.786391799881
3.790537214611
3.794672177249
3.798761197238
3.802772526359
3.806800234371
3.810738127031
3.814677341430
3.818564274982
3.822369565181
3.826159719246
3.829918600087
3.833692704182
3.837419207900
3.841100352375
3.844771430092
3.848463323037
3.852100320184
3.855728747943
3.859356411110
3.862980413729
3.866606525100
3.870229704796
3.873842565728
3.877437606922
3.880970213834
3.884587497999
3.887905073496
3.891190358103
3.894299505658
3.897677963977
3.900718270255
3.903835540187
3.907046296328
3.910115739121
3.913338340563
3.916347524105
3.919334651668
3.922410162394
3.925502879931
3.928631004823
3.931822180107
3.935077362221
3.938400959586
3.941783309952
3.945241559001
3.948740291184
3.952355416119
3.955958143446
3.959658461284
3.963347575390
3.967063715751
3.970973848930
3.974914447654
3.978545054039
3.984881643252
4.128177000900
4.132137581600
4.135921605372
4.139550087504
4.143041854650
4.147119353906
4.151300509402
4.155551094198
4.159865561101
4.164206204299
4.168566763635
4.172975728258
4.177413597929
4.181872080271
4.186367534518
4.190960552426
4.195529781273
4.200149250161
4.204802291286
4.209288091679
4.213817165745
4.218383465774
4.222967655798
4.227554376753
4.232207709030
4.236873966839
4.241509471505
4.246203745217
4.250894381469
4.255612647342
4.260318342538
4.265039125309
4.269757379609
4.274472142296
4.279201162714
4.283969301069
4.288818024884
4.293736206671
4.298711086779
4.303608870257
4.308107134401
4.312562443308
4.317117343062
4.321567812284
4.325919176515
4.329926922879
4.333704854402
4.548675269493
4.552682285828
4.556431887066
4.560677654575
4.565426246785
4.570067815067
4.574771217746
4.579508056734
4.584320736241
4.589168409241
4.594063100640
4.598976213046
4.603952549771
4.608951832480
4.613929807322
4.618936345730
4.623950421297
4.629015360263
4.634111570227
4.639218974502
4.644334620840
4.649445822420
4.654609520968
4.659770117224
4.664927264600
4.670159735664
4.675221248561
4.684716221343
4.694685085734
4.704918367050
4.715083230157
4.737063983581
4.740484062942
4.744010556589
4.747320341610
4.750775086268
4.754904645218
4.758395011914
4.762047117449
4.765341987557
4.768670265631
4.772092690026
4.775272819044
4.782656837613
4.786151486470
4.790007429807
4.793549837067
5.178297524162
5.182081409537
5.185670975519
5.189051151259
5.192222477848
5.196144259392
5.199974911889
5.203808579297
5.207728309250
5.211675531869
5.215630448717
5.219607272598
5.223696641128
5.227845534931
5.232168009505
5.236296419091
5.240376496240
5.244444557741
5.248401959986
5.252600424451
5.256528949559
5.260605214299
5.264619939618
5.504499501559
5.508372476868
5.512333570190
5.516497671274
5.520480839489
5.524110800339
5.527701215851
5.531689035519
5.536007542432
5.540438200854
5.544947415900
5.549475023692
5.554026577779
5.558585292270
5.563170789307
5.567780772272
5.572384903739
5.576988781574
5.581581445658
5.586177701636
5.590777325925
5.595365690966
5.599951312030
5.604545474897
5.609122473274
5.613680564728
5.618248058598
5.622800543801
5.627333964687
5.631850570741
5.636377696782
5.640931650302
5.645443503118
5.649965679748
5.654521113412
5.658987354167
5.663265384301
5.667513719981
5.671783266117
5.676053647124
5.680321555082
5.684534755834
5.688754983644
5.692935149063
5.697427403791
5.701920641403
5.738535425840
5.742489805161
5.746239875949
5.750529533053
5.755331374092
5.760001172872
5.764816965602
5.769713922651
5.774680191894
5.779687725612
5.784742960042
5.789774648014
5.794784891931
5.799369993149
5.804008888275
5.808503521995
5.813126861293
5.817785865174
5.822471667761
5.826975996428
5.831716255108
5.836487187976
5.841238339883
5.845925253362
5.958908029103
5.963024691317
5.967245912830
5.971160286934
5.975463250502
5.980070747949
5.984746621696
5.989428979939
5.994114313466
5.998873228286
6.003654987083
6.008435304216
6.013225272612
6.018005109079
6.022756897390
6.027490805974
6.032205707426
6.036912978270
6.041593471788
6.046249661535
6.050895490959
6.055480354684
6.060037667674
6.064505055782
6.068876512262
6.073216291001
6.077465853839
6.081657065464
6.085815970967
6.090004827910
6.094067987269
6.098090786607
6.101929725549
6.105851634279
6.109813424586
6.113685956143
6.117536131718
6.121332126537
6.125281274432
6.128869601414
6.297355922115
6.301248087541
6.305023932148
6.308771536124
6.312307978002
6.315739317089
6.319219043747
6.322772188063
6.326405847834
6.330120435057
6.333889105979
6.337735247868
6.341701716796
6.345740512171
6.349797105003
6.353882153520
6.357975767237
6.362093541410
6.366209040187
6.370348115557
6.374493951197
6.378649012077
6.382833666948
6.387042105262
6.391257469930
6.395472704031
6.399680249710
6.403892955867
6.408091562513
6.412285383420
6.416487560390
6.420688513059
6.424896433081
6.429110254777
6.433326631485
6.437539643980
6.441752904735
6.445969512265
6.450206883482
6.454475820757
6.458845355528
6.463309279553
6.467697871131
6.471969323661
6.476098582898
6.480293701764
6.484482794664
6.488831710553
6.493215419275
6.497587203679
6.596586130162
6.600061335752
6.603737375451
6.607500883773
6.611285663663
6.615613517018
6.619932798630
6.624365793480
6.628751766444
6.633141109442
6.637578406821
6.642015604297
6.646462780748
6.650925307772
6.655363945836
6.659850354854
6.664305215286
6.668792173072
6.673257535883
6.677747274537
6.682200505650
6.686669471996
6.691108665085
6.695564725107
6.699999123441
6.704449828545
6.708859535124
6.713294779971
6.717668654945
6.722108675052
6.726448272594
6.730855524949
6.735175264725
6.739558798028
6.743846628981
6.748169202341
6.752438829710
6.756704348951
6.760933090512
6.765160426934
6.769315915218
6.773423063144
6.777600555814
6.781648109369
6.785728234945
6.789687945478
6.793724424249
6.797952883344
6.802232578665
6.806376204843
6.810574309890
6.814275947336
7.215595732076
7.219828293682
7.223455236133
7.227035213213
7.230772747697
7.235110082782
7.239375533165
7.243706022755
7.248137212939
7.252558200561
7.257041634228
7.261507354635
7.266009162894
7.270528999715
7.275071182597
7.279615155108
7.284191793709
7.288718104163
7.293330726223
7.297862959360
7.302424025636
7.306938313796
7.311506613452
7.315976352183
7.320473715374
7.324900958266
7.329330644570
7.333672815495
7.338032533467
7.342340535344
7.346659884031
7.350935873331
7.355204742742
7.359432345147
7.363617188553
7.367834971342
7.371958399504
7.376106872265
7.380252446670
7.384430420161
7.388624919955
7.392844789745
7.397019986454
7.401170227062
7.405558650123
7.409768926685
7.413966584564
7.565122484999
7.568947960227
7.572528563009
7.575976451773
7.579432570927
7.583633404549
7.587572047571
7.591703824497
7.595818354627
7.599975442100
7.604103499590
7.608267050759
7.612407263664
7.616558304338
7.620730885279
7.624958506082
7.629119153339
7.633427698151
7.637710685428
7.642307460334
7.646536743719
7.650778252936
7.654949689530
7.659082900442
7.663389355835
7.896997167404
7.900484654509
7.904334567939
7.908151351315
7.912188707115
7.916804179124
7.921556361678
7.926327052937
7.931218196553
7.936046755155
7.940874978227
7.945721922764
7.950643452298
7.955580568706
7.960505802158
7.965491306928
7.970460765580
7.975507848532
7.980515657895
7.985566418328
7.990699211114
7.995778480288
8.000765819069
8.005870391382
8.010817633447
8.015908807870
8.020988495002
8.025970262979
8.030939505512
8.035909069373
8.040854975215
8.045767300572
8.050651077226
8.055522554520
8.060368470008
8.065194643237
8.069952374402
8.074682373353
8.079408837698
8.084098323631
8.088754534856
8.093491962133
8.098256602722
8.102926633604
8.107588752379
8.112221459026
8.116903642017
8.121601580337
8.291793307498
8.295480903617
8.299057993586
8.302731015297
8.306052631883
8.309943016242
8.314235229205
8.317472601847
8.320926504227
8.324988267460
8.329206745176
8.333867514671
8.338305572896
8.342899343175
8.347555295099
8.352281075886
8.357114563763
8.361859929410
8.366568046914
8.371229464374
8.376011913432
8.380726422229
8.385489077725
8.390109223982
8.394812785024
8.399484461212
8.404264223764
8.408979623748
8.413652641782
8.418363490153
8.423045607818
8.527858138719
8.532795386007
8.536896782608
8.540998591010
8.544870360935
8.549387627058
8.553982635985
8.558638005365
8.563184964558
8.567724498759
8.572316501703
8.576912892928
8.581479058291
8.586032791451
8.590570618333
8.595070648005
8.599523034539
8.603946745812
8.608327690847
8.612645288399
8.616874561996
8.621068393310
8.625264861601
8.629428813027
8.633572300318
8.637642613656
8.641658315077
8.645653575330
8.649706172309
8.653779893424
8.658055566577
8.662152629592
8.666264154366
8.670320923803
8.674388669066
8.805607460461
8.810374708393
8.814095286827
8.818135302931
8.822070779833
8.825996597522
8.829972694491
8.834003692387
8.838066190743
8.842252480685
8.846481341767
8.850720804774
8.855016818924
8.859365567873
8.863755813142
8.868124348268
8.872524761660
8.876943789305
8.881353318104
8.885757910984
8.890160630246
8.894560687594
8.898961344058
8.903370780057
8.907781159189
8.912195755890
8.916609488414
8.921025246255
8.925438035379
8.929848227053
8.934238975466
8.938623208935
8.943024946129
8.947422496635
8.951800119973
8.956146503976
8.960472698028
8.964828082577
8.969198980281
8.973507965028
8.977818605137
8.982094128918
8.986385456134
8.990736508023
8.995023589029
8.999511387105
9.003863637040
9.008272166469
9.528583562596
9.537464672734
9.541089827338
9.545157635144
9.549613516910
9.554320087419
9.559146749543
9.563961549599
9.568830530150
9.573741717753
9.578578643500
9.583467689455
9.588535821949
9.593525453958
9.598462735725
9.603417533738
9.608362188882
9.613328830868
9.618313919664
9.623297042062
9.628273893589
9.633251537054
9.638242273994
9.643248837600
9.648260155224
9.653264619052
9.658292822219
9.663313173091
9.668363483386
9.673431777653
9.678528920162
9.683608027390
9.688684609160
9.693769514424
9.698849448303
9.703968393912
9.708863883666
9.713821204746
9.718981087063
9.724074365023
9.729211491967
9.734368463365
9.739508351279
9.744686286601
9.749816809336
9.754907680686
9.759988628612
9.765022624507
9.770018746859
9.775011942620
9.779939920642
9.784842661179
9.789739856836
9.794622270800
9.799470774983
9.804277702855
9.809075888827
9.813849948592
9.818600622327
9.823332141603
9.828071035226
9.832776073023
9.837439769820
9.842524491753
9.847463674969
9.852439442439
9.857206658907
9.861856401308
9.866539771642
9.871172108618
9.875786673207
9.898855311712
9.908835670291
9.913057734536
9.917518446293
9.922004494899
9.926575738258
9.931280244716
9.936011699322
9.940814313736
9.945592579126
9.950369089048
9.955181286200
9.960011809654
9.964849549732
9.969719395838
9.974604888523
9.979519954577
9.984496949665
9.989566240955
9.994611590417
9.999381706399
10.004089949892
10.008762921240
10.013670509491
10.018654336890
10.023547459869
10.028484109592
10.155380223723
10.159866921308
10.164286219047
10.168302685194
10.172299330636
10.176644431804
10.181247662197
10.186039245112
10.190815860171
10.195617776710
10.200459060603
10.205252525943
10.210069647263
10.214870746981
10.219664912632
10.224429334486
10.229155655307
10.233844507832
10.238491830177
10.243090090727
10.247625757570
10.252170484498
10.256636504929
10.261056278551
10.265413078821
10.269773140881
10.274090008194
10.278353890308
10.282574780590
10.286826035590
10.291083807341
10.295198438793
10.299396800539
10.303631006527
10.308199759747
10.312520514761
10.317072270714
10.415395423550
10.419299274287
10.423060810979
10.426755926924
10.430398397290
10.433783446178
10.437769143429
10.441892815671
10.446217148139
10.450588588408
10.454991899746
10.459404155094
10.463866527833
10.468269432488
10.472684105240
10.476921229327
10.481214882468
10.485462522586
10.489680680299
10.493798144025
10.497882803205
10.502039437139
10.506351289629
10.510746852384
10.515217133847
10.519733928559
10.524308401064
10.529484909542
10.534700930431
10.539165214649
10.543594886343
10.548537065267
10.553135459300
10.608487877301
10.613246033779
10.617313726719
10.621406113378
10.625668899263
10.629939838519
10.634735164410
10.639676026917
10.644791223794
10.649909997701
10.655022470106
10.660175410880
10.665359595963
10.670579972271
10.675821368440
10.681162465431
10.686734111231
10.692157790722
10.697627348073
10.703238361398
10.708879773791
10.714326820074
10.719498184109
10.724701347518
10.729843952620
10.734926919362
10.740100217634
10.781989881297
10.787269490482
10.792517470009
10.797642106126
10.802798353781
10.808026161434
10.813316523984
10.818627852626
10.823942937140
10.829256856725
10.834529261410
10.839779644393
10.845036190319
10.850223024043
10.855444734127
10.860624698871
10.865748911630
10.870876829616
10.875994670188
10.881066480107
10.886091450823
10.891104342891
10.896075356426
10.901056403215
10.906043083757
10.911058286948
10.916149929025
10.921156794867
10.926057483789
10.930983696678
10.935869611392
10.940707893320
10.945480997904
10.950302378035
10.955160422814
10.960011070160
10.964823323839
10.969660052159
10.974497412550
10.979338312996
10.984150716570
10.988969685799
10.993803398479
10.998597327516
11.003364605812
11.008136254473
11.012895133438
11.017639457060
11.022390694372
11.027098997523
11.031853378674
11.036618729792
11.041406952218
11.046234574749
11.051190471212
11.056416566558
11.061375143986
11.066029750992
11.070779402925
11.075575861811
11.080308980615
11.085107830421
11.164942851309
11.168677080135
11.173186877781
11.178025276149
11.182856826214
11.187688274305
11.192601695965
11.197535222989
11.202501742904
11.207498373370
11.212500287657
11.217547588062
11.222607054023
11.227758810705
11.232930217299
11.238128816381
11.243360806173
11.248617085746
11.253916983301
11.259265118226
11.264623456630
11.269981714402
11.275433147549
11.280868883607
11.286409100235
11.291874466725
11.297323947819
11.318533974395
11.330099216818
11.341507251457
11.351719691353
12.396311173691
12.400446992023
12.404461769904
12.408296963193
12.412212573101
12.416341740674
12.420572290196
12.424766644613
12.428980950949
12.433242077515
12.437583628937
12.441934307010
12.446235046940
12.450503711636
12.454734562778
12.458880587569
12.462977812067
12.467045097272
12.471048348142
12.475027425369
12.478927687238
12.482812260019
12.486637565509
12.490462199994
12.494227694218
12.498040786698
12.501735263829
12.505498123333
12.509154809289
12.512840255088
12.516492591152
12.520118182221
12.523728883756
12.527310260517
12.530848587574
12.534378588051
12.537890408947
12.541429359406
12.545075438793
12.548604108205
12.551703934946
12.555050214900
12.558371666260
12.561613374284
12.564897457646
12.568122298541
12.571387228118
12.577260086388
12.641865323159
12.646446908354
12.650735480887
12.655038693399
12.659246319828
12.663573350671
12.667829781311
12.672091330328
12.676348536852
12.680525542911
12.684650550376
12.688749936514
12.692851772041
12.696882668543
12.700921710483
12.704996018241
12.709041847567
12.713078277073
12.717103151965
12.721154316304
12.725188561925
12.729195169252
12.733205700005
12.737202937508
12.741189538196
12.745167555724
12.749111288262
12.753063536936
12.756996707238
12.760940179597
12.764854996899
12.768778294044
12.772680547303
12.776526820458
12.780320016119
12.784270372442
12.787421391707
12.791168895894
12.795045983167
12.798912100225
12.802916895229
12.806779486283
12.810564185256
12.814377791726
12.885106324686
12.888771562361
12.892415738389
12.895905356790
12.899440387188
12.903128705855
12.906817236024
12.910511113041
12.914232512460
12.918049050173
12.921948035124
12.926146326406
12.930864609595
12.934996479072
12.939108650662
12.943118737673
12.947216688342
12.951399287466
12.955384430016
12.958992172231
12.962648873006
12.966721557557
12.970977727139
12.975326520347
12.979770191774
12.984142714989
12.988573018704
12.993070415843
12.997573267318
13.002125291617
13.006707181426
13.011288722939
13.015853329265
13.020499860469
13.025096855225
13.029737623613
13.034381241515
13.039022915523
13.043607232275
13.048274610287
13.052917311736
13.057594358859
13.062271149696
13.067013672526
13.071768125086
13.076552879818
13.081386493915
13.086233797211
13.091051619512
13.095870768428
13.100679690163
13.105455135659
13.110219259116
13.114928486129
13.119679291615
13.124396511002
13.129111628084
13.133832955811
13.138559334241
13.143234554800
13.147914993821
13.152541156090
13.157131184949
13.161723282519
13.166283861771
13.170855353247
13.175388916530
13.179868357637
13.184322493826
13.188720199151
13.193055146165
13.197333601915
13.201546667742
13.205734959634
13.209883433313
13.214045929507
13.218172274040
13.222301424902
13.226372168842
13.230762900702
13.234926366887
13.239107988070
13.243269337976
13.247378329605
13.251824033411
13.256112251540
13.350345235667
13.354574091369
13.358539933451
13.362958963321
13.367116854882
13.371300415073
13.375533218898
13.379724160225
13.383917862717
13.388071474943
13.392183102714
13.396333159985
13.400484717395
13.404694581743
13.408950792088
13.413319592867
13.417602266888
13.421784974183
13.507110979125
13.510708910890
13.514447937218
13.517990823232
13.521543677664
13.525160124208
13.528882326614
13.532684574179
13.536486229912
13.540322068610
13.544223953499
13.548083798390
13.551679360575
13.555494982331
13.559295852016
13.563103454975
13.566906662677
13.570693439025
13.574477562803
13.578224193729
13.581963266050
13.585658657426
13.589331293260
13.592990269018
13.596641627602
13.600278700486
13.603910011648
13.607526891253
13.611146694598
13.614790744153
13.618436733522
13.622086725258
13.625733462816
13.629381029363
13.633040319751
13.636789309367
13.640860105701
13.644484298565
13.648146527626
13.651797507347
13.655493000662
13.659192721677
13.662875216152
13.666609106301
13.758284580291
13.762311602116
13.765863955123
13.769613274824
13.773201417618
13.777185944979
13.780890643668
13.784711281761
13.788744117421
13.792937138400
13.797114583034
13.801321048139
13.805604457222
13.809899790060
13.814226736642
13.818585316011
13.822960547337
13.827355098095
13.831742629754
13.836107450858
13.840460604623
13.844807874347
13.849098042556
13.853350161377
13.857565749688
13.861741652675
13.865950774257
13.870097160401
13.874078953681
13.877946812709
13.881774388693
13.885615716499
13.889499979947
13.893316249074
13.897304535447
13.901286616336
13.905464132574
13.909505493666
13.913728410532
13.918001757439
13.922174460849
13.926391343311
13.930412591513
13.934380731843
13.938276346899
13.942257124597
13.995995540609
14.000123879754
14.003807891983
14.007318718533
14.011157088653
14.015180156340
14.019227825493
14.023255147979
14.027492127973
14.031839510568
14.036177880709
14.040474274472
14.044515548375
14.048654930583
14.052909950356
14.056660643384
14.138549422032
14.143009983103
14.147311163168
14.151648862774
14.156041433649
14.160427232101
14.164749287936
14.169124693595
14.173166369286
14.234086799001
14.238410346189
14.242804898092
14.247009377017
14.250979387586
14.254891235042
14.258842195095
14.262911966660
14.267054530349
14.271192197320
14.275307092324
14.279404235055
14.283473895187
14.287530011641
14.291563766310
14.295585598838
14.299606767292
14.303614228494
14.307603477785
14.311606318547
14.315593292179
14.319567053329
14.323541780979
14.327543720476
14.331608473221
14.335680425523
14.339783567262
14.343913136822
14.348043104548
14.352212834842
14.356399464415
14.360622876757
14.364850002334
14.369065061836
14.373308686970
14.377503724908
14.381732262696
14.385930428460
14.390136274145
14.394336740514
14.398565599603
14.402791226495
14.407071148612
14.411431147141
14.415889909531
14.420443867558
14.424995252609
14.429550700516
14.434075139780
14.438587500886
14.443023559297
14.447411622750
14.451652761289
14.455823934113
14.459927334047
14.464020503240
14.468062645800
14.472047444125
14.475972622045
14.479876287347
14.483859335574
14.487762100928
14.491572841371
14.495117464237
14.498395120635
14.501482187134
14.505033176875
14.508947649140
14.512796734859
14.516494681567
14.520197924878
14.524209672124
14.528112561557
15.958089730449
15.962434595353
15.966787149892
15.971239798445
15.975713832282
15.980177130098
15.984674976621
15.989192738466
15.993742400234
15.998308706145
16.002907385527
16.007542163047
16.012215443746
16.016934293977
16.021696586397
16.026493415553
16.031284796983
16.036046096780
16.040868062932
16.045694577996
16.050518969284
16.055360055381
16.060234690558
16.065088878428
16.069973263591
16.074847044720
16.079684337213
16.084498437093
16.089345428476
16.094228459887
16.099150784413
16.104110556988
16.109084485187
16.114088243267
16.119137580092
16.124184232830
16.129266767688
16.134357266894
16.139493317705
16.144663046918
16.150011605019
16.155697540043
16.160946083530
16.166358575088
16.171611000108
16.176872178763
16.181877375574
16.186734253847
16.191499162164
16.196210931233
16.200693572792
16.205102789026
16.209546927748
16.214010110285
16.218436769158
16.222903769327
16.227279115693
16.231741206329
16.236162715113
16.240423569689
16.331721051843
16.336738262188
16.341008760477
16.344631443279
16.348681933728
16.353241365436
16.357744180545
16.362277909960
16.366786465039
16.371296482324
16.375811602245
16.380300799859
16.384769643349
16.389229915776
16.393664012164
16.398064016627
16.402450968005
16.406798016985
16.411129601713
16.415438073162
16.419743793345
16.424030338907
16.428293122972
16.432543466814
16.436782990326
16.441022262102
16.445223607463
16.449412632900
16.453556804174
16.457682435798
16.461774024446
16.465841246036
16.469899034035
16.473935430814
16.477948713442
16.481937307405
16.485900821121
16.489849662400
16.493782936003
16.497705229257
16.501601116223
16.505489707488
16.509369233848
16.513269028457
16.517188602865
16.521131833015
16.525193078933
16.529414083648
16.533569418951
16.537540084639
16.541738583221
16.545833416917
16.549912592304
16.553786861593
16.557483539893
16.561417059985
16.565281563744
16.737676444963
16.741285047993
16.744869081635
16.748383929218
16.752359798999
16.756759109243
16.761286657727
16.765895182007
16.770543404249
16.775257771377
16.780003729386
16.784769955316
16.789557760700
16.794419606538
16.799246360192
16.804117212662
16.808989798702
16.813893519941
16.818786529625
16.823718304223
16.828644765867
16.833579741525
16.838539836595
16.843514589264
16.848486072614
16.853468544804
16.858483869405
16.863513254962
16.868534600910
16.873543297024
16.878570818618
16.883609000563
16.888682475799
16.893763162063
16.898868240186
16.903968739631
16.909030245047
16.914055739110
16.919035018136
16.923976753632
16.928876565243
16.933727538050
16.938544628469
16.943378969198
16.948084283342
16.953062321889
16.957854126656
16.962593672082
17.095966564565
17.100785020044
17.105989789079
17.110544738049
17.115916966626
17.120905570561
17.126099949338
17.131151550694
17.136215657467
17.141333030599
17.146469429988
17.151615779065
17.156741575836
17.161904183959
17.167005640729
17.172106879578
17.177227202255
17.182342980389
17.187417354514
17.192473668412
17.197547588812
17.202603334343
17.207686379749
17.212752398449
17.217796291514
17.222867755953
17.227886944982
17.232910715583
17.237893246504
17.242874131902
17.247823017518
17.252767003352
17.257664419056
17.262555647076
17.267419674270
17.272277996950
17.277120553504
17.281950789184
17.286754947712
17.291547771843
17.296312140894
17.301054948866
17.305779635279
17.310503328601
17.315264583101
17.320064896516
17.324847077908
17.329619481872
17.334400524705
17.339213721420
17.343998725043
17.476289000945
17.480395583287
17.484318669805
17.488273743896
17.492183709642
17.496438389873
17.500905419846
17.505679207761
17.715819503877
17.719737619613
17.724101649375
17.728389473556
17.732225105303
17.736019021361
17.740180494490
17.744539635886
17.748999668354
17.753531847684
17.758141136836
17.762747596261
17.767369272818
17.772066113949
17.776742997808
17.781778892429
17.786470391988
17.791300456038
17.796212561972
17.801140848800
17.806312611310
17.811486506262
17.816828483492
17.822063916063
17.826937822085
17.832069982031
17.837593532741
17.857898600956
17.861500358759
17.865398752467
17.869486156304
17.874075845296
17.878548337888
17.882994937290
17.887411675799
17.891895430432
17.896400280673
17.900958491805
17.905595367825
17.910407800711
17.915237012018
17.919943562710
17.924538836650
17.929118203914
17.933624673833
17.938143357779
18.062816266999
18.072697636588
18.083000917674
18.093456769842
18.103912305034
18.114252840828
18.124814387005
18.135988534055
18.144892905485
18.146905479748
18.149327549727
18.151501564102
18.153661657470
18.155797931868
18.157782545670
18.159967781159
18.162001847549
18.164733013996
18.172415206011
18.174583981189
18.176867122518
18.179149228122
18.181423927216
18.183851494756
18.186103635023
18.188467294703
18.190790677090
18.192804763967
18.195238408542
18.197346673422
18.199589122967
18.201660663140
18.204105205242
18.963096743973
18.966545587079
18.969981723619
18.972886387381
18.976047005506
18.978941051219
18.981334927386
18.985122051293
18.988517444111
18.991842785592
18.995467980155
18.998726075513
19.001996709404
19.005400426298
19.009118624582
19.012864466571
19.016645398787
19.020475114928
19.024280843334
19.028096649818
19.031966334723
19.035790251555
19.040472097588
19.044734842009
19.048565513798
19.052353386536
19.056194558010
19.059979562233
19.063827141213
19.067682857228
19.071501699524
19.127804566361
19.130907662420
19.133947297166
19.137432304071
19.141113144672
19.144909344922
19.148717748527
19.152571063305
19.156511607237
19.160508317523
19.164537807623
19.168627173629
19.172747849344
19.176944216054
19.181211565617
19.185383183813
19.189520137405
19.193559300782
19.197473197945
19.201317516436
19.205249831203
19.209441486174
19.213876485510
19.218366695485
19.222522362314
19.226687500227
19.230676090919
19.234943602918
19.239360197745
19.243725972749
19.438585074449
19.451991840804
19.459006333264
19.465931281027
19.472627133554
19.479164847644
19.485537791453
19.491726286866
19.503420073973
19.506420053581
19.509404100682
19.512399705416
19.515342962123
19.518297539624
19.521229213786
19.524164759728
19.527099740114
19.530017577979
19.532920023299
19.535802675922
19.538686172509
19.541553360348
19.544426419077
19.547297285899
19.550192082238
19.553142645729
19.556191545782
19.559124608325
19.562040795457
19.564958842631
19.567867075122
19.570743236952
19.573537348434
19.576392866120
19.579254434004
19.582165161617
19.585051286866
19.587973568198
19.590885735990
19.593817723971
19.596684338598
19.599601133452
19.602515267889
19.605506955121
19.608446856230
19.611338861606
19.614311893435
19.829653980600
19.833790847810
19.838409393038
19.842876987261
19.847901181417
19.852573696145
19.857711641962
19.862468372235
19.867039039327
19.871667988405
19.876103893806
19.880857395385
19.918426340977
19.923145055123
19.927760434007
19.932528811082
19.937229067787
19.942144146454
19.947154109374
19.952262025626
19.957379079938
19.962433205521
19.967418269010
19.972433657269
19.977442249497
19.982459381263
19.987456088092
19.992425725351
19.997376152247

