Time_s
0.373960318744
0.379271286116
0.381122448980
0.383730811134
0.386263559572
0.686672340433
0.690876422190
0.694485214055
0.697969591213
0.701964194463
0.705908915686
0.709902960554
0.713899891480
0.717906726418
0.721901422926
0.725903063527
0.729882291335
0.733855177759
0.737805545317
0.741745944056
0.745654144164
0.749556451809
0.753438603323
0.757302381238
0.761139840010
0.764971676483
0.768785040226
0.772545844640
0.776325145210
0.780095415999
0.783858356314
0.787597610178
0.791325393356
0.794806777534
0.798402002928
0.801949149304
0.805507179359
0.809761913223
0.955241747269
0.959601911055
0.963267730770
0.966845374912
0.970729158098
0.974644801784
0.978585657718
0.982553890899
0.986537607099
0.990536491276
0.994553692306
0.998600425007
1.002650497282
1.006769111224
1.010907445067
1.015061533294
1.019246068090
1.023464137846
1.027694074424
1.031925156311
1.036168173763
1.040431393568
1.044683980374
1.048959456507
1.053221971122
1.057488993462
1.061759941601
1.066040145345
1.070318748236
1.074612108877
1.078889319844
1.083196060289
1.087512540645
1.091834796489
1.096171768050
1.100495121565
1.104827587385
1.109145628542
1.113483069345
1.117825870722
1.122173632125
1.126553250825
1.130935100743
1.135233592648
1.139544525570
1.143831555623
1.306760965359
1.311146674731
1.315690711880
1.320318437918
1.325035821017
1.329827443607
1.334676216418
1.339486033541
1.344322670631
1.349165637807
1.354019726753
1.358846799258
1.363669138494
1.368519992269
1.373352499161
1.378230110120
1.383021762260
1.387855163511
1.392625665452
1.397438151653
1.402208942632
1.406993347438
1.411759224097
1.416577080795
1.421407395409
1.426101936880
1.430872618267
1.435645679729
1.440485621520
1.445313733803
1.450237033292
1.455186976683
1.460128336889
1.465192146871
1.470166237119
1.475388008244
1.480746879134
1.486292780377
1.491975366552
1.497704588087
1.503799302566
1.509878677906
1.516061061570
1.521852376510
1.528176233974
1.534290751471
1.540550146896
1.546812847894
1.553240147533
1.559815635184
1.566657072780
1.572431885042
1.577644300961
1.582487703562
1.587386982928
1.592182270872
1.596980591814
1.602127367589
1.606845729845
2.275442006833
2.279413506930
2.283819650198
2.288243464852
2.292707005368
2.297187345797
2.301690606021
2.306207696020
2.310754452588
2.315312498492
2.319866611023
2.324440895818
2.329003705041
2.333582482776
2.338148280993
2.342718759250
2.347301785284
2.351905996717
2.356484648609
2.361066959487
2.365637498356
2.370195072701
2.374733209756
2.379209078391
2.383647362600
2.388030915495
2.392369485225
2.396616024611
2.400772601834
2.404870230977
2.409053659494
2.412752593496
2.552208435681
2.555386194622
2.559012114053
2.565361543010
2.568698936090
2.572787915065
2.576421837014
2.580270289834
2.584177898825
2.588123785102
2.592091518106
2.596061678088
2.600061158991
2.604069512405
2.608101429643
2.612140569424
2.616170693125
2.620239763182
2.624290138244
2.628352802103
2.632337697983
2.636343088658
2.640180904797
2.681871403346
2.686042118135
2.689346251951
2.693447076452
2.696862772391
2.700077819155
2.703867338948
2.707834850124
2.711880861080
2.715969215168
2.720089418847
2.724240082504
2.728424545325
2.732644667898
2.736888824558
2.741423694673
2.745505561830
2.749667619826
2.753833649914
2.758035289362
2.762240892112
2.838195258898
2.842452511891
2.846831370222
2.851272522190
2.855686957826
2.860118509588
2.864534735157
2.868943492238
2.873404506159
2.877849435475
2.882286545354
2.886740497803
2.891204004721
2.895661628693
2.900126290016
2.904669522991
2.909227295307
2.913698228097
2.918189456903
2.922711975979
2.927215891774
2.931738165061
2.936256697009
2.940784009396
2.945316190503
2.949844160289
2.954414602481
2.958995222539
2.963563100340
2.968147635462
2.972776023875
2.977458244396
2.982114454522
2.986782136470
2.991499964716
2.996279523553
3.001065860284
3.005897607261
3.010776373763
3.015682593311
3.020633119200
3.025589626636
3.030951187870
3.040330069973
3.050147471731
3.060121581096
3.070178077655
3.080291988982
3.090512615219
3.100815241169
3.111172061119
3.121474760641
3.131684186634
3.136735176216
3.141767863862
3.146747462709
3.151687804226
3.156654383981
3.161579078786
3.166481426453
3.171462019670
3.176424464636
3.181404839419
3.345839481556
3.350697801306
3.355815005205
3.361014581262
3.366240771158
3.371512927605
3.376801922916
3.382109963781
3.387443999200
3.392801822601
3.398160992261
3.403493696307
3.408814488653
3.414151751277
3.419494549616
3.424847723981
3.430199018116
3.435554542630
3.440874173734
3.446217371655
3.451526406312
3.456785016525
3.462085939383
3.467269117791
3.472202203924
3.477126665285
3.481898312802
3.607427271350
3.612568041101
3.618022775249
3.623600996716
3.629141054708
3.634729270631
3.640249951559
3.645768928019
3.651264798651
3.656741925159
3.662176731401
3.667650711398
3.673176258020
3.678650955282
3.684061906343
3.689708717470
3.745649137303
3.750376434552
3.755116761047
3.759587450414
3.764351604820
3.769326853140
3.774502696651
3.779719053631
3.784957782556
3.790364601369
3.795838050537
3.801332689700
3.806829389800
3.812293057533
3.817686449927
3.823095328936
3.828414284532
3.833712498952
3.839568486154
3.965036108489
3.970137327126
3.975479518790
3.980997728628
3.986408257131
3.991923013363
3.997469894962
4.003027814145
4.008600577806
4.014184378179
4.019794323499
4.025474642208
4.031189811542
4.036928257497
4.042756372647
4.048600293542
4.054474979407
4.060357537479
4.066231926573
4.072391127596
4.078278509425
4.084348527138
4.089994669632
4.095633294500
4.101350571913
4.107008788619
4.112429146704
4.117939011388
4.123232992513
4.128588151079
4.133948087423
4.312796275928
4.317382451091
4.322856937251
4.328464748376
4.334006665933
4.339583499372
4.345290065349
4.351008052407
4.356714904117
4.362544010531
4.368359595832
4.374286119343
4.380193783238
4.386180789387
4.392278793845
4.398359993929
4.404745377600
4.410837281956
4.417583518798
4.423994050995
4.430766487844
4.437224733496
4.548289156910
4.552433876813
4.556925021079
4.561652792886
4.566381449386
4.571308837110
4.576242846330
4.581132176314
4.586332032127
5.223832285139
5.227497910452
5.230786932876
5.234714474596
5.238816686445
5.242971884555
5.247132472707
5.251290139856
5.255463973999
5.259764573744
5.264018007747
5.269004312084
5.543864552453
5.548065011266
5.552445723284
5.556887372284
5.561395943858
5.565968211118
5.570589384624
5.575245717935
5.579921140574
5.584601918474
5.589313893838
5.594093245375
5.598850139221
5.603615380866
5.608411122186
5.613243609593
5.618091539069
5.622946655986
5.627847999644
5.632758718462
5.637662515303
5.642579912003
5.647509198973
5.652424888733
5.657374997835
5.662315874214
5.667265075683
5.672163651917
5.677111864888
5.682022585427
5.686949395302
5.691869489831
5.696806942333
5.701771545852
5.706636607418
5.711609487286
5.716500832465
5.721396818706
5.726230180737
5.731021773303
5.735837595728
5.740591945690
5.745301318484
5.749966820836
5.754619231517
5.759221536585
5.763814571230
5.768390581751
5.772929638346
5.777479215247
5.782022631386
5.786534920738
5.790991662821
5.795436212321
5.799862703934
5.804242441551
5.808690752151
5.813355477708
5.913557487831
5.919208368500
5.924738111297
5.930531575630
5.936240759951
5.941488873875
5.946762764363
5.951946821906
6.114532112842
6.119025035443
6.124203657292
6.129112109706
6.134354057896
6.139372530918
6.144650572718
6.149763627880
6.155050209472
6.160257662419
6.165522225572
6.170699944406
6.175911236163
6.181101824643
6.186179411943
6.191201139946
6.196106322894
6.200793575573
6.205547755721
6.210409610362
6.215204155489
6.220135348656
6.225051843974
6.485981345869
6.490051324660
6.493881247009
6.498655463874
6.503487354135
6.508552262160
6.513604918431
6.518761977366
6.523886696035
6.529060010569
6.534224486906
6.539309566533
6.544612982234
6.549863493957
6.555092494845
6.560378006474
6.565641606060
6.570906051439
6.576144706634
6.581413393153
6.586693059694
6.591958702045
6.597293778889
6.602614888247
6.607901894086
6.613185765697
6.618475484175
6.623778671316
6.629072949727
6.634424085177
6.639696693839
6.645023040052
6.650356100820
6.655648648615
6.660880057964
6.666186927948
6.671551076305
6.766317550376
6.768181748630
6.769963164148
6.772455792595
6.774216633729
6.776048665441
6.778440084973
6.783001581617
6.830506351164
6.841406839305
6.852797028384
6.864209736162
6.875862573986
6.887583841412
6.899383838161
6.911414512308
6.923246068193
6.934747513447
6.947341567702
6.959556250974
6.971651033647
6.993725285730
7.004629180013
7.015394625109
7.025882054773
7.559422694465
7.564317638962
7.569567613555
7.574733174077
7.579970984215
7.585241721036
7.590506307446
7.595864319972
7.601187707315
7.606515146199
7.611873672864
7.617179402189
7.622513586993
7.627794559899
7.633116026473
7.638413571936
7.643573371686
7.648855321861
7.653975668881
7.659302400724
7.673215235565
7.682960572702
7.692035271200
7.701214812098
7.710211656080
7.718992622287
7.727626470543
7.736119802353
7.744935275246
7.754074509592
7.755904763834
7.758021286374
7.763009928886
7.764923115262
7.767119476188
7.773397602546
7.775588564699
7.777757811286
7.779971642078
7.782129727505
7.785675241435
7.787365509698
7.789380270822
7.791135446305
7.792754754857
7.794843631136
7.916992086235
7.921262749339
7.925894398620
7.930571690430
7.935360192524
7.940182147074
7.945209502693
7.950016573399
7.954446211608
8.152774555321
8.156784603751
8.161338493297
8.165796816472
8.169840378312
8.173927922960
8.178723251540
8.183718459217
8.188790997806
8.193928920480
8.199114821511
8.204342421287
8.209284248258
8.214494727411
8.219696569529
8.224956016964
8.230284666887
8.235605109648
8.240993696833
8.246354905930
8.251794669568
8.257275813479
8.262716934012
8.268172315911
8.273693556186
8.279185575831
8.284749014499
8.290298965198
8.295912637531
8.301439721593
8.307061843044
8.312535003752
8.318216177219
8.323861066521
8.329543551176
8.335154045518
8.340839603008
8.346410375648
8.352121439639
8.357716444421
8.363610301332
8.369664979149
8.374302082997
8.379315454187
8.384416936503
8.389247186044
8.394482335403
8.520543082253
8.531024993882
8.542339833885
8.559458138491
8.564980266523
8.570447701383
8.576095237157
8.694702945012
8.700193851382
8.706541438719
8.712515915142
8.718501372259
8.724273314578
8.729792189550
8.735793604924
8.741708188239
8.747598319154
8.753489213051
8.759445145608
8.765470882306
8.771567485496
8.777650423646
8.783773268064
8.789925428772
8.796090222788
8.802303629655
8.808577860230
8.814695082297
8.821475009441
8.826981192221
8.886506523339
8.898745676327
9.022103801307
9.026847474992
9.031308503126
9.036680604048
9.042412829322
9.048058449019
9.053841484280
9.059492845161
9.065184098093
9.070788299774
9.076560484159
9.082269487481
9.087961110982
9.093686602184
9.099428603979
9.105216297399
9.111000259614
9.116807592954
9.122645512157
9.128410777826
9.134302353669
9.140025295584
9.145854499568
9.151745600917
9.157499235082
9.163331400072
9.169130250048
9.174930516751
9.180688783341
9.186460445458
9.192275524794
9.197671387072
9.203005726642
9.207787971053
9.212572181526
9.644448690267
9.653566750373
9.663020248377
9.672488599861
9.677160686523
9.682237540106
9.686893965536
9.691526306016
9.696209930966
9.700896922160
9.705561490928
9.710267942035
9.715099584016
9.719838909911
9.724577686463
9.729331499706
9.734058091226
9.738802311700
9.743538981727
9.748280139595
9.753031091240
9.757742434269
9.762369614512
9.767081657143
9.771837632783
9.776588040620
9.781327657115
9.786077572257
9.790836910608
9.795616840125
9.800422979570
9.805224952379
9.810010168308
9.814830867470
9.819644349379
9.824463439943
9.829354263607
9.834205618697
9.839122995459
9.844018170446
9.849012550598
9.854502306995
9.859730416555
9.864361044283
9.869177957597
9.874101838301
9.879228902256
9.925946105235
9.931129205889
9.936410181227
9.941719930755
9.946981757934
9.952332709965
9.957682041754
9.963086207640
9.968459948625
9.973561540000
9.979045274268
9.984545716421
9.990079751733
9.995591815589
10.001129871938
10.006641348614
10.012216587186
10.017764847524
10.023362535730
10.028903155344
10.034483721646
10.040069555319
10.045496120694
10.050504048461
10.177815748651
10.182451604566
10.186676736939
10.191238556389
10.196451165250
10.201519404007
10.206887979867
10.212121513564
10.217345480899
10.222686647760
10.228075565570
10.233459337314
10.238955448441
10.244451311736
10.250000729872
10.255544735008
10.261123574191
10.266708707376
10.272277027188
10.277921093202
10.283512918992
10.289185768563
10.294695315738
10.300395975159
10.305982433839
10.311615325334
10.317183147766
10.322778989680
10.328280089784
10.333927425625
10.339500577873
10.344840533921
10.349754824658
10.354609100060
10.525421365591
10.536697437589
10.547992067379
10.688224397154
10.693166264794
10.698173108363
10.703500366597
10.708830132886
10.791821556721
10.803724035483
10.815422046634
10.833385455991
10.839322400042
10.845474651072
10.851562397360
10.857823796569
10.863834102549
10.870134791451
10.876351021935
10.883304229299
10.888734110143
10.894374314432
10.899958682445
10.926459777004
10.938753598590
10.950686290592
11.118221032674
11.129358962396
11.140592046244
11.151911152842
11.163256003647
11.174725661705
11.186247018183
11.197840271826
11.209254436301
11.220398852076
11.232083530434
11.243629811445
11.286943564008
11.298791979072
11.310855790797
11.322764688856
12.207517778578
12.211829111993
12.216149197741
12.220206938720
12.224056755376
12.228729034481
12.233549001611
12.238292952242
12.243067469534
12.247844934079
12.252632116881
12.257428253874
12.262204686268
12.266990333941
12.271773480501
12.276547615302
12.281335273716
12.286121870921
12.290869143292
12.295613865695
12.300367121872
12.305119008507
12.309869390539
12.314617712195
12.319367897379
12.324111695538
12.328843451328
12.333566109175
12.338274677916
12.342939777340
12.347613822941
12.352275177770
12.356893704525
12.361496675851
12.366090038703
12.370653875871
12.375151699565
12.379610342675
12.384039293987
12.388433342718
12.392740677059
12.396987658507
12.401182407188
12.405325219937
12.409442944436
12.413503349884
12.417543869461
12.421534526702
12.425494388075
12.429408307259
12.433295402579
12.437097619996
12.440985248457
12.445152531922
12.562966138308
12.567256979230
12.571520404088
12.575995850653
12.580521320676
12.585068361188
12.589662879009
12.594309142798
12.598998993737
12.603715669072
12.608505674126
12.613334396679
12.618232849646
12.623366716684
12.628357927060
12.633195755360
12.638225674852
12.643256163007
12.648364071512
12.653476012603
12.658624448165
12.663797415528
12.668987414783
12.674241672312
12.679520670270
12.684750137377
12.689847296359
12.695190368857
12.700500579936
12.705793271657
12.711112529011
12.716393365918
12.721731946380
12.727081601548
12.732429918912
12.737771607219
12.743100674014
12.748458103105
12.753798308389
12.759130598471
12.764476488134
12.769774087706
12.775031381584
12.780290510014
12.785466134618
12.790693742242
12.795857933926
12.801002933484
12.806147189872
12.811302138179
12.816403080616
12.821474980583
12.826888862717
12.831591156148
12.871425727218
12.876465367810
12.881764538910
12.887147836830
12.892250750518
12.897636773565
12.902815290522
12.908188036434
12.913483711221
12.918769222243
12.923914786322
12.929047771592
12.934054553636
13.086320633455
13.091272782368
13.096043523086
13.100430275725
13.105658263737
13.111141080150
13.116918170816
13.122694205796
13.128433733120
13.134223498951
13.140028309423
13.145956926708
13.151892050476
13.157877703707
13.163786038503
13.169765603671
13.175739003168
13.181707581244
13.187654637721
13.199551339676
13.211334865881
13.222899926178
13.234460775735
13.245820071572
13.256925813269
13.267787128398
13.273169722417
13.278360333173
13.283535369810
13.288620099790
13.293645917242
13.298360620576
13.302821206215
13.307280863738
13.311653509081
13.473832698182
13.479269762465
13.484935851226
13.490461550518
13.496055117466
13.501486301569
13.506996778598
13.512475697079
13.517888629904
13.523316174606
13.528672638319
13.534030267747
13.539261674025
13.544167441902
13.549095615224
13.554129451096
13.559086435409
13.564083499122
13.569070644504
13.573485850047
13.927850003417
13.931711960332
13.936186303627
13.941198273986
13.946459668945
13.951538971327
13.957033883768
13.962534969992
13.967991698586
13.973563410232
13.979035228928
13.984563465609
13.990095741954
13.995674223363
14.001082254900
14.006568870271
14.012025922712
14.017347325838
14.022643415236
14.027850651747
14.032968639182
14.038145062045
14.043092118906
14.048183244029
14.053071829703
14.058128054408
14.062859331080
14.067863878640
14.072079966294
14.076573668115
14.481123909184
14.492138183393
14.503142473313
14.514889566605
14.526486564334
14.538424617818
14.550566767588
14.562763380818
14.574886151823
14.586381884034
14.598610641761
14.611171610185
14.623497113307
14.635745393104
14.646713776520
14.657648448864
14.739911577521
14.744912470163
14.749876582744
14.754903282038
14.759798324658
14.764667033866
14.769493692342
14.774266731997
14.778991165153
14.783671827753
14.788268781553
14.792902946219
14.797666671150
14.802737309902
14.807440444916
14.812242533339
14.817294302588
15.012563806610
15.015255247096
15.017478886665
15.019661338254
15.023994628663
15.026259925514
15.028631299762
15.030914873196
15.033415923157
15.035369879591
15.037889125738
15.039875035840
15.041711417411
15.043519342029
15.052029079572
15.056651418207
15.061072542354
15.065308416395
15.070148050622
15.075263520641
15.080516607310
15.085820181164
15.091134355702
15.096461690071
15.101864387453
15.107350418633
15.112838500398
15.118346313279
15.123922723078
15.129583298386
15.135116202624
15.140848242515
15.146388618090
15.152102997883
15.157558238045
15.163156671618
15.168529446207
15.173925207986
15.179222052951
15.184619198537
15.341206836556
15.346895925253
15.353143275974
15.359160883750
15.365406248838
15.371577532398
15.377852079650
15.384105112895
15.390308926715
15.396552159615
15.402792960798
15.409003098435
15.415194315824
15.421475703458
15.427745431864
15.434082685150
15.440260593435
15.446835188373
15.452898875409
15.459065698189
15.464463484718
15.892007877945
15.903811163996
15.915912962886
15.928311394376
15.940083591289
15.952791616964
15.974186562834
15.978999133512
15.984004711799
15.989241555693
15.994666472326
16.983597335655
16.988227636380
16.992709750567
16.997439431303
17.002179688053
17.006806742186
17.071965846976
17.076280529111
17.080788945592
17.085406659288
17.090066081339
17.094858146624
17.099650710961
17.104395529480
17.109161546084
17.113941206092
17.118707173571
17.123498234601
17.128290045657
17.133116556235
17.137985266904
17.142896477031
17.147619860013
17.292053237978
17.300323887207
17.303936910834
17.307646263424
17.311371672244
17.315128734349
17.318882679721
17.322615724512
17.326327680997
17.330017855536
17.333680289697
17.337321470888
17.340936779294
17.344536848267
17.348102065771
17.351655992240
17.355212198030
17.358768451821
17.362488893329
17.366387778063
17.370153870763
17.373906585572
17.527362022765
17.532332347685
17.537569719793
17.543293812443
17.548945665304
17.554561831122
17.560294149029
17.566074871401
17.571869984139
17.577796867860
17.583626478783
17.589562405318
17.595476647321
17.601405938630
17.607098883929
17.612156639357
17.762186666945
17.771474969759
17.777061188255
17.782713733770
17.788565861968
17.794509831696
17.800413773284
17.806322614778
17.812241414970
17.818151053177
17.824045390818
17.830015959823
17.835934830656
17.841876830478
17.847768168489
17.853688863927
17.859556582300
17.865385500451
17.871102789378
17.876764525727
17.882455446184
17.888090626248
17.893169887158
17.898345602656
17.903424362459
18.013123834800
18.018836548734
18.024382533179
18.029801271919
18.035365930519
18.040885373735
18.046462484839
18.052075009055
18.057569893497
18.062891345337
18.068241489730
18.073620240256
18.078924103353
18.124724940527
18.129560616859
18.134252095931
18.139585389410
18.145251899838
18.150873900263
18.155782674293
18.161610269195
18.166574874319
18.334958861990
18.339281817742
18.343168885443
18.347323800626
18.352049815491
18.356854023245
18.361625456551
18.366435786993
18.371220741339
18.376014329796
18.380782150677
18.385528286025
18.390279507251
18.395001346281
18.399705909070
18.404374817588
18.409007181194
18.413608154952
18.418175971357
18.422720185827
18.427219690402
18.431715008809
18.436140638353
18.440581168218
18.445056597424
18.449501055818
18.453914414066
18.458277910278
18.462633103006
18.467022798702
18.471503828272
18.475820001284
18.480266563825
18.484694667369
18.489117302665
18.493559182936
18.498001259026
18.502412096241
18.506690417542
18.510869577994
18.515051281565
18.519140794453
18.523246403310
18.527776261761
18.532698035836
18.537721033948
18.542789608103
18.547908364561
18.552986144172
18.558151644363
18.563287758927
18.568511823659
18.573741207791
18.579016405036
18.584257904619
18.589534941063
18.594860892060
18.600087989942
18.605343452372
18.610592727499
18.615859709356
18.621096496236
18.626427379569
18.631658888455
18.636449555476
18.641661046276
18.647173124444
18.799959059821
18.812583417000
18.826645211270
18.839727845872
18.852666469651
18.865875197618
18.878373241356
18.889710542376
18.902929705919
18.922329611982
18.935237363293
18.948240545719
18.960876211932
18.973253449496
18.985388763285
18.997255802009
19.420784309602
19.427946207125
19.434617279130
19.441164934208
19.447685136631
19.454218807220
19.460204574961
19.466351749442
19.472586657274
19.478664366076
19.485260139612
19.491337711013
19.497338102369
19.503504255390
19.509766462872
19.516010537681
19.522425803984
19.528736576868
19.535009848593
19.541368839117
19.547764626004
19.554176912006
19.560595868716
19.566280979279
19.572186586960
19.578604313986
19.584636703814
19.590908080776
19.597110625207
19.603369031397
19.609507809485
19.615707231821
19.621958785634
19.628212766276
19.634571268420
19.640846083229
19.647273556251
19.653532313760
19.659839500177
19.666139938316
19.672209309345
19.678523884541
19.685216389042
19.690672736441
19.697232337126
19.703376737450
19.709458220183
19.715554324025
19.721638310313
19.727624647185
19.733800419507
19.740157693592
19.747038407642
19.753803146261
19.759799425596
19.826957655434
19.832659227551
19.838541335425
19.844208629497
19.849886204688
19.855604316956
19.861323926422
19.867061694242
19.872797430288
19.878536300968
19.884237351515
19.890100054289
19.895928692387
19.901829079661
19.907783016050
19.913766665736
19.919894333879
19.926095193946
19.932302265281
19.938252069747
19.944229868325
19.950185797139
19.956169108794
19.962113617237
19.968004024785
19.973864878144
19.979701151294
19.985526595796
19.991295860715
19.996980717357

