Time_s
0.596053321184
0.600451849489
0.604835443242
0.609088942168
0.612885932610
0.617094072532
0.621740852470
0.625874328499
0.630355282160
0.634657888312
0.638825862159
0.642959115163
0.647078496548
0.651347271529
0.655471789822
0.659576759004
0.663708816231
0.667847700133
0.671985092661
0.676029216034
0.680046547192
0.684021251036
0.687975897851
0.691886418290
0.695738761567
0.699597801121
0.703387115334
0.707145801034
0.710904977732
0.714623563519
0.718314736812
0.721999391802
0.725803600056
0.729579430107
0.733369930425
0.737153982242
0.740862760165
0.744806119937
0.748732445745
0.752432557300
0.915976213575
0.920636113573
0.925712236448
0.931136834903
0.936092456225
0.941273350827
0.946338078049
0.951436613615
0.956561099120
0.961622663046
0.966691481997
0.971738781362
0.976773741965
0.981808606214
0.986804381404
0.991833782636
0.996803256109
1.001774189759
1.006702044157
1.011618100286
1.016562132195
1.021486233055
1.026385963283
1.031242913999
1.036059411710
1.040920564932
1.045755435830
1.050579131969
1.055411199882
1.060254550348
1.065131605887
1.070059037875
1.075015960907
1.079892440857
1.084834502485
1.279427814353
1.284663268098
1.290027594375
1.295355217336
1.300693377670
1.306105408842
1.311625587831
1.317191079605
1.322817246774
1.328424751943
1.334091548970
1.339751409760
1.345453851443
1.351164060353
1.356919630757
1.362703974985
1.368514149983
1.374373684943
1.380249540267
1.386210899148
1.392188923691
1.398203520899
1.404263415151
1.410363125397
1.416520978860
1.422758335929
1.429047340621
1.435392889679
1.441997895609
1.448595520152
1.476399008753
2.201577593758
2.205501450185
2.209427989914
2.213690611259
2.217937317954
2.222278841543
2.226513013471
2.230736193012
2.234926818137
2.239097548763
2.243245378582
2.247344554919
2.251416413307
2.255462780690
2.259467242333
2.263407457814
2.267274246279
2.271116569342
2.274932320476
2.278708017817
2.282536263691
2.286339391561
2.290065362503
2.293777160677
2.297507771804
2.301232053512
2.304974977533
2.308708437400
2.312523167876
2.316361274598
2.320029072641
2.323791343389
2.486598478321
2.490617893209
2.494749266044
2.499111798208
2.503561557116
2.508117102513
2.512714695862
2.517331608884
2.521975786815
2.526633323699
2.531278740502
2.535962968996
2.540681318137
2.545460221762
2.550415371281
2.555243350102
2.560024525743
2.564562555997
2.645536293195
2.650081661144
2.654901145461
2.659908726152
2.664946690625
2.670031588024
2.675209043901
2.680384127014
2.685643083362
2.691123370983
2.696817317225
2.702229917194
2.707644935856
2.713293278177
2.718473152103
2.724146895190
2.730026014369
2.735729112200
2.741627654482
2.747424301087
2.753414361502
2.759254610308
2.765072006240
2.770841693423
2.777107108433
2.784149609782
2.789716767163
2.795486010492
2.800569043205
2.805801593923
2.811227920295
2.816752191971
2.822134347789
2.827572522152
2.832956634174
2.838227225898
2.843500537012
2.848812883057
2.854138417342
2.859360949041
2.864637256229
2.869842936626
2.875014935463
2.880161223536
2.885306803879
2.890355571167
2.895409361253
2.900467541994
2.905514586129
2.910570472143
2.915613041616
2.920643272035
2.925700422794
2.930742749981
2.935803900247
2.940866498899
2.945952236366
2.951007390087
2.956055899480
2.961111567648
2.966140513528
2.971208454959
2.976262572814
2.981338928203
2.986416856052
2.991493660439
2.996572105547
3.001737231579
3.006887908180
3.011987323464
3.017189250530
3.022379431657
3.027557180382
3.032712792047
3.037898933493
3.042962396019
3.048212218029
3.053404055880
3.058558652923
3.063795255302
3.069026129755
3.074229187106
3.079595537283
3.084985420093
3.090452570679
3.095916033031
3.101462202406
3.107478631313
3.113590409249
3.138128922961
3.142659912689
3.148043066679
3.153448204702
3.159248477251
3.164955645266
3.170666744376
3.176514242735
3.182243957298
3.188022063947
3.193884104489
3.199702992528
3.205543501736
3.211320268678
3.217038806767
3.222757812026
3.228483949196
3.234086229731
3.239787593927
3.245409015510
3.251165662569
3.256909781917
3.262729751742
3.268409117002
3.443145734638
3.448408085253
3.453697066434
3.459149511282
3.464727062777
3.470259789713
3.475779443161
3.481368283495
3.486918454126
3.492536974678
3.498157306481
3.503774585846
3.509456047092
3.515150024924
3.520819509307
3.526602847356
3.532330778498
3.538048619268
3.543810236442
3.549577277210
3.555382814875
3.561317682118
3.567299515808
3.573339077883
3.579425719815
3.585553772976
3.591743169298
3.597867229065
3.610430093954
3.623017305981
3.635619974957
3.648185899877
3.660747321696
3.673219069190
3.679415035186
3.685509260569
3.691608133471
3.697607489350
3.703728942124
3.709815359789
3.715825747646
3.721746772498
3.727776672114
3.733338145632
3.739348572369
3.829789572625
3.834910191854
3.839977966113
3.845872380892
3.851735675122
3.857647359420
3.863644264391
3.869699976166
3.875703348044
3.881811272493
3.887640768596
3.893355565197
3.899291391966
3.905306181918
3.911453585693
3.917750662656
3.923914989573
3.930164304903
3.936390742401
3.942567902009
3.948726370384
3.954830520048
3.960975182966
3.967072607077
3.973254906197
3.979262302226
3.985464900656
3.991579245224
4.162619732161
4.168427473069
4.174000186475
4.179587779252
4.185168156295
4.190841553688
4.196684068880
4.202573628384
4.208608427245
4.214713871422
4.220835182411
4.227050596200
4.233292073518
4.239549566984
4.245803091498
4.252110363121
4.258315183745
4.264684841343
4.270909429992
4.277275715226
4.283445538328
4.289614224947
4.295707882954
4.301736077294
4.307819781287
4.313943479063
4.320112623836
4.326339771736
4.332535736354
4.338761808369
4.344955959503
4.445543448260
4.450747082735
4.456811639928
4.462984303744
4.469325024638
4.475698240869
4.482018005531
4.488522265711
4.494842005079
4.501343000273
4.507709612580
4.514217028320
4.520460281316
4.526951893075
4.533308855564
4.539750861076
4.546143142456
4.552476103999
4.558801891184
4.565072227848
4.571398785579
4.577705205641
4.583969943981
4.590311414562
4.596732691405
4.603057791951
4.609410255639
4.615968910705
4.622710023696
4.628906222167
4.635105456189
4.641515671273
4.647897524353
4.654205789783
4.660568827286
4.666855363665
4.673207096811
4.679554955359
4.685793992139
4.692147059008
4.698365345045
4.704632125651
4.710779834280
4.716986923312
4.723147119434
4.729237729571
4.917928184459
4.924011580689
4.929738476662
4.935698589763
4.941678701427
4.947943226167
4.954255073299
4.960781264950
4.967408800959
4.974167267309
4.981193059191
4.988106204504
4.994948535774
5.035887917733
5.042631341667
5.049347107480
5.056089883519
5.063021781242
5.069755202623
5.076758516019
5.083412555606
5.090608791942
5.726022511591
5.730091844829
5.733897318830
5.738224992504
5.742463622928
5.746678805654
5.750824016101
5.754926810075
5.758978442582
5.762993851781
5.766975374196
5.770938365621
5.774885881222
5.778863606273
5.782895169302
5.787039305109
5.791161373783
5.794764437943
5.797972763564
5.805483483086
5.809748042344
5.813809455718
5.817665043512
5.821962834504
5.826039183119
6.058868931180
6.063508226441
6.068287769174
6.073125814984
6.077974298440
6.082836567098
6.087718316752
6.092605715520
6.097496443454
6.102269523324
6.107117647266
6.111992635266
6.116854790169
6.121685474983
6.126504358693
6.131308279348
6.136128246601
6.140930089354
6.145729554074
6.150491005794
6.155288750884
6.160087235608
6.164888206236
6.169680114690
6.174487597524
6.179312514628
6.184099312233
6.188935156995
6.193787490492
6.198665077432
6.203595856458
6.208492023485
6.213520749529
6.218526973327
6.223615963222
6.228941924231
6.233924185793
6.285920102011
6.291449008818
6.297010499553
6.302624615031
6.308289317438
6.313900518816
6.319635688059
6.325362737251
6.331144328009
6.336963052037
6.342775278587
6.348625908273
6.354471394604
6.360348348836
6.366191609811
6.371967400215
6.377792546007
6.383525164094
6.389482112187
6.518569457009
6.524063825511
6.529516835556
6.534973598272
6.540393954437
6.545856551705
6.551272515093
6.556738108956
6.562132575548
6.567579675413
6.573008497608
6.578451688549
6.583933203865
6.589371466586
6.594798499992
6.600227404094
6.605576140176
6.610956510346
6.616267631882
6.621543900239
6.626764172211
6.631947581068
6.637109487741
6.642227321410
6.647236270894
6.652141263883
6.657118136623
6.662104184455
6.667190528546
6.672047128245
6.840383140382
6.844776531711
6.849863084616
6.855296823160
6.860986524822
6.866714127948
6.872449685176
6.878296312756
6.884191946541
6.890170080465
6.896219529043
6.902333476275
6.908515544056
6.914694467063
6.920829527516
6.926916450760
6.933095185700
6.939298912219
6.945478495913
6.951789647357
6.958039671165
6.964322527241
6.970630619585
6.976836527061
6.983088373724
6.989438951343
6.995751314463
7.002035804501
7.008334266335
7.014674654471
7.020950807710
7.027232233144
7.033522582042
7.039905861553
7.046300670218
7.052818874729
7.058890646896
7.065222593366
7.071594829399
7.165380394618
7.170174091910
7.175050810547
7.180381374406
7.186783667270
7.192661710359
7.198510075952
7.204515976621
7.210540096560
7.216682475771
7.222869523383
7.229123781564
7.235367718733
7.241685587851
7.248037658781
7.254341664628
7.260686128952
7.267060232141
7.273495877279
7.279902312116
7.286375971127
7.292787934942
7.299126237953
7.305489215551
7.311792004642
7.318096336611
7.324372380455
7.330661664309
7.336642016839
7.342952024915
7.349256762024
7.355591139805
7.361929718352
7.368266885602
7.374621146240
7.380965857938
7.387310135474
7.393652714775
7.400052660033
7.406383145441
7.412722892309
7.419006617503
7.425347445211
7.431948685908
7.651130739851
7.656921985107
7.662229678109
7.667792924958
7.673355460432
7.678974068658
7.684627472525
7.690310471662
7.695977426245
7.701647403206
7.707271289661
7.712884509889
7.718485016755
7.724009036044
7.729527802707
7.735000162467
7.740460998083
7.745841401135
7.751212128032
7.756532971265
7.761812414970
7.767034663783
7.772205292284
7.777345229118
7.782465319070
7.787521741299
7.792580649108
7.797524061000
7.802484470449
7.807399399739
7.812251477404
7.817066791111
7.821877093005
7.826659517099
7.831377459602
7.836118241186
7.840809276358
7.845504056617
7.850167640803
7.854811944831
7.859428123232
7.864009029616
7.868542618718
7.873077632017
7.877640161240
7.882171065571
7.886725700007
7.891332790603
7.895920345206
7.900521813562
7.905140540291
7.909799419380
7.914538886067
7.919238486780
7.923867078145
7.928411063939
7.933333016079
8.077823826670
8.082965835821
8.088006421023
8.093157133001
8.098357238960
8.103567088662
8.108772083187
8.113988376043
8.119217505812
8.124450153600
8.129688973291
8.134882250855
8.140053271831
8.145185999700
8.150280675242
8.155343045386
8.160442703591
8.165548258178
8.170667657694
8.175431863839
8.180549006033
8.185873148983
8.191088941102
8.196252111889
8.392320084288
8.397624057899
8.403093982608
8.408607184054
8.414170467284
8.419732772706
8.425297140835
8.430877382433
8.436539187569
8.442190561849
8.447865434292
8.453567503205
8.459317936298
8.465093499346
8.470885063141
8.476675192014
8.482542593713
8.488321766176
8.494140404848
8.500018129694
8.505957882204
8.511867821316
8.517803947055
8.523749151515
8.529626361458
8.535483764214
8.541300666222
8.547127089040
8.552923091210
8.558694516612
8.564450184721
8.570164886933
8.575816901327
8.581422303140
8.587011637450
8.592566388672
8.598109916742
8.603686199272
8.609311419012
8.615030689229
8.620633958895
8.626247917931
8.631861682816
8.637529843517
8.643295952829
8.648893031723
8.654503123395
8.660222498005
8.747643084533
8.753380849289
8.759053774817
8.764831005757
8.770629033507
8.776419685784
8.782223338838
8.788041382657
8.793838729970
8.799677111803
8.805486021493
8.811288298856
8.817102728523
8.822929774292
8.828726743691
8.834516640329
8.840292658796
8.846162375030
8.851970827968
8.857891509176
8.863750546563
8.869633294386
8.875626984680
8.881495688242
8.887522149688
8.951538678003
8.957621010104
8.963033664045
8.967771056156
8.973449381210
8.979306075179
8.985276960309
8.991186604844
8.997248090293
9.003158128649
9.009062067044
9.014906026065
9.020735587792
9.026475986537
9.032241786575
9.037954887423
9.043644643665
9.049296865344
9.054917312880
9.060546900467
9.066148421267
9.071791381427
9.077411283961
9.083050363953
9.088678779597
9.094275417369
9.099920049861
9.105489565674
9.111074415940
9.116620015791
9.122157605883
9.127673542161
9.133156988827
9.138870760822
9.144627628423
9.150436568194
9.324999295212
9.331193035684
9.337252166333
9.343638489941
9.350029576635
9.356560781828
9.362997554163
9.369479245686
9.376009907602
9.382640152107
9.389236445257
9.395913247705
9.402541158331
9.409323911674
9.416178584937
9.423052566139
9.429848139190
9.436839207450
9.443758798935
9.450734579672
9.457730966690
9.464650651746
9.471632905103
9.478394427452
9.485222057208
9.491966956596
9.498802980898
9.505640436830
9.512459730854
9.519415849070
9.526170319520
9.532956390939
9.539839548742
9.546574437839
9.553302664163
9.559804599155
9.566471376059
9.572851881239
9.579458676308
10.056880475865
10.063210736568
10.069747057118
10.076037477215
10.082497302075
10.088733419119
10.095082067770
10.101581546061
10.107923772271
10.114042598755
10.120353078490
10.126643083341
10.132781580151
10.139035418964
10.145138489354
10.151256251056
10.157414839165
10.163513232009
10.169674309165
10.175793595531
10.181875696732
10.187892488072
10.193888196271
10.199370768398
10.204992098260
10.210626663005
10.216173376231
10.221686440221
10.227180711467
10.232587462170
10.237957915440
10.243266377718
10.248478079101
10.253693993556
10.258893571060
10.264050229299
10.269172668668
10.274234584396
10.279298513969
10.284333344259
10.289328247822
10.294303938770
10.299268547216
10.304143909559
10.309023258486
10.313818178398
10.318569961818
10.323321326353
10.328044773981
10.333111244947
10.338136927832
10.343295390765
10.348674938050
10.353879026474
10.359102513774
10.364260581624
10.369412399843
10.374818372087
10.380556627712
10.386191188933
10.391630186803
10.397224418658
10.403308448028
10.408779752625
10.414417150643
10.419695361673
10.425222924049
10.430861913362
10.436716230647
10.442629854179
10.448603287914
10.454733320697
10.460948732465
10.467187030986
10.473545743690
10.479836425270
10.486281644982
10.492544405741
10.498950644307
10.505322280422
10.511561403223
10.517976003644
10.524318964176
10.530797557202
10.537128998157
10.543547089797
10.549985780000
10.556292163411
10.562614651578
10.730519446017
10.735348298092
10.740888491373
10.746518743622
10.752254078594
10.758097260639
10.763863329533
10.769641217287
10.775341048877
10.781064214855
10.786815708925
10.792566613494
10.798318149562
10.804122195033
10.809880513931
10.815631822882
10.821372452243
10.827079027919
10.832805306011
10.838469052925
10.844125980939
10.849730186746
10.855290894571
10.860809860269
10.866282100843
10.871722056329
10.877136742255
10.882522471248
10.887897979073
10.893301123647
10.898733382234
10.904248534452
10.909747220917
11.049520725376
11.055110042765
11.060848822493
11.066796184762
11.072830571954
11.078851894047
11.084953035046
11.091066792762
11.097177300525
11.103397546771
11.109553317253
11.115760539434
11.122061304406
11.128278957312
11.134645390936
11.140998902933
11.147061746443
11.153407530553
11.159777066605
11.166204093951
11.172372253512
11.178470837386
11.184652237810
11.190723901911
11.196896459688
11.203244143020
11.209747992051
11.216298562773
11.222914316284
11.230334346407
11.236724105985
11.244559092739
11.250680820402
11.257102090578
11.263660660475
11.270057538687
11.276422662171
11.282494921734
11.288906388976
11.300091015843
11.306554472787
11.313034529624
11.319619650934
11.326137287448
11.332645149772
11.339132743880
11.345582662140
11.352021798828
11.358513801935
11.364964334669
11.371374046934
11.377732948471
11.384127541970
11.390442147665
11.396742937297
11.402964108108
11.409179681844
11.415339691537
11.421502532268
11.427575359331
11.433673604950
11.439780124580
11.445946429454
11.452182797751
11.458397256072
11.464547596007
11.470748628676
11.476858587775
11.482909369278
11.488889731576
11.494923028639
11.500870982785
11.506915931951
11.512929958186
11.518953741131
11.524985566097
11.531036570014
11.537099295441
11.548461266313
11.554718555051
11.560760835464
11.641535991149
11.649197685674
11.656698511397
11.664303560361
11.672130008084
11.680167431924
11.688316451391
11.696302927931
11.704513015390
11.713245769379
12.556195683627
12.561086222950
12.565924436892
12.570818084527
12.575684536541
12.580511796743
12.585330347244
12.590108474117
12.594856614787
12.599548215186
12.604181085351
12.608764829338
12.613273611826
12.617748823396
12.622196285355
12.626614572484
12.630969903252
12.635239488043
12.639472840827
12.643682472029
12.647791860480
12.651811831869
12.655800214639
12.659673029676
12.663530978212
12.667356388181
12.671102247927
12.674832826520
12.678492420674
12.682118321283
12.685712268141
12.689264104951
12.692788281479
12.696294382050
12.699753331624
12.703210819745
12.706651884883
12.710083091992
12.713527364490
12.716979155704
12.720394611618
12.723831144862
12.727301377373
12.730733487071
12.734278841672
12.737747384618
12.741256807701
12.744779038222
12.748331507962
12.751799840941
12.852322500353
12.855494266407
12.858687627437
12.862254876187
12.865897237274
12.869593478411
12.873333893658
12.877085843044
12.880882306321
12.884692922002
12.888575416464
12.892476644845
12.896418931936
12.900391572875
12.904379544936
12.908386144958
12.912393267520
12.916402302342
12.920447827963
12.924537511326
12.928664866486
12.932821744716
12.936984586374
12.941161804727
12.945367566627
12.949581092650
12.953809545056
12.958100516210
12.962424423256
12.966797199309
12.971167266961
12.975571048862
12.980026000827
12.984480342177
12.989004316775
12.993558261128
12.998061245255
13.002661027454
13.007346779767
13.012089193662
13.016854651166
13.021638214929
13.026406935299
13.031195977829
13.035950140775
13.040769372552
13.045545804869
13.050258830357
13.054969824345
13.059681924132
13.064311139644
13.068938453761
13.073562752796
13.078156912535
13.082742242273
13.087310661424
13.091862380145
13.096409844506
13.100955411157
13.105500333562
13.110022422089
13.114542111621
13.119068207073
13.123564407666
13.128056779634
13.132558999856
13.137032725787
13.141540202684
13.146211135071
13.151042987031
13.155909514867
13.161032245005
13.166211721821
13.171367149614
13.176538846339
13.181584499235
13.186526063426
13.191404608259
13.196256554564
13.201179049681
13.206120122120
13.211133924971
13.216235184227
13.221407439594
13.226598936207
13.231809200113
13.237028295377
13.242252780610
13.247524292949
13.252904552392
13.379659204163
13.384503583148
13.388854496698
13.393846216165
13.398883282874
13.403914609256
13.408883208276
13.413859892095
13.418816396278
13.423782039811
13.428771153967
13.433723838549
13.438705325850
13.443664503051
13.448593521778
13.453508394039
13.458396763305
13.463263461805
13.468103647809
13.472917455176
13.477723978222
13.482491258090
13.487239220516
13.491963866607
13.496673761551
13.501405266391
13.506162122691
13.510856877863
13.515530329071
13.520146971712
13.524734483399
13.529319664915
13.533931440777
13.538546346357
13.543278498300
13.548026685114
13.552686726938
13.557377966786
13.562056975239
13.566674851392
13.571428595711
13.576151757351
13.580827210514
13.646201189591
13.651542930961
13.656921465952
13.662335369613
13.667693613780
13.673117863092
13.678634569588
13.684198697760
13.689813154759
13.695483612747
13.701197794278
13.706945922190
13.712666282943
13.718352682964
13.724026190159
13.729667548675
13.735333323372
13.741019466659
13.746613716289
13.752171349257
13.757664797441
13.763133284010
13.768567342915
13.773938049190
13.779305529355
13.784646783113
13.790035851549
13.795394079630
13.800837016116
13.806236244794
13.811831372554
13.817161399270
13.946754953158
13.951396587666
13.956097322686
13.960866643300
13.965666299457
13.970468400879
13.975312068293
13.980190205339
13.985063784329
13.989906913730
13.994744276988
13.999588036235
14.004402753353
14.009147377136
14.014036947672
14.019066950216
14.024118117259
14.029443478219
14.034995667308
14.040324910108
14.224293852461
14.230270121883
14.234976450023
14.239882114157
14.245142051423
14.250410515178
14.255862501773
14.261251881086
14.266762319307
14.272384626944
14.277878159063
14.283382412643
14.288889250352
14.294424492766
14.299949150060
14.305507466124
14.311113976669
14.316714944264
14.322384245646
14.328075318746
14.333763619706
14.339497651667
14.345305071644
14.351134054015
14.356967403391
14.362879304409
14.368701236946
14.374611530836
14.380538519710
14.386424545036
14.392311730489
14.398212123114
14.404147305710
14.410014780877
14.416007414991
14.421912896579
14.427895020016
14.433949476401
14.439937014370
14.446029599586
14.452031936490
14.458109904006
14.464174901354
14.470292180794
14.476413699795
14.482573962856
14.488678514560
14.494878741559
14.501111038875
14.507258161352
14.513492245215
14.519667709755
14.525903504278
14.532140704504
14.538397606857
14.544447768610
14.550581385849
14.556695891850
14.562850410612
14.569031212103
14.575261153860
14.581540372650
14.587680918739
14.744601641850
14.750245564990
14.755908386169
14.762807945668
14.768012022081
14.773558919989
14.778826403160
14.784299440985
14.789807872172
14.795419150004
14.801072406387
14.806779622416
14.812525743468
14.818282401556
14.824050280923
14.829853839694
14.835682729350
14.841508034923
14.847477278230
14.853397605807
14.859333205775
14.865269109437
14.871323314601
14.877371011544
14.883392652328
14.889480941635
14.895666897709
14.902103235377
14.915541400351
14.921621832637
14.927582004547
14.933523624632
14.939409341012
14.945338239430
14.951258658459
14.957199092325
14.963150174627
14.969084476004
14.974881546643
14.980928420889
14.986917840631
14.992915988474
14.998533649947
15.004709980991
15.010667325537
15.016891386709
15.022810021412
15.029045793442
15.035391981828
15.041386141596
15.047261444924
15.053288698285
15.058806865904
15.063923978875
15.069104338271
15.074154009509
15.079118886001
15.083991437122
15.088840304184
15.093688525374
15.098483572132
15.103228410966
15.107899083054
15.112523209262
15.117127278246
15.121727294753
15.126332798211
15.130944061384
15.135592685561
15.140270177124
15.144947179143
15.149650598154
15.154340326434
15.159014359028
15.163745941027
15.168481116695
15.172904962086
15.177516770199
15.182338580399
15.187125335511
15.191703016908
15.196429606653
15.201301687389
15.205991737919
15.318138867342
15.322787718248
15.327616948235
15.332568468921
15.337480973419
15.342481217406
15.347517235711
15.352577053890
15.357633033350
15.362702099921
15.367786263471
15.372840212583
15.377931922867
15.383036894223
15.388203413675
15.393387997577
15.398602009920
15.403877793601
15.409190712208
15.414521724605
15.419869918413
15.425218809739
15.430582262239
15.435959500200
15.441380972667
15.446782822280
15.452207836235
15.457614237175
15.463029561376
15.468487006300
15.473961075849
15.479398185075
15.484851616600
15.490327827587
15.495831307079
15.501305573086
15.506795390012
15.512267088322
15.517702424307
15.523142298453
15.528579749824
15.534052814120
15.539496526744
15.545102131638
15.550636871091
15.683965317413
15.689288851830
15.694539151229
15.699869792653
15.705273130294
15.710710148548
15.716151268329
15.721612494861
15.727122866616
15.732685264008
15.738266388036
15.743910815468
15.749567764961
15.755234414352
15.760913580225
15.766613826066
15.772278505191
15.777943270405
15.783616616175
15.789286599355
15.794987814176
15.800642667464
15.806303219411
15.811984472232
15.817674030697
15.823394639157
15.829133864347
15.834843651483
15.840545822674
15.846216738443
15.851851984533
15.857471359918
15.863072157340
15.868706429251
15.874320318634
15.879886172596
15.885537273111
15.891207270835
15.896947625142
15.902583674542
15.908332182938
15.913962843342
15.919742093270
15.925324416808
16.057648705049
16.063484139421
16.069125886380
16.074719063694
16.080450775445
16.086262831407
16.092157768965
16.098076584064
16.104136632469
16.110169666938
16.115977141337
16.121770969109
16.128003617071
16.134293655026
16.140745751407
16.146751288275
16.152585930426
16.158391161665
16.164167950530
16.169908860860
16.175623353839
16.181355055738
16.187044523691
16.192707640501
16.198358037823
16.203995322604
16.209599920751
16.215272449651
16.220987059210
16.226831592599
16.232544578186
16.238073454031
16.243983015667
17.136855731308
17.140094785279
17.143632308534
17.147456117279
17.151190238845
17.154937237363
17.158636165671
17.162297806283
17.165924891897
17.169549966579
17.173222255076
17.177069424855
17.180782941060
17.184477540809
17.188165761804
17.191826394260
17.195519700612
17.199208938335
17.202869246594
17.206539671656
17.210231923778
17.213907352420
17.250155626248
17.253914301141
17.257411644982
17.260542332484
17.263910031927
17.267362892083
17.270793373650
17.274210298300
17.277629641453
17.281053358218
17.284502730934
17.287966013642
17.291442592283
17.295018237374
17.298667554584
17.302361801648
17.306044473495
17.309713325820
17.313368472900
17.317063236340
17.320788937581
17.324551256507
17.328299514200
17.332062893788
17.335892114971
17.339710284801
17.343536474748
17.347421813137
17.351306362505
17.355363706073
17.359342866471
17.363385606228
17.367259535395
17.371257311133
17.560850715692
17.564876380836
17.569316532470
17.573813505741
17.578335572621
17.582834111770
17.587359286916
17.591884250043
17.596382579996
17.600875696239
17.605341233042
17.609782388420
17.614207908910
17.618624266676
17.622999475029
17.627371667118
17.631743240169
17.636121187183
17.640512224586
17.644978136509
17.649555459251
17.654079944793
17.658620027491
17.663066940505
17.667514558942
17.672027389100
17.676591108255
17.681394332908
17.686225964796
17.691062730222
17.696112715974
17.701159330854
17.705891692060
17.710762161773
17.715881141258
17.720723715586
17.725792874124
17.730892144405
17.736075138092
17.741344557186
17.746812517611
17.752288288822
17.757736920530
17.763137213974
17.768422039440
17.773590495567
17.778754290650
17.783934660162
17.789120272506
17.794339795395
17.799555492123
17.804771157562
17.809980092137
17.815217110845
17.820433370840
17.825631738198
17.830775390040
17.835889155720
17.840971082736
17.846000725741
17.851051686545
17.856087350238
17.861149878377
17.866322983787
17.871673056572
17.876331198547
17.881465104416
18.047097735953
18.052231405849
18.056901099702
18.062212923332
18.067576385530
18.072997021450
18.078506443454
18.084027697260
18.089591973717
18.095275025598
18.101006737366
18.106730308170
18.112442429854
18.118176105258
18.123939595775
18.129777360052
18.135591879448
18.141401385277
18.147186725147
18.153011214722
18.158785028844
18.164632084119
18.170397554632
18.176089481757
18.181777423804
18.187467412812
18.193146579031
18.198870273153
18.204548487085
18.210167482076
18.215747000123
18.221342023656
18.226985609436
18.232556437185
18.238073235509
18.243592274100
18.249194603111
18.254719452939
18.260181725035
18.265691697875
18.271282445745
18.276798426809
18.282236583166
18.287751057008
18.293264160380
18.298876175062
18.304674856575
18.393637821016
18.398878459563
18.404572153419
18.410200220382
18.415717392284
18.421241772073
18.426794898262
18.432364830589
18.437986630483
18.443653924652
18.449323444421
18.454963150728
18.460679003918
18.466406852339
18.472101551991
18.477812531105
18.483404853804
18.488973422449
18.494661537416
18.500233395966
18.505927777980
18.511587543224
18.517205257680
18.522961795648
18.528819972651
18.534595785530
18.540316047630
18.546152273137
18.552262898190
18.558011113169
18.617741000757
18.623244277099
18.628797843313
18.634323967299
18.639817691941
18.645358697902
18.650972325429
18.656561849686
18.662233672570
18.667944510593
18.673663721483
18.679489373944
18.685396378481
18.691188200382
18.697088437668
18.702743060146
18.708787323132
18.714614295137
18.795158024818
18.799670987448
18.805071653634
18.810857549739
18.816334188223
18.821914353513
18.827372918593
18.832841815641
18.838357360722
18.843925963253
18.849453391389
18.854971806495
18.860461470799
18.865988017973
18.871571971180
18.877188781121
18.882731346067
18.888262353438
18.893762362087
18.899297606795
18.904819728444
18.910366016708
18.915950800484
18.921510109880
18.927018642574
18.932533525929
18.938050811738
18.943575821329
18.949087577318
18.954632229108
18.960126192126
18.965576929351
18.971007669267
18.976404537542
18.981785747787
18.987149396700
18.992466830369
18.997758435878
19.003044774365
19.008285844716
19.013495884401
19.018714355802
19.023894865458
19.029119082512
19.034281516347
19.039405529736
19.044484794203
19.049563088582
19.054599567667
19.059587451247
19.064558091117
19.069519605292
19.074476732590
19.079467125475
19.084498375372
19.089504981724
19.094599121269
19.099638463500
19.104708444579
19.109744573831
19.114821605894
19.119875220441
19.124919605883
19.130410722691
19.135738413083
19.140516613706
19.145792659211
19.150826815142
19.155933594963
19.161163895936
19.166793853953
19.171717097375
19.177205011542
19.183185915511
19.188672618658
19.194471543894
19.233818929809
19.239974858433
19.246172000024
19.252445865340
19.258816655683
19.265094304853
19.271615420754
19.277937773001
19.284377429980
19.290842705466
19.297308874301
19.310227174132
19.323189924120
19.336106166996
19.349080972697
19.362185343268
19.368443383697
19.374885939528
19.381312109776
19.387946373492
19.394513135437
19.401090925654
19.407758694146
19.414365231558
19.421158371112
19.427792724439
19.434607341008
19.441225651404
19.447868981794
19.454526707508
19.461338260322
19.467980104691
19.474771006437
19.481495472289
19.488306215507
19.494878419434
19.501492591986
19.508372291091
19.514929752558
19.521752226177
19.550522925180
19.556474118608
19.562306086591
19.779993775259
19.792864441799
19.805683749881
19.818392815401
19.831198059691
19.837515117486
19.843849785519
19.850094365904
19.856315568858
19.862641113628
19.868889244928
19.875185441848
19.881571147467
19.887901467057
19.894110725144
19.899838379541
19.906106121012
19.912495658658
19.918849335343
19.925318987246
19.931805932647
19.938044320188
19.944382171192
19.950873642379
19.957171401509
19.963221287804
19.969363554847
19.975537962253
19.981527150868
19.987452377467
19.993245564588
19.999057443515

