Time_s
0.547386772867
0.551507164795
0.555190105600
0.558678862940
0.562621766490
0.566598323136
0.570652392167
0.574655737138
0.578692289630
0.582747719776
0.586782342652
0.590827706134
0.594840884499
0.598815240201
0.602786262151
0.606728003921
0.610672612184
0.614613702286
0.618546295763
0.622492928007
0.626444637116
0.630398193636
0.634349294288
0.638301265932
0.642247217579
0.646188677193
0.650123004787
0.654042029058
0.657951513592
0.661807000413
0.665659787991
0.669468684176
0.673278620259
0.677050473214
0.680783749099
0.684479028457
0.688154266129
0.691813276627
0.695484370048
0.699147716183
0.702780649375
0.706457229689
0.710075312789
0.713716766157
0.717354250712
0.720968827871
0.724554775124
0.728187209657
0.731800882049
0.735447988041
0.739116778529
0.742788266060
0.746481661793
0.750196908518
0.753928346198
0.757669656254
0.761337245310
0.765081252614
0.768746343865
0.772417167007
0.776142144979
0.780019603480
0.783754092150
0.787504917757
0.791365501007
0.795083079635
0.798783238585
0.802586465484
0.806341909607
0.810398621020
0.813660164064
0.915643584140
0.919227275433
0.923597157726
0.927730038270
0.931732713278
0.935859571452
0.940104011698
0.944406019814
0.948779652900
0.953181028842
0.957588875435
0.962022101181
0.966468507851
0.970945907950
0.975445780172
0.979975661427
0.984501458810
0.989052391046
0.993637177316
0.998256700019
1.002834660003
1.007410401122
1.011970722670
1.016524630229
1.021064062713
1.025606455189
1.030142651136
1.034684297258
1.039212713734
1.043750687791
1.048298033261
1.052837325289
1.057390232440
1.061941378455
1.066491209613
1.071063454581
1.075650966007
1.080278448476
1.084936808707
1.089598211391
1.094259423035
1.098663484453
1.103179046503
1.107731006082
1.112287425050
1.116822355266
1.121449996519
1.126053054231
1.130655664728
1.135246173695
1.139746231158
1.144345478710
1.148926776371
1.153502481399
1.158052990213
1.162589740317
1.167095455417
1.171619940444
1.176142479494
1.180691450266
1.185249565642
1.189838602631
1.194425138307
1.281409259139
1.285065835580
1.289512669066
1.294173988943
1.299075728681
1.303990279751
1.308965651724
1.314003752521
1.319110660647
1.324189172172
1.329324504114
1.334474761656
1.339742379415
1.345072745989
1.350354047336
1.355658105960
1.360992045973
1.366362345592
1.371784968064
1.377214432378
1.382657766773
1.388126415378
1.393630115969
1.399207170634
1.404804498440
1.410419455296
1.416026647440
1.421687018184
1.427413453212
1.433205311419
1.439072388681
1.445006458305
1.450936568672
1.456958416685
1.463861646351
1.469494754437
1.495878700347
1.507951673187
1.520564673113
1.532716457624
1.544605831801
1.556573557975
1.568192490635
1.586506538738
1.592450854118
1.598157965524
1.603041971740
1.607986045921
1.612799563402
1.618069810312
1.623656708434
1.628671280063
1.634151846058
1.638960415928
1.644311874141
1.649706596293
1.654872935022
1.661093120500
1.666335160496
2.184650549805
2.189534152544
2.194420418744
2.199282505886
2.204132715068
2.208952960802
2.213754269786
2.218516635881
2.223235359488
2.227924618617
2.232563467010
2.237156567361
2.241710848694
2.246250291813
2.250724145689
2.255126903852
2.259547866428
2.263919171893
2.268265049509
2.272563411978
2.276841070008
2.281070864915
2.285284849001
2.289510881815
2.293712856664
2.297889425633
2.302066830905
2.306140402583
2.310076247366
2.313993815527
2.318258439621
2.322596653942
2.326907156410
2.331207499807
2.335403016710
2.339507582703
2.343752761513
2.347950810499
2.352265651462
2.356587986182
2.360808269137
2.364902424288
2.457430033433
2.461095913873
2.464784009865
2.468400539472
2.472284829686
2.476205023463
2.480171670940
2.484160109733
2.488133892630
2.492117195976
2.496115146715
2.500122979722
2.504147187871
2.508171892621
2.512207344069
2.516221550718
2.520273178531
2.524342525452
2.528380524295
2.532429382652
2.536502114873
2.540557959601
2.544650328373
2.548765575691
2.552888519457
2.557094449502
2.561338401563
2.565578341756
2.569845234331
2.574084423254
2.578304689466
2.582515442951
2.586705382055
2.590898166043
2.595085639206
2.599274870701
2.603466573697
2.607662976150
2.611866716319
2.616090963935
2.620330446987
2.624600255738
2.628942385587
2.633331517854
2.638014621249
2.642545177521
2.646993145852
2.651436130961
2.655836530345
2.660252140682
2.664693118370
2.669013770028
2.673536277372
2.678504140878
2.682672317666
2.686463399284
2.690548715573
2.694477600203
2.698676066486
2.702778881318
2.706735841112
2.711159111320
2.715510331975
2.719992538602
2.724588255151
2.729159455406
2.733736243485
2.738381883293
2.743009886126
2.747613188877
2.752240073181
2.756878753450
2.761527596886
2.766150232227
2.770746554416
2.775352463740
2.779957890251
2.784545427290
2.789133901816
2.793745215807
2.798360462658
2.802981691674
2.807601455427
2.812226461126
2.816855844354
2.821480110159
2.826112653080
2.830777901561
2.835520111344
2.840198590448
2.844771873941
2.849371018919
2.854045207276
2.858698662194
2.863363653495
2.868004423412
2.872637866977
2.877336975262
2.882101215005
2.886813255178
2.891561089948
2.896259815761
2.900864256409
2.905478497280
2.910202404760
2.914850752796
2.919517687574
2.924165348817
2.928815188463
2.933480401275
2.938119155796
2.942769578404
2.947435992097
2.952103850097
2.956778907375
2.961477803768
2.966178189659
2.970884165171
2.975601733043
2.980361255038
2.985149153855
2.989944602109
2.994791316676
2.999649646853
3.004607914954
3.009237425814
3.014879407947
3.019789205426
3.024373756856
3.029098358993
3.033588396013
3.038081989595
3.042568193553
3.047572328732
3.052655757540
3.057667397587
3.063010372783
3.068007770379
3.072637900577
3.145389419202
3.149014056542
3.152859738078
3.157013024672
3.161639263473
3.166412799711
3.171144560020
3.175900990834
3.180733028264
3.185607034648
3.190485204554
3.195356577257
3.200250057474
3.205151825640
3.210092785010
3.215012661102
3.219952154664
3.224903499942
3.229860878214
3.234867856258
3.239716864951
3.244681848900
3.249684069797
3.254597422627
3.259541705266
3.264511774055
3.269505884923
3.274495728626
3.279474059809
3.284478732837
3.289460282637
3.294419914972
3.299510030413
3.304570394759
3.309434295620
3.317695285758
3.322367914275
3.327360697733
3.332733029001
3.337956094943
3.343086071660
3.348112912613
3.353127238407
3.358098559634
3.362683424556
3.388386729463
3.392811434138
3.397013715118
3.401793707171
3.407004173241
3.411984968673
3.416894600287
3.421886191081
3.426917945075
3.432013844387
3.437088768160
3.442321925497
3.448249891937
3.453495303717
3.458771897286
3.464005068143
3.469385600982
3.474310871388
3.479465524497
3.484653578000
3.489760239033
3.495388170291
3.499947389933
3.505081526944
3.509763485948
3.514006586498
3.518811049944
3.524083494401
3.529306234166
3.534570424377
3.539748110253
3.544916630506
3.550058335052
3.555162759128
3.560249211142
3.565372963166
3.570513382958
3.575672559505
3.580846982578
3.586057666636
3.591282437738
3.596497508592
3.601752226443
3.607085921823
3.612442670501
3.617818103358
3.623177701531
3.628501307266
3.633716664559
3.639027531322
3.644361765522
3.649729715167
3.654985906759
3.660288821386
3.665688391357
3.671023603089
3.676381740430
3.681725946675
3.687361365548
3.692517210002
3.697778384505
3.725769779678
3.730032454972
3.734908688511
3.739313548230
3.744187957450
3.749423767723
3.754591400474
3.759827236102
3.765082666119
3.770370467245
3.775709859722
3.781105770407
3.786405195518
3.791719166471
3.796968041706
3.802247689009
3.807501024494
3.812768011710
3.818057111741
3.823385833697
3.828691938059
3.834049993524
3.839382713037
3.844764820003
3.850128935773
3.855501258834
3.860905273658
3.866320552047
3.871736407608
3.877174134767
3.882599023172
3.888006210016
3.893523188404
3.899133404820
3.904669391095
3.909916373846
3.915198498858
3.920757829267
3.925342391010
3.930733997739
3.936265295414
3.941982530569
3.947383481790
3.952557598082
4.076147375038
4.081288380680
4.086827532512
4.092132972128
4.097629898654
4.103235156818
4.108869291807
4.114636844915
4.120383155953
4.126327801583
4.132189877053
4.138331271767
4.144428437370
4.150714646086
4.156858906570
4.163304990196
4.169647920398
4.176296885857
4.182665004267
4.189287207518
4.195818170522
4.202367710318
4.208987888289
4.215582821810
4.222209501409
4.228863925895
4.235524141318
4.242813798335
4.255854836515
4.268738553036
4.281352697679
4.293578204919
4.305573870326
4.317556892784
4.329850699026
4.912031796266
4.915233996105
4.918523549057
4.922640550625
4.926592913296
4.930445236511
4.934268633672
4.938071704754
4.941871868864
4.945667295259
4.949441058542
4.953209660857
4.956937197268
4.960712481272
4.964499531105
4.968365183993
4.972253600961
4.975998461222
4.979769777985
4.983577489855
4.987182280493
4.990862375624
4.994598871075
4.998302638583
5.002027684641
5.005851212510
5.009630648358
5.013321652879
5.017060319776
5.188016064651
5.191638424816
5.195465188247
5.199494752905
5.203541152998
5.207599377045
5.211708996275
5.215865202327
5.220035455044
5.224237093466
5.228459764865
5.232707574265
5.236949834129
5.241194500541
5.245435636185
5.249678798308
5.253925159727
5.258170940670
5.262421855477
5.266659727120
5.270898881984
5.275130509404
5.279359380438
5.283575642296
5.287791638837
5.291996829647
5.296185721945
5.300378383514
5.304570360667
5.308768228387
5.312985637778
5.317196833344
5.321498567633
5.325833142413
5.330105810448
5.334294877244
5.338461557734
5.342644724811
5.346849388948
5.351086876834
5.355332609072
5.359587785610
5.363846267555
5.368104379298
5.372412881436
5.376711643941
5.381079748373
5.385520550662
5.389794827760
5.394117328997
5.398477816591
5.402844213890
5.407225353570
5.411470632826
5.415732729828
5.419998758908
5.424221143885
5.428369815894
5.432472458757
5.436569726422
5.440723380280
5.444954329527
5.449220739976
5.453543473781
5.457886743306
5.462267074620
5.466712082846
5.471195569800
5.475771435411
5.480386824657
5.485026618994
5.489667251894
5.494417959741
5.499481004485
5.504003689356
5.509722608415
5.514751365604
5.524384546994
5.528519082050
5.533247013930
5.537729120631
5.542404525143
5.547057137070
5.551641419631
5.556388261645
5.561256365118
5.565810203208
5.570461171799
5.574736070451
5.579017101264
5.583336564491
5.696432132489
5.699316008147
5.702091042239
5.704672756075
5.707575213031
5.710441288598
5.713300610317
5.716199591577
5.719005838995
5.721831168735
5.724945701401
5.727672583172
5.734383315135
5.739227706253
5.744015353746
5.748745511708
5.753411306262
5.758081188619
5.762763051717
5.767409917951
5.771901136436
5.776362584705
5.780595876956
5.784951696709
5.789022205014
5.792872003628
5.797362680322
5.802301229031
5.806865215531
5.811430817229
5.968341075877
5.972316316275
5.976176309462
5.980443624106
5.984725707453
5.989498810818
5.994325889722
5.999185052273
6.004172551175
6.009198874931
6.014258196726
6.019355060190
6.024522001247
6.029683657628
6.034863050954
6.040114906443
6.045417603602
6.050720483504
6.056069277199
6.061416536487
6.066798473885
6.072191403496
6.077547234140
6.082937513111
6.088355000851
6.093816423878
6.099304539536
6.104816420409
6.110347341040
6.115688395236
6.121053112036
6.126364835458
6.131642914214
6.137049993680
6.142479886799
6.147969857141
6.153378689497
6.158520553053
6.163736513886
6.169171221817
6.174564540690
6.180084381285
6.197297813160
6.202230135178
6.206934774058
6.217875831765
6.228578937778
6.239348784745
6.250234648655
6.261208291608
6.272192883521
6.283297671821
6.294420622622
6.305609133075
6.316809865606
6.328013444715
6.339194508716
6.350373457574
6.361543650478
6.372671553142
6.383806235723
6.394989661165
6.406220068949
6.417523020349
6.428671831503
6.439522610486
6.450387106486
6.461387270038
7.033738648714
7.037936423796
7.042683263291
7.047473746652
7.052261532536
7.057103416280
7.061994109219
7.066929254702
7.071928564631
7.076960751918
7.082039070740
7.087144231590
7.092244106885
7.097357606631
7.102492660218
7.107613906874
7.112736064038
7.117841615576
7.122948514749
7.128033891491
7.133087184582
7.138102341988
7.143057601340
7.147971188301
7.152858289596
7.157711159970
7.162527086459
7.167317603386
7.172033326113
7.176685189488
7.181314414327
7.185897386620
7.190451445781
7.194926359147
7.199375755566
7.203803110877
7.208196385399
7.212522255156
7.216847519566
7.221147052348
7.225444152551
7.229727675103
7.233984656425
7.238238692406
7.242481102977
7.246688542454
7.250939352764
7.255205163960
7.259462997499
7.263720592451
7.267995093113
7.272265212032
7.276575024615
7.280884279417
7.285240809387
7.289597960342
7.293960914478
7.298309661826
7.302698752535
7.307057286099
7.311487070769
7.315849370482
7.320296762413
7.324743677449
7.329212410850
7.333625393092
7.338002514916
7.341936162059
7.346228013922
7.350672114053
7.466318827872
7.470122156866
7.474151098166
7.478520158506
7.483055356593
7.487569674812
7.492016926620
7.496466158845
7.500932575669
7.505414768710
7.509888895447
7.514357154159
7.518810230312
7.523277758381
7.527766439909
7.532107057805
7.536031757315
7.540476741628
7.545149944527
7.549601061735
7.554061817127
7.558521728973
7.562992520739
7.567487423941
7.571934367872
7.576435373190
7.580907631068
7.585339172108
7.589798153315
7.594265472524
7.763132644475
7.766782101888
7.771380880108
7.775984714726
7.780622504299
7.785488307086
7.790440624250
7.795343754668
7.800352330682
7.805403167521
7.810437149720
7.815517171217
7.820630660380
7.825705508446
7.830869536357
7.836033285188
7.841228751861
7.846440344672
7.851665082947
7.856892849781
7.862144491920
7.867374782667
7.872652049881
7.877934350385
7.883197099095
7.888425346981
7.893685673110
7.898907987279
7.904166449716
7.909384058232
7.914628404145
7.919834649153
7.925007193637
7.930168804957
7.935343201658
7.940460657669
7.945570935323
7.950673133183
7.955737885204
7.960825973598
7.965882151910
7.970979109018
7.976163019761
7.981432016202
7.986581860245
7.991758435026
7.996903473958
8.002042508665
8.007197193796
8.012292339186
8.017479196213
8.022636353264
8.027709655058
8.032822439248
8.037766977786
8.042726010705
8.047935543561
8.052969778884
8.058058460332
8.063247184343
8.068456610310
8.073267453463
8.077738209039
8.082450543327
8.087567748283
8.092620650407
8.097633244531
8.102703194183
8.107810185682
8.113047684156
8.118373485301
8.123784809824
8.129088744939
8.134502694837
8.139830932416
8.145170774880
8.150268795204
8.155434721930
8.160837548287
8.166090709968
8.171413108907
8.176822940729
8.182156083622
8.187636827729
8.192877137052
8.198185901489
8.203420863519
8.255611956491
8.266550763561
8.285049467856
8.290321021513
8.295474996673
8.300495193609
8.305492397389
8.310494341874
8.315460892182
8.320494394569
8.325514653377
8.330481943505
8.335439825125
8.340350943982
8.345259857437
8.350145031596
8.355004169729
8.359867522553
8.364712601195
8.369516229842
8.374313285112
8.379089580630
8.383848803148
8.388623551618
8.393286334923
8.397995895038
8.402721651909
8.407430388434
8.412151939554
8.416869938910
8.422693997813
8.427263492769
8.431559572319
8.435683017292
8.441603494338
8.445862615807
8.450282971836
8.455183659724
8.460223139250
8.465250752504
8.470068242053
8.474876350699
8.596474434992
8.607237391483
8.618155305110
8.629334483985
8.640706850757
8.652161998986
8.663680443873
8.675272738082
8.686882001590
8.698424600831
8.709939765092
8.721405887116
8.732848966354
8.744270878626
8.755601546199
8.766906059026
8.778175531442
8.789517068449
8.801077248105
8.812951267266
8.824510660115
8.836052761993
8.875970569019
8.878980076239
8.883068297211
8.886649420769
8.890580937972
8.894351888822
8.898119531784
8.901899622865
8.905658833402
8.998359071741
9.003679278803
9.009012606345
9.014343751762
9.019697290126
9.025087459264
9.030590213791
9.036216104241
9.041614069725
9.047132740902
9.052671164054
9.058222211880
9.063651072239
9.069081001137
9.074642921391
9.080136130819
9.085572516776
9.090975208200
9.096419023168
9.101779778174
9.107119070829
9.112412842465
9.117717797543
9.122968035671
9.128205021750
9.133459560905
9.138410843111
9.143832929878
9.149046730243
9.154253700830
9.159462145052
9.164685276110
9.169925880685
9.175171086882
9.180401342656
9.185636488954
9.190871842957
9.196110096975
9.201333103603
9.206590274030
9.211807051450
9.217039601164
9.222255918054
9.227466014905
9.232674398181
9.237874558944
9.243121277355
9.248537206238
9.254061189453
9.259439784997
9.264783853388
9.269994014124
9.275238473098
9.280754100926
9.285963953122
9.291189186264
9.296759471015
9.301975668907
9.307167939820
9.329591165418
9.334658146128
9.339914438882
9.345162500600
9.350462784284
9.355802662347
9.361146186588
9.366507830190
9.371906720211
9.377293552682
9.382709677147
9.388117677235
9.393530839304
9.398932456107
9.404319023210
9.409720431062
9.415164910108
9.420651183980
9.426209471272
9.431837778886
9.437491241186
9.443102270117
9.448764318823
9.454336915914
9.459825610115
9.465193300274
9.476530782660
9.482069369623
9.487883259611
9.493311886049
9.498992216721
9.645709549111
9.650962637503
9.656189856738
9.661500193289
9.666891344266
9.672336317785
9.677851560178
9.683379493418
9.688915541584
9.694485485461
9.700085254889
9.705691886106
9.711302355696
9.716934681311
9.722528239396
9.728107155323
9.733671700968
9.739219978154
9.744762776899
9.750260279606
9.755759753900
9.761276224783
9.766806995149
9.772389172277
9.777977628843
9.783732963050
9.789384420927
9.794903310890
9.807196230576
9.812828377757
9.818443044697
9.824022799931
9.829565222317
9.941170230412
9.946370280152
9.951737066866
9.956985873431
9.962417896680
9.967869016053
9.973381944971
9.978901604959
9.984445882408
9.989708946512
9.995220466856
10.000554548941
10.005995508980
10.011564444150
10.017063329297
10.022511558747
10.027919464363
10.033151270716
10.038262207736
10.043328277097
10.048670097952
10.054083003403
10.059609234760
10.065190526836
10.070757244386
10.076261567592
10.081730315603
10.087354636248
10.098549012147
10.109575616768
10.120384348505
10.131169267648
10.136714664803
10.142236347510
10.147700650938
10.153234146395
10.158779338475
10.164376624387
10.169936003945
10.175581555800
10.181224220306
10.186925086072
10.192599321659
10.198300026608
10.204024746913
10.209755135074
10.215522453875
10.221308050095
10.227137719290
10.232955724594
10.238742750939
10.244566687582
10.250465747283
10.256253277003
10.262082937487
10.267673661204
10.273287806359
10.278972368601
10.284646917566
10.290401172950
10.296138485020
10.301905680637
10.307669234793
10.313452554489
10.319200378701
10.325028771588
10.330742777017
10.336523047457
10.342269144066
10.348133165510
10.353949179515
10.359956107575
10.365852769524
10.371671140187
10.377767029845
10.389578667332
10.400737851551
10.411989835839
10.423492954355
10.445845005518
10.451355536166
10.457051771784
10.462888480727
10.468770825880
10.474853730968
10.480936164241
10.487146255009
10.493325556602
10.499556399220
10.505856425463
10.512264192023
10.518667343655
10.525227945689
10.531799748835
10.538514871405
10.545227392036
10.551986833406
10.558755367016
10.565550276180
10.572419078325
10.579065753517
10.676354403843
10.688653363088
10.701101716672
10.712873482674
10.724168222652
10.735176432426
10.746294211016
11.262855278851
11.267182215349
11.271212200917
11.274912258031
11.278415953863
11.282563521793
11.287091705061
11.292451196935
11.297398351747
11.302427645865
11.307486631451
11.312591716750
11.317688774725
11.322994771347
11.328307495943
11.334027211832
11.339817645746
11.440062267249
11.445092479885
11.450050348606
11.454879962598
11.459671135913
11.464462918759
11.469159095963
11.473764632144
11.478298767963
11.482855156585
11.487329164975
11.491823075881
11.496301032671
11.500786420808
11.505179605036
11.509565631189
11.513844097973
11.518195292928
11.522365518557
11.526544446665
11.530893634035
11.535717395911
11.540173451701
11.544783828122
11.549232700265
11.553748970733
11.558050147640
11.562510385486
11.566819539640
11.571337254978
11.605372581942
11.608323115706
11.611443213862
11.614446389674
11.617492389824
11.620534329579
11.623610702929
11.626658588295
11.629864816802
11.633341256089
11.636783214993
11.640350705475
11.643992871528
11.647618531641
11.651274988081
11.654946455474
11.658653092522
11.662363773241
11.666096433557
11.669828965834
11.673581455919
11.677323926999
11.681093911506
11.684884170486
11.688703658041
11.692557452807
11.696501046497
11.700455164801
11.704374965886
11.708302196915
11.712230848420
11.716190965016
11.720172928194
11.724167171142
11.728191601103
11.732260085891
11.736350980184
11.740451879263
11.744574006988
11.748715420926
11.752870730601
11.757048877087
11.761228428353
11.765349313467
11.769521961652
11.773722856895
11.777980712017
11.782281859472
11.786606141931
11.790965179970
11.795350464709
11.799737535671
11.804145268086
11.808568053602
11.813005813884
11.817464791643
11.821924469120
11.826385941759
11.830852766737
11.835341446560
11.839833202370
11.844324990593
11.848834768356
11.853314330924
11.857809362216
11.862325579306
11.866856739662
11.871447738528
11.876186342448
11.881014605404
11.885587580328
11.890118778385
11.894928915629
11.899707096891
11.904326967019
11.908939298136
11.913607528373
11.918302152187
11.923050852178
11.927878934240
11.932804110680
11.937808639175
11.942856612969
11.947939857405
11.953053940186
11.958223869257
11.964559752231
11.970254827674
11.975764435047
11.981108440682
11.986264198872
11.991200425218
11.996254323865
12.001395111812
12.105989635760
12.110910735313
12.114952701012
12.119398328186
12.125078836031
12.129527825631
12.134147933164
12.139301655614
12.144155151126
12.149232690031
12.154336424104
12.159458494822
12.164730129625
12.169940277042
12.175165206867
12.180440825473
12.185733479050
12.191042878642
12.196357033279
12.201692745957
12.207031985786
12.212339660243
12.217659807468
12.222950269085
12.228274662536
12.233574743907
12.238874871337
12.244153595294
12.249431345013
12.254673050113
12.259912995741
12.265124515287
12.270295521880
12.275427651995
12.280548642378
12.285624135933
12.290653444062
12.295585692859
12.300493336961
12.305365963471
12.310243138865
12.315077203438
12.319864207159
12.324562256539
12.329266551732
12.333941539550
12.338617595373
12.343279706124
12.347887178332
12.352548447573
12.357248872819
12.361929682882
12.366630968253
12.371212985627
12.376058844218
12.380647582662
12.385350431655
12.390054247599
12.394692230644
12.399314365257
12.404028681869
12.408737571564
12.413484609807
12.418285509750
12.423098834313
12.427642283501
12.526795351208
12.531578640061
12.536240166691
12.540787472667
12.545836230834
12.550950121221
12.556081820357
12.561223861403
12.566377758833
12.571631627936
12.577026351320
12.582384669447
12.587986821848
12.593316982996
12.598723082856
12.604055099176
12.609414062904
12.614712680399
12.620029386351
12.625331843958
12.630628744337
12.635893598885
12.641128469039
12.646378035602
12.651634239015
12.656935320156
12.661853458366
12.667059600159
12.672111478260
12.677158680836
12.682396951775
12.687685101602
12.692975750718
12.698322860387
12.703447551491
12.708767553053
12.714047025036
12.719349201381
12.724550105244
12.819463451610
12.823342185046
12.827262120210
12.831756656673
12.836194692644
12.840837725885
12.845790266298
12.850531624920
12.855319627991
13.097636599266
13.101846702074
13.105676741901
13.109868240604
13.113492201903
13.125163269791
13.135627038249
13.146211395985
13.156910174109
13.167946068474
13.179070855699
13.190388395733
13.201750200404
13.213265494530
13.224792730864
13.236310714290
13.247696870923
13.259061063353
13.270415982858
13.281847362746
13.292586734730
13.303738194807
13.335007825415
13.339184741549
13.343099138373
13.346906858429
13.350691694374
13.354413111116
13.357978922829
13.361627177813
13.365230126812
13.388127200921
13.399340020742
13.410519448393
13.421764106435
13.432773766245
13.438359505472
13.444023455483
13.449701463462
13.455394689677
13.461150551601
13.466931224726
13.472712463514
13.478552525172
13.484371822349
13.490330175969
13.496234551214
13.502157148059
13.507964353584
13.513995636811
13.519730426448
13.526348606937
13.600902071295
13.606417777640
13.611861109227
13.617273558803
13.622678487484
13.628060194933
13.633412030298
13.638765326809
13.644072458565
13.649468855904
13.654672552388
13.659887973253
13.665147257788
13.670295918631
13.675521538437
13.680724638481
13.686163643019
13.691411387117
13.696642119066
13.701961256465
13.707202279438
13.712468848790
13.717731616718
13.722948905837
13.728190224166
13.733301335149
13.738937082041
13.744160317937
13.749358738976
13.754812530432
13.759998312522
13.765351638014
13.770584785748
13.899093303741
13.903567879389
13.907615351017
13.912251563094
13.917041439285
13.921765411607
13.926384397315
13.931106124936
13.935957736988
13.940856587623
13.945718971439
13.950599756114
13.955478991143
13.960350878918
13.965264210339
13.970158385771
13.975088677286
13.980031190103
13.984975671304
13.989947921883
13.994889065910
13.999841398732
14.004799166956
14.009761183397
14.014715246287
14.019673384690
14.024637255658
14.029592630119
14.034559600577
14.039522066259
14.044507987838
14.049532418473
14.054586039208
14.059698613836
14.064622177198
14.073298859941
14.078549798309
14.084058386682
14.089079686053
14.093989687278
14.099180905378
14.104392343996
14.109635553567
14.114650231674
14.119740969061
14.124572772438
14.206603669474
14.211578993405
14.217150090088
14.222459409764
14.227813478617
14.233374087236
14.239048969174
14.244690414981
14.250410370626
14.256127222525
14.261879365031
14.267676778083
14.273493367282
14.279393099098
14.285218298320
14.291182110063
14.303147054206
14.315096029300
14.327055640504
14.338948647345
14.350874286983
14.362863874365
14.374859177124
14.387112288060
14.399192994276
14.411020921005
14.422941970421
14.434989003294
14.551700110107
14.563137555410
14.574345605480
14.584868008622
14.596135823867
14.607337299030
14.618048548548
14.625218738931
14.630832005162
14.636512020491
14.642230291996
14.647989255980
14.653702585775
14.659279527951
14.665156564252
14.671044083428
14.677032175573
14.682863944312
14.688877732889
14.694407293165
14.774635909927
14.779355229920
14.784882584088
14.790590830323
14.796332381389
14.801990963671
14.807704257621
14.813534431864
14.819456093193
14.825356806759
14.833907531544
14.846172763569
14.858048035045
14.888948051549
14.896497146260
14.904143110632
14.911666532946
14.919081696443
14.925755251595
14.932378034908
14.940156196770
14.947698018666
14.960254166640
14.972041364490
14.983458721537
15.608432164307
15.612802780857
15.616713843570
15.621289197659
15.625831465916
15.634373691308
15.637941333298
15.646729752268
15.651379041395
15.655418627900
15.659233472950
15.663721410306
15.668537141323
15.673235088169
15.705717488223
15.709504108368
15.713115465308
15.717753351861
15.721774850746
15.726019019575
15.735183968409
15.739653784080
15.744642864006
15.749612350302
15.754201124789
15.758747012734
15.763486112738
15.768471052252
15.773329736408
15.778191644948
15.783258174294
15.788236575439
15.793264755175
15.798403022063
15.803598181635
15.807464143597
15.811652406382
15.816504239637
15.822074532776
15.826940441578
15.832012646178
15.837196008897
15.842216027705
15.847200977969
15.852328886557
15.965328117377
15.969641954505
15.973476858360
15.977384353744
15.981364840796
15.985386385319
15.989454553216
15.993525424465
15.997603408652
16.001669616063
16.005717320211
16.009746366005
16.013726637339
16.017699298575
16.021655136444
16.025598944379
16.029550096907
16.033499970321
16.037462274477
16.041508459318
16.045657766441
16.049974678258
16.054188314898
16.058169659479
16.062138740741
16.066040207670
16.069898913368
16.073789502312
16.077651002211
16.081513049558
16.085496169929
16.089521173299
16.093641283868
16.097894003980
16.102069264904
16.106139883570
16.110174983100
16.114242193843
16.117993569072
16.122041786262
16.125740037185
16.129614115682
16.133766482664
16.137867108154
16.142376562739
16.154532278813
16.158117974395
16.162368813185
16.165663532355
16.168977244248
16.172187300711
16.175973721602
16.179812054309
16.183746189991
16.187715042890
16.191684315878
16.195713760535
16.199717576313
16.203752278844
16.207765658194
16.211838428073
16.215862193382
16.219903544827
16.223965518871
16.228003213594
16.232037171401
16.236083598710
16.240101115200
16.244136510975
16.248150220813
16.252190539692
16.256233584274
16.260261220679
16.264316663662
16.268355791452
16.272419295569
16.276507835830
16.280597075802
16.284769569655
16.289028879806
16.293313229297
16.297522681892
16.301386655920
16.305092179857
16.308854839416
16.312715812966
16.316934122015
16.320934039466
16.325059129849
16.329196625865
16.333251902996
16.337194113460
16.341439802726
16.345549984249
16.349448385816
16.353238109048
16.357016983370
16.360678637823
16.364715438439
16.368370950913
16.372377270997
16.376294314696
16.380362275603
16.384511532219
16.388703919789
16.448735732081
16.451958756734
16.455517224432
16.459153008764
16.463389609091
16.467849475622
16.472378565082
16.476964135067
16.481660014462
16.486443330478
16.491277929066
16.496105473138
16.501013839141
16.505928290903
16.510863427580
16.515754640426
16.520704159021
16.525627453709
16.530517354567
16.535418228274
16.540330153328
16.545230825641
16.550178826986
16.555083879056
16.560014830323
16.564923541623
16.569807613717
16.574708032703
16.579645910007
16.584545861325
16.589428982525
16.594299640576
16.599134962393
16.603996090023
16.608856600737
16.613725521179
16.618594630319
16.623425798113
16.628261571151
16.633094180719
16.637938136188
16.642809448742
16.647640889077
16.652488696442
16.657354613136
16.662214754743
16.667074349940
16.671982360578
16.676830040306
16.681848046224
16.686896144551
16.691747767892
16.696914248368
16.701788599035
16.706402417531
16.711229685069
16.716026274713
16.720818170879
16.725986679339
16.730934485931
16.735561197561
16.746408523177
16.755203309281
16.763208028247
16.771474906645
16.780143181393
16.788412987451
16.798996274460
16.809352613272
16.819871417224
16.830500388768
16.835954322517
16.841325050185
16.846877257792
16.852404094150
16.857954912293
16.863359423556
16.869242377373
16.873678266414
16.878931138752
16.884735574348
16.890637176660
16.896177558182
16.901533249243
16.906201508896
16.911899458290
16.917586247214
16.923330060865
16.929425534775
16.933840932507
16.938468319151
16.943681717304
16.949271717620
16.954685883746
16.960225862892
16.965502287838
16.971629682879
16.976118024915
16.980845518496
16.986367469192
16.991915393818
16.997581027187
17.093801524642
17.104324216420
17.114603098355
17.124875717775
17.135292100159
17.145581948957
17.153350598747
17.158499742081
17.163591526664
17.168718017357
17.173705293415
17.178768656042
17.183672652469
17.188693624886
17.193483703559
17.198430788963
17.203140991796
17.207957669364
17.212651769080
17.217408695287
17.222084129998
17.226781060624
17.231416553055
17.236130469408
17.240820045576
17.245624022289
17.250439785822
17.255294811177
17.260130527082
17.264953233047
17.269741467435
17.274522326550
17.279364579912
17.284190281920
17.289004467279
17.293842942337
17.298651440420
17.303486462057
17.308358697057
17.313302306634
17.318330929718
17.323465473919
17.328597580892
17.333819904806
17.338987808084
17.344214758111
17.349392201035
17.354609652987
17.359766377358
17.364958861120
17.370089689828
17.375260841973
17.380349394194
17.385503440690
17.390551033126
17.395648549745
17.400648924215
17.405723186250
17.410961629926
17.416173429838
17.421211697099
17.426083653511
17.430990215987
17.436264253498
17.441161420861
17.446179694555
17.451183221321
17.456192928774
17.461256241511
17.466368591303
17.471422196199
17.477510055834
17.482427122429
17.486428487582
17.490407720917
17.494440959384
17.499354154791
17.504536853120
17.509640825786
17.514747052179
17.519909285711
17.524961137251
17.530246291183
17.540628835122
17.545547888471
17.550778936892
17.556048581207
17.561390616056
17.566805927093
17.572317724711
17.577872825563
17.583491294046
17.589160855429
17.594877698723
17.600676536976
17.606536108449
17.612416073604
17.618283123300
17.624185744267
17.630079363151
17.636053435608
17.641976501949
17.653925987415
17.665945535877
17.678041344259
17.690081048009
17.702073299502
17.714044113223
17.726021950590
17.737975853770
17.743949433904
17.749889279968
17.755897695909
17.761958800632
17.767984568968
17.774041368366
17.780203427592
17.786198069453
17.792227480860
17.798075143681
17.804124449828
17.809960318184
17.815933843900
17.821812734823
17.827665842230
17.833500385206
17.839310278204
17.844973897868
17.855981925282
17.861411473553
17.867177870772
17.872916135672
17.878286127720
17.883234385959
18.062849234184
18.068428460923
18.073841899928
18.079445362219
18.084988291169
18.090514561063
18.096059335157
18.101602403679
18.107183300773
18.112796124819
18.118434837469
18.124113655673
18.129957892227
18.135501933492
18.141219385913
18.146894737559
18.152529054922
18.158188656397
18.163852331484
18.169507348325
18.175149752370
18.180823121520
18.186458433877
18.192127492568
18.197732344160
18.203324838997
18.208936102387
18.214455998651
18.219996850045
18.225506086909
18.230957987317
18.236392664389
18.241828861640
18.247226522198
18.252638160218
18.258017241559
18.263369749697
18.268685800970
18.274010771678
18.279321637862
18.284613695924
18.289894174264
18.295165365052
18.300422472510
18.305654152859
18.310857044560
18.316067639828
18.321266845555
18.326424808601
18.331574719091
18.336700566928
18.341763653909
18.346806201187
18.351847323962
18.356886378627
18.361911686614
18.366974123209
18.372003233729
18.377054327785
18.382023324582
18.386931138021
18.391806861860
18.396645340793
18.401522985047
18.406454248691
18.411338439929
18.416168524592
18.421033502910
18.425911371739
18.430824809374
18.435726511767
18.440667493748
18.445564220084
18.450457652892
18.455417980369
18.460441822690
18.465636863332
18.470789929184
18.475885633883
18.481804132025
18.487102493093
18.492448420095
18.497674967126
18.502698993702
18.507887690836
18.513043905399
18.518100422137
18.523209520996
18.528476613827
18.549626263171
18.553821685257
18.558597678261
18.563523300567
18.568372606006
18.573289969045
18.578275167532
18.583297653555
18.588300878607
18.593329672480
18.598360887740
18.603384497878
18.608394838414
18.613401625989
18.618442552949
18.623459846073
18.628518381464
18.633573739809
18.638652776184
18.643734795646
18.648899482720
18.654043766176
18.659288519606
18.664507085398
18.669757645494
18.674978666844
18.680220282519
18.685425739916
18.690663938530
18.695921243120
18.701178432045
18.706499461829
18.711786916098
18.717136449948
18.722502097556
18.727868106126
18.733213683124
18.738714197533
18.749772613638
18.760940363726
18.772133712665
18.783392676218
18.794705998003
18.805214615806
18.816435988341
18.827225689075
18.838066385454
18.848805778593
18.859681923777
18.870280926030
18.881013379188
18.886840627894
18.892186458812
18.897466858206
18.902762270915
18.908263127685
18.913690952971
18.919274345861
18.924650129445
18.930099831500
18.935506963216
18.940867783161
18.946149074789
18.951459907245
18.956776056685
18.962166652496
18.967566296517
18.973013168651
18.978478296362
18.983971541178
18.989431930053
18.994978911485
19.000442421205
19.005990105816
19.011447331518
19.016968832683
19.022459095016
19.027933488726
19.033420443569
19.038867030606
19.044305362089
19.049789350636
19.055393082946
19.060934214457
19.066722992491
19.072307015383
19.077967660209
19.083645950947
19.089378167055
19.095122254116
19.100894347966
19.106634773259
19.112365650723
19.118081700722
19.123814170347
19.129532046483
19.135291941643
19.141020620826
19.146790046500
19.152550645098
19.158348299016
19.164047792555
19.169775954732
19.175498445896
19.181278589689
19.187053889021
19.192877628675
19.198736172726
19.204554693216
19.210392664728
19.216157116665
19.221807353732
19.227583460235
19.233341132146
19.328218291940
19.339696468340
19.351344478841
19.363039514437
19.374741463315
19.386444721829
19.398260590664
19.410310800085
19.422497793195
19.433992534596
19.445800826778
19.541789420923
19.548332834321
19.554842560056
19.561481679577
19.567567765568
19.574410042187
19.581317474136
19.795182106223
19.801703459444
19.808262807425
19.814332468162
19.820672753950
19.827019662662
19.833374754908
19.839735640180
19.846079092814
19.852491228607
19.858846048744
19.865271377509
19.871726529766
19.878185907969
19.884745036957
19.891321069569
19.897926159958
19.904611177913
19.911187006397
19.917826208026
19.924272405909
19.930719633460
19.937504450384
19.944103449716
19.950512201585
19.956973908855
19.963282176160
19.969904939953
19.976491945237
19.983058219728
19.989480877904
19.995528611500

