Time_s
0.447679579865
0.452286193616
0.456688298467
0.461037873214
0.465361779522
0.469757722863
0.474146318772
0.478545606108
0.482956156087
0.487316194877
0.491691623589
0.496051907792
0.500411122583
0.504770416099
0.509127779529
0.513433636315
0.517695353615
0.521918376155
0.526099637283
0.530293421069
0.534494514743
0.538665833554
0.542836278900
0.547027131158
0.551233224350
0.555434187175
0.559613496534
0.563759753000
0.567910359989
0.572009134659
0.576151574105
0.580260061424
0.584355825776
0.588482357971
0.592624344320
0.596814634683
0.601053511762
0.605429954070
0.609487615123
0.613478468705
0.617764338455
0.622096608867
0.626133550911
0.630332503018
0.634481101699
0.638726650094
0.642948635788
0.777902339566
0.782565140030
0.786114208573
0.790111630396
0.794409963000
0.798874914186
0.803473055673
0.808211056745
0.813030882933
0.817867748630
0.822785678803
0.827764207208
0.832694885554
0.837724570712
0.842772322324
0.847772432317
0.852830217297
0.857862690145
0.862863332728
0.867837223214
0.872797880363
0.877785727345
0.882815977981
0.887827428888
0.892880940811
0.897908782412
0.902980975710
0.907986199436
0.913033757007
0.917978624466
0.922917153134
0.927802728920
0.932597325968
0.937429331113
0.942201064691
0.946992897963
0.951806390964
0.956656067284
0.961463977597
1.145994022223
1.151078785668
1.155685912497
1.160499824659
1.165463166177
1.170584414906
1.175816050550
1.181055041260
1.186328320842
1.191637163302
1.196995452928
1.202397408563
1.207826086537
1.213289859686
1.218703477539
1.224148971801
1.229635720312
1.235063003136
1.240620374766
1.246111596653
1.251714680649
1.257324631245
1.262993699650
1.268686202482
1.274413139562
1.280205517534
1.286043290335
1.291905623518
1.297759726112
1.303646850312
1.309526161486
1.315434474570
1.321369772118
1.327318332236
1.333176916094
1.339038686269
1.344902378892
1.350772047311
1.356695580664
1.362680992546
1.368720232010
1.374806732468
1.380903186401
1.386939981819
1.392953713106
1.398996948355
1.404974708482
1.410958066855
1.416885880771
1.423024136486
1.428862963699
1.435126017536
1.441379519615
1.447201250142
1.515528603960
1.517677400289
1.519930107539
1.522120454674
1.524300549416
1.526578902672
1.528802737828
1.530711094181
1.532808071784
1.535016056282
1.580090249852
1.585217074324
1.590841817170
1.596508334489
1.602165806918
1.607394409205
1.612952472436
1.618546191653
1.623912865291
1.629538321696
1.635082537507
1.640487350754
1.645992747708
1.651328951975
1.656761107917
1.662031357364
1.667309859479
1.672481536163
1.677579345365
1.682535255444
1.687608057160
1.692685185863
1.697636090364
1.702317625509
1.895122071498
1.899061503031
1.902913382031
1.907438616041
1.912090189269
1.916836425748
1.921574887895
1.926381444339
1.931154899750
1.936008918096
1.940840664412
1.945788779305
1.950650416906
1.955641373064
1.960747104172
1.965897585391
1.971254441655
1.976441707805
1.981654563035
1.986824278415
1.992007812746
1.997163522078
2.002317524569
2.007412699920
2.012451979557
2.017667980698
2.022898392086
2.028196333011
2.033483120580
2.038995713841
2.044500996909
2.050040626620
2.055545472588
2.061037358298
2.066069960817
2.071139998681
2.076403764778
2.081881235214
2.087195666616
2.092394149978
2.097522663341
2.102627015640
2.118290548481
2.123924027069
2.128816754347
2.133873438201
2.139193396124
2.144411343085
2.149797325678
2.155076197778
2.160367558877
2.165633090500
2.170935216206
2.176226010997
2.181497302303
2.186798896229
2.192081452395
2.197381171236
2.202697964556
2.208031384078
2.213381697209
2.218699569201
2.224076419791
2.229435863839
2.234766784638
2.240122170293
2.245455093874
2.250795593871
2.256159252195
2.261484132649
2.266852743184
2.272243901037
2.277610249879
2.283007816416
2.288392813849
2.293797470626
2.299175846806
2.304565861041
2.309943505441
2.315339994084
2.320781149571
2.326186297602
2.331612231765
2.337020488960
2.342429955313
2.347860852891
2.353326359650
2.358797530754
2.364310672043
2.369861881685
2.375391600488
2.380729837923
2.386233967539
2.391709523233
2.397214963967
2.402738638563
2.408252202592
2.413810001425
2.419403061619
2.425076702304
2.430728662546
2.436373981160
2.442019228315
2.447663009427
2.453313278919
2.458935798005
2.464538661284
2.470148807887
2.475679307208
2.481163447042
2.486686364826
2.491978707048
2.496937170486
2.501792054628
2.664169530957
2.669685676221
2.675242627281
2.680805309649
2.686372459002
2.691943518166
2.697512740978
2.703137322116
2.708750857605
2.714335643582
2.719942453503
2.725554304920
2.731174338313
2.736797737989
2.742456067656
2.748144916760
2.753855063535
2.759556017468
2.765221196743
2.770858318509
2.776511086788
2.782133490307
2.787708741886
2.793294906481
2.798821567574
2.804340137245
2.809825971412
2.815281241269
2.820763707620
2.826248501066
2.831771580568
2.837232628027
2.842482568032
2.847562672956
2.852988446334
2.908105265203
2.912639819899
2.916698276200
2.921549139057
2.926766745086
2.932154469140
2.937621031556
2.943093638668
2.948629499297
2.954112460802
2.959631335740
2.965112609416
2.970577177758
2.975899756077
2.980932793310
2.986199153383
2.991644164147
2.997176681226
3.002673622088
3.008212508933
3.035217729587
3.040692853983
3.045950381673
3.050846890400
3.055806120288
3.060808528338
3.065927818188
3.071264214881
3.076856408080
3.082647280541
3.088546952036
3.094608073455
3.100569416566
3.106167630414
3.112203564134
3.118273781022
3.124393222841
3.130476974080
3.136530965242
3.142443912716
3.148432626421
3.154302443843
3.160258774916
3.166137255458
3.172027436162
3.177765867483
3.183447989937
3.189095391262
3.194774488411
3.200615512907
3.314930276895
3.319929600006
3.325325476033
3.330926548248
3.336557614369
3.342232138742
3.348148125722
3.354093384324
3.359986623808
3.365400310417
3.371396777484
3.377438505461
3.383180884567
3.389097699494
3.394978214997
3.400993680950
3.406473914165
3.412535292850
3.418474546162
3.424529581514
3.430504392723
3.436498549983
3.442368210645
3.448380632336
3.454396355769
3.460340012246
3.466261373711
3.472132308372
3.477947324076
3.483580918917
3.489173833918
3.494530961187
3.665585051931
3.671862298720
3.677417469568
3.682975958831
3.688939195207
3.694858491425
3.700986919087
3.707083569878
3.713227056235
3.719361001439
3.725506542323
3.731699333066
3.737852215931
3.744042981720
3.750246244302
3.756419777465
3.762736689457
3.768986900110
3.775343925789
3.781705513926
3.788061529166
3.794500533460
3.800955005014
3.807311151438
3.813603536422
3.819923284514
3.826221153805
3.832539669957
3.838876139441
3.845223037912
3.851568302780
3.857865473245
3.864147551524
3.870376680875
3.876663286724
3.882920870776
3.889184579243
3.895466035837
3.901878478990
3.908174270239
3.914420192820
3.920573765275
3.926755188773
3.932712456140
3.938686286878
3.944291800731
3.949315939412
3.954236893473
3.959993055683
4.349335447029
4.354182549980
4.358993818715
4.363827260942
4.368657894810
4.373509230648
4.378372695701
4.383240772443
4.388121673185
4.393004627904
4.397878634811
4.402803126353
4.408001648318
4.412884118736
4.417739387305
4.422424506454
4.427300061001
4.432172452098
4.437074295281
4.441966270636
4.682782525563
4.686946264387
4.691679076707
4.696492885133
4.701402062880
4.706376111519
4.711400019252
4.716413734860
4.721461974136
4.726493309952
4.731519383727
4.736522509618
4.741506551427
4.746517837370
4.751523096487
4.756533675674
4.761561402838
4.766615804880
4.771616052463
4.776654013640
4.781688318172
4.786736700587
4.791790827729
4.796898355141
4.802002211024
4.807155094687
4.812320643056
4.817491355738
4.822686610420
4.827939714865
4.833163728939
4.838389286887
4.843668509860
4.848966433604
4.854276809516
4.859597405781
4.864948113647
4.870346449770
4.875764776354
4.881150403170
4.886518892213
4.891889715549
4.897229277313
4.902562722564
4.907893796826
4.913221785663
4.918525974736
4.923848245868
4.929133155891
4.934359934449
4.939605230123
4.944845814940
4.950106575947
4.955207052801
4.960205162846
4.965537969523
4.971021877995
5.052964172787
5.065622957856
5.077973885108
5.084296080603
5.090026289763
5.095771847608
5.101368878039
5.107002399161
5.112555746015
5.117952788198
5.123527070773
5.128328361045
5.134054780383
5.139636588559
5.283715696921
5.289173316779
5.294783633724
5.300524370195
5.306541561334
5.312545559104
5.317915705099
5.324058438722
5.330108427976
5.335513148164
5.341548489090
5.347616738077
5.353607800164
5.359019274707
5.365070595566
5.371003336805
5.376903622645
5.382158572573
5.387954695203
5.393428555742
5.398844864423
5.404222547629
5.409294945097
5.414657833606
5.419815851360
5.424893338266
5.648919655521
5.653016379003
5.657225790165
5.662164353637
5.667394598050
5.672759612290
5.678175253190
5.683588306929
5.689064321532
5.694429111774
5.699984659455
5.705692115557
5.711163272161
5.716964145737
5.722590583191
5.728318929219
5.734076309229
5.739767538017
5.745623951218
5.751469281925
5.757330244364
5.763192915331
5.769095675470
5.774937553039
5.780898067324
5.786765270374
5.792781552794
5.798750855647
5.804532747617
5.810526194339
5.816394360124
5.822291967703
5.828198766708
5.834091663702
5.840036419511
5.845743825148
5.851262434142
5.856418612699
5.861123112414
5.866991736189
5.984196286729
5.988526672480
5.993648403205
5.999298396624
6.005417665005
6.011471504620
6.017512782304
6.023614608968
6.029766128256
6.035892526640
6.042072340058
6.048245746503
6.054447735093
6.060587453100
6.066760374303
6.072938023717
6.079175053074
6.085289798957
6.091530448744
6.097705244981
6.103866365479
6.110030596975
6.116193594043
6.122317433769
6.128402679226
6.134608814675
6.140747343279
6.146938162946
6.153069777301
6.159191671616
6.165308279250
6.171452118815
6.177517760255
6.183676813831
6.189832216687
6.196029537611
6.202111854519
6.208235260891
6.214279118893
6.219754692260
6.801565323567
6.806932672094
6.812311664730
6.817597908633
6.823025428647
6.828524277865
6.834025691092
6.839520872098
6.845048726152
6.850605645333
6.856090071129
6.861572060470
6.867044718403
6.872586747377
6.878071530062
6.883621493858
6.889189520036
6.894780599679
6.900364691906
6.905946504482
6.911508844307
6.917068717175
6.922602653166
6.928136964943
6.933654665482
6.939145346709
6.944608592773
6.950144111470
6.955642103856
6.961164433806
6.966648570397
6.972183512851
6.977749009460
6.983233117280
6.988750373024
6.993332269072
6.998126412839
7.003646359077
7.009181201856
7.014710700289
7.020212617046
7.174432336170
7.179642116189
7.185016527623
7.190332451355
7.195677919660
7.201035193624
7.206356717555
7.211696970757
7.216995591723
7.222291863678
7.227602005847
7.232887542197
7.238135958639
7.243361650749
7.248590611214
7.253725256224
7.258956841564
7.264266737137
7.270035926311
7.274480365063
7.279713284851
7.285049729299
7.290341332501
7.295511213453
7.300725432200
7.306012354369
7.504877780609
7.509901614891
7.514876366086
7.519993849115
7.525298823100
7.530668299190
7.536142670053
7.541633295593
7.547190645496
7.552474579003
7.558116810205
7.563656183307
7.569236315452
7.574814976704
7.580346574338
7.585981953176
7.591570440108
7.597161685084
7.602788047021
7.608414588968
7.614091636932
7.619641151061
7.625280763531
7.630968034795
7.636740264296
7.642492651995
7.648360397313
7.654177688278
7.659807478807
7.665568739322
7.671358523654
7.677210774211
7.683110518110
7.688857425970
7.694746215857
7.700540031208
7.706389186122
7.712413452100
7.718366395428
7.724110887744
7.729746165723
7.735295400317
7.740751466135
7.745866468735
7.750499542495
7.755178010038
7.759852661184
7.764482693634
7.769377472100
7.774370527178
7.880254779200
7.885384559439
7.890939803502
7.896797925799
7.902832394471
7.909281157099
7.915593116884
7.921758913024
7.927828655422
7.933937495803
7.939874730817
7.945989742188
7.952161731179
7.958339472898
7.964245603969
7.969648474503
8.024941917392
8.030325221231
8.036006420317
8.041867769231
8.047636493624
8.053431378922
8.059207422373
8.065072256089
8.071030627572
8.076954274087
8.082666627903
8.088451982546
8.094286890286
8.100115277194
8.105969753707
8.111660153329
8.117417078196
8.123161075061
8.128901662832
8.134643557863
8.140397254281
8.146121571196
8.151840734033
8.157500059812
8.163158865737
8.168781694029
8.174397514510
8.179993199250
8.185663016856
8.191326961999
8.196688223104
8.201970200452
8.207518313885
8.355464974195
8.359950534732
8.364966881977
8.370417875260
8.376160591343
8.381894042555
8.387700477800
8.393593831547
8.399542038230
8.405502801898
8.411473892276
8.417498557270
8.423489166975
8.429540768059
8.435603948738
8.441681292935
8.447785262108
8.453921221479
8.460070681855
8.466274719470
8.472426978126
8.478581109602
8.484754560460
8.490911858828
8.497104150189
8.503297262755
8.509537859832
8.515765398051
8.521962638850
8.528170570333
8.534354342048
8.540605378485
8.546807377345
8.553056126415
8.559052370181
8.565071260719
8.570911884818
8.576736862990
8.581827055846
8.587123986899
8.783842431733
8.789339564030
8.794844153997
8.800435595363
8.806212607026
8.811981387926
8.817759572522
8.823474589396
8.829152603221
8.834948174597
8.840748111600
8.846585967319
8.852552325997
8.858335646364
8.864139163389
8.870007442474
8.875931617207
8.881907065637
8.887865837408
8.893771993325
8.899678415201
8.905494238111
8.911261522172
8.917049262451
8.922814967327
8.928535837745
8.934237707576
8.939909847599
8.945433958675
8.951145504806
8.957033205049
8.963068397814
8.969250638832
8.975213603699
8.981292363989
8.987122731085
8.993100496028
8.999130531504
9.005189414399
9.011297288941
9.017469964164
9.023688566254
9.029853694060
9.035723350541
9.041768021795
9.047749577457
9.053764386733
9.059757995499
9.065722261405
9.071697712546
9.077612892603
9.083544152258
9.089589122320
9.095942682343
9.102042700443
9.108036002677
9.113786914484
9.119463793270
9.125121328162
9.130696254750
9.136305610890
9.141461168765
9.146573202362
9.151665266854
9.157063964004
9.162609061034
9.168362802042
9.174253809864
9.180125329270
9.185990318599
9.191917369905
9.197904768490
9.203891987192
9.209809812663
9.215691592884
9.221665983322
9.227589408711
9.233556170051
9.239513240603
9.245377547637
9.253257534582
9.264790230409
9.276539890087
9.282474098349
9.288256065630
9.293835308218
9.469458033369
9.475168962763
9.481195508223
9.487123743321
9.493278131959
9.505419209556
9.517798556312
9.530304874254
9.542691791825
9.555546936209
9.568086660465
9.580889510377
9.593479088612
9.783428752249
9.789381043638
9.795591797433
9.801596222366
9.807527507831
9.813362378692
9.819210036432
9.825040646189
9.830792873988
9.836479602937
9.842169465904
9.899091315383
9.903772074821
9.908909022450
9.914783008920
9.920683889166
9.926596149041
9.932489128230
9.938344988405
9.944307226511
9.950208254045
9.956218623823
9.962159968492
9.968349140868
9.974541849728
9.981014492663
9.987279772095
9.993233801372
9.999152498881
10.004873053182
10.010305933663
10.015580107365
10.076109841531
10.082013796745
10.087903004450
10.094147080032
10.100233967132
10.106421330671
10.112633712988
10.118931445872
10.125261493555
10.131584934990
10.137593242726
10.143766385042
10.149884633936
10.156009867475
10.162134555059
10.168252735144
10.174434052478
10.180713211177
10.186954937633
10.193207378268
10.199236925472
10.205343439055
10.211488061131
10.217561102010
10.223840733861
10.230025918065
10.236163018675
10.242155291398
10.247967236953
10.253714432792
10.259697724548
10.265695367760
10.271841854809
10.277869099321
10.284018141423
10.290072118594
10.296287214525
10.302411092083
10.308588946224
10.314719772398
10.320849299681
10.326890605424
10.333047598845
10.339208476008
10.345386068200
10.351766341148
10.358155712012
10.364274395901
10.370213369263
10.376211163515
10.381586110321
10.386878430305
10.392527830508
10.446247885675
10.458407965557
10.470684775351
10.477065636669
10.483340313861
10.489627502591
10.495913700564
10.502268246845
10.508619018420
10.514880880141
10.521106505492
10.527323989802
10.533552328149
10.539817326393
10.546020862406
10.552253681307
10.558490722398
10.564702106691
10.570923459625
10.577159447384
10.583446429445
10.589674048740
10.596006145242
10.602338477995
10.608694428259
10.615025015102
10.621497546671
10.626874612222
10.632333877174
10.637673092980
10.643332976845
10.648735881005
10.654224885632
10.658567083934
10.662931589239
10.668364247360
11.265411259001
11.270569278240
11.275271483883
11.280507677750
11.285774316030
11.291154995566
11.296896627565
11.302278491972
11.307791556905
11.313310851753
11.318915799742
11.324484776587
11.330058304644
11.335631588641
11.341214961513
11.346952492446
11.352569119969
11.358152271020
11.364230936880
11.370364801270
11.376585494284
11.427252015324
11.433135296301
11.438902051820
11.444612841726
11.450326214319
11.455998958083
11.461571825700
11.467167641945
11.472677370609
11.478191222399
11.483681720647
11.489112995809
11.494588402903
11.500034353042
11.505403751194
11.510755515173
11.516047188291
11.521273914110
11.526457105468
11.531706998069
11.537092317321
11.542445554105
11.668911114718
11.673685383935
11.678547009908
11.683463006999
11.688400476527
11.693470639968
11.698524905600
11.703638661050
11.708746156929
11.713885215026
11.719045332021
11.724256296391
11.729415877034
11.734573189755
11.739757024951
11.745207175624
11.750458817382
11.755648602101
11.760914666007
11.766267725319
11.771588116005
11.776895577699
11.782194065870
11.787487569877
11.792797699647
11.798093452676
11.803308531317
11.808537581113
11.813907910927
11.819247375505
11.824569326118
11.829900283161
11.835275871949
11.840698467579
11.846174502223
11.851659212509
11.857133880731
11.862665961737
11.868239987420
11.873830751987
11.879450415464
11.885062289293
11.890713626201
11.896398766895
11.902023872198
11.907713902511
11.913524063259
11.919500495587
11.925119732824
11.930832345602
11.936307250958
11.941703672583
11.946975773874
11.952418500464
11.957924342701
11.963518037354
11.969383273326
11.975114193181
11.980944785941
11.986664834134
11.992324122903
11.997927465895
12.003368672927
12.156797836345
12.161708255091
12.166989167423
12.172453004454
12.177907067435
12.183343178111
12.188725521082
12.194277817136
12.199904378917
12.205314671971
12.210981607303
12.216702608570
12.222344382821
12.228067915775
12.233810675874
12.239513466280
12.245257073156
12.250987936683
12.256717087625
12.262414982966
12.268137551772
12.273853084850
12.279498075886
12.285189299820
12.290917689578
12.296638934484
12.302330893509
12.308018516705
12.313649447348
12.319357399516
12.325099614697
12.330813757930
12.336538245443
12.342276457857
12.347987659780
12.353658685008
12.359273863496
12.364978331226
12.370728617444
12.376494252988
12.382261001133
12.387937511756
12.393477542835
12.398001118187
12.403663877043
12.409377411968
12.415055550100
12.523734629750
12.528917785936
12.534333451941
12.539949455555
12.545669118150
12.551451676041
12.557226623982
12.562997815030
12.568842086338
12.574770779669
12.580843347881
12.586940113216
12.592298221644
12.598292407532
12.603998318222
12.609647379836
12.615301432930
12.620896557276
12.626394881216
12.631913653110
12.636879677079
12.642296962107
12.647777677443
12.653046447205
12.786069762893
12.790390742300
12.795756196916
12.800940337114
12.806310437403
12.811575524495
12.816920767968
12.822309687903
12.827770837909
12.833382975926
12.839111613876
12.849642030587
13.052693928592
13.058052039655
13.063674397696
13.069242029878
13.074612275363
13.080356694461
13.085925792134
13.091666428092
13.097331549174
13.103175519067
13.108977387877
13.114856073244
13.120677349469
13.126638386589
13.132687391842
13.138520427916
13.144715007507
13.150992496235
13.157062700104
13.162826465028
13.169001528826
13.175157599774
13.181209253254
13.187186406950
13.193153638266
13.199185194339
13.205302654783
13.211459309621
13.217307980010
13.223260088864
13.229147632410
13.235073594143
13.240805047302
13.246646917947
13.252433126502
13.258208113972
13.264027518475
13.269934854681
13.275692347459
13.387215866863
13.395865714178
13.404497281812
13.413362889410
13.425129128189
13.433322392726
13.439137828878
13.444633338250
13.450138640723
13.455667702702
13.461206642915
13.467204598962
13.472735493390
13.478458669979
13.484216351131
13.489976798517
13.495853496945
13.501468083425
13.507282073896
13.513158999789
13.519103368252
13.525152856428
13.531323331866
13.537454223883
13.543553481097
13.549707245961
13.555746973183
13.561912602025
13.568012468952
13.573891535300
13.579494800888
13.585133747849
13.590249518989
13.595386238492
13.600653514090
13.667433779341
13.673029760310
13.678586392048
13.684535836157
13.690350558662
13.696236305167
13.701934573936
13.707763497926
13.713499434447
13.719327873086
13.725035729726
13.730760336852
13.736585928245
13.742299455235
13.748119376143
13.753973405803
13.759798404357
13.765683218645
13.772066583360
13.777958345112
13.783729368813
13.789456644486
13.795064878025
13.800798110452
13.806286827095
13.811688594054
13.816837641068
13.822012282807
13.827253951371
13.832489359478
13.998021268936
14.002514119567
14.007416633597
14.012540789859
14.017951824440
14.023389498607
14.028846311956
14.034336930393
14.039838080661
14.045340220417
14.050837941985
14.056465229898
14.062125654899
14.067881621294
14.073595392651
14.079318957765
14.085004428351
14.090721570588
14.096446892360
14.102213041312
14.107924434452
14.113647011139
14.119362488627
14.125057349735
14.130735859049
14.136356124406
14.141907076389
14.147481110150
14.153064220927
14.158600717990
14.164161280731
14.169720492411
14.175262544662
14.320629973088
14.325289330487
14.330846585515
14.336533559983
14.342398227422
14.348218135273
14.354078476467
14.359947235915
14.365833914600
14.371739228729
14.377659657506
14.383641849329
14.389474053460
14.395440618277
14.401303171418
14.407177893249
14.413077122318
14.418977579652
14.424894101146
14.430875125843
14.436910946288
14.442957117862
14.449132993956
14.455344983728
14.461575324208
14.467838478455
14.474096916438
14.480363217632
14.486631695674
14.492909081536
14.499279779831
14.505593346565
14.511933459422
14.518254621896
14.524770049785
14.530793637561
14.537156381029
14.543494248879
14.549890199428
14.556132242922
14.562311770572
14.568378689895
14.574459393336
14.580598984186
14.586675091071
14.592551427717
14.597347257647
14.744745392757
14.749999478556
14.755435189382
14.761061539960
14.766690554835
14.772371668901
14.778112500042
14.783875519467
14.789666370203
14.795584304823
14.801622261742
14.807860480799
14.814087301317
14.820054949680
14.825708802500
14.831341537478
14.836830781913
14.842264909897
14.847428551791
14.852849899043
14.858536191599
14.864380027345
14.870324175954
14.876297302190
14.882236013904
14.888171242930
14.894063724257
14.899884424638
14.905630724715
15.055856770763
15.060920152048
15.065563460623
15.070747533568
15.076256773898
15.081956191289
15.087711582354
15.093569003340
15.099474008291
15.105460077619
15.111507903715
15.117622104343
15.123811184962
15.130038264971
15.136193336545
15.142410464656
15.148686767242
15.155018182502
15.161383477430
15.167693961726
15.174100791706
15.180546368298
15.186916092536
15.193239057528
15.199517228696
15.205811596578
15.212052355964
15.218357097728
15.224601876290
15.231072736303
15.237485634018
15.244098490228
15.250452754202
15.256654782668
15.984783563615
15.989349694342
15.994433877164
15.999209241479
16.004470336536
16.009740662493
16.014914848451
16.020118519919
16.025247469132
16.030401448243
16.035563861620
16.040798107759
16.045973578800
16.051457854441
16.056636442125
16.061790661296
16.066929314333
16.071823286509
16.076987129609
16.117249125076
16.121472637073
16.125883912614
16.130620896196
16.135695216006
16.140710748318
16.145865986159
16.150988705340
16.156217060947
16.161465112516
16.166745772985
16.172032906956
16.177215264794
16.182397142542
16.187565193753
16.192736948815
16.197895009908
16.203055516334
16.208208471379
16.213298992431
16.218402092105
16.223254491387
16.365721351272
16.371402486326
16.375860843610
16.380688458484
16.385681465814
16.390739275105
16.395804679729
16.400819517142
16.405849008235
16.410862990416
16.415873614696
16.420906824763
16.425927206118
16.430932155545
16.435966000879
16.440987031810
16.446065537444
16.451191077894
16.456434728174
16.461643408485
16.467116656157
16.472925165491
16.487989477749
16.496297333025
16.504443528530
16.513291692360
16.549575817329
16.554413097054
16.559466177902
16.564673495242
16.569850956675
16.575000106594
16.580206791976
16.585429706647
16.590665156530
16.595935649627
16.601196255494
16.606483855510
16.611716965004
16.616802060132
16.621792243106
16.626619457455
16.631479108113
16.636297721059
16.640991439822
16.645715674978
16.650591567663
16.786926775319
16.791227488570
16.796126668965
16.801187455435
16.806410114102
16.811711544253
16.816934035147
16.822195770851
16.827570443141
16.832870564122
16.838210198382
16.843576009043
16.848962551899
16.854374350858
16.859791974932
16.865216386907
16.870604557996
16.876018764931
16.881471939445
16.886916550440
16.892369255813
16.897835618728
16.903313924153
16.908792798292
16.914262159251
16.919748942877
16.925241237320
16.930749449456
16.936228174264
16.941687863462
16.947201238056
16.952707800325
16.958208369035
16.963665877469
16.969043683220
16.974482457246
16.979821155283
16.985102905836
16.990427393470
16.995800720972
17.001216142353
17.006428900381
17.011695111489
17.016880416097
17.094698537852
17.104577792513
17.115936819058
17.125842944033
17.134164769402
17.140840519547
17.146906375265
17.152734608821
17.158558584494
17.164338451687
17.170079458668
17.175826514872
17.181659309722
17.187756189862
17.193545328836
17.199404881858
17.205375976320
17.211189609608
17.216721486216
17.222619430609
17.228281496718
17.234079581564
17.239242267365
17.244044741431
17.342909395712
17.355304952729
17.367779749559
17.380096168464
17.392111913958
17.520912507922
17.525967694689
17.531372943917
17.537041950392
17.542746797365
17.548449398910
17.554082971390
17.559783617162
17.565512534544
17.570956412687
17.576481155170
17.582122931708
17.587632544846
17.593268983999
17.598796287465
17.604362966440
17.610012535555
17.615620212412
17.621197257586
17.626751571593
17.632346651919
17.637944615956
17.643577605096
17.649051400231
17.654587914260
17.660088604803
17.665607111706
17.671061355376
17.676528346099
17.681965903117
17.687426000500
17.692813200615
17.698231643786
17.703608092757
17.708989455451
17.714339007740
17.719657468327
17.724977657361
17.730332950937
17.735672364349
17.741018125938
17.746315188676
17.751628917975
17.756950565026
17.762301286614
17.767669234730
17.773008956731
17.778398841595
17.783832965263
17.789325134467
17.794835971318
17.800379361872
17.805929629664
17.811486757997
17.817020539028
17.822653883086
17.828494619002
17.833747527357
17.839375965378
17.844989933589
17.850691315590
17.856359918548
17.862024137652
17.867709626786
17.873392448522
17.879146152908
17.884928345804
17.890879142020
17.896908255602
17.902778084938
17.908299371457
17.914057583953
17.919795328273
17.925620614609
17.931439819414
17.936896069182
17.942584160771
17.948238513290
17.953871476447
17.959496017810
17.965135906356
17.976246215674
17.981889446901
17.987541896549
17.993081598849
17.998598953462
18.004057821740
18.009460516164
18.014649804355
18.019732120576
18.024663790852
18.029622683125
18.034658497065
18.039788623559
18.044939070228
18.050012549705
18.055051417270
18.104657682350
18.109853019799
18.114991018901
18.120550992753
18.126156119393
18.131712728471
18.137299657098
18.142894327688
18.148540561515
18.154263088533
18.159941965210
18.165696582955
18.171458525625
18.177235166536
18.183031504111
18.188855419246
18.194701329020
18.200627440315
18.206596673990
18.212689370314
18.218790323666
18.225048486927
18.231276353509
18.237541680256
18.243824875745
18.250050010471
18.256236899854
18.262385751345
18.268495875335
18.274542676893
18.280653348318
18.286689931200
18.292797574367
18.298933550925
18.305095004844
18.311338575867
18.317511757411
18.323673488574
18.329758724071
18.335901526035
18.342026214874
18.348080771205
18.354130914110
18.360167964997
18.366151501659
18.372424600192
18.378794210695
18.385083870072
18.391104443301
18.397048690122
18.402949642211
18.408563712269
18.413743859343
18.556183781912
18.559999771778
18.563635210172
18.567198522545
18.570829436135
18.574337918328
18.623196343203
18.628606357166
18.634227563667
18.639840238379
18.645468705149
18.651182598935
18.656891415243
18.662564645027
18.668253719668
18.674017448001
18.679810453905
18.685638621755
18.691459388372
18.697276414424
18.703118911175
18.708951511936
18.714812656189
18.720627384464
18.726519316103
18.732250010288
18.738017610709
18.743813213588
18.749534731689
18.755261393023
18.761024995408
18.766875970764
18.772706468835
18.778610344780
18.784501213235
18.790337700098
18.796197356652
18.802042724590
18.807796591980
18.813546365259
18.819327053791
18.825097101248
18.830820248329
18.836581425088
18.842349001825
18.848119343174
18.853923398201
18.859674829600
18.865390590252
18.871140092559
18.876957496118
18.882843036285
18.888769705829
18.894763875690
18.900675554126
18.906595839406
18.912445990044
18.918257281257
18.924028497658
18.929779459953
18.935468466852
18.941130405594
18.946751932765
18.952362002528
18.957967228729
18.963661450964
18.969392625906
18.975474122547
18.981794273810
18.987172433105
18.993193554133
18.999296034435
19.005362853526
19.011344291636
19.017364389038
19.023463529170
19.029601958997
19.035835451709
19.103335900073
19.108564070315
19.114072792143
19.119867826164
19.125674497191
19.131596884088
19.137465524922
19.143349142654
19.149304317080
19.155305104163
19.161250455553
19.167210201705
19.173084788903
19.178966448502
19.184825635588
19.190706067234
19.197073764594
19.203231620964
19.209160737311
19.214766694248
19.220378733387
19.226136015061
19.231915497768
19.237722273519
19.243540873715
19.249405220422
19.255215589579
19.261030383407
19.266827397205
19.272448118465
19.278293170398
19.284242184122
19.289991841657
19.295913942850
19.301453685986
19.307201852521
19.312959789156
19.318737069343
19.324567911326
19.330410948649
19.336306644050
19.342170225364
19.348009067005
19.353907338095
19.359869912860
19.365937701056
19.372075193895
19.378189584648
19.384744350640
19.390732021232
19.420652202246
19.426111939777
19.431419817916
19.437061306494
19.442648411554
19.448025862590
19.453387145747
19.458814768231
19.464139460356
19.469547977537
19.474975445897
19.480132792641
19.485446882373
19.490599000701
19.495547855128
19.500588449724
19.505726044115
19.511116104053
19.516477839607
19.521935078428
19.527436930494
19.533023895358
19.538638872233
19.544343519396
19.550150397629
19.555969061485
19.561818714178
19.567653038204
19.573481327038
19.579376526326
19.585227720987
19.591106299715
19.596980597034
19.602858927037
19.608687786897
19.614491406801
19.620245342145
19.625963465804
19.631670154476
19.637285961231
19.642841329785
19.648395460398
19.653948649889
19.659528654463
19.665161366223
19.670793006522
19.676391921861
19.682024981116
19.687738432424
19.693633855263
19.699663726232
19.705283035557
19.711481509734
19.716928990549
19.722842513418
19.728719385625
19.734710975777
19.740683006235
19.746637279154
19.752584965770
19.758451851439
19.764396513765
19.770308225187
19.776123156520
19.782000787301
19.787778605553
19.793484190182
19.799242366898
19.805028414643
19.810707333299
19.816056587200
19.821240731323
19.950729862532
19.955154002486
19.960420273895
19.965988141535
19.971812831254
19.977759558150
19.983760593047
19.989807743817
19.995877336783

