Time_s
0.555617420553
0.558851286346
0.561946707757
0.564862224191
0.567817520061
0.570776517130
0.573754171291
0.576724054219
0.579702735829
0.582677113478
0.585645428631
0.588628746734
0.591609602841
0.594601712425
0.597599102616
0.600637531539
0.603663420289
0.606682226963
0.609708749137
0.612652811767
0.615554607553
0.618456358655
0.621340256713
0.624211698105
0.627062185255
0.629918936034
0.632762910492
0.635597077619
0.638437521259
0.641288530999
0.644138319469
0.646989819202
0.649847219350
0.652709746494
0.655577555725
0.658444192090
0.661321553493
0.664196590303
0.667066011280
0.669935199708
0.672803233868
0.675664062052
0.678512866167
0.681355846395
0.684191617602
0.687009207913
0.689818339657
0.692608925899
0.695386963246
0.698158492525
0.700906397972
0.703643229211
0.706369424665
0.709076019093
0.711760779841
0.714434373900
0.717086226807
0.719731148640
0.722357618698
0.724970473127
0.727571934022
0.730174156637
0.732772895230
0.735367053835
0.737965755056
0.740557727798
0.743147569903
0.745737184407
0.748317332982
0.750867173916
0.753402918599
0.755990089024
0.758567274432
0.761226714226
0.763752210997
0.945569684104
0.949537077041
0.953019841121
0.956946725599
0.961088255287
0.965401615576
0.969852811336
0.974456465491
0.979129438889
0.983894027802
0.988671387314
0.993452197966
0.998254186149
1.003073912647
1.007904457279
1.012717539006
1.017541320473
1.022344425783
1.027155404549
1.031983426109
1.036780568304
1.041613143549
1.046480972254
1.051323067935
1.056160824922
1.061026823983
1.065913267834
1.070831209879
1.075759280381
1.080707537062
1.085662996763
1.090647437623
1.095617402379
1.100582719878
1.105526545801
1.110433648480
1.115265123563
1.120024586182
1.124762292464
1.129481108002
1.134176779107
1.334855950262
1.339570298233
1.344407109170
1.349487900671
1.354687505781
1.359954928102
1.365263104451
1.370635486068
1.376044350362
1.381500165388
1.387009679653
1.392583742708
1.398265919238
1.403990609103
1.409796066158
1.415764489325
1.421883152456
1.428232437485
1.434672693712
1.441252465883
1.448044033254
1.455136737434
1.462398429252
1.470123743952
1.478305490222
1.486746513651
1.495667745100
1.504766637451
1.514116783698
1.523418501178
1.532691378591
1.542771867476
1.554543490583
1.567797059862
2.001514312247
2.006316762727
2.010901561322
2.015706075915
2.020407156426
2.025102737158
2.029718352944
2.034291043333
2.038803265050
2.043309468125
2.047787930526
2.052252238033
2.056686863957
2.061095014268
2.065482243681
2.069823891413
2.074117326026
2.078369579644
2.082565853250
2.086707272772
2.090777111680
2.094753526152
2.098671592994
2.102532828333
2.106325388656
2.110060723675
2.113782364564
2.117384255591
2.120917293828
2.124392192497
2.127828733839
2.131287223443
2.134748529966
2.141102639201
2.144335975311
2.296771332228
2.300141280288
2.303279730258
2.306401849770
2.309414105701
2.312461514412
2.315527028594
2.318594321485
2.321653383129
2.324718355407
2.327792049975
2.330894373654
2.333997841633
2.337124278252
2.340257821511
2.343398274774
2.346548359791
2.349710590977
2.352884447340
2.356071445962
2.359269860728
2.362549914718
2.365986845073
2.369622879893
2.372993638107
2.477473414041
2.480898063730
2.483936863785
2.487072648214
2.490275028608
2.493498465845
2.496804132365
2.500187992143
2.503661172237
2.507215836483
2.510879833667
2.514700859441
2.521428481161
2.525266654438
2.586708632139
2.590643252200
2.594373638002
2.598427806891
2.602507854448
2.606570618851
2.610592553317
2.614621620172
2.618663942798
2.622774080362
2.626918146444
2.631083505808
2.635280136972
2.639500361522
2.643729446307
2.647942782728
2.652185505977
2.656422032533
2.660665351592
2.664940583712
2.669217563875
2.673528293607
2.677892681381
2.682300667341
2.686627923810
2.690951964329
2.695246107400
2.699560563825
2.703874407961
2.708177752827
2.712515842090
2.716868821765
2.721268880607
2.725666220078
2.730079831106
2.734508095305
2.738941589284
2.743367797999
2.747815122521
2.752274121316
2.756713553689
2.761124457516
2.765699957064
2.770258582853
2.774756920488
2.779258682987
2.783778145626
2.788303494392
2.792818563739
2.797343361177
2.801837889723
2.806341643310
2.810881665609
2.815439449432
2.819973072186
2.824524746958
2.829114056925
2.833711111654
2.838252607464
2.842940150205
2.847469694347
2.851919848112
2.856429104395
2.860867417174
2.865273521018
2.869597742603
2.873906194761
2.878212739055
2.882495402288
2.886737408289
2.890982211652
2.895152825259
2.899294870938
2.903391226418
2.907448657712
2.911450769501
2.915410206618
2.919319451610
2.923187502397
2.927004474548
2.930774651261
2.934504592340
2.938197454247
2.941840618077
2.945439847387
2.948987117726
2.952517440542
2.956012980628
2.959479382032
2.962899114702
2.966300390540
2.969670560828
2.973009129515
2.976356476507
2.979696165936
2.983032654797
2.986349106887
2.989723839417
2.993147589882
2.996468598821
2.999806606633
3.002835006322
3.163290708231
3.167100263934
3.171296066094
3.175586567759
3.179902745679
3.184253150887
3.188779257124
3.193313018945
3.197860639296
3.202494094873
3.207327020563
3.212172342799
3.217039222328
3.221905192850
3.226773159078
3.231679222311
3.236584045310
3.241521820400
3.246490232849
3.251454839917
3.256414291482
3.261357399314
3.266277537271
3.271202818569
3.276144499670
3.281074574675
3.286013407025
3.290951814173
3.295889173882
3.300850591643
3.305773633519
3.310681485791
3.315564302951
3.320469367307
3.325368970947
3.330277992096
3.335221970607
3.340222715664
3.345231657262
3.350232143915
3.355222800152
3.437271543083
3.441283882200
3.445993925397
3.450743236820
3.455525787623
3.460362973583
3.465256771491
3.470258648957
3.475289450076
3.480360198263
3.485457452025
3.490505188880
3.495547994188
3.500650185005
3.598883165149
3.603224375587
3.607586168956
3.611847800483
3.616494054773
3.621228010302
3.626036186683
3.630909358987
3.635895485955
3.640901780218
3.645953328723
3.651020869298
3.656099300810
3.661174774603
3.666267354142
3.671363964434
3.676481896452
3.681601093395
3.686747609410
3.691903172701
3.697083181698
3.702268646497
3.707409731150
3.712395567541
3.717444695116
3.821929159065
3.826060373634
3.830945891952
3.835916002519
3.841031562879
3.846277514824
3.851638779987
3.857085296343
3.862604552188
3.868163478102
3.873711809267
3.879287975353
3.884888677873
3.890520310805
3.896197548275
3.901923440258
3.907740816400
3.913592160116
3.919261517367
3.924876481645
3.930501740737
3.936141423437
3.941755760202
3.947380970189
3.953008383476
3.958618890940
3.964244735343
3.969833526371
3.975454320135
3.981003393795
3.986517968657
3.992066038871
3.997656367250
4.003208855594
4.008768041535
4.014351125523
4.019937877454
4.025548828099
4.030982312034
4.036097828782
4.041427960029
4.046760022144
4.052034127920
4.057296806706
4.062520648324
4.067679263182
4.072706449168
4.077664133719
4.082607954178
4.087505222495
4.092045977312
4.244237378953
4.249455621302
4.254848638398
4.260404450173
4.266069833456
4.271917798916
4.278062312706
4.284237695779
4.290564680669
4.296875450794
4.303406925871
4.309909673449
4.316132755561
4.323442412680
4.329214799603
4.334774953812
4.353733578522
4.362937541886
4.373114226952
4.383795127502
4.395014326614
4.404434821417
4.835634999395
4.838730285358
4.842460871293
4.846014081328
4.849628591959
4.853242873182
4.856828734501
4.860412603202
4.863975045366
4.867517431808
4.871030640528
4.874499002790
4.877924996693
4.881285131920
4.884588492483
4.887845663331
4.891053902683
4.894233015976
4.897394766803
4.900595959585
4.904200987501
4.907793662987
4.911006766022
4.914182462141
4.917372168673
5.261237630093
5.265081051640
5.268898222146
5.272798128704
5.276743196615
5.280734288865
5.284775113008
5.288883676468
5.293018523376
5.297174173879
5.301391968685
5.305626723153
5.309911718896
5.314208709772
5.318528354078
5.322795062534
5.327201720651
5.331710047205
5.336217172032
5.340709515420
5.345226507749
5.349764731970
5.354316396113
5.358846374674
5.363396734385
5.367960219066
5.372511717087
5.377076045839
5.381625409594
5.386184376021
5.390742091567
5.395281950439
5.399819505200
5.404364072341
5.408898197486
5.413423812135
5.417958716200
5.422492503802
5.427016767632
5.431551674566
5.436096200430
5.440708501472
5.445254063291
5.449715570124
5.454180192673
5.458685246462
5.463158324367
5.467620267154
5.472118938628
5.476613767834
5.481060736056
5.485548657689
5.490047826748
5.494597308451
5.499237273933
5.503999204161
5.508778896264
5.513588453934
5.518349595352
5.574243625418
5.579140197791
5.584469609141
5.589833761480
5.595339122197
5.601036375447
5.606861761483
5.612774967315
5.618748432171
5.624732558251
5.630622728069
5.636361279938
5.642116688976
5.647893362025
5.654077232144
5.838149232458
5.843830787281
5.848314492894
5.852779950598
5.857473853822
5.862233317805
5.867100829387
5.871985282687
5.876960018305
5.881951731132
5.886972950139
5.891924380308
5.896787071683
5.901502242477
5.906063476362
5.910464261003
5.914792306798
5.919037288723
5.923239629740
5.927395683604
5.931531129101
5.935443489267
5.939283504757
5.943105599456
5.946910642994
5.950826641183
5.954974638609
6.197595576570
6.201655642234
6.205258847653
6.209293726705
6.213355860037
6.217479586506
6.221663189098
6.225883931596
6.230192003714
6.234536879245
6.238909360801
6.243337143228
6.247535442810
6.251791833863
6.256415981338
6.261072795904
6.265787598981
6.270563509459
6.275416968375
6.280337590472
6.285303409918
6.290314560878
6.295359141561
6.300447018577
6.305558608953
6.310707806038
6.315908264281
6.321125726446
6.326364895477
6.331648863778
6.336955064481
6.342275973531
6.347608089080
6.352943925019
6.358288881241
6.363622340959
6.368954912914
6.374312951358
6.379695791150
6.385116202434
6.390554649408
6.396005847456
6.401483181952
6.406999097642
6.412577467242
6.418208911180
6.423981978721
6.569191177095
6.574747086497
6.580032132826
6.585713931023
6.591650204320
6.597684180461
6.603820183138
6.610031871683
6.616295298782
6.622609251360
6.628894792533
6.635182386511
6.641491932355
6.647829931429
6.654229872696
6.660592587806
6.666968080302
6.673339018772
6.679732220084
6.686129745547
6.692410398313
6.698697724049
6.704983079381
6.711309397802
6.717619589204
6.723883101742
6.730141130100
6.736278275918
6.742209065284
6.747923099740
6.753357357522
6.758651771751
6.763502352509
6.768463321743
6.773262944085
6.777986706144
7.405137173723
7.408530724047
7.412053045814
7.416272962311
7.420407672334
7.424581322831
7.428850701461
7.433190956285
7.437571526025
7.442026330752
7.446528854429
7.451030095779
7.455550353057
7.460119619363
7.464682486000
7.469261836819
7.473872737458
7.478495370956
7.483148452178
7.487806107946
7.492455955757
7.497092716870
7.501735155483
7.506375445902
7.510995653790
7.515604716751
7.520205859994
7.524797963104
7.529369560368
7.533946664992
7.538505511541
7.543060063265
7.547587310361
7.552099772891
7.556561076219
7.560998548932
7.565406238046
7.569776612074
7.574107810190
7.578426618062
7.582701636842
7.586927351642
7.591141959314
7.595352200986
7.599564306191
7.603765617552
7.607977542105
7.612179420972
7.616388976543
7.620569351610
7.624731624486
7.628857134979
7.632895057216
7.636831095736
7.640761923211
7.644691255207
7.648666371365
7.652663267171
7.656712839098
7.660749156696
7.664654371368
7.839314080695
7.842592648242
7.846206082129
7.850089999264
7.853987824012
7.857913856837
7.861880256595
7.865897592869
7.869973488874
7.874108096387
7.878319055699
7.882552209560
7.886843504895
7.891137147306
7.895445748286
7.899754357823
7.904080943591
7.908411114415
7.912726809443
7.917020243903
7.921239985791
7.925318628253
7.929369240064
7.933346848211
8.235051289178
8.239414708361
8.243021580792
8.247314811389
8.251722282215
8.256152839925
8.260652037237
8.265175936301
8.269757532021
8.274325327957
8.278933326825
8.283552960367
8.288200931462
8.292872613569
8.297221387805
8.301964713274
8.306697536806
8.311413544586
8.316172442473
8.320987784311
8.325837439902
8.330719435200
8.335609565047
8.340527647513
8.345474871917
8.350477732729
8.355491643658
8.360532197820
8.365594236555
8.370644326104
8.375721994895
8.380794286322
8.385879456575
8.390960141109
8.396058725331
8.401119912101
8.406198821181
8.411266194699
8.416362678501
8.421453015038
8.426527322226
8.431632845068
8.436726564340
8.441814000228
8.446930863219
8.452048538527
8.457173733217
8.462332875882
8.467474337225
8.472632904801
8.477796316652
8.482990305487
8.488283252164
8.494321041497
8.499643994378
8.641515067363
8.646228836614
8.651553376375
8.657073412436
8.662679382198
8.668401555486
8.674225322967
8.680166738463
8.686252012836
8.692384621879
8.698411032160
8.837868071914
8.841990868207
8.846739392151
8.851544353436
8.856240671474
8.860949392147
8.865680268948
8.870473357337
8.875232008557
8.880049958199
8.884694941792
8.889133801959
8.893527455866
8.897785165015
8.902034998258
8.906287553728
8.910546367771
8.914756321007
8.918983961268
8.923208468915
8.927419670311
8.931607688073
8.935783514451
8.939968844006
8.944136654683
8.948309022860
8.952478751851
8.956632088914
8.960788658956
8.964924328117
8.969065167630
8.973198953890
8.977330316263
8.981464811944
8.985609026024
8.989738532565
8.993901310063
8.998057539273
9.002233625326
9.006389461600
9.010579212611
9.014806621331
9.019046587404
9.023330353792
9.027679396290
9.032481067407
9.037244592912
9.041734409190
9.197270273555
9.202497693838
9.207931913280
9.213470897818
9.219168115587
9.224919559664
9.230871167247
9.236913926602
9.243009397195
9.249142521544
9.255345868026
9.261729717921
9.268125234040
9.274403194141
9.280747450702
9.287087024259
9.293414694154
9.299769665561
9.306173226106
9.312589506916
9.319124032037
9.325707243102
9.332336303055
9.339120198600
9.345806529600
9.352528888965
9.359200800998
9.365883590335
9.372344693876
9.836846171895
9.849021875729
9.860692370677
9.866551598166
9.871926821846
9.877286493961
9.882723938183
9.888509320725
9.893621367880
9.898590254090
9.903559151885
9.908543510379
9.913471700614
9.918409046887
9.923381516664
9.928265674694
9.933137787658
9.938023991469
9.942868361809
9.947725534070
9.952548419048
9.957374668418
9.962173857732
9.966899350074
9.971566083520
9.975975603542
9.980506788358
9.985118070998
9.989737377392
9.994382835177
9.999000343535
10.003632257257
10.008251588134
10.012836534908
10.017406817550
10.021941534555
10.026452138729
10.030948931638
10.035422708375
10.039862973789
10.044300708984
10.048716237047
10.053126843862
10.057515635507
10.061858271056
10.066263683597
10.070465961353
10.074474350905
10.078492194096
10.082467171109
10.086434993340
10.090389070197
10.094351949319
10.098311883043
10.102304594093
10.106336892734
10.110482182118
10.114723440956
10.118948614874
10.123135373177
10.127257406072
10.131291444042
10.135255087166
10.139157657410
10.143015760211
10.146853275539
10.150671481476
10.154493445404
10.158315707145
10.162136693076
10.165962574463
10.169773725943
10.173581729394
10.177383173975
10.181185967850
10.184981860071
10.188763231372
10.192547087321
10.196338384342
10.200121306810
10.203907680258
10.207672261874
10.211443433783
10.215220065031
10.218980653242
10.222765602014
10.226545994310
10.230332847194
10.234101874477
10.237895605126
10.241662408759
10.245393258895
10.249099285321
10.252795403480
10.256491410837
10.260180642282
10.263876252383
10.267586768587
10.271317032008
10.275128171229
10.279063709842
10.283063771937
10.431955626522
10.435829785689
10.440257593056
10.444672016476
10.449213324018
10.453842298360
10.458539675319
10.463309402376
10.468147225665
10.473048863682
10.477975275092
10.488088670431
10.498239735330
10.508519100635
10.518823436643
10.524062213026
10.529222637625
10.534368464344
10.539576430492
10.544632025813
10.549776378848
10.554786509439
10.559780476808
10.564681080810
10.569478443698
10.574476132258
10.579405664885
10.584001821144
10.729103614149
10.734213191626
10.739147762437
10.744198043099
10.749192965512
10.754248355260
10.759357790065
10.764558884779
10.769831352248
10.775172711393
10.780551205310
10.785940860008
10.791275840654
10.796636491166
10.801937818804
10.883854354019
10.888625707831
10.893281755657
10.898065900079
10.902962460603
10.907946637760
10.912997489144
10.918084276426
10.923190801985
10.928356171628
10.933528038926
10.938748141573
10.944010813637
10.949381099571
10.954824645566
10.960279766038
11.067830270368
11.073441224604
11.078961039567
11.084499346748
11.090097576491
11.095676185205
11.101396001127
11.107189939281
11.112904543502
11.118715433592
11.124490527615
11.130269159701
11.136072556309
11.141869616927
11.147723471879
11.153562474601
11.159446418794
11.165414113867
11.171508149356
11.225781598430
11.231750765287
11.237513889574
11.243332614169
11.249190765805
11.255065999271
11.261052369846
11.266974974369
11.272933391872
11.278899597475
11.284817723652
11.290713726991
11.296672991347
11.302716434110
11.308879580585
11.314698838953
11.451271824605
11.457245872255
11.463323331428
11.469413631376
11.475668075322
11.482020913555
11.488440323274
11.495004150223
11.501741264220
11.508576286133
11.515486616178
11.522546015572
12.207228581890
12.211699259233
12.216301867832
12.220664517772
12.225361995935
12.229799262784
12.234395939551
12.238950406358
12.243515361581
12.248119349287
12.252716745202
12.257359942010
12.262007371932
12.266637908378
12.271284586059
12.275879998226
12.280489355167
12.285100175161
12.289710063224
12.294195771460
12.298855283310
12.303553398416
12.308264332402
12.312966496908
12.317648265910
12.322279925872
12.326931068757
12.331541159039
12.336121444980
12.340698029033
12.345279047710
12.349815638978
12.354300929018
12.358750788838
12.363143686602
12.367497948146
12.371827314048
12.376075520762
12.380252428147
12.384373966181
12.388420477684
12.392421740045
12.396368428113
12.400269881514
12.404125277408
12.407925102983
12.411663350636
12.415314339954
12.418904899007
12.422675569620
12.426376261091
12.430226073950
12.434130400979
12.542830959981
12.545645461293
12.548297460412
12.550844779179
12.553598740825
12.556355914344
12.559119071618
12.561913385206
12.564706264221
12.567509076311
12.570316715664
12.573125406386
12.575933979524
12.578751424152
12.581564896334
12.584379637952
12.587200318367
12.590022431389
12.592842873433
12.595655504691
12.598499052171
12.601321721205
12.604131787484
12.606943104874
12.609771829701
12.612677267396
12.615492494604
12.618344921798
12.621224239131
12.624106005324
12.626995343445
12.629902679718
12.632832155450
12.635755211786
12.638694598876
12.641656024693
12.644644242829
12.647649952406
12.650673082914
12.653719912173
12.656773496351
12.659852065289
12.662925954816
12.666014637834
12.669114304978
12.672247395735
12.675419517284
12.678627009042
12.681866800866
12.685121470479
12.688412627723
12.691723522301
12.695080923233
12.698459132031
12.701852444714
12.705270850673
12.708726406804
12.712207682074
12.715715902892
12.719244960306
12.722813685999
12.726402028083
12.730037330987
12.733687811381
12.737381650124
12.741103736106
12.744863077920
12.748675937073
12.752558514730
12.756496735395
12.760492492281
12.764507747454
12.768545149023
12.772609999028
12.776691264847
12.780786083153
12.784932660792
12.789119628881
12.793332892630
12.797620204157
12.801916023352
12.806238324670
12.810553019477
12.814833017979
12.819059836966
12.823218132196
12.827430664100
12.831674170877
12.998933691240
13.002568067915
13.006685850756
13.010820830335
13.014984646182
13.019166083541
13.023365772325
13.027590125668
13.031838698847
13.036101873054
13.040392507460
13.044637234436
13.048532327373
13.052880894647
13.057333976772
13.061801161263
13.066291602472
13.070802918333
13.075345104969
13.079893463030
13.084450153493
13.089026779828
13.093611398869
13.098207068877
13.102813395285
13.107413139224
13.112022491344
13.116631649293
13.121237202009
13.125838619953
13.130413477357
13.135011905359
13.139595438613
13.144175719815
13.148753464369
13.153327292845
13.157883789749
13.162435419763
13.166988984051
13.171512054400
13.176032871733
13.180545317118
13.185056777991
13.189552531891
13.194032364333
13.198516334399
13.202987651487
13.207510116607
13.212091550861
13.216799053271
13.221481527864
13.226042786877
13.349593858612
13.353878534256
13.357540043535
13.361723002404
13.366029212754
13.370435267261
13.374930471770
13.379511731388
13.384114940580
13.388753861273
13.393471326480
13.398183783845
13.402980854869
13.407808449524
13.412662543438
13.417575240932
13.422500449844
13.427470291905
13.432435314145
13.437472426275
13.442551967742
13.447613708452
13.452629663512
13.457557018259
13.462668197124
13.467717831535
13.473207724079
13.642975512091
13.647902117261
13.652985702685
13.658139701954
13.663422365493
13.668743947817
13.674218350122
13.679812926000
13.685614779095
13.880609451966
13.884139414986
13.888008302977
13.891795045484
13.895605758349
13.899421852182
13.903231498420
13.907006499225
13.910759266475
13.914531803524
13.918295925817
13.922062528535
13.925819719588
13.929575859887
13.933334966275
13.937079977662
13.940812865454
13.944546954578
13.948267237816
13.951979118921
13.955678640899
13.959367271345
13.963046307721
13.966730139180
13.970397518392
13.974064955823
13.977712134447
13.981360625669
13.984995322754
13.988622697617
13.992245608716
13.995861990482
13.999460808539
14.003045686323
14.006610553246
14.010154903403
14.013690047342
14.017193627968
14.020696216113
14.024194779745
14.027695667361
14.031216964017
14.034772134531
14.038405941416
14.042204272250
14.250791056331
14.256048190965
14.260812166101
14.265494960034
14.270180061522
14.274822742220
14.279468935113
14.284307501689
14.288996707628
14.293581083868
14.298184600029
14.302779986805
14.307367695268
14.312002452948
14.316682370227
14.321400551929
14.326173793430
14.330985204224
14.335855441949
14.340781864262
14.345726616563
14.350703887919
14.355745888518
14.360771624805
14.365804900265
14.370872955156
14.375976779693
14.381057791933
14.386183970811
14.391342470407
14.396605125252
14.402599207155
14.407695884580
14.601648312904
14.605383374579
14.608879484590
14.612433646541
14.615991619006
14.619524035557
14.623056236619
14.626589856885
14.630091491254
14.633573881428
14.637044829547
14.640501033920
14.643937834521
14.647345548264
14.650735672370
14.654112718931
14.657459963681
14.660781592876
14.664095375349
14.667381912153
14.670658991160
14.673913830357
14.677150641995
14.680378049608
14.683601957716
14.686832043908
14.690063783070
14.693320680318
14.696627294533
14.700229259937
14.703870489787
14.707445617243
14.711106971628
14.715331471876
14.718949776766
14.722559962474
14.726226877495
14.729927313924
14.733743900250
14.931181526112
14.935000855563
14.938246727415
14.941765787963
14.945313320160
14.948899272961
14.952521809014
14.956198965966
14.959932860978
14.963688091222
14.967468734688
14.971261861289
14.975095534728
14.978941227435
14.982792284189
14.986691632167
14.990635716088
14.994606311222
14.998600652833
15.002617008268
15.006663952019
15.010763393228
15.014839363086
15.018943367740
15.023053051539
15.027184714115
15.031304789502
15.035408288542
15.039501982573
15.043629132188
15.047753072453
15.051900443156
15.056044480014
15.060180367778
15.064325528404
15.068464642299
15.072529043504
15.076561719430
15.080421175501
15.084310870726
15.088192396653
15.092058876525
15.095923443390
15.099783604406
15.103661352121
15.107568718717
15.111526181127
15.115564391965
15.119683042340
15.123911928094
15.267044293085
15.271475064695
15.275875055091
15.280372441275
15.284942724534
15.289577965246
15.294277008861
15.299027982861
15.303874151447
15.308736428029
15.313645163976
15.318614496703
15.323589212356
15.328610937897
15.333644801108
15.338707012466
15.343763598065
15.348848227541
15.353934634647
15.359045696186
15.364176694170
15.369356719240
15.374533135234
15.379734047370
15.384962751899
15.390221988648
15.395503693609
15.400754305680
15.406010270318
15.411275501464
15.416505816089
15.421706221979
15.426924759141
15.432166483475
15.437513258518
15.443011101789
15.448416455825
15.453505419243
15.458575519102
15.625124774980
15.629900612516
15.634745562792
15.639636595092
15.644597296235
15.649603848130
15.654683050313
15.659869072720
15.665229039999
15.670851488428
15.729599468654
15.734442251350
15.739506190331
15.744663785255
15.749855720151
15.755141359091
15.760504697362
15.936550652229
15.940102710885
15.943877098932
15.947477977141
15.950498448344
15.953988764761
15.957399568368
15.960913039277
15.964444479219
15.967941737242
15.971445226282
15.974991402702
15.978649382501
15.982531164218
15.986322084665
15.990454570223
15.994531846901
16.745929295009
16.749035026378
16.752338004606
16.756014501679
16.759734507050
16.763443944107
16.767215740513
16.771031648966
16.774855329861
16.778707799387
16.782590381560
16.786497764339
16.790464072455
16.794544520706
16.798860825998
16.803790239223
16.876078349015
16.879712809418
16.883393646845
16.886659961845
16.890324269022
16.893987099820
16.897745381499
16.901562828943
16.905417253935
16.909378432477
16.913515970007
16.917359508654
16.921320258111
16.925283592314
16.929254935224
16.933230532374
16.937210534143
16.941204639195
16.945279153829
16.949404470531
16.953565638516
16.957903972205
16.962184959242
16.966583139798
16.970464484383
17.135105363095
17.138350855354
17.141493847977
17.144423108981
17.147229352597
17.149975440801
17.152874994058
17.155778604202
17.158664654549
17.161542735282
17.164395317762
17.167232688839
17.170059982263
17.172863628921
17.175642587080
17.178395738517
17.181117656983
17.183819914533
17.186501152955
17.189169158995
17.191812030290
17.194449398920
17.197066340326
17.199671904293
17.202266438646
17.204848295771
17.207398562252
17.209930651345
17.212459310043
17.214978310282
17.217485173799
17.219987025283
17.222486125992
17.224996028168
17.227494102606
17.229976419970
17.232451667224
17.234937608827
17.237428565672
17.239936438974
17.242457928299
17.244978973956
17.247510831074
17.250136992603
17.252694614427
17.432326259646
17.436448167602
17.440704550630
17.444884588153
17.448913114943
17.452902375236
17.456824543105
17.460725442296
17.464657039360
17.468568679734
17.472519014293
17.476481634586
17.480470066196
17.484470358179
17.488475709953
17.492489276250
17.496510555110
17.500522742158
17.504532656853
17.508539608157
17.512532844436
17.516531888963
17.520528950087
17.524516732428
17.528494732312
17.532461158931
17.536422841306
17.540371665363
17.544321069168
17.548258299836
17.552183355742
17.556102252418
17.560003815009
17.563885456216
17.567761280263
17.571626157733
17.575470953127
17.579283377668
17.583111352899
17.586991405620
17.590851094731
17.595031726671
17.599280317971
17.603127370250
17.776452755492
17.780525892504
17.784532766243
17.788617335572
17.792741069714
17.796924096287
17.801163569536
17.805481800882
17.809833251620
17.814210189640
17.818643350209
17.823088002566
17.827557632421
17.832028821680
17.836517348363
17.841041938265
17.845572302644
17.850162149556
17.854747429772
17.859331289616
17.863941740134
17.868565268740
17.873203185128
17.877798287830
17.882381349297
17.886946583804
17.891499906878
17.896072772774
17.900647690904
17.905229910224
17.909822823146
17.914406148442
17.918990635802
17.923564073634
17.928120673236
17.932703173855
17.937240391597
17.941858810964
17.946385637925
17.950920001402
17.955484865887
17.960035427671
17.964606657014
17.969182153139
17.973694096142
17.978211007451
17.982811034610
17.987344806430
17.991889166887
17.996557686134
18.001141210994
18.073639768139
18.077669372833
18.082444867144
18.087262443415
18.092131835389
18.097065945163
18.102050903231
18.106982911929
18.111919260556
18.116895923168
18.121913399484
18.126951678533
18.131994296738
18.137050026293
18.142121056810
18.147215485725
18.152294240958
18.227956019498
18.232383591872
18.237133339313
18.242010684295
18.246895577003
18.251885681386
18.256980631108
18.262180110353
18.267437761744
18.272723563848
18.404182647389
18.408529927482
18.412947465776
18.417289121661
18.421603310312
18.425887221191
18.430103867793
18.434201458035
18.438233378659
18.442212648840
18.446157962575
18.450084745778
18.453979554896
18.457902655769
18.461795228028
18.465673165601
18.469541488615
18.473415332726
18.477282996499
18.481134092815
18.484965971230
18.488777478991
18.492577626996
18.496366948905
18.500142558276
18.503894795408
18.507627170286
18.511339476816
18.515035126166
18.518716755632
18.522384671779
18.526045391411
18.529695571091
18.533331571209
18.536957975553
18.540579586753
18.544186836424
18.547782957507
18.551362700887
18.554928379736
18.558483600637
18.562039495598
18.565616014247
18.569195592036
18.572769320703
18.576379294400
18.580050270857
18.583788330818
18.587611721637
18.591443410061
18.595279201432
18.599134885377
18.603077431574
18.658457761446
18.662654966713
18.667056198296
18.671369549108
18.675719899166
18.680021788466
18.684327924035
18.688626948174
18.692963310391
18.697339376975
18.701735314385
18.706130488863
18.710560595262
18.715027370248
18.719452768023
18.723879783230
18.728275788862
18.732665198020
18.737015629379
18.741343717384
18.745659507640
18.749947729449
18.754199750316
18.758449362521
18.762651621658
18.766811100324
18.770958216021
18.775076725638
18.779202650689
18.783312330797
18.787521073718
18.791761766067
18.795850669938
18.799951456940
18.804087615245
18.808192431237
18.812252824102
18.816303824896
18.820296731615
18.824662867477
18.828941406861
18.959937836739
18.965288016130
18.970704895425
18.976249254931
18.981925498789
18.987615451493
18.993345070223
18.999147539844
19.005104228271
19.010937348944
19.016821949551
19.022635989277
19.028528260052
19.034426820248
19.040451785150
19.046391113523
19.052556896660
19.058336200983
19.064143461209
19.069895620417
19.075636741822
19.081316937199
19.086935384870
19.092695252602
19.098696787093
19.104757230543
19.110666964439
19.122264381185
19.134286965437
19.145538357871
19.157009841175
19.168637495920
19.180361558682
19.658172079222
19.663381377544
19.668775126004
19.674085524776
19.679300835800
19.684477734519
19.689653391314
19.694831782436
19.699996457918
19.705108517272
19.710186105394
19.715229640441
19.720316810329
19.725499410685
19.730619053503
19.735747744517
19.740886707836
19.746000750086
19.751110152236
19.756221173706
19.761270226508
19.766296582798
19.771312406236
19.776301372339
19.781239392504
19.786128318811
19.790975124001
19.795736804609
19.800429292973
19.805096903718
19.809644147346
19.814124751442
19.818636064336
19.823154571223
19.827647622384
19.832136933395
19.836611098207
19.841081626989
19.845576628392
19.850084501585
19.854595542204
19.859076001385
19.863538095546
19.867980813897
19.872414740898
19.876871009971
19.881307051222
19.885763895113
19.890265476561
19.894768927308
19.899309082234
19.903827323754
19.908434881558
19.913092463183
19.917799901246
19.922531886623
19.927316821161
19.932150487904
19.936978500666
19.941856791715
19.946703118860
19.951747548821
19.957010630058

