Time_s
0.825832008567
0.829531951426
0.833361229395
0.837068056296
0.840826523261
0.844617637567
0.848438212588
0.852272558952
0.856118016906
0.859960766549
0.863773207143
0.867589314880
0.871411999839
0.875248871564
0.879096617975
0.882996831146
0.886919369863
0.890889245997
0.894856982282
0.898836666130
0.902841781271
0.906890467556
0.910925180278
0.914998874117
0.919062642726
0.923107474725
0.927169763739
0.931231282851
0.935274577832
0.939319256844
0.943356400945
0.947394238170
0.951423568209
0.955448457455
0.959477818905
0.963502575998
0.967532483184
0.971556364912
0.975587328889
0.979613917517
0.983656035693
0.987691987598
0.991746528600
0.995759307726
0.999805415400
1.003800074278
1.007793997146
1.011768850922
1.015754587302
1.019715469810
1.023630160482
1.027537114887
1.031390272786
1.035234675882
1.039021787305
1.042791271608
1.046541513424
1.050276302425
1.053992539144
1.057683895335
1.061384976194
1.065079186389
1.068791216678
1.072524659487
1.076271676236
1.080029597423
1.083816910232
1.087603791143
1.091404241192
1.095224642931
1.099122531081
1.103044920314
1.106991473447
1.111092734904
1.115348274546
1.119512148895
1.123688086601
1.127730260211
1.131675306697
1.135507578543
1.139326393525
1.143070432316
1.346431693300
1.351446906732
1.356407640711
1.360788025550
1.365464556360
1.370169249579
1.374934340787
1.379750303076
1.384585416767
1.389466431231
1.394387592001
1.399324006471
1.404274348179
1.409218902999
1.414175673227
1.419135122246
1.424087911877
1.429037147647
1.433975389072
1.438906439086
1.443842456863
1.448771171086
1.453683791400
1.458566075942
1.463433223138
1.468272800020
1.473116401336
1.477940770094
1.482749272500
1.487548535661
1.492362254960
1.497143759326
1.501947130889
1.506755725502
1.511572407570
1.516386847412
1.521230805732
1.526086000178
1.530961247010
1.535847502190
1.540771234841
1.545706406991
1.550665883646
1.555652426385
1.560637290467
1.565621882389
1.570612712085
1.575589401605
1.580573614531
1.585526322580
1.590458344999
1.595341709216
1.600191942811
1.605054732688
1.609879205574
1.614686176467
1.619549263200
1.624400530870
1.629304239011
1.634261847654
1.639087920358
1.643937747877
1.857486708221
1.862307425416
1.867300131466
1.872320252119
1.877435887613
1.882586381722
1.887889038450
1.893197711527
1.898612195719
1.904087183802
1.909625328132
1.915158968980
1.920768333067
1.926400046042
1.932133007346
1.938007936347
1.943773218830
1.949615032178
1.955514034100
1.961616217562
1.967807319644
1.974069424154
1.980559061447
1.986937380747
1.993532079489
2.000139584337
2.006718801059
2.013240232731
2.019736787754
2.026550255895
2.033502394282
2.040361141778
2.047356158594
2.054488507435
2.061945896631
2.069745990266
2.077442160803
2.085198080329
2.093255344049
2.101605799812
2.110551648979
2.120113514037
2.129726528164
2.139195700623
2.148021645406
2.156751065005
2.189464951898
2.194745352212
2.200281954934
2.205733866623
2.211272700487
2.216719411292
2.222165082864
2.227812563975
2.233440614038
2.239105147945
2.244941267922
2.250598948141
2.937772016479
2.943320317488
2.948159857932
2.952945920752
2.957691050077
2.962377188460
2.967058907150
2.971753295937
2.976423770006
2.981122181507
2.985813509970
2.990515017017
2.995217223710
2.999906849715
3.004600406838
3.009301268839
3.013982382356
3.018681726002
3.023395442225
3.028128195952
3.032845166937
3.037585194642
3.042309209337
3.047014365376
3.051743990617
3.056448758935
3.061167131996
3.065866439080
3.070484696043
3.075019903296
3.079515560300
3.083982038503
3.088382815000
3.092719626357
3.097136945255
3.101150202152
3.105398207686
3.109493252087
3.113624242602
3.117611463277
3.121496600260
3.125623913358
3.129857360780
3.134316492658
3.138951590764
3.143667141160
3.399705749169
3.404087081322
3.408017674115
3.412285259881
3.416676832961
3.421189158915
3.425722660955
3.430281607097
3.434854238930
3.439458297021
3.444104063729
3.448750255594
3.453425107010
3.458124536869
3.462843461520
3.467585351021
3.472354771352
3.477132707612
3.481919741883
3.486727359349
3.491554439893
3.496378078030
3.501234885225
3.506087713191
3.510897054085
3.515801521317
3.520662467300
3.525520196487
3.530372219325
3.535192425421
3.539985468972
3.544749429975
3.549481320443
3.554155086277
3.558869729175
3.563840339704
3.568947725757
3.574049215439
3.578767750908
3.583631844641
3.588383074348
3.593133314011
3.597936890194
3.602594124498
3.685057160830
3.694274397165
3.698491876823
3.703199630160
3.708227189556
3.713284398997
3.718404801224
3.723887097401
3.729489518029
3.735025475268
3.740628042045
3.746287628514
3.751989847802
3.757648652525
3.763513137661
3.822691675505
3.828109908734
3.833740043434
3.839375244247
3.845044845064
3.850605133105
3.856125111716
3.861555269991
3.866949951485
3.872273132409
3.877643377503
3.882973908476
3.888351938008
3.893702346286
3.899089909124
3.904465474680
3.909890499449
3.915321469187
3.920744773346
3.926174485670
3.931610044064
3.937051118777
3.942490592766
3.947901399284
3.953294007976
3.958726708239
3.964144851531
3.969552138148
3.974952494693
3.980361752718
3.985763422534
3.991186810543
3.996620963785
4.002071675606
4.007487799837
4.012896977643
4.018332296324
4.023754538346
4.029158667649
4.034562718953
4.039920039098
4.045293215354
4.050592286898
4.055905864257
4.061179814057
4.066431443295
4.071710735887
4.076935816039
4.082164718887
4.087403065730
4.092625554468
4.097842996454
4.103100288978
4.108312510647
4.113524064036
4.118751397169
4.123876529658
4.129036018509
4.134252760843
4.139460223555
4.144665586044
4.149839743441
4.155057055922
4.160261733454
4.165472990307
4.170668733036
4.175862351555
4.181009288478
4.186151372896
4.191302230391
4.196386369692
4.201444762687
4.206460306639
4.211444470371
4.216366104099
4.221214986729
4.226024709129
4.230791953273
4.235503707722
4.240190514221
4.244842905928
4.249457914085
4.254065387598
4.258665451110
4.263262029861
4.267843071401
4.272430341571
4.277056217327
4.281706752482
4.286380678544
4.291060007083
4.295823177092
4.300648890204
4.305555044049
4.310731837052
4.316048791261
4.321082013193
4.482501183662
4.487415796012
4.492293218377
4.497192434339
4.502093115669
4.507039221789
4.511984072756
4.516970390536
4.521978463743
4.527004236320
4.532057845912
4.537137362848
4.542243653284
4.547325092682
4.552434658599
4.557593942915
4.562757006899
4.567909550261
4.573069724716
4.578246084712
4.583430370419
4.588625955605
4.593833624106
4.599016221519
4.604216796610
4.609449299464
4.614623461413
4.619846333453
4.625034935255
4.630246651681
4.635475238919
4.640653754926
4.645880259636
4.651111121972
4.656340566172
4.661600671632
4.666837952872
4.672080711335
4.677401258649
4.682677299703
4.687918837957
4.693117842031
4.698251042263
4.703371858118
4.708569392981
4.714041827223
4.719502717045
4.725145882648
4.730735898429
4.736387872519
4.741782386750
4.839972817694
4.844797555712
4.849905029753
4.855413866840
4.860781521735
4.866033428267
4.871287414410
4.876540313881
4.881759572342
4.886924763303
4.892104038118
4.897295896830
4.902439192399
4.907523196645
4.912574188236
4.917578870087
4.922660578966
4.927737462173
4.932523695688
4.937573200370
4.942344700329
4.947347714666
4.952151475373
4.957175753084
5.133388485116
5.138432291378
5.144162785595
5.150035182780
5.156093573595
5.162117643684
5.168269637108
5.174510040024
5.180810286250
5.187133165290
5.193474530842
5.199759424929
5.206065623796
5.212417277759
5.218795233961
5.225150375024
5.231524107068
5.237914607643
5.244343558227
5.250771107139
5.257205614288
5.263684606978
5.270150128882
5.276587639652
5.282880572681
5.288809632823
5.294816020804
5.300688040613
5.306453214027
5.312285566055
5.318086861084
5.324011878265
5.469519437126
5.474865612461
5.480376074490
5.485981271330
5.491678023295
5.497413882143
5.503261925586
5.509235286028
5.515242678418
5.521284884482
5.527374655542
5.533492564490
5.539633885436
5.545779207303
5.551871751913
5.557884907856
5.563937535339
5.570010104690
5.576085743267
5.582174971454
5.588302169124
5.594420753049
5.600568264226
5.606776681758
5.612973662802
5.619150607386
5.625308582357
5.631423280500
5.637525828007
5.643633690090
5.649691183965
5.655731839031
5.661669293493
5.667713221453
5.673751853117
5.679718859882
5.685722054239
5.691648215218
5.697476214917
5.703133058099
5.708913906239
5.897764591607
5.902009138841
5.907304554065
5.912630367573
5.917968283001
5.923435247374
5.928963108726
5.934550184302
5.940178118484
5.945838334607
5.951534035602
5.957285495208
5.963062343761
5.968922954037
5.974776756960
5.980686315637
5.986666282077
5.992662561422
5.998708703080
6.004822313838
6.011055599849
6.017496404448
6.024038246328
6.030594289495
6.037293266868
6.044012848731
6.050805481533
6.057594532113
6.064650882655
6.071573509917
6.078825129367
6.086192857655
6.093786888208
6.102126496655
6.111250028747
6.121950117274
6.133114716165
6.144070147995
6.154814962833
6.164860817254
6.174713865485
6.183850644531
6.208500317262
6.215677160292
6.221054291953
6.226996446854
6.232219677931
6.237995963688
6.243830255509
6.249596919875
6.255403356647
6.906518440845
6.909983469472
6.914407846871
6.918678155741
6.922795100612
6.926912596953
6.930994753149
6.935048417767
6.939079759952
6.943046298729
6.946994689256
6.950962321737
6.954941011820
6.959057751517
6.962870591252
6.966749235938
6.970892933682
6.975004578370
6.979017910819
6.982991944898
6.986975024548
7.489115068238
7.493300015054
7.497881758622
7.502460528113
7.506996194873
7.511526225752
7.516071018086
7.520625518707
7.525208641898
7.529819793231
7.534463715119
7.539140511765
7.543838162665
7.548548860623
7.553287739234
7.558034403986
7.562774226750
7.567526053593
7.572288278333
7.577057244653
7.581830484186
7.586624286362
7.591395356395
7.596166626990
7.600939515117
7.605721759614
7.610507088596
7.615298950837
7.620093329938
7.624878128110
7.629673452644
7.634475047157
7.639273545480
7.644087110773
7.648909197703
7.653732750660
7.658571116300
7.663414241407
7.668257583215
7.673102496923
7.677951599483
7.682790801503
7.687635655218
7.692470816323
7.697313678483
7.702142788366
7.706953672812
7.711766654536
7.716581006602
7.721391317842
7.726196722434
7.731006668470
7.735822232776
7.740629715855
7.745424826727
7.750211739441
7.755013777712
7.759808143164
7.764575976279
7.769328195151
7.774136993994
7.778942579687
7.783816782473
7.788720369760
7.793660696916
7.798810915958
7.803708887496
7.808399693805
7.812960280873
7.817588291074
7.822372470418
7.827047947796
7.831834244506
7.836985118432
7.842081840266
7.846872506741
7.852305853250
7.856901064270
7.862599155151
7.868405049703
7.874081033645
7.879699251289
7.885622219512
7.891888983407
7.898437192172
7.904229498862
7.909583433557
7.914686564983
7.919787037966
7.924976227052
7.930358770026
7.936042783902
7.941777221787
7.947674164408
7.953444687767
7.958931928545
7.964302071296
8.136839693413
8.141878498112
8.146864104140
8.151872149442
8.156906931457
8.161939194065
8.166978546296
8.172093276641
8.177278756875
8.182462581231
8.187647855865
8.192863400566
8.198083790703
8.203300544247
8.208473925553
8.213632314283
8.218681652159
8.223702718515
8.228923892472
8.234056127038
8.239246858770
8.244432700888
8.249706513451
8.255044646913
8.260222132209
8.510916370023
8.515248224668
8.520310727255
8.525397087085
8.530167808876
8.535357709180
8.540531711154
8.545705640005
8.550940599429
8.556213097531
8.561487263952
8.566760163110
8.572078528860
8.577410018096
8.582748556759
8.588133161870
8.593507872861
8.598901740670
8.604318283979
8.609687815853
8.615047137678
8.620379600492
8.625714213063
8.631058768589
8.636400930773
8.641737953872
8.647102386756
8.652473610461
8.657879593145
8.663285642947
8.668706308492
8.674158773665
8.679632102345
8.685150963613
8.690749741925
8.696434707463
8.702272129713
8.708145030994
8.713816531173
8.719336849664
8.869295821670
8.874829848957
8.880952312313
8.887149183055
8.893472658481
8.899814572541
8.906183185137
8.912621277513
8.919139194141
8.925681653642
8.932209601839
8.938722999189
8.945254070772
8.951950986337
8.958652883574
8.965586107713
8.972349755414
8.979204864986
8.986084271572
8.992931390326
8.999773134883
9.006600623993
9.013343566798
9.020089298222
9.026771199390
9.033424575595
9.040074279605
9.046677224164
9.053232009390
9.059791631494
9.066318567393
9.072762287694
9.079159305313
9.085448111430
9.091686961553
9.097866330220
9.104043974317
9.110143255820
9.116255614236
9.122343926123
9.128400345361
9.134429832807
9.140420244298
9.146408398163
9.152366745989
9.158340617759
9.164338162683
9.170292364241
9.176180031981
9.181969652183
9.187671600781
9.193350997331
9.199009374632
9.204640636634
9.210350432044
9.215787249579
9.221357115281
9.586890872756
9.591367896515
9.595982569527
9.600600120551
9.605226613010
9.609888296947
9.614620187635
9.619402342898
9.624217137481
9.629074770840
9.633965543866
9.638899731128
9.643848140092
9.648799345953
9.653731631487
9.658660529144
9.663603501589
9.668537805305
9.673452403843
9.678358524301
9.683260320659
9.688197207814
9.693122411224
9.698015514337
9.702906195153
9.707804162055
9.712689930959
9.717619592874
9.722546708049
9.727467587271
9.732397881670
9.737327242171
9.742280372397
9.747207264925
9.752136355196
9.757060093148
9.761985964061
9.766884693654
9.771803674288
9.776693843721
9.781585654407
9.786483281196
9.791363670073
9.796221509087
9.801090340802
9.805973292125
9.810866996529
9.815772042130
9.820664437537
9.825554976369
9.830437291905
9.835327955656
9.840201482645
9.845015965291
9.849822695935
9.854622176411
9.859417449820
9.864170475966
9.868924563605
9.873657895659
9.878399342731
9.883109670291
9.887824264452
9.892541495277
9.897245126120
9.901956475789
9.906680935599
9.911394129800
9.916110456795
9.920808027426
9.925528749634
9.930248114987
9.934965241052
9.939721513249
9.944575245637
9.949457478196
9.954457246976
9.959551896816
9.964620629606
9.969677323775
9.974757522155
9.979801719514
9.984867023588
10.230334722983
10.234055846036
10.238391776132
10.242735558212
10.247042671291
10.251231802678
10.255387932531
10.259501280785
10.263580834488
10.267630400802
10.271643965616
10.275588497273
10.279470561526
10.283310868177
10.287126380024
10.290921032590
10.294694596750
10.298421973231
10.302113348719
10.305811250056
10.309454199543
10.313134284172
10.316800447102
10.320704037634
10.324491181561
10.328252379867
10.332026937383
10.685082786283
10.688799038430
10.693391506039
10.697948274779
10.702501353453
10.707109821849
10.711758063521
10.716461960265
10.721261249747
10.726103681332
10.730973970725
10.735833553894
10.740710202823
10.745630685542
10.750564056438
10.755524051702
10.760515658161
10.765519737839
10.770556785309
10.775617311306
10.780696577709
10.785782220073
10.790873995777
10.795955062457
10.801045987953
10.806136849367
10.811246714908
10.816353409954
10.821481217084
10.826636320751
10.831821577161
10.837027373971
10.842308601544
10.847611841377
10.852922951130
10.858271205866
10.863596537796
10.868932299296
10.874283502425
10.879656437307
10.885025845303
10.890403756869
10.895817312747
10.901196084159
10.906567280870
10.911928912743
10.917294345994
10.922647492947
10.927985093098
10.933312057656
10.938635029736
10.943928207266
10.949180411249
10.954422960867
10.959621945568
10.964833992434
10.970500079423
10.976320322004
10.981929527187
10.987493003211
10.992981132082
10.998543502774
11.004170638323
11.009860077721
11.015549919395
11.021257542312
11.027045517021
11.032950639428
11.038659268239
11.044421355342
11.050186691521
11.055989912666
11.061739894604
11.067607826282
11.073589754060
11.079460937522
11.085366780420
11.091353596382
11.097205144229
11.103081564886
11.108884022855
11.114609078982
11.120340042464
11.126033264461
11.131681671751
11.137290532995
11.142854929662
11.148408188315
11.153984781337
11.159576334803
11.165152341697
11.170753604182
11.176369926435
11.182034637218
11.187777211012
11.193558442628
11.199473774473
11.205448160148
11.211830214309
11.217902435409
11.223807055199
11.229691841284
11.431311646346
11.436901042025
11.442435280123
11.447963150881
11.453600786897
11.459255503654
11.464917739893
11.470595039112
11.476228913285
11.481856911826
11.487455970434
11.493030473977
11.498510925668
11.503961948431
11.509384136328
11.514747218331
11.520071129442
11.525312351026
11.530539031990
11.535693698039
11.540794496704
11.545848455686
11.550868303642
11.555886277113
11.560861533429
11.565872609093
11.570898274466
11.575944078904
11.581010125188
11.586071900700
11.591142771678
11.596212458175
11.601283272297
11.606370391600
11.611475246982
11.616577233993
11.621718140475
11.626845117387
11.632008149935
11.637175507021
11.642360644693
11.647561133800
11.652791416013
11.658058137898
11.663384659264
11.668742078899
11.674125861905
11.679548818326
11.684962414790
11.690380196611
11.695784588372
11.701171431792
11.706548398552
11.711929963478
11.717306535498
11.722724453232
11.728300376033
11.733968135122
11.739545892351
11.745012401882
11.906115049452
11.910702444887
11.916170341062
11.921654353073
11.927294409839
11.933025270009
11.938825390824
11.944750609564
11.950804193011
11.956866622494
11.963048543992
11.969349369547
11.975634728844
11.981950900794
11.988344063699
11.994697879545
12.001083432713
12.007526806069
12.013984811639
12.020486347189
12.026945609549
12.033462242753
12.040002305780
12.046545142647
12.053125307661
12.059703223394
12.066333818790
12.072912559356
12.079492374207
12.086063463069
12.092649611076
12.099250484471
12.105820814203
12.112398005121
12.118878459259
12.125336176577
12.131711778467
12.138053014153
12.144279173317
12.150507396876
12.156722093865
12.162972561930
12.169235239436
12.175493922293
12.181707733541
12.187913366845
12.194080504931
12.200167598468
12.206260813217
12.212356170217
12.218552517837
12.224972151218
12.231720722305
12.453493642259
12.460083411560
12.465351995592
12.470611498233
12.475679804658
12.480718016346
12.485723557733
12.490747937489
12.495803597599
12.500889821394
12.505985105511
12.511100123635
12.516248273452
12.521401822972
12.526589912938
12.531826737450
12.537075471448
12.542343917334
12.547628509406
12.552930478978
12.558262619873
12.563645406140
12.569039799342
12.574415249042
12.579824012046
12.585244630086
12.590600847246
12.596002938837
12.601437924720
12.606908715234
12.612396377327
12.617933580549
12.623412393191
12.628916681347
12.634447669219
12.639980417693
12.645500905407
12.651005864581
12.656511736860
12.662030808191
12.667578492130
12.673082093896
12.678594871414
12.684116675262
12.689618009078
12.695108814163
12.700626983412
12.706090242962
12.711543061135
12.716978188024
12.722467782349
12.728030431085
12.733568676817
12.739185151354
12.744973321697
12.750815700168
12.756605238413
12.761644360367
12.843800884626
12.848402162238
12.853611540153
12.858817438283
12.864034493441
12.869257675425
12.874482395655
12.879694966122
12.884915052883
12.890160470953
12.895436293567
12.900701225764
12.905960408564
12.911226946261
12.916482460310
12.921778679893
12.927035729973
12.932311769007
12.937584100410
12.942836916832
12.948077185686
12.953273229322
12.958476843973
12.963629497178
12.968790775911
12.973925458321
12.979119708274
12.984516967845
12.989992973836
12.995541332823
13.001076905707
13.006578523482
13.011869721516
13.017058011119
13.022097145158
13.027010164582
13.031900764271
13.036723271636
13.041572528592
13.046413394394
13.051293927566
13.056142503552
13.061035087972
13.065938094363
13.070837451416
13.075725553069
13.080643336203
13.085589889202
13.090541641463
13.095494485404
13.100436388023
13.105379996175
13.110317776443
13.115266615899
13.120225888828
13.125166510952
13.130084630860
13.135011069685
13.139918106421
13.144839134782
13.149796252522
13.154729931669
13.159675410881
13.164945468967
13.170176131043
13.175768237210
13.181701383963
13.188227556773
13.193756734243
13.368599175334
13.373014679286
13.377808105493
13.382967216475
13.388208820418
13.393461358750
13.398776029517
13.404281629092
13.409791056074
13.415302859026
13.420830529568
13.426396308054
13.431971820455
13.437621226828
13.443339801905
13.449092037158
13.454884970639
13.460692930022
13.466544430387
13.472431686043
13.478305996019
13.484156012548
13.490091633299
13.495938609622
13.501768532810
13.507587495044
13.513365877348
13.519132407261
13.524827197632
13.530530687360
13.536265630838
13.542052605042
13.547605103039
13.553361581229
13.559192707154
13.564927697694
13.570573701131
13.576226186295
13.757851693237
13.762437329016
13.768098640181
13.773794569918
13.779535950115
13.785329637019
13.791192068448
13.797028597695
13.802831020320
13.808594937746
13.814420367302
13.820274974711
13.826383878827
13.832198989324
13.838089189197
13.843998174702
13.849908534880
13.855855016614
13.861721016073
13.867568510321
13.873382639182
13.879214129350
13.885044452358
13.890870091334
13.896768382948
13.902746025306
13.908849533616
13.915105844113
13.921453445387
13.927905279186
13.934305370826
13.940561752591
13.946912434860
13.953346876845
13.959838988446
13.966551154020
13.973497749273
13.980479254876
13.987450903230
14.014845957724
14.021313284895
14.027090032191
14.033241761982
14.039226729293
14.045127306447
14.050990300878
14.056959686401
14.062973626848
14.068998116928
14.075003728355
14.081056522724
14.087144283528
14.093234410874
14.099356636012
14.105466695101
14.111681748962
14.118865920920
14.126372251891
14.133779523991
14.160149084988
14.173250404881
14.179540372664
14.185773936982
14.192037976583
14.198288424175
14.204566953285
14.210851711835
14.217102799659
14.223348845205
14.229580105379
14.235792343098
14.241966115795
14.248176824297
14.254434027938
14.260827249229
14.267384809524
14.273814102775
14.280438087161
14.287125545459
14.293852785417
14.300642692970
14.307506282249
14.314556219269
14.321728372712
14.328753409646
14.334331807628
14.340577145484
14.346805951179
14.353085771510
14.359437306606
14.365850110981
14.372318161167
14.378802974099
14.385318893170
14.391836073778
14.398333675336
14.404896261640
14.411451635232
14.418076646838
14.424758789202
14.431447220279
14.438156364493
14.444902751979
14.451698349507
14.458500109511
14.465401520544
14.472240724931
14.479071997476
14.485955715793
14.492807006000
14.499675148688
14.506432542285
14.513340536411
14.520199797410
14.527134850146
14.533949759795
14.540942354734
14.547691824460
14.555040850681
14.561526538985
15.475870884553
15.481380102052
15.486212912894
15.491010299903
15.495710309247
15.500404909541
15.505142255765
15.509862018474
15.514625466902
15.519391210049
15.524175301270
15.528944628279
15.533764448688
15.538616239432
15.543505705062
15.548378059739
15.553265422222
15.558122109535
15.562980193459
15.567832529112
15.572709790624
15.577598894788
15.582523974343
15.587483036351
15.592446163340
15.597393640547
15.602324514447
15.607235236444
15.612116355005
15.616964448804
15.621764707808
15.626530092635
15.631288448155
15.635993568589
15.640706494854
15.645386243278
15.650056037696
15.654723556882
15.659381370958
15.664039521302
15.668690198156
15.673338654948
15.677996896279
15.682658378452
15.687365732383
15.692069280945
15.696828396000
15.701629119727
15.706236563156
15.710824050981
15.715563690537
15.720328982165
15.725119404835
15.730644424022
15.836256402791
15.839566744606
15.843174905093
15.847088561287
15.850999148443
15.854877807020
15.858763746076
15.862658230332
15.866590690261
15.870558455784
15.874551688637
15.878574798963
15.882638423754
15.886734164916
15.890863834754
15.895024880990
15.899220801431
15.903437992374
15.907679539710
15.911945513543
15.916243516044
15.920553058167
15.924889016800
15.929254620291
15.933615248031
15.938328022636
15.942627580020
15.946973593304
15.951350797924
15.955759175344
15.960193030381
15.964624126351
15.969085582943
15.973558096202
15.978050196518
15.982561420799
15.987086788025
15.991643600687
15.996224071835
16.000852535917
16.005485877343
16.010121701893
16.014801134623
16.019601076231
16.024390442317
16.029205530158
16.034035589230
16.038897505102
16.043782816695
16.048694436419
16.053622330831
16.058579345096
16.063533742754
16.068502393780
16.073475015918
16.078458778472
16.083456755747
16.088453159862
16.093441589843
16.098433941615
16.103433973884
16.108432378740
16.113444171859
16.118443681875
16.123458745122
16.128490977869
16.133557318850
16.139276281484
16.144744983385
16.150217819887
16.155883324683
16.161655809811
16.167662388293
16.172605798772
16.176858291218
16.181685241747
16.187172241717
16.192554324279
16.197875997603
16.203207216875
16.208562178798
16.213926467741
16.219327622675
16.224644107761
16.230037305440
16.235642939513
16.241316340763
16.246956948404
16.252624824328
16.258430861777
16.264259693299
16.269880910226
16.458333089460
16.463035981315
16.467699486939
16.472592611176
16.477528272698
16.482477130548
16.487463888046
16.492494831639
16.497562937063
16.502643187801
16.507746388384
16.512329419959
16.517507949226
16.522743930404
16.527987590439
16.533233821387
16.538505921665
16.543770607685
16.549071496281
16.554368577255
16.559671444093
16.564952142501
16.570228203920
16.575485096125
16.580755477180
16.586013231400
16.591256370415
16.596461786942
16.601647949096
16.606807077712
16.611950583050
16.617082762264
16.622191262608
16.627272465243
16.632359988896
16.637462591286
16.642562235076
16.647644672278
16.652734828739
16.657815060114
16.662873430164
16.667910383794
16.672934313906
16.677942288029
16.682946509719
16.687935785131
16.692922346752
16.697913145098
16.702880495678
16.707866156697
16.712996445715
16.718165333845
16.723297214908
16.728414793276
16.733674660279
16.738989252455
16.876903856262
16.881530842774
16.885955578678
16.890695232722
16.895519879217
16.900449115791
16.905454395619
16.910506591519
16.915596235782
16.920745102280
16.925929661805
16.931143396590
16.936377103028
16.941614298314
16.946868729693
16.952131544331
16.957398296371
16.962624734522
16.967852849187
16.973081504634
16.978301975257
16.983586628604
16.988791053818
16.993956892448
16.999213238128
17.004706842658
17.010196659278
17.016054401725
17.021413941125
17.174838801943
17.180477782705
17.185907752667
17.191686990219
17.197818661223
17.506839707213
17.511503171023
17.516377998786
17.521004225682
17.525855759295
17.530788084951
17.535668560120
17.540525914730
17.545412747373
17.550312904970
17.555174554701
17.560104724031
17.565016938123
17.569913486094
17.574822933914
17.579762319660
17.584718300822
17.589627490988
17.594560864415
17.599460691681
17.604352945885
17.609232647291
17.614082943399
17.618904012236
17.623703062303
17.628445646525
17.633161555107
17.637870914419
17.642540323526
17.647165612849
17.651732201484
17.656194554373
17.660571973952
17.664859416936
17.669023136779
17.673133465717
17.677226900309
17.681236568108
17.685274676338
17.689364651551
17.693687862007
17.698127581747
17.702763304850
17.707514277089
17.894567833287
17.899963422369
17.905315826909
17.910614895009
17.915907462793
17.921211155147
17.926518910318
17.931924981494
17.937337679050
17.943042067279
17.948484850457
17.953915308830
17.959389391928
17.964894673051
17.970386634961
17.975873129453
17.981395609803
17.986790178619
17.992264788479
17.997906477631
18.003556246002
18.009188842561
18.014830343615
18.020483338139
18.026223491641
18.032018204086
18.038033353255
18.043880902103
18.049702987899
18.055455209141
18.061235402318
18.067043647040
18.073130430393
18.079219366918
18.085422403484
18.162014511579
18.166779021970
18.172157633934
18.177424100059
18.182715806592
18.188005959732
18.193296233680
18.198586176420
18.203866390782
18.209133027451
18.214361031791
18.219546832698
18.224651954352
18.229728431966
18.234753106486
18.239771458223
18.244840954385
18.249994106918
18.255298785058
18.260733972699
18.266290660717
18.271989779432
18.277509656713
18.283036829951
18.288614681364
18.294291149915
18.300043441818
18.305819585140
18.311623287753
18.317445883108
18.323327754176
18.329434294715
18.335471731210
18.341352171848
18.347172613551
18.353037177375
18.358746739688
18.364396570248
18.560039252665
18.565185057595
18.569632295990
18.574403417535
18.579443211306
18.584497158425
18.589619394960
18.594840978300
18.600092411190
18.605403828480
18.610729628667
18.616062819221
18.621398848247
18.626747102275
18.632105877004
18.637454501017
18.642824853505
18.648179639804
18.653523652076
18.658874974303
18.664225399333
18.669576675311
18.674929432192
18.680287152244
18.685646371660
18.691048610580
18.696452595227
18.701853240556
18.707295943709
18.712758338095
18.718254561647
18.723787586332
18.729342749477
18.734920440490
18.740510931841
18.746092002063
18.751650491150
18.757143186582
18.762399426089
18.767864221991
18.773244650045
18.778889522773
18.784845015376
18.790502594513
18.796056233992
18.801478785467
18.806929539809
18.812522980987
18.956365629500
18.961300319502
18.966562015809
18.971885138039
18.977276759374
18.982734400030
18.988238487356
18.993805341772
18.999396560615
19.005042188879
19.010732798180
19.016474581939
19.022285898296
19.028149122382
19.034004578370
19.039914157721
19.045862095400
19.051803068686
19.057757017818
19.063685889818
19.069614211126
19.075502729346
19.081451192520
19.087398587439
19.093353115119
19.099395570663
19.105461370296
19.111566773585
19.117781361770
19.124092103180
19.130388016489
19.136687198666
19.143063357169
19.149494143449
19.156001956447
19.162540194340
19.169164034706
19.175920656370
19.182710310166
19.189467308942
19.196208041560
19.202962929993
19.209681780454
19.216357283840
19.222939979447
19.229258087314
19.235397791621
19.241394707620
19.247259677162
19.253523646749
19.259381575513
19.398263005494
19.403674484486
19.409353341163
19.415447168854
19.422291079848
19.428718177636
19.435589735496
19.475583320939
19.481452879444
19.487754174453
19.494019474711
19.500339692601
19.506844536308
19.513555493088
19.520549350935
19.527194496051
19.533755875856
19.648333630260
19.654479931906
19.659903153208
19.665597260353
19.671384322673
19.677382997639
19.683575638136
19.689918794137
19.696425237531
19.702927044325
19.709531936981
19.716117531453
19.722593284075
19.729244197171
19.735886130042
19.742599596204
19.749295845150
19.756206104810
19.763099041284
19.770244474248
19.777867326305
19.786062500848
19.793852980110
19.802133644729

