Time_s
0.693825465158
0.697665393764
0.702481213651
0.706319645114
0.710572873329
0.714706433281
0.718876657212
0.723120083703
0.727291721821
0.731454972732
0.735591371253
0.739718941290
0.743811371709
0.747856660792
0.751912069568
0.755918755870
0.759901298378
0.763874554588
0.767814405037
0.771748425560
0.775665231029
0.779591145101
0.783496327795
0.787380317426
0.791259978944
0.795130673184
0.798994162253
0.802871842983
0.806767641372
0.810681314874
0.814729240024
0.818643139590
0.822613338095
0.826519879558
0.830563223832
0.834425827911
0.838360698952
0.842235862280
0.995064292808
0.999011608639
1.003043970886
1.006896136390
1.010958592476
1.015191636979
1.019370724198
1.023597067404
1.027821196586
1.032049409818
1.036276995452
1.040538076766
1.044814041258
1.049113044367
1.053432336821
1.057753830398
1.062097082852
1.066447572894
1.070783798194
1.075124631002
1.079448248661
1.083764412638
1.088071768134
1.092370244947
1.096645468243
1.100920140003
1.105227957772
1.109599391930
1.113952760862
1.118253025880
1.122542325548
1.126887447808
1.131222904494
1.135514445522
1.139928639931
1.144278648451
1.148655904488
1.152969138418
1.157208010717
1.161566512180
1.286203721945
1.290232302202
1.294753387039
1.299223213425
1.303794746238
1.308412739984
1.313037701445
1.317759961212
1.322523089522
1.327367514987
1.332353049023
1.337426936278
1.342620527357
1.347926628547
1.353371943374
1.358842392396
1.364562791640
1.370315489568
1.376230875345
1.382218398569
1.388320016027
1.394656453779
1.401057120836
1.407522106495
1.414066093583
1.420700385269
1.427425583274
1.434118685621
1.440916603629
1.447872264797
1.454485568286
1.987222151833
1.992258580474
1.997292016021
2.002278327043
2.007191882476
2.012087719209
2.017029234933
2.021791840006
2.026474459995
2.031189316860
2.035902857476
2.040545264652
2.045158329995
2.049897725309
2.054651214731
2.059278636962
2.064015542710
2.206103331050
2.210593964913
2.214344913604
2.218712325618
2.223139793805
2.227579703010
2.232019655888
2.236434681820
2.240833948217
2.245214066244
2.249615815576
2.254057193596
2.258541137549
2.263011198492
2.267393239068
2.271730866989
2.276173999996
2.280639088213
2.285035891448
2.289451635301
2.293909984700
2.298326626872
2.302755102041
2.307099598116
2.311603933256
2.316144866893
2.320570284220
2.325012499413
2.329466168949
2.333977556753
2.338545929422
2.343104063324
2.346718942480
2.351274094176
2.355818998656
2.359837291099
2.364293174689
2.368914750990
2.373464669687
2.377996075115
2.383547601387
2.388478654705
2.393042853589
2.397941114729
2.402613378542
2.435704501518
2.440705567870
2.445037277447
2.449820326472
2.454713029301
2.459570470755
2.464462564662
2.469397290679
2.474255697956
2.479171321753
2.484194637955
2.489120492694
2.494077590732
2.499033754735
2.504001304836
2.508985348751
2.514022095746
2.519062869628
2.524135533308
2.529420745307
2.534618444551
2.539766661431
2.544884703842
2.549897025511
2.554922651171
2.559971454262
2.564933477199
2.569880648480
2.574827983024
2.579759142994
2.584707097961
2.589641235909
2.594587927890
2.599523188347
2.604418375257
2.609286582618
2.614165123734
2.619075845834
2.623974958064
2.628847624152
2.633731759180
2.638654479563
2.643623210805
2.648637732725
2.653657165689
2.658700216577
2.663706437778
2.668540768271
2.673285581492
2.677998402056
2.682667788320
2.687317507045
2.691937626680
2.696586804612
2.701218521917
2.705828415785
2.710437268872
2.715042704762
2.719645079143
2.724249246290
2.728897086923
2.733560862886
2.738316431990
2.743089683605
2.747740059120
2.752344668275
2.756914980368
2.761394817560
2.923500123662
2.929527753595
2.934971215617
2.940505857635
2.946088134598
2.951769411110
2.957449252251
2.963154930747
2.968860689346
2.974597997933
2.980337492135
2.986121666533
2.991920314105
2.997668611560
3.003460143569
3.009220449151
3.014984059900
3.020736999306
3.026473565453
3.032226498094
3.037987322514
3.043694827941
3.049414270989
3.055070059037
3.060683229134
3.066273235729
3.071868448334
3.077392599384
3.083009448680
3.088637312783
3.094357004467
3.100040579872
3.105691381180
3.111192854518
3.116799525658
3.122307255664
3.127730102945
3.133330996460
3.138904660945
3.144466714725
3.150315057275
3.156097371976
3.161857147665
3.166955542420
3.172041877312
3.177656529389
3.183120651908
3.188542300924
3.193746710515
3.198642916964
3.203656857571
3.208535547532
3.213332661587
3.218200663599
3.223083723954
3.228000676138
3.233017972744
3.238158813881
3.243248141772
3.248255354116
3.253314134873
3.258474080819
3.263448337422
3.268485187935
3.273656785436
3.279004664504
3.335490031033
3.341199481498
3.346592838223
3.351752898936
3.356661295107
3.361939287226
3.367203648385
3.372561809833
3.378033072739
3.383559742615
3.389199003130
3.394893221365
3.400570065222
3.406253973050
3.411955927097
3.417694999686
3.423434879445
3.429161256103
3.434828371132
3.440542514461
3.446251234834
3.452001719157
3.457755442063
3.463530232156
3.469356817358
3.475203758908
3.480941468431
3.486683869651
3.492436808513
3.498170581126
3.503884516262
3.604582650061
3.609878118507
3.615205142785
3.620623012496
3.626277979550
3.631997739270
3.637506830417
3.642998690149
3.648487068767
3.653992364806
3.659473087626
3.664951400888
3.670407420193
3.675864063505
3.681359213653
3.686837585216
3.692244664291
3.697696378933
3.703179465273
3.708814697694
3.714330708038
3.719881219914
3.725401697300
3.731017006395
3.736613924525
3.742245462558
3.747898775707
3.753576668071
3.759023153301
3.764550808827
3.770086150692
3.775673186949
3.780931930096
3.786486138135
3.792129301023
3.949204811846
3.953334434661
3.958500859096
3.963594476543
3.968807574860
3.974065600241
3.979372942383
3.984731889052
3.990127035099
3.995614128872
4.001297784970
4.007220817971
4.012996433256
4.018927020748
4.024986744608
4.031154091389
4.037480869189
4.044049037063
4.552870642724
4.557736397965
4.562430694032
4.567122472369
4.571765703261
4.576363810528
4.580966538260
4.585687175697
4.589720174293
4.594333887051
4.598974555257
4.603654343012
4.608366311179
4.613006921851
4.617640467001
4.622322701245
4.811313723615
4.815473732260
4.820402073023
4.825119997865
4.829839927395
4.834713838231
4.839537458652
4.844367123212
4.849238803779
4.854247479219
4.859217830625
4.864174931872
4.869136304516
4.874120737596
4.879093366421
4.884088668784
4.889082285909
4.894064785590
4.899043801219
4.904003969205
4.908958694947
4.913897458095
4.918813300876
4.923700822606
4.928574054453
4.933441596330
4.938321857666
4.943219013388
4.948100548279
4.952965260795
4.957851370626
4.962751130127
4.967690013309
4.972650104860
4.977647997684
4.982723629555
4.987855736470
4.992925644617
4.998055923948
5.003275409585
5.008493217372
5.013885016765
5.055784120052
5.060362018460
5.065065225217
5.069926117157
5.074725959878
5.079548787459
5.084404974317
5.089309338507
5.094298222096
5.099626659208
5.104722811729
5.109648415980
5.114576097251
5.119470060704
5.124362609302
5.129269674682
5.134349781755
5.251016510026
5.255748842955
5.261148586670
5.266209828584
5.271402805571
5.276626519043
5.281860254653
5.287136797674
5.292435453730
5.297744406901
5.303121867736
5.308450503430
5.313820473919
5.319167442409
5.324545627562
5.329959018847
5.335361496369
5.340748640005
5.346147361760
5.351543437703
5.356932425353
5.362309427288
5.367694876960
5.373142131013
5.378568765508
5.383939509788
5.389316051080
5.394847240761
5.554650113036
5.559424075749
5.564664069344
5.569674253591
5.574843908160
5.579971820199
5.585097214521
5.590214971495
5.595310428010
5.600524216877
5.605798859528
5.611082778066
5.616398954510
5.621725635055
5.627074942768
5.632453002564
5.637853222013
5.643291445023
5.648772159891
5.654323296468
5.659910120383
5.665573905981
5.671245393595
5.676943295953
5.682691737196
5.688452230441
5.694227340435
5.700028236846
5.705853371229
5.711767409092
5.717686133789
5.723562773708
5.729481544080
5.735252136277
5.741050371659
5.746718622782
5.752464890734
5.758124125955
5.763867692244
5.769615842838
5.775381646294
5.839473941727
5.844691408163
5.849498892906
5.854955020968
5.860368407462
5.865744021727
5.871264026968
5.876766776636
5.882334427363
5.887852086390
5.893439317362
5.899062965133
5.904692910621
5.910379033159
5.916052030962
5.921736405757
5.927474790605
5.933194322095
5.938909569185
5.944634695830
5.950361194437
5.956026395934
5.961684792331
5.967332387679
5.972828600893
5.978426206230
5.983876706408
5.989336673569
5.994744159353
6.000151193025
6.005549342520
6.011016357544
6.016530722195
6.021969723866
6.027407374273
6.032851821296
6.038213270913
6.043659722302
6.048990311020
6.054645780218
6.060149266927
6.065728303768
6.071176617422
6.396581676465
6.406896680968
6.425863178361
6.431226632656
6.436547526067
6.441946946595
6.447368706878
6.452754885444
6.458168094096
6.463637108759
6.469100910618
6.474595108839
6.480099738156
6.485626529354
6.491134731511
6.496600920981
6.502056658545
6.507469153515
6.512842234281
6.518167409295
6.523471786956
6.528730596482
6.533971328909
6.539151294637
6.544342211912
6.549449683001
6.554459551981
6.559438285471
6.564276462335
6.569059996911
6.573873199489
6.579484339518
6.584909837780
6.590231840597
6.595332042966
6.600586517535
6.605855751368
6.610925146017
6.616013047896
6.621276995264
6.626706902994
6.632060900214
6.637482175850
6.786520209056
6.796751542777
6.807040399337
6.814273708334
6.819492617308
6.824753242251
6.830038233422
6.835353255547
6.840638128535
6.845848059372
6.851122382858
6.856347002906
6.861648231066
6.866989371699
6.872359255236
6.877736779663
6.883153722404
7.078021132889
7.082762532424
7.087574430408
7.092736650155
7.097945510309
7.103052419933
7.108212064895
7.113344723550
7.118561809108
7.123724292647
7.128897204995
7.133976180911
7.139134538976
7.144352585966
7.149596234499
7.154854026612
7.160115539565
7.165370028925
7.170666120959
7.175969060036
7.181247140070
7.186563696321
7.191890844281
7.197208145592
7.202521280609
7.207850501348
7.213200063221
7.218545479306
7.223883533286
7.229265056399
7.234625903637
7.239999241836
7.245305420671
7.250637335872
7.255938998953
7.261239040328
7.266539586823
7.271852830112
7.277168836198
7.282502216912
7.287852475612
7.293108079234
7.298418756132
7.303780099760
7.309106996284
7.314453657584
7.319818106441
7.325200651561
7.330563695434
7.336021141480
7.341352487044
7.346688599709
7.351975045790
7.357248750206
7.362766261534
7.368255852339
7.373375396731
7.378644142207
7.383902316804
7.450685690585
7.455973213660
7.461425699791
7.466714949040
7.472109975388
7.477425287450
7.482950402814
7.488436447907
7.493874865435
7.499356700680
7.504922573901
7.510378928970
7.515757156179
7.521161301321
7.526743597151
7.590570926565
7.596391046866
7.601350181685
7.606887409962
7.612340760721
7.617850655461
7.623347600943
7.628842279566
7.634378540015
7.639907772189
7.645397168276
7.650948813921
7.656540378496
7.662114798692
7.667715468775
7.673285993412
7.678894649783
7.684492271150
7.690094772330
7.695684672060
7.701347690885
7.707007307219
7.712737780369
7.718444449740
7.724266310977
7.729867747365
7.735414940700
7.741040496212
7.746770850853
7.752131409472
7.757714090829
7.763229291128
7.768936618305
7.774498535134
7.780123041545
7.785708591687
7.902398909084
7.908147447397
7.913574700088
7.919179843899
7.924849356683
7.930538585380
7.936215113494
7.941907037473
7.947627500530
7.953385247464
7.959157679636
7.964954606655
7.970758415929
7.976586761956
7.982425022697
7.988254911182
7.994099421972
7.999924569495
8.005739147376
8.011543770821
8.017325369804
8.023090428135
8.028836743025
8.034558844796
8.040303051063
8.045981549867
8.051593786462
8.057125527949
8.062632562694
8.068016426173
8.073377575676
8.078855532797
8.084496164016
8.089994704014
8.095466025688
8.100890805833
8.106328596484
8.111797080287
8.117239294103
8.122880954563
8.128382776334
8.133900606548
8.139392245795
8.675055191068
8.696001420355
8.701975582547
8.707943002792
8.713985648675
8.719997426733
8.725821445465
8.731641951098
8.737432002112
8.743199740451
8.748998704568
8.754758629015
8.760466705474
8.766130498411
8.771831272174
8.777399297624
8.782960690241
8.788543607658
8.794058872982
8.799540546804
8.805004682444
8.810362256199
8.815368377713
8.820758442107
8.826120436234
8.831457329565
8.836788025137
8.842089828750
8.847351697593
8.852605265712
8.857796844731
8.862950525005
8.868081001754
8.873155878673
8.878215758740
8.883223903246
8.888213175677
8.893130196451
8.898047421221
8.902923245099
8.907791968384
8.912609583585
8.917444256509
8.922294059670
8.927542962510
8.932503891309
8.937404313719
8.942239294128
8.947432709525
8.952256123417
8.957187675883
8.962117931570
8.967141227451
8.972416719102
8.977523664100
8.982352748985
8.987119238036
8.991748675824
8.996472062529
9.001181123615
9.005947104012
9.010750503395
9.015585053798
9.020448581062
9.025345651550
9.030289859879
9.035223806345
9.040150363316
9.045055664146
9.049954565040
9.054868719349
9.059795538777
9.064762718475
9.069775593718
9.074811261963
9.079909561689
9.084982561388
9.090052000168
9.095400684334
9.100621351387
9.106080423713
9.111524498887
9.292448648402
9.297260217524
9.302548437708
9.307662246023
9.312847223510
9.318061978528
9.323296683799
9.328534618150
9.333793477555
9.339054490089
9.344320112168
9.349644837846
9.354949356514
9.360295242168
9.365600048599
9.370935440644
9.376282993968
9.381632206070
9.386977888987
9.392365407373
9.397762241289
9.403165367919
9.408548815780
9.413954353694
9.419339186742
9.424777912634
9.430199626893
9.435668137014
9.441090659159
9.446508233121
9.451937896449
9.457395549780
9.462839270887
9.468262418654
9.473702737713
9.479119744789
9.484546941994
9.489949976617
9.495340711086
9.500720847772
9.506158395113
9.511608090251
9.516999662038
9.522322167672
9.527746576267
9.532973301935
9.538393870748
9.543792857330
9.600857998488
9.606580349276
9.611834082480
9.617233032908
9.622662099770
9.628107524627
9.633633471412
9.639153797329
9.644722997209
9.650342956464
9.655944428779
9.661587553082
9.667241949150
9.672915050838
9.678596939885
9.684287440801
9.689912725634
9.695518172885
9.701088455350
9.706637213030
9.712200765911
9.717787324170
9.723412375197
9.728987106511
9.734569075270
9.740199074370
9.745807321209
9.751446314135
9.757128952941
9.763000305131
9.768646430977
9.774266372163
9.779893446675
9.785537113437
9.791200749810
9.796876467919
9.802499500125
9.808111206011
9.813737467786
9.819275710036
9.824865727775
9.830431496560
9.835966949970
9.841592059792
9.847781530713
9.853591700029
9.859198190446
9.864762326289
9.870336865274
9.875950674824
9.881588581909
9.887200221883
9.892855757305
9.898540312270
9.904216960541
9.909930986908
9.915667915618
9.921344542714
9.927027466505
9.932718238181
9.938442529750
9.944145772070
9.949839055909
9.955538399359
9.961240818260
9.966984828580
9.972720942333
9.978486002541
9.984228245536
9.989964472918
9.995616228416
10.001246403340
10.006799296532
10.012382130622
10.017948157332
10.023520983403
10.029083927482
10.034638719194
10.040186408519
10.045710739974
10.051229350032
10.056770734197
10.062340786016
10.067930051118
10.073547192461
10.079169638055
10.084775307777
10.090330931820
10.095936136115
10.101557984588
10.107188432099
10.112815279392
10.118434238538
10.124046663568
10.129643142364
10.135234554413
10.171032143083
10.175619699757
10.180906841310
10.186019976862
10.191143879827
10.196289346347
10.201444108099
10.206632352873
10.211811603811
10.217002718752
10.222201746225
10.227434455669
10.232681703702
10.237941094429
10.243237329363
10.248525053176
10.253859913582
10.259229138984
10.264629396744
10.270061552738
10.275492524159
10.281053441433
10.286637744171
10.292330112800
10.298071695103
10.303915370023
10.309974817459
10.316105083818
10.322414164543
11.163457801963
11.169258397544
11.174704643074
11.180199270870
11.185635488873
11.191008765634
11.196364657553
11.201804634502
11.207044476585
11.212337709681
11.217638220798
11.222844397408
11.228043474513
11.233231353097
11.238398453937
11.243536478989
11.248635844348
11.253696084196
11.258668796050
11.263613291676
11.268508463795
11.273259700019
11.277989517605
11.282682345688
11.287375916376
11.291944057284
11.296478580185
11.300937369147
11.305413431623
11.309792116999
11.314079083185
11.318412247009
11.322906929493
11.327335161638
11.331793088876
11.336270287750
11.340965644379
11.345430565748
11.349793198863
11.354458472705
11.436541838119
11.441474155722
11.444953773715
11.448916515825
11.452848078761
11.456876052827
11.460915846809
11.464974281005
11.469100537394
11.473280956078
11.477491517054
11.481730130976
11.485989151189
11.490240754011
11.494547772923
11.498958961071
11.503293460086
11.507869776928
11.512424981897
11.516828259271
11.521413353977
11.526333476100
11.531017759112
11.535730518793
11.540478984028
11.545315667022
11.550041596887
11.554938009171
11.559738345902
11.564832807182
11.569928847635
11.574965046429
11.580044039194
11.585116682115
11.590219151014
11.595351530819
11.600490646919
11.605642082575
11.610793223084
11.615955847116
11.621130218461
11.626276218813
11.631459209691
11.636675721601
11.641967610792
11.647270360371
11.652434901624
11.657565762234
11.662787154394
11.668021706279
11.673183188613
11.678333949865
11.683453109395
11.688559282370
11.693858434710
11.699092811015
11.704357800120
11.709550211442
11.714787944802
11.720114913559
11.725454264462
11.730541836199
11.865621780561
11.870763714554
11.875952418157
11.881198116389
11.886426980934
11.891639968762
11.896871034443
11.902124568955
11.907415210991
11.912790131236
11.918129246919
11.923518502395
11.928933479258
11.934363778572
11.939816791012
11.945298827122
11.950785245164
11.956308928238
11.961796259755
11.967294031435
11.972779383951
11.978246125548
11.983700266211
11.989157160322
11.994599677513
12.000043126595
12.005474814074
12.010963793961
12.016315307714
12.021843349591
12.027264231231
12.032715652359
12.038188855096
12.043622784932
12.049073509093
12.054582537671
12.060056914135
12.065509005930
12.071001143893
12.076544002069
12.082054253575
12.087484077812
12.092966285034
12.098496225183
12.104030341553
12.109550771727
12.115010428365
12.120507702142
12.125953551638
12.131383758778
12.136752254467
12.142174543321
12.147741168751
12.152930253109
12.158531709903
12.164127947403
12.169834683508
12.175573587324
12.181298302370
12.186984710070
12.192771322925
12.198539631392
12.204268429784
12.210050718618
12.215788048191
12.221565571137
12.227284639941
12.233016469022
12.238752618937
12.244480942550
12.250231329436
12.255989284800
12.261643078310
12.267366664806
12.273039203141
12.278795076667
12.284432461649
12.290120560982
12.295853317709
12.301523429417
12.307256696150
12.406148721033
12.411701027450
12.416742491774
12.422134113881
12.427538589084
12.432774315729
12.438247397103
12.443584854603
12.448982351364
12.454465364439
12.459708067012
12.465240022640
12.623987449782
12.629421374205
12.634699459781
12.640078325110
12.645392061606
12.650961741446
12.656379751679
12.661910885381
12.667690300810
12.673426790480
12.679161330443
12.684930819973
12.690724377941
12.696544905128
12.702405591059
12.708277698745
12.714218753014
12.720132940219
12.726039510508
12.731942680786
12.737930482414
12.743949379218
12.749946346289
12.755953673884
12.761971027523
12.767952464548
12.773859124640
12.779768547325
12.785638153660
12.791540245597
12.797435228306
12.803298224250
12.809155197332
12.815035372659
12.820609370509
12.826485443510
12.832331169908
12.838189949171
12.844032094086
12.849841856332
12.855580574952
12.903926807278
12.910032959505
12.915300881154
12.921253936940
12.926667485738
12.932613021603
12.938266585240
12.944186086206
12.950041829163
12.955813993496
12.961642356098
12.967411533916
12.973359781345
12.979189367821
12.985040670084
12.990929375633
12.996762084212
13.002667384948
13.008507964215
13.014378928517
13.020224375534
13.026081417510
13.031961925675
13.037960730358
13.043881638416
13.049830398667
13.055861562837
13.061768451523
13.067710523036
13.073744301394
13.079661170589
13.085552735036
13.131366155978
13.137433699418
13.143152296918
13.148899879332
13.154599392691
13.160333333971
13.166036856553
13.171703099987
13.177371638562
13.182983312965
13.188558810726
13.194142984969
13.199697060589
13.205211590145
13.210711343739
13.216205739826
13.221709777298
13.227270240535
13.232980468236
13.238563234044
13.244111886190
13.249619477034
13.255156020831
13.260668964170
13.266127069962
13.271626635631
13.277413049320
13.283161504491
13.288880723370
13.294418720586
13.299983854997
13.456827596472
13.461209112413
13.466735377866
13.471993795007
13.477389295071
13.482865933523
13.488419145238
13.494070603128
13.499749748100
13.505369454346
13.510985482641
13.516648733528
13.522328420585
13.527995409298
13.533696075283
13.539401509402
13.545063915759
13.550735689437
13.556455852774
13.562200100448
13.567930158865
13.573626600794
13.579301748854
13.584964427538
13.590628341838
13.596208473433
13.601717622674
13.607275273423
13.612962931012
13.618673243908
13.624453254619
13.630027985122
13.635594948972
13.641121147539
13.646622844189
13.652148641977
13.657714645613
13.663289897473
13.668938010395
13.674567077019
13.680192896175
13.685936494291
13.767526106260
13.773571619579
13.779229487026
13.785059216878
13.790922902043
13.796870539107
13.802925595139
13.808961894557
13.815133739934
13.821336021443
13.827551845114
13.833778696550
13.840038122981
13.846321527839
13.852607256273
13.858919076719
13.865252552992
13.871597736376
13.877930934457
13.884253117827
13.890535118934
13.896744892168
13.902853233197
13.908939584310
13.914966134768
13.920945731729
13.926906739437
13.933005649758
13.939082831427
13.945175213655
13.951220923047
13.957412037729
13.963563051090
13.969698295889
13.975702836530
13.981698918371
13.987784918953
13.993728616344
13.999742641984
14.109725064683
14.115567755547
14.121555688766
14.127488019800
14.133504445782
14.139512390775
14.145589971778
14.151780626810
14.157779595952
14.163949010644
14.170256355850
14.176546562632
14.182571892629
14.188671062992
14.194629798425
14.200198941797
14.205775831044
14.211689043591
14.217567324916
14.223410382652
14.229238083771
14.235095238337
14.241008483783
14.246863766777
14.252616389610
14.258510056007
14.264388220336
14.270179102121
14.386539256623
14.391433900400
14.395542697406
14.400158275980
14.404822786693
14.409464953873
14.414199159423
14.419007605867
14.423907887256
14.428826257589
14.433863587759
14.439004846652
14.444155327930
14.449460386851
14.454823886746
14.460363592607
14.466032399261
14.471886862896
14.477798285774
14.483922228950
14.490195630783
14.496577531803
14.503233939624
14.509862093880
14.516805937443
14.523652633415
14.530867683038
14.537749196711
15.313627097432
15.318658390211
15.323240569506
15.328210403599
15.333404212597
15.338289739113
15.343638833547
15.348313617106
15.353198535646
15.358441769594
15.363072674133
15.368098994444
15.416757159653
15.420780874760
15.424801488553
15.428614184769
15.432659619457
15.436711162546
15.440740855706
15.444770323924
15.448807679645
15.452854095282
15.456891513204
15.460934330818
15.464995124798
15.469046577307
15.473066023273
15.477169698558
15.481267646352
15.485404695748
15.489671885192
15.493919033449
15.498141041028
15.502329093457
15.506516217146
15.510743522923
15.514955935519
15.519236009827
15.523393275642
15.527566645044
15.531783438503
15.536276759665
15.649966978045
15.654171278598
15.658280845644
15.662179959733
15.666685038632
15.671087007528
15.675538725234
15.680040021692
15.684523182437
15.689052510387
15.693551830276
15.698090345343
15.702612490302
15.707151278817
15.711682884269
15.716249793605
15.721797853159
15.726431088768
15.731042331095
15.735577822694
15.740126871065
15.744677033818
15.749256158441
15.753801330762
15.758443685582
15.763093038798
15.767676615192
15.836812305539
15.841352565852
15.846054550534
15.850212406499
15.855028510725
15.859536080309
15.864231395346
15.868831249084
15.873514934915
15.878221040911
15.882895937275
15.887540391060
15.892216014518
15.896885812095
15.901590801194
15.906261136316
15.910937278611
15.915644923537
15.920327705130
15.925025552074
15.929759226471
15.934396118734
15.938785426710
15.943565400435
15.948351889870
15.953204312476
15.957909885072
15.962410534957
15.967111385237
15.971739839245
15.976628690017
15.981226781128
15.985972049127
15.990630499580
15.995169199974
15.999753688546
16.004205692518
16.106303318538
16.111378581866
16.116219679753
16.121190803695
16.126185819954
16.131170310527
16.136232179298
16.141254855985
16.146302997857
16.151339508638
16.156451638717
16.161520423727
16.166662897533
16.171770045858
16.176936010538
16.182080196648
16.187248212991
16.192442847697
16.197619319156
16.202829609493
16.208046941432
16.213234739044
16.218413402917
16.223595634004
16.228766242988
16.233931265591
16.239061728752
16.244171539393
16.249267796187
16.254377867092
16.259496382987
16.264588942857
16.269668065039
16.274695853232
16.279758598005
16.284868209084
16.290053327565
16.295330737223
16.300594819637
16.305868490884
16.311142627571
16.316494141849
16.321750739103
16.327138955881
16.332474148940
16.337788110491
16.343089785533
16.348551479574
16.354147224911
16.500677734752
16.506166334085
16.511526850564
16.516904553480
16.522290983579
16.527770484024
16.533276768391
16.538906748374
16.544371636333
16.549887630217
16.555288383743
16.560695916745
16.566078451807
16.571425486768
16.576744633700
16.582144011579
16.587499295949
16.592902696259
16.598320559144
16.603683445893
16.609024328426
16.614356337607
16.619807971375
16.625286380777
16.630729861223
16.636197755308
16.641652574692
16.647185633160
16.652747216723
16.658252783143
16.663737178656
16.669141398532
16.674524363559
16.680158306222
16.685540519900
16.690932909363
16.765153577429
16.771344160167
16.776379808677
16.781395588741
16.786493377426
16.791617412543
16.796847603829
16.802094972771
16.807396176228
16.812737087891
16.818129805427
16.823558766586
16.829054896794
16.834651313335
16.840220388428
16.845867815775
16.851449830795
16.857016212751
16.862600004670
16.868189567396
16.873883935716
16.879578750201
16.885099402240
16.890546451629
16.896098613499
16.901619220634
16.907177225979
16.912563144469
16.918072837776
16.923603447676
16.929011018144
16.934492074650
16.939935938511
16.945399507217
16.950988486898
17.019296501579
17.030534449206
17.041898966562
17.047581178046
17.052885000556
17.058295268815
17.063594489998
17.068891798468
17.074142071725
17.079372128546
17.084602479423
17.089766677372
17.094962885642
17.100184181772
17.105421311008
17.110641786830
17.115866285313
17.121071534111
17.126290199142
17.131483904839
17.136673186341
17.141872907759
17.147055923780
17.152230389543
17.157400735904
17.162542724820
17.167700943901
17.172805057859
17.177892624831
17.182962942616
17.188033219995
17.193068278951
17.198094810018
17.203101025696
17.208074597866
17.213042936172
17.218005344339
17.222977502381
17.227951183148
17.232920933715
17.237900359156
17.242871160721
17.247836674008
17.252821029184
17.257841531541
17.262840131049
17.267586246071
17.272436049266
17.277302478519
17.282143841894
17.286977442915
17.291896768630
17.296737879711
17.301665021165
17.306540467101
17.311400303115
17.321443562401
17.331252197726
17.341288360443
17.351173351436
17.361295125753
17.366434775573
17.371528981123
17.376669610683
17.381902351631
17.387191894616
17.392381619928
17.397637180871
17.402842134989
17.407862108011
17.413204703056
17.418183468250
17.423614181757
17.428919364945
17.434263338902
17.439613966234
17.444963744555
17.450338325284
17.455771327437
17.461160507928
17.466631460848
17.472038324123
17.477497701838
17.482960534222
17.488415312216
17.493899774443
17.499356983710
17.504847925662
17.510312715484
17.515748648021
17.521135988181
17.526506103841
17.531871084135
17.537227694969
17.542573132349
17.547897351255
17.553199641794
17.558538529675
17.563869245647
17.569256073518
17.574730494770
17.580194334776
17.585668843457
17.591116734494
17.596741943077
17.602311458893
17.607829289820
17.613299457470
17.618753222034
17.624223812006
17.629746245092
17.635202032286
17.640573378222
17.646006310697
17.651625244340
17.657099007375
17.695424216054
17.701263175566
17.706809997989
17.712710631413
17.718506823702
17.724233934587
17.730086141272
17.735931463716
17.741780642923
17.747735585862
17.753707203078
17.759651754965
17.765556332829
17.771499795299
17.777437107310
17.783404961370
17.789377101327
17.795364684098
17.801321979491
17.807331580208
17.813301161337
17.819287373882
17.825268307039
17.831261181769
17.837334947076
17.843359740744
17.849441714887
17.855546420941
17.861642657733
17.867794423961
17.873997621720
17.880222126162
17.886480337013
17.892777168459
17.899015035486
17.905268705336
17.911478481112
17.917664120809
17.923914095766
17.930051093156
17.936277300711
17.942466368707
17.948652584846
17.955095804187
17.961428087934
17.967635603221
17.973888949073
17.980169490972
17.986520992546
17.992805440540
17.999087515996
18.005465214867
18.198048436368
18.204073016003
18.210242741877
18.216444311278
18.222671499669
18.228847305549
18.235029857061
18.241275291520
18.247538182490
18.253758012054
18.259933420762
18.266041947965
18.272173405472
18.278224716672
18.284387182228
18.290362611170
18.296359628869
18.302312500352
18.308229332939
18.314127501627
18.319862594046
18.325524242793
18.331175435070
18.336847595728
18.342455601903
18.348030439847
18.353628419254
18.359207337243
18.364781696278
18.370349175154
18.375926477062
18.381511129822
18.387088856451
18.392714876350
18.398360976976
18.404025526104
18.409649572958
18.415202828243
18.420778845451
18.426316694596
18.431826179968
18.437315691862
18.442748854785
18.448102117342
18.453485821460
18.458864319440
18.464170991813
18.469509936235
18.474822985130
18.480148023535
18.485494928401
18.490861179933
18.496217032921
18.501624393062
18.507007783111
18.512405011107
18.517943578907
18.523441587837
18.528931383737
18.534464445457
18.540029602232
18.545561966668
18.551041114655
18.556458655343
18.561839764839
18.567128928247
18.572560872437
18.609332360146
18.615305541896
18.620788215629
18.626496308449
18.632197591203
18.637949936037
18.643734089380
18.649533344309
18.655336415114
18.661162466810
18.667002869284
18.672830121701
18.678657083235
18.684492307015
18.690306447317
18.696125082124
18.701965310236
18.707799914945
18.713658671781
18.719516859217
18.725400752999
18.731271048831
18.737138827507
18.743014449007
18.748875921481
18.754711022629
18.760557100664
18.766405497315
18.772266006138
18.778112805151
18.783950045536
18.789809481312
18.795663792700
18.801497951641
18.807375163058
18.813259316742
18.819173502636
18.825145920125
18.831099570835
18.837039951511
18.842946032234
18.848857573023
18.854766297869
18.860672767202
18.866440760754
18.872236551588
18.878111636267
18.883902801099
18.889729936484
18.895537892857
19.514180420011
19.519520491502
19.525003296652
19.530296232534
19.535496919493
19.540462579014
19.545745922230
19.550910920461
19.555945916210
19.560952660517
19.565898919059
19.570820490266
19.575705004108
19.580492766706
19.585261084912
19.589959120979
19.594654641510
19.599284717693
19.603882513988
19.608460998944
19.612967280383
19.617428798104
19.621902360994
19.626270229775
19.630687790039
19.635035847324
19.639479827115
19.643608580803
19.647787436840
19.652115824900
19.656687510622
19.661094087417
19.664907308125
19.706022945369
19.711310522403
19.716554323303
19.721552341873
19.726634231369
19.731897659224
19.737133414365
19.742456917773
19.747801603696
19.753370357712
19.759084465766
19.764942752849
19.782249373649
19.794281245220
19.806462878807
19.814444447540
19.820197509013
19.826214141094
19.832189984312
19.838246657724
19.844289927523
19.850391162921
19.856447588215
19.862501002787
19.868556673294
19.875062715398
19.881220700742
19.887347965431
19.893459171369
19.899525498004
19.905631930487
19.911755671593
19.917838829938
19.923967583463
19.930089149927
19.936186368776
19.941780490804
19.947827448123
19.953664293425
19.959327278836
19.965009557190
19.970661307225
19.976219601615
19.981767928784
19.987205264032
19.992658900089
19.998019936239

