Time_s
0.269552717898
0.279472598882
0.288601821884
0.296125519564
1.341872606890
1.346070348309
1.350181975398
1.354302846239
1.358385778560
1.362504761984
1.366623159944
1.370655931016
1.379299535567
1.383553498021
1.387852534217
1.391869679186
1.395882532233
1.399893555453
1.403851121660
1.407957542498
1.411916990509
1.415857844344
1.419891567095
1.423790081463
1.427830309582
1.431678766811
1.435502692299
1.439324012660
1.443110484763
1.446873417031
1.450659216935
1.454494471795
1.458381056311
1.462295737285
1.635041828414
1.639620194352
1.643828498814
1.647856378532
1.651953561895
1.655973599415
1.660170400256
1.664404515714
1.668740067937
1.673149545121
1.677528379196
1.682163784574
1.686715805821
1.691466480276
1.696201097831
1.700984866978
1.705785178958
1.710609860404
1.715344956178
1.720058864556
1.724842623667
1.729600227938
1.734295041874
1.739037972917
1.743771012657
1.748510180729
1.753272483973
1.758105779247
1.763053709914
1.768138311087
1.973073315852
1.977487919705
1.982363274402
1.987288698184
1.992282490920
1.997348682161
2.002403658891
2.007502250895
2.012632917401
2.017789448254
2.022909534360
2.028097137187
2.033283656328
2.038483637503
2.043642385181
2.048884625711
2.054117016641
2.059402003149
2.064695053977
2.070012328152
2.075312692620
2.080684024914
2.085932775680
2.091326257033
2.096629950279
2.102085627173
2.107513020239
2.113016253344
2.118549027440
2.124150319318
2.129707395823
2.135333015262
2.141097658127
2.146883539841
2.152678024345
2.158605009138
2.164547086756
2.170549674497
2.176615495679
2.182684190260
2.188908333398
2.195158939042
2.201625875036
2.208062932217
2.233287794127
2.239609921840
2.245943366651
2.252144631628
2.258132246940
2.264363042489
2.389953754016
2.400799418741
2.412378303230
2.522144954444
2.527203926083
2.532317001719
2.537352809603
2.542332303508
2.547187404313
2.551990850582
2.556751288586
2.561397449451
2.566074092295
2.570647978934
2.575237018471
2.579847620665
2.584604841579
2.589131635540
2.594009195546
2.762389136350
2.765834537979
2.769451769011
2.773059817781
2.776659859445
2.780330861612
2.784007158023
2.787699660363
2.791432626664
2.795195310119
2.798950268102
2.802714422820
2.806559367546
2.810413260076
2.814348609502
2.818383605004
2.934839726506
2.938623994865
2.942328477374
2.946110728420
2.949923842730
2.953775068757
2.957767967803
2.962231018342
2.966763599528
3.063962895890
3.068475465989
3.072970540485
3.077523299077
3.082008163359
3.086456000235
3.090954148778
3.095437727060
3.099994804111
3.104512287621
3.109029597907
3.113587835470
3.118147183045
3.122756863135
3.127379783321
3.131994652598
3.136637586761
3.141260839987
3.145942351135
3.150611984198
3.155232068014
3.159899753647
3.164555328531
3.169180594202
3.173801447507
3.178434310504
3.183019824469
3.187625436830
3.192189036565
3.196764210681
3.201327313485
3.214101961670
3.218702752518
3.223281784964
3.227869120830
3.232427026477
3.237030224444
3.241589918500
3.255293363933
3.264479617291
3.273661739344
3.282891791372
3.292112259413
3.301241293209
3.310336493060
3.328058404159
3.332474640445
3.336880611204
3.341303021535
3.345754154728
3.354574657783
3.359115493282
3.363969457367
3.536026923294
3.540671390455
3.545269651595
3.549932475140
3.554614481142
3.559299581464
3.564007519822
3.568810587845
3.573615024105
3.578445688981
3.583383866893
3.588263455116
3.593180459945
3.598141323849
3.603103675668
3.608033965553
3.612972123722
3.617926269034
3.622915208891
3.631880304562
3.636877479658
3.641877618426
3.646910918486
3.651924187154
3.656949285431
3.661999847564
3.667013660277
3.677158962933
3.687112152074
3.697036521806
3.706968082292
3.716857005371
3.726675378815
3.736457093627
3.963215377491
3.968560621452
3.973853209864
3.979289538267
3.984801188107
4.101186009627
4.105969478979
4.111043754521
4.116073365581
4.121202365121
4.126425906542
4.131664212329
4.136955286630
4.142311500750
4.147723171821
4.153151962905
4.158644917504
4.164073008857
4.169618842410
4.175161823499
4.312328409098
4.317229350983
4.322526581951
4.327771031399
4.333114228390
4.338515210386
4.343963588219
4.349502924502
4.355105662502
4.360814044527
4.366559546694
4.372450000539
4.383017378068
4.388939271264
4.400637958065
4.407015524616
4.412839965238
4.426491112291
4.437987249870
4.449541188057
4.461096150700
4.472755129031
4.484481187976
4.496178758093
4.777930406820
4.783540621642
4.789254848844
4.795010346147
4.800878483867
4.806789520146
4.812778788858
4.818839101414
4.825001924457
4.831118952408
4.837340778490
4.843519314774
4.855892991978
4.862144292103
4.868328266975
4.874497781449
4.880712706105
4.887001455782
4.919218859616
4.925700992044
4.932307934726
4.938804402486
4.946723439608
4.953194663941
4.959829269008
5.151051693712
5.159013605442
5.167028430315
5.199245168903
5.207620840502
5.216248526400
5.231573968244
5.239290647668
5.247675629314
5.255544036883
5.664302018768
5.668731330476
5.672883115662
5.677076795486
5.681160854133
5.685213757921
5.689218222881
5.693182220278
5.697093056183
5.700916644754
5.704672107221
5.708296033428
5.711871453666
5.715400431268
5.718913060656
5.722410610044
5.725949463509
5.729519696114
5.733557020766
6.010785758156
6.014205778720
6.018112109007
6.022021491624
6.026031403171
6.030033341207
6.034057206354
6.038077325665
6.042129521007
6.046221077030
6.050337805092
6.054492018070
6.058668028329
6.062854594756
6.067080484729
6.071326254052
6.076295359578
6.084853471339
6.093416133843
6.102018529376
6.110641438932
6.119223059762
6.127774634020
6.136313076087
6.144862359122
6.153440467149
6.162014737088
6.170622866068
6.179220504135
6.187825841229
6.196449879860
6.205081484221
6.213721248449
6.222338077578
6.230976162058
6.239616892262
6.354775259971
6.360132874551
6.365569368936
6.371114115789
6.376737421294
6.382428291149
6.388219619225
6.394038122203
6.399844387297
6.405749275176
6.411776147237
6.629390694020
6.634439518052
6.639441542206
6.644458800903
6.649490727828
6.654552485153
6.659673865233
6.664696521686
6.669811146248
6.674819280307
6.679834244626
6.684792489037
6.689728711057
6.694570112291
6.699378639324
6.704140292189
6.708885550536
6.713593061586
6.718410374974
6.723068724439
6.727704407090
6.732289555941
6.908934061472
6.910584538045
6.912701614756
6.914372709390
6.916689687228
6.919954678366
6.922480449946
6.924173516314
6.926250510503
6.955905742583
6.965612676523
6.975155570908
6.985013759259
7.005441898002
7.015721889014
7.026012347793
7.036348452720
7.046671229075
7.057029389179
7.067376048499
7.077652374826
7.087899865393
7.098162474261
7.108436558987
7.118869701022
7.130409888559
7.254768477359
7.259601113519
7.264704525697
7.269671714340
7.274596272688
7.279461549376
7.284353934260
7.289310052531
7.294367169972
7.299369771821
7.304464070023
7.309584200008
7.314688217528
7.319854841092
7.325720325376
7.336148071934
7.346586039714
7.357015534601
7.367409116299
7.377829456755
7.388323347280
7.398838757878
7.409374788091
7.419859204680
7.430279380673
7.440758523783
7.451245066863
7.826270556747
7.838779552475
7.850242254227
7.936414457958
7.947537597446
7.959035204845
8.020465706209
8.024967086777
8.029979206786
8.034917152314
8.039907559515
8.044919696875
8.049860896821
8.054792774145
8.059499465297
8.064245805378
8.068728773231
8.073465443837
8.078210470858
8.082907160637
8.087653815035
8.092401654669
8.097162011172
8.101866162998
8.106622014876
8.111305852474
8.115998549084
8.120720474970
8.125383735857
8.130089680234
8.134775663024
8.139505429948
8.144224844052
8.148890407067
8.153574971548
8.158220799265
8.162814394709
8.167411078637
8.171967173771
8.176481445732
8.180942539044
8.185357299277
8.189760322159
8.194121799710
8.198450744455
8.202731490299
8.207071162310
8.211375702711
8.215668528330
8.219952466334
8.224180681240
8.228424317163
8.232653147180
8.236658899907
8.240630133724
8.244577892178
8.248655385602
8.252957440414
8.318963038251
8.329974939671
8.408772401768
8.413089612106
8.417288946117
8.421587165630
8.425882272063
8.430223049277
8.434512533267
8.438849596045
8.443270641953
8.672117766198
8.681427336625
8.690771183431
8.695332357316
8.699924000103
8.704575771333
8.709289392623
8.713911327712
8.718466879649
8.723057462229
8.727818947590
8.732608945366
8.737433706045
8.742246592097
8.747114674053
8.752012880504
8.756939429447
8.761896617356
8.766849053024
8.771811294650
8.776804027625
8.781791002811
8.786793396482
8.791844584724
8.796918533729
8.802017783892
8.807135865348
8.812316324632
8.817439917755
8.822609053368
8.827770593503
8.832923555115
8.838071902193
8.843184850640
8.848332109740
8.853421756387
8.858501134110
8.863545425654
8.868621805872
8.873721465337
8.878754173163
8.883798124283
8.888817578034
8.893882320639
8.899029683185
8.904947762162
8.909630559875
8.915085294581
9.264751080081
9.275043985647
9.285124321376
9.295194537564
9.305261923600
9.315364443450
9.325372750291
9.335277052248
9.345214115104
9.355086799195
9.360267430143
9.365118347503
9.370015737926
9.374883251109
9.379753723942
9.384642480369
9.389458558856
9.394394728813
9.399305547552
9.404391356642
9.616094252553
9.621804712445
9.627544694403
9.633314230158
9.639093416097
9.644849232617
9.650735002328
9.656579878346
9.662416769726
9.668316181448
9.674150777254
9.690787130912
9.702497495325
9.714233141444
9.940517989582
9.945781188133
9.950703098719
9.956004023792
9.961312459174
9.971910975017
9.976406122060
9.981656096095
9.986880428195
9.992117896017
9.997334858996
10.002545324036
10.007895320674
10.013160447788
10.018390258249
10.023608407705
10.028796634943
10.033976335995
10.039194244981
10.044387031135
10.049596399435
10.054798601840
10.060038650901
10.065267486666
10.070483326706
10.075685354652
10.080860234886
10.085984282705
10.091165789320
10.151220950573
10.156128793659
10.161076461941
10.166007091542
10.171006345309
10.175969322581
10.180981959157
10.185969874736
10.190980831232
10.196032450434
10.201094685187
10.206185168945
10.211286786152
10.216392369796
10.221498464221
10.226610130923
10.231687408148
10.236756803335
10.241787373344
10.246822442191
10.251849464467
10.256887889271
10.262025938016
10.267270122082
10.272526879451
10.277706905570
10.481559265032
10.485901538469
10.490738965332
10.495590151111
10.500488055661
10.505559862537
10.510570401515
10.515631910631
10.520734097748
10.525914316294
10.531129749340
10.536380571332
10.541692816378
10.547082922407
10.552521491464
10.557964104999
10.563515670347
10.569148101276
10.574839555514
10.580692388470
10.586541527550
10.592581395478
10.598595387822
10.604670546836
10.610778563853
10.616946957079
10.623101704430
10.629318234464
10.635681515794
10.643103435822
10.655727900637
10.850561028175
10.856011825658
10.861629127497
10.867346151165
10.873125955878
10.879016885127
10.884935453225
10.892242859063
10.898182895781
10.904206552070
10.910205602232
10.916233872326
10.922176733660
10.928114869798
10.933945185275
10.939719260988
10.944265697602
10.955642506520
10.961384794872
10.967143121684
10.972884069195
10.978624842239
10.984336377690
10.989980462695
10.995647730391
11.001381384234
11.007150735507
11.013187700220
11.018941328222
11.025127811197
11.116213475538
11.122079309613
11.127963928171
11.133895616497
11.139812992486
11.145825738590
11.151820606444
11.157859333921
11.163970343459
11.170150131127
11.176285799349
11.182506622598
11.188748032320
11.195048741552
11.201297374309
11.207520843856
11.213846967008
11.239949209532
11.246251226475
11.252454995876
11.258615901631
11.264736515835
11.270906240137
11.277067812841
11.283265115493
11.289493813974
11.295684214698
11.301880276507
11.308060799318
11.314243604321
11.320441270018
11.326706864945
11.332989773921
11.339527042971
11.450519564287
11.462709052919
11.475050972219
11.487495390807
11.499996128323
11.512588012682
11.525202276521
11.537766847115
11.550329016740
11.562942974934
11.575577603694
11.588328323033
11.601161230989
11.614161548210
11.627212378690
11.640363053354
11.653486077609
11.666598035708
11.673185660260
11.679824846453
11.686448225056
11.693082237130
11.699839000487
11.706807548482
11.713833559674
11.720578098580
11.727232903015
12.188050244990
12.192806487372
12.197506500098
12.207043686603
12.211895472501
12.216842309872
12.221689064190
12.226569029702
12.231410362443
12.236283077600
12.241075606218
12.245942561152
12.250793259626
12.255637902752
12.260470794100
12.265327971882
12.270175944369
12.275050439070
12.279913169627
12.284810311164
12.289616908180
12.294515039701
12.299360199216
12.304201614630
12.309028697763
12.313839818087
12.318646352739
12.323432554131
12.328167370167
12.332914001376
12.337632172160
12.342304545419
12.346956703517
12.351518195065
12.356054832526
12.360568176753
12.365030948927
12.369471183775
12.373882430323
12.378260394054
12.382671811619
12.387087379022
12.391540501079
12.395949573398
12.400447761734
12.404703224101
12.517003312412
12.524573491277
12.532390657984
12.540321979874
12.548390243900
12.556561128475
12.564860503422
12.573245923952
12.581711339624
12.590268753566
12.598903024435
12.607536140237
12.616233095875
12.625034830992
12.633918938424
12.642871348123
12.651905333463
12.656442626725
12.661017142887
12.665644971223
12.670227465829
12.674861446775
12.679469925972
12.684112461323
12.688770821683
12.693415833503
12.698070043003
12.702727470168
12.707398516701
12.712071849252
12.716744490915
12.721449327530
12.726079309388
12.730751494817
12.735398244223
12.740052674442
12.744745113177
12.749439682350
12.754175468809
12.758993669535
12.763993377500
12.777698778828
12.782809385885
12.787860845257
12.792895507265
12.797927155401
12.802981657106
12.808081334740
12.813211894788
12.818366003354
12.823550816328
12.828795609445
12.834133645919
12.839669961182
13.004315085445
13.009020040408
13.013789061503
13.018603602775
13.023478490815
13.028382616372
13.033369448822
13.038401003459
13.043564390632
13.048525334777
13.053566272920
13.058624076171
13.063653783536
13.068728405484
13.073773566106
13.078853756749
13.083937942244
13.088979799818
13.094006095298
13.099042526008
13.104034163865
13.109032321082
13.113995628757
13.118980246857
13.123957660921
13.128964581310
13.133968890691
13.138958809925
13.143909193411
13.148825243450
13.153723020284
13.158580878114
13.163452361877
13.168299675643
13.173177304980
13.198309102679
13.209666425489
13.220481656869
13.301076131026
13.310135286679
13.313818457289
13.318236664063
13.322765736089
13.327259006461
13.331792265399
13.336366200742
13.340991821153
13.345746256751
13.350505004617
13.355324605183
13.360216071336
13.365181082786
13.370191997687
13.375234271121
13.380321549056
13.385380546392
13.390524650530
13.395584233084
13.400713803606
13.405809117494
13.410897544083
13.415992946079
13.421194430666
13.551283085309
13.555693329388
13.560610499607
13.565447166514
13.570394277080
13.575374745847
13.580424783594
13.585597121188
13.597797261042
13.609241975364
13.622686045663
13.773449940198
13.778412715495
13.783431806294
13.789028455132
13.799782431907
13.805489506298
13.811091430254
13.816760006398
13.822503260805
13.828209284678
13.833985398004
13.839699365783
13.845429753471
13.851169517784
13.856930782374
13.862661421976
13.868372291272
13.873931565989
13.879563250165
13.885137636545
13.890686131255
13.896287043683
13.901770750393
13.907281269489
13.912794864614
13.918317555823
13.923850203616
13.929326848955
13.934865054590
13.986950016928
13.999725181589
14.010331504986
14.184320254681
14.197924679745
14.425903160121
14.431192059790
14.436459569103
14.441670634089
14.446876568766
14.452127168780
14.457393584907
14.462650087926
14.467907130970
14.473204561963
14.478455569833
14.483787965369
14.488964901416
14.494094298384
14.504632141048
14.509945283909
14.515227915719
14.520753122542
14.526244568246
14.531712467227
14.537256814356
14.542746823848
14.548243935196
14.553798607921
14.559346678262
14.564890004826
14.570451858591
14.576314494068
14.582340111637
14.695060127458
14.699758017387
14.704755150237
14.709852532388
14.714948772600
14.720020754750
14.725120534015
14.730136000174
14.735144531683
14.740169161779
14.745164393923
14.750124542960
14.755084467796
14.760017647758
14.764976242705
14.769885737801
14.774829620314
14.944803226548
14.948931308738
14.953397678125
14.957976844460
14.962477557035
14.966973816198
14.971423070163
14.975931478033
14.980526988229
14.985244685886
14.989951179319
14.994670682417
14.999426100312
15.004258426400
15.009133505741
15.013893002133
15.018941499595
15.023770796560
15.028802402666
15.033661110587
15.038654270487
15.043586472383
15.048549902826
15.053491400824
15.058463745761
15.063467535996
15.068458019258
15.073433946998
15.078413235721
15.083430515799
15.088646110995
15.093987124923
15.099488070370
15.104941402837
15.227948791382
15.233027781452
15.238134093367
15.243394682653
15.248711389391
15.254172046289
15.259703912248
15.265320022563
15.270948339430
15.276614138991
15.282358482749
15.288043745626
15.293771488128
15.299510091392
15.305190671510
15.310970989895
15.316696148000
15.322475254949
15.328170541334
15.333864862234
15.339598439591
15.345301856882
15.351003885366
15.356740638996
15.362469079744
15.368177459165
15.373900891981
15.379663983187
15.385386493804
15.391101660069
15.396805773515
15.402422061256
15.408052461221
15.413843369707
15.551532727890
15.556642800336
15.561974843214
15.567407203207
15.572840344892
15.578345377491
15.636924588856
15.642544033900
15.648117020142
15.653691285361
15.659305758764
15.664970873673
15.824535668746
15.829640854591
15.835105684471
15.840695195324
15.846307826429
15.851883190319
15.857475497900
15.863075987064
15.868718614041
15.874436856734
15.880211026971
15.886152584382
15.892133971151
15.898163518897
15.904293439861
15.910411602143
15.916694955950
15.922916815883
15.929252377488
15.935595553312
15.942070443358
15.948540623990
15.955160312474
15.961624639188
15.968342886182
16.616936364969
16.621296796550
16.625753720842
16.630273905358
16.634790112148
16.639310545738
16.643892900819
16.648501186407
16.653188662501
16.657845951786
16.662734645622
16.667731315472
16.672850937079
16.798277170464
16.803009943352
16.807782174451
16.812573696145
16.817422677031
16.822841823439
16.828063192596
16.833567219392
16.838613094772
16.856535898724
16.861904360385
16.866944687484
16.872183846939
16.877429086308
16.882906619595
16.888543177316
17.056083273394
17.059981061017
17.063965703684
17.068438854468
17.072961660693
17.077373890888
17.081784572699
17.086181499829
17.090537627186
17.094890559353
17.099236390957
17.103607380027
17.107888854713
17.112236785711
17.116480847218
17.120766608279
17.125069416286
17.133708775675
17.138327469489
17.142804953037
17.289032364749
17.297635755109
17.306499537881
17.315651854972
17.324794014330
17.333904778777
17.342969666980
17.351893536402
17.514118833616
17.518901235504
17.523596234549
17.528199066501
17.532805096596
17.537403099083
17.541947773001
17.546544082163
17.551118043243
17.555715547429
17.560330228505
17.565002462124
17.569714814622
17.574444140331
17.579180626270
17.583958684706
17.588775908848
17.593646497503
17.598494084478
17.603380646226
17.608244461528
17.613126884476
17.618018831395
17.622902017493
17.627799726018
17.632757700262
17.637722231507
17.642706784666
17.652410204474
17.657246198144
17.662105881037
17.666937128668
17.671781999971
17.676608284471
17.681476514294
17.686318369995
17.695611712283
17.700477965531
17.705370375711
17.710202240092
17.715084270751
17.719927780840
17.724782038784
17.729762299254
17.734615795559
17.897975500217
17.908346179236
17.918893586604
17.929426948854
17.940137058236
17.951045960339
17.962545429646
17.974044772068
18.001813875708
18.007551792287
18.013433400940
18.019438430897
18.025545841824
18.031853874922
18.216504524133
18.221548851707
18.226567960294
18.231517243469
18.236439529597
18.241311621659
18.246181114158
18.251035905329
18.255861431787
18.260659129785
18.265431806297
18.270178828521
18.274934663749
18.279672310625
18.284407915058
18.289051171087
18.293723833346
18.298335109207
18.302948977863
18.307579971627
18.312218264552
18.316847735148
18.321483837859
18.326124261294
18.330789257025
18.335427038470
18.340081035738
18.344774593129
18.363736700357
18.368900911314
18.374060290701
18.378885640595
18.384005280211
18.389007882049
18.404677749301
18.409549147242
18.414285588732
18.418997579209
18.423636100731
18.428261543319
18.432785532500
18.437346497597
18.441904758515
18.446479964635
18.451041958985
18.455628204645
18.460211105851
18.464783377137
18.469363178848
18.473934328999
18.478528608259
18.483110887120
18.487708700893
18.492303052464
18.496957726984
18.502249817328
18.507159438646
18.512073843357
18.517351288707
18.630313933299
18.635951054310
18.641545292294
18.647200854581
18.652874010531
18.658578716061
18.664369098448
18.670093770442
18.675875006688
18.681710361817
18.687520597031
18.693384635395
18.699269193885
18.705109159991
18.710984733940
18.716882686163
18.722793756134
18.728690844233
18.734609393866
18.740529317837
18.746521126851
18.752518580118
18.758579784295
18.764628028799
18.770668773608
18.776724378629
18.782759938629
18.788796153769
18.794816886535
18.800845753038
18.806837498387
18.812814326874
18.818798609303
18.824787895682
18.830766967052
18.836697401542
18.842622688090
18.848499378564
18.854414118605
19.007604395505
19.009271518795
19.011203295078
19.013140646289
19.015095188832
19.017308018627
19.019166290420
19.020826531937
19.022571708410
19.024799284956
19.452943259614
19.458164345342
19.463428291917
19.468664489665
19.473951087086
19.479254388646
19.484543741239
19.489855327305
19.495122334122
19.500334844603
19.505450816051
19.510609026165
19.515707522491
19.520775259465
19.525904277296
19.530960961263
19.536024694104
19.541035018571
19.546083772221
19.551121170403
19.556123235829
19.571034571489
19.581132835781
19.591304467067
19.601499471103
19.611758232559
19.622107539746
19.632385019310
19.642842603233
19.652907711456
19.664754121532
19.669648354631
19.674502058344
19.679426692157
19.684194643024
19.689061050616
19.693891925453
19.698711924588
19.703534406387
19.708378480040
19.713235775295
19.718099210005
19.722924418741
19.727769890717
19.732648774764
19.737513859237
19.742381890050
19.747242256386
19.752076691591
19.756907735940
19.761703614272
19.766520905763
19.771248995115
19.776060617051
19.780753026052
19.785511766413
19.790206283532
19.794851525612
19.799512082344
19.804178020902
19.808768774838
19.813396189754
19.817995219638
19.822597963699
19.827180745200
19.831739484381
19.836337151903
19.840908697113
19.845586759812
19.849903847466
19.854563728442
19.859132753771
19.863888835120
19.868620162089
19.873301666470
19.878257531541
19.883091842437
19.888073492851
19.907223680677
19.917529288550
19.927617037049
19.937428035687
19.947123484020
19.956854074703
19.966650216554
19.976543163072
19.986554300016
19.996684891952

