Time_s
0.696297133498
0.699895599460
0.703352227458
0.707066965814
0.710920741289
0.714726081735
0.718486157053
0.722315371323
0.726159281169
0.730036750684
0.733901649197
0.737793439764
0.741708521989
0.745628776296
0.749556743536
0.753484779051
0.757418918840
0.761364613071
0.765313625279
0.769274350718
0.773247523500
0.777238419328
0.781231242505
0.785234688541
0.789247675689
0.793283651908
0.797308742374
0.801347881578
0.805377635213
0.809394104989
0.813389289550
0.817364416697
0.821318201202
0.825256479765
0.829180094292
0.833043360996
0.836934136797
0.840774320350
0.844557963841
0.848349573444
0.852035791744
0.855796049607
0.859398585698
0.862763171010
0.869986072305
0.873654745807
0.877295903178
0.880973750818
0.884671320435
0.888371930318
0.892127258976
0.896053983942
0.900295370858
0.904753462883
0.908656841601
0.912552499219
0.916418345414
0.920112184526
0.923885874285
0.927894526537
0.931926356402
0.972914327031
0.976771476902
0.980644701223
0.984497305334
0.988528281794
0.992263731655
0.996155052118
1.000027714992
1.003891741149
1.007747550615
1.012123249564
1.015995473932
1.019880930076
1.023574174837
1.027239752155
1.057614805664
1.061220463680
1.064903231376
1.068623055085
1.072598273446
1.076652683067
1.080610121795
1.084613480811
1.088669437342
1.092799868927
1.096918367523
1.101068240946
1.105265186024
1.109486751060
1.113715867486
1.117985611138
1.122300166467
1.126632875699
1.131014165033
1.135421158931
1.139917918328
1.144441375297
1.148939228995
1.153514085913
1.158066179990
1.162742329817
1.167451587208
1.172122241841
1.176899292016
1.181530106726
1.186310089681
1.190962007696
1.195709427462
1.200332903069
1.205103988680
1.209676843474
1.214432641144
1.218928379162
1.223605630386
1.228036986176
1.232556137099
1.236957825949
1.241429244913
1.245800355393
1.250239089404
1.254529534251
1.258906084913
1.263261286405
1.267592559918
1.271949633096
1.276393600896
1.281058255590
1.285708895921
1.290364314337
1.294828127249
1.299250316677
1.303630538874
1.526308369941
1.530869801337
1.534541390714
1.538259638560
1.542527788459
1.546767798746
1.550980529073
1.555428855263
1.559827015214
1.564411402705
1.568864827486
1.577886306014
1.587230928184
1.596715127811
1.606312195733
1.616025584731
1.625983489016
1.636069912472
1.646500169488
1.657090692476
1.667803336230
1.678958558554
1.690536899646
1.702379029902
1.714529288664
1.726343912468
1.738162878997
1.751189438218
1.798541992362
1.804879336571
1.811178960366
1.817291786509
1.822709750567
1.828108843367
1.834053770991
1.839303687837
2.126903618099
2.132064073428
2.137119213931
2.142147874240
2.147237335059
2.152136693697
2.157064416447
2.161981840085
2.166849237145
2.171716268407
2.176494887326
2.181220947025
2.185877771084
2.190399715286
2.195095183174
2.199271889729
2.203793054947
2.207904665075
2.212202066616
2.216446096849
2.220691295592
2.224749218361
2.228822073077
2.232731831993
2.236737933395
2.240706094979
2.244561349385
2.248328752282
2.252070255683
2.255850210111
2.259415060992
2.263004706071
2.266387061069
2.269825961085
2.273348753463
2.276937261137
2.280456643503
2.283661423936
2.287201197525
2.290619114433
2.294274282630
2.475111928216
2.483399265735
2.487287157523
2.491401688913
2.495526387177
2.499753950914
2.504003825876
2.508319187204
2.512758230045
2.517286747271
2.521915061551
2.526577290839
2.531308624848
2.536122045241
2.541084969364
2.546083858972
2.551083992293
2.556117065435
2.561211146834
2.566288374991
2.571371994484
2.576406964800
2.581396155448
2.586399391948
2.591402533443
2.596519591658
2.601595856257
2.606606074886
2.611490357057
2.616328914128
2.621235100309
2.626212875088
2.630997412641
2.636040503184
2.640586660297
2.645200756380
2.649783896628
2.654905418046
2.659810191665
2.664607690060
2.669450945565
2.674112968729
2.695818035854
2.703744847531
2.708041899944
2.712391922715
2.716876015080
2.721506133836
2.726439310977
2.731762382851
2.736502425151
2.740334805983
2.750369572322
2.755028998837
2.759944888154
2.765426274933
2.774283605336
2.778118475840
2.783675010202
2.788722576000
2.800085248713
2.804646195232
2.810129596851
2.814537693713
2.819918801295
2.824689951560
2.829321917730
2.834376635758
2.839457153246
2.844453321398
2.849464658096
2.854507103677
2.859577359438
2.864629991013
2.869726016007
2.874816242787
2.879976392077
2.885139705542
2.890441572135
2.895416357444
2.900936013184
2.905938251366
2.911563554601
2.916702634988
2.922381913638
2.927707326492
2.933197096576
2.938716224027
2.944217443666
2.949704648273
2.955180740331
2.960729707812
2.966242472801
2.971878180972
2.977505651693
2.983138390330
2.988751658377
2.994390761572
3.000069886428
3.005614325232
3.011092030369
3.016671407892
3.022333697334
3.027938354530
3.033554984434
3.039172133820
3.044835737240
3.050473595001
3.056063341893
3.061646577163
3.067203584035
3.072536013415
3.077941135025
3.083391928204
3.088801951605
3.094190338455
3.099554707291
3.104897723358
3.110132153540
3.115468803091
3.120773258262
3.126042004470
3.131385787495
3.136747187455
3.141958333745
3.147144197480
3.152260114642
3.157304729069
3.162256784510
3.167057451896
3.171786314109
3.176322174199
3.180807253030
3.185290370723
3.189473816181
3.193904253021
3.197746883003
3.201991629539
3.205601968734
3.209924731615
3.213690029813
3.217781965144
3.221709580746
3.225896632695
3.229758225497
3.233661001394
3.237495487362
3.241600855645
3.245558775111
3.249639089436
3.253322648906
3.257263490495
3.261214086943
3.264954421521
3.269222065674
3.273445050041
3.355520662561
3.359190315962
3.363110198239
3.367118730339
3.370518644690
3.374225887775
3.378940781924
3.382654572478
3.386476516626
3.390217845983
3.394281699470
3.412560573018
3.417057261915
3.421800540926
3.426808100991
3.431849003369
3.436959483188
3.442135952892
3.447384783863
3.452657597626
3.457989077760
3.463373507776
3.468817226891
3.474303743247
3.479859836794
3.485392908443
3.490942006707
3.496564383816
3.502124636978
3.507608774701
3.513123066725
3.518578641304
3.523993842012
3.529407409557
3.534782878899
3.540182103756
3.545547753401
3.550877858205
3.556201237760
3.561510607936
3.566781178715
3.571993936501
3.577247079229
3.582489532086
3.587736289170
3.593057734450
3.598392040163
3.603754463339
3.608763057129
3.614977475029
3.685170533435
3.689578865322
3.694493027621
3.699237304173
3.704109038602
3.709393500815
3.714611574640
3.719846274603
3.725197768543
3.730485471509
3.735763751142
3.740964990484
3.746033500932
3.751223978510
3.756216575960
3.761136735689
3.765970092420
3.770778565895
3.775539502203
3.780307842937
3.784973970628
3.789729478205
3.794398128291
3.799133394631
3.803720103562
3.808308529044
3.812687797633
3.817238024552
3.821931385960
3.826543033498
3.831117737727
3.835640780068
3.840294662419
3.844801749508
3.849325657230
3.854142708161
3.858922142412
3.863656055035
3.868307743139
3.873017285270
3.877775224607
3.882603086665
3.905981078392
3.911303735998
3.915799266811
3.920785717621
3.926133907055
3.931690308810
3.937147505283
3.942462477182
3.947641547536
3.952601605573
3.958098511521
3.963732055534
3.969420066083
3.975207484030
3.981072719460
3.992704683198
4.004209063679
4.015799694302
4.027333753588
4.038726459030
4.050002218020
4.061204204274
4.074412546752
4.085923880442
4.097335902495
4.108843689956
4.120287471419
4.175366507672
4.185856452750
4.196677229241
4.207667041751
4.218806626604
4.230286348395
4.242245932027
4.248197369734
4.253947126833
4.259551826755
4.265445570640
4.271292140363
4.277039911449
4.282768364467
4.288507473061
4.294251134208
4.299967521916
4.305674994005
4.311380898779
4.317023030972
4.322645276723
4.328240159608
4.333787483332
4.339348305303
4.344801194602
4.349995940984
4.355296144381
4.360608583844
4.365946123550
4.371208379443
4.376541727887
4.381875849432
4.387264047006
4.392711983990
4.398036721669
4.403285301414
4.618107074326
4.622473987312
4.626697904271
4.631079791572
4.635719554167
4.640398506247
4.645134283981
4.649906981597
4.654737362733
4.659657538299
4.664612174434
4.669588953788
4.674582484871
4.679738137672
4.684942762466
4.690183515128
4.695495982175
4.700843962733
4.706462256934
4.715720519167
4.727422157290
4.739570810729
4.752128724270
4.764958156871
4.777876411232
4.812616734746
4.824854267385
5.399113836376
5.402418773179
5.405734229717
5.409028871921
5.412418493197
5.415858202330
5.419348252830
5.422817190052
5.426226799901
5.429549583075
5.432852410900
5.436105794503
5.439372085122
5.442546930115
5.445750836370
5.448904633508
5.452137007905
5.455475998951
5.458903312594
5.462672358187
5.466280259759
5.469446377411
5.472680965762
5.475962249709
5.479235521092
5.482408553512
5.485619187790
5.488872839540
5.492083573397
5.495425830601
5.499045400430
5.502270879466
5.505745072397
5.508707589726
5.511882779595
5.515224719854
5.518446022699
5.521630093319
5.524786264027
5.527909309322
5.752536268402
5.757092313334
5.761097002111
5.764798539650
5.768653374725
5.773038665399
5.777443555577
5.781873059542
5.786381538186
5.790951359169
5.795578690553
5.800207519238
5.804876359888
5.809564061014
5.814396462244
5.819150486337
5.823923652038
5.828702570667
5.833548116663
5.838396842173
5.843252279718
5.848131408295
5.853027883898
5.857962118459
5.863009692859
5.867923521966
5.872890180393
5.877919496372
5.882952511425
5.887944820553
5.893011466337
5.898075116563
5.903112606985
5.908181808332
5.913271488894
5.918349794030
5.923392542100
5.928452227172
5.933515940877
5.938501011329
5.943548393898
5.948680084918
5.953743040232
5.958780422512
5.963863952861
5.968899287175
5.973906139207
5.978895905912
5.983850708162
5.988781098704
5.993673445894
5.998595467224
6.003570314897
6.008539782007
6.013530514037
6.018557123664
6.023570870526
6.028568718593
6.033398436414
6.038497999277
6.043608464886
6.048530083335
6.053457350714
6.058549107941
6.063330147871
6.068335149013
6.073010192805
6.168084740154
6.174263914557
6.180301020828
6.186442785571
6.193679704540
6.200268689417
6.213340254028
6.220063892693
6.365968063457
6.376238034745
6.386532268856
6.396918024095
6.407364594477
6.417714429333
6.427859706104
6.437774474610
6.447457296144
6.452415700716
6.457388992862
6.462239782124
6.466907426678
6.471691664816
6.476688867402
6.481536175862
6.664223299319
6.668826428935
6.672438228988
6.676741193680
6.680764963222
6.684996959583
6.689187186335
6.693661460161
6.698315172523
6.703083655164
6.707895796656
6.712688433494
6.717517006803
6.722476243578
6.727523530934
6.732595641069
6.737792158048
6.742869131252
6.748150296170
6.753471469755
6.758840375291
6.764430218432
6.769836882537
6.775678634535
6.791309850712
6.803209177035
6.814958067621
6.834932272134
6.841021567616
6.847158278245
6.853307612926
6.859286584787
6.865283043523
6.871541450349
6.877780699433
6.883597915032
6.889723800720
6.896245747884
6.902312816531
6.907945946597
6.913789562718
6.919934515088
6.926094976532
6.988684199923
6.993839448337
6.999041607556
7.004174599761
7.009534588775
7.015104979684
7.020791988199
7.026440292715
7.032546266532
7.038613414113
7.044536991888
7.050744422419
7.056730536241
7.062967641883
7.069145046007
7.075440752141
7.081754830497
7.087949802042
7.094501765918
7.101487645870
7.108153042733
7.114821511414
7.121291910307
7.127861593560
7.140228712417
7.152802368047
7.164745271734
7.176985523579
7.189014791254
7.200357169742
7.211917242095
7.223023755454
7.723734086538
7.728282162325
7.733600473859
7.737330560679
7.741300046451
7.745556616531
7.750102137147
7.754693856010
7.759279063800
7.763904040565
7.768668416124
7.773411382477
7.778223455763
7.783062059373
7.787952797667
7.792907161845
7.797872837060
7.802872132146
7.807905548229
7.812918152201
7.817914024546
7.822869623590
7.827842199520
7.832792937329
7.837610544820
7.842608548961
7.847419878699
7.852285121973
7.857187170155
7.862001142445
7.866678686284
7.871528713876
7.876243740239
7.880991096837
7.885666183663
7.890488036660
7.894975735667
7.899717974207
7.904223508041
7.908934826973
7.913509433552
7.917962142909
7.922474210107
7.926833073770
7.931276303449
7.935630838758
7.939885805210
7.943975697950
7.948100249169
7.952253150486
7.956071684297
7.960057505993
7.964071627190
7.967703605834
7.971552107228
7.975322585024
7.978949559113
7.982632589064
7.986210031852
7.989807655428
7.993342229637
7.996934908535
8.000561638934
8.004183213446
8.007714432052
8.011412321845
8.015076639082
8.018795656917
8.022635276036
8.026531794148
8.029797617133
8.033506402747
8.037376047278
8.041160415832
8.045125315803
8.048638912245
8.052034786802
8.149170539598
8.152854746990
8.156351211778
8.159994804132
8.163437541473
8.167293794913
8.171460172859
8.175779511838
8.180142083717
8.184568817807
8.189031399410
8.193522681034
8.198007507111
8.202422111951
8.206915063266
8.211398464074
8.216003343361
8.220485340400
8.225024329877
8.229549956734
8.234086571607
8.238448229141
8.242847854829
8.247462487580
8.251787216875
8.256136904032
8.260548610254
8.265038721174
8.269360884015
8.273745443483
8.278126661514
8.282605121878
8.287108930537
8.291309624245
8.406079187927
8.408566104946
8.411059386095
8.413315195508
8.415551262003
8.418187572456
8.420683014130
8.422818800050
8.424979008784
8.427706748752
8.430281925136
8.434840489377
8.437689580424
8.440842697946
8.444730601092
8.449004365726
8.452715670575
8.457092400902
8.461697481277
8.466524974574
8.471278836106
8.476439339528
8.481285809181
8.486564856492
8.491614877027
8.496594798861
8.501954001182
8.507475101562
8.512595273809
8.517956853539
8.527108757052
8.538271664689
8.549468983036
8.560655887141
8.571847622750
8.583244836090
8.594577101202
8.605823494845
8.616890234003
8.627719710950
8.638369257518
8.649263491842
8.660144225010
8.670958478061
8.676245999200
8.681780429453
8.687285357747
8.692247226732
8.698207515967
8.704096670315
8.708859895189
8.713983229856
8.718895431628
8.723868815045
8.728976907451
8.734485762271
8.808683126848
8.813215328262
8.818050204598
8.822725639092
8.827937917480
8.832804326606
8.837814546284
8.843035133456
8.848263500282
8.853327964442
8.858649982617
8.863965233274
8.869288612245
8.874628136088
8.959297526457
8.963466941826
8.967946576842
8.972833367328
8.978119448916
8.983432666075
8.988714208496
8.994214817876
8.999601643372
9.005062327581
9.010554029905
9.016002142214
9.021440768175
9.026866331963
9.032288830758
9.037771111217
9.043251332166
9.048748774512
9.054275590362
9.059840320853
9.065448486528
9.071054590498
9.076730154857
9.082342237060
9.088080233673
9.093730717622
9.099409183242
9.105326667428
9.111475269845
9.117418683125
9.123575289765
9.129592310846
9.135385813465
9.141104440259
9.146590487447
9.152270084213
9.158403677530
9.164044470467
9.169996767281
9.175534076970
9.277029139734
9.281789974523
9.287073123037
9.292947679271
9.298661496048
9.304823536593
9.311015554478
9.316992202301
9.323369788793
9.329637162897
9.335950775731
9.342662647579
9.349955901427
9.356325739818
9.363331891044
9.370039356602
9.377277156001
9.383915635986
9.391302512182
9.397634839468
9.404707513279
9.411517079098
9.418870394953
9.425136022644
9.431646853798
9.438493942658
9.445117292636
9.451595521387
9.458059788820
9.464377190076
9.470674771471
9.476765802151
9.482869260255
9.488998800198
9.495149732645
9.501312226911
9.838152014802
9.843743009527
9.848959265873
9.854113386103
9.859333248263
9.864409681016
9.869515958348
9.874602482340
9.879714714942
9.884943370157
9.889876789843
9.894952979445
9.899927858130
9.904912207072
9.909893358930
9.914819445994
9.919856320810
9.924834476346
9.929811750184
9.934790565871
9.939768352918
9.944834153268
9.949861716853
9.954910660680
9.959962851103
9.965015692599
9.970095469454
9.975154490964
9.980201001590
9.985239853949
9.990293545233
9.995306329733
10.000336375351
10.005385675342
10.010069952057
10.015169084827
10.020182091734
10.025188434143
10.030184429873
10.035172080307
10.040127814356
10.045054167235
10.049941475586
10.054856546636
10.059731218443
10.064607656802
10.069470399041
10.074326453524
10.079156497219
10.083989156831
10.088788730212
10.093585563495
10.098324651538
10.103036504715
10.107679150774
10.112335719911
10.116932775995
10.121499852346
10.125933361177
10.130380657410
10.134805071330
10.139260445796
10.143665208518
10.148039773427
10.152419464510
10.157288164275
10.161856435695
10.166499171708
10.170995087342
10.175524713773
10.180076233967
10.184653048797
10.189241445559
10.193802901423
10.198209222050
10.202746895818
10.207421760266
10.212041212510
10.218444861211
10.221872405968
10.225522522121
10.229299452046
10.233045281463
10.236807049498
10.240523573723
10.244229605003
10.247942803329
10.251658925049
10.255342217804
10.259020105099
10.262671200584
10.266317920454
10.269962595227
10.273601312871
10.277219401767
10.280820662366
10.284410888733
10.287983984227
10.291597052231
10.295134349087
10.298716907312
10.302358730505
10.305931010609
10.324553406551
10.328432431158
10.332465015763
10.336102556687
10.339758561499
10.343248248946
10.346695651395
10.350208661307
10.354197600101
10.357600082724
10.361354427445
10.364557026398
10.368425075470
10.395718346370
10.400225163055
10.404261135599
10.408416311120
10.412704522371
10.416884948698
10.421206908316
10.425556954689
10.430116601350
10.434696963072
10.439185986212
10.443790904153
10.448310531321
10.452888335210
10.457265815722
10.461531471095
10.629616485022
10.633315502602
10.637386925453
10.641458619750
10.645693548755
10.650165369039
10.654695867541
10.659303565086
10.663946214195
10.668550054425
10.673127392590
10.677762850265
10.682434477440
10.687158937666
10.691846734744
10.696751841824
10.701559381840
10.706471197182
10.711573431123
10.716730877072
10.721918154635
10.727271059485
10.732394087622
10.737726334952
10.743259288877
10.748526198970
10.754134859793
10.759999857133
10.765702547307
10.771648561854
10.801892785648
10.808291746235
10.814664152400
10.820193897918
10.826546258022
10.832537705988
10.837999658451
10.843759345875
10.849394359764
10.861134434673
10.867360138087
10.873012925658
10.878301882677
10.884178423782
10.890202014144
10.895998534090
10.902486074341
10.908267929476
10.914112176599
10.919907064332
10.926446048408
11.023820848290
11.028336038937
11.033866930712
11.039478892581
11.044764108255
11.050534182085
11.056354483307
11.062003849635
11.067879554489
11.073823829154
11.079789578585
11.085549252334
11.091433885092
11.097289466474
11.103073271019
11.108839644484
11.114569305875
11.120074844553
11.125530003121
11.130776087304
11.135963533400
11.141051669620
11.146470447128
11.151898760098
11.157347293703
11.162761431085
11.168191658318
11.173588146662
11.179187584971
11.184773536772
11.190410702282
11.196621135261
11.202978882940
11.208743219894
11.214995864065
11.221199534644
11.226678114352
11.232216079238
11.237830184231
11.243471252764
11.249235475845
11.254992710400
11.261082260694
11.267246608046
11.272947191100
11.278733486713
11.308884992347
11.320069666770
11.331098144681
11.342324166033
11.353938516228
11.365739921638
11.377794149569
11.390040213467
11.402529260674
11.414356568934
11.472749333402
11.477402930742
11.482885548407
11.488120844615
11.493422522781
11.498760887028
11.504097280162
11.509432748840
11.514797240280
11.520191613568
11.525614495079
11.531026403309
11.536578298940
11.543438185720
11.548923823201
11.554447869010
11.559877931248
11.565386116701
11.571022361526
11.576778365265
11.582691360787
11.588425377394
11.594147023175
11.600206883022
11.606160035725
11.611846280914
11.617533851889
11.623310698654
11.628963515779
11.634622490874
11.640526512312
11.646919502286
11.651773416545
11.656878593706
11.662172605973
11.667534708543
11.676682155161
11.687832981271
11.699184072116
11.710837969080
11.722679025931
11.734782031458
11.747071504267
11.759613350206
11.772422698141
11.785462177986
11.971265224559
11.985102926168
11.998055158476
12.010521315102
12.023456146450
12.387802133903
12.392029428924
12.396519183907
12.401133685151
12.405909639887
12.410995023531
12.416153230709
12.421224054949
12.426372987957
12.431508093695
12.436543284523
12.441464617683
12.446391181861
12.451203985376
12.455999338685
12.460771744662
12.465553172716
12.470168790773
12.550778478184
12.556257384835
12.561087647340
12.565979069021
12.570998691896
12.575990712829
12.581025490878
12.586013730494
12.590763983820
12.595761975268
12.600613309262
12.605596560760
12.610422035986
12.615343743795
12.620025999779
12.624861125953
12.629459294490
12.634164028245
12.638625561133
12.643162853071
12.647510705324
12.651914425095
12.656234619623
12.660504066424
12.664759565600
12.668851054415
12.673008907536
12.676996609888
12.681062092351
12.684978892340
12.688922395831
12.692740407477
12.696608134878
12.700490700066
12.704291003320
12.708155160010
12.712034847215
12.716013797135
12.720028459555
12.723975463058
12.727931123906
12.731655454425
12.735359997065
12.739206163347
12.743075571869
12.746796265766
12.750972953349
12.755063807215
12.759213720207
12.763470062270
12.849820217323
12.852928391981
12.856056529901
12.859239077098
12.862467495500
12.865747573904
12.869101618043
12.872534199756
12.876081011987
12.879606183224
12.883140564742
12.886670319868
12.890202178674
12.893763886914
12.897394405967
12.901061850032
12.904736542534
12.908427913296
12.912127234927
12.915834939690
12.919552630223
12.923329621729
12.927183817922
12.931067170187
12.934924499818
12.938785705467
12.942652524820
12.946533165792
12.950446204347
12.954425662113
12.958359744983
12.962315255396
12.966344226271
12.970420696288
12.974475357764
12.978572219953
12.982787150695
12.987102171596
12.991418600032
12.995783910525
13.000224562773
13.004595927346
13.008992758686
13.013534317334
13.018071901189
13.022655240487
13.027299227374
13.031946761583
13.036659669992
13.041396006043
13.046407251084
13.051478893338
13.056557078093
13.061823909979
13.067395730377
13.072579012158
13.077965926886
13.083789860256
13.089153261485
13.094950619921
13.100389078553
13.106267374668
13.111765682041
13.117516799923
13.123292610532
13.128987821756
13.134826172260
13.140764289143
13.146613944842
13.152502134023
13.158384393460
13.164275078925
13.170028493125
13.175638761080
13.181400199959
13.186995301447
13.192626128728
13.198158334299
13.203695520669
13.209253578254
13.215033250421
13.221150100551
13.226517046695
13.232006113487
13.237847861882
13.243722016833
13.250775452786
13.362884922610
13.368990780125
13.375073321308
13.381099687562
13.387553199219
13.393646477625
13.541366799468
13.546647699630
13.552101237708
13.556257265443
13.560607091515
13.565113820147
13.569939283583
13.574862670921
13.579687251350
13.584596377521
13.589567659122
13.594707746419
13.599841672085
13.604976789937
13.610189973845
13.615395530116
13.620598432942
13.625850469628
13.631036202189
13.636478597523
13.641890061835
13.647214786548
13.652590077021
13.657927591904
13.663270948241
13.668608607297
13.673941480227
13.679274372086
13.689848565795
13.700444309638
13.710991771845
13.721459740746
13.731817511243
13.742080314259
13.752221429901
13.762107294223
13.771727447470
13.781091706816
13.785727360395
13.790095501676
13.794564619253
13.798743432671
13.803117716656
13.807422478216
13.811630099172
13.815742957398
13.820119590884
13.824415078777
13.828489747597
13.832570092313
13.836955193028
13.841262306110
13.845753792918
13.850272322710
13.854675582524
13.858961790066
13.862510468133
13.935384509563
13.939395623738
13.943325468275
13.947831063412
13.951919271137
13.956129317279
13.960368056948
13.964483396126
13.968721846093
13.973111516414
13.977545359224
13.982336104811
13.987126984945
13.991984803332
13.997308213262
14.002750125125
14.008053450525
14.013745704254
14.019321867333
14.025070792848
14.030806553435
14.036627729334
14.042444725149
14.048315416669
14.054205364493
14.060098961041
14.065982773260
14.071714208240
14.077639611789
14.083178271166
14.089236856352
14.093955060030
14.099704065747
14.105358244809
14.110511702373
14.115501300495
14.120731055828
14.125966538594
14.130996869512
14.135746249241
14.302576856290
14.306138027204
14.310056432039
14.314186597196
14.318540371881
14.323244736556
14.327891136382
14.332543452051
14.337157422800
14.341921681396
14.346705013214
14.351328008204
14.355903433069
14.360417751534
14.364954439175
14.369873082242
14.374446921931
14.378218810510
14.383547870575
14.388333703438
14.392879449252
14.397426964291
14.589079374044
14.593809448620
14.598558482047
14.603296760947
14.608028107338
14.612822324017
14.617694074443
14.622612849758
14.627563739974
14.632518678875
14.637546208462
14.642545988257
14.647551261310
14.652444423913
14.657512332254
14.662627194933
14.667870700985
14.672987813909
14.678437394755
14.683899246439
14.689262170100
14.700502759557
14.712033351652
14.723806372290
14.736032124906
14.748405469246
14.761049920077
14.773859879111
14.784068175075
14.790143956214
14.796255315156
14.802184229184
14.807993234231
14.813586091980
14.818970591832
14.824377979459
14.829736846023
14.835653977923
14.846470345688
14.852268732570
14.858074213773
14.864385876871
14.870332291126
14.876989311089
14.883212964497
15.228964822909
15.234633809216
15.240238087115
15.245797199675
15.251356918726
15.256914031466
15.262433066324
15.267973449550
15.273727893066
15.279130617198
15.284625052130
15.290099576218
15.295708662752
15.301349696458
15.307052187104
15.312951481001
15.318943782453
15.325164704358
15.331522133486
15.337646131087
15.343921056551
15.349694362443
15.355578346390
15.361231817666
15.366766024227
15.372169194932
15.377632686192
15.383170484144
15.393022539446
15.398685878820
15.404754516956
15.410990793492
15.416903013877
15.423063404216
15.429029546517
15.434905026422
15.440779128531
15.446714492275
15.452674256126
15.458554908374
15.464446640508
15.470379129147
15.476032514887
15.481566794774
15.486983759572
15.492682221568
15.498238150709
15.548138376254
15.553204991108
15.558036036028
15.562651490684
15.567472014824
15.572254195545
15.577001289444
15.581658324795
15.586293450799
15.590926909633
15.595518784118
15.600108415200
15.604550135398
15.609096952079
15.613454581832
15.617978755872
15.622320749688
15.626805673069
15.631115530635
15.635530081078
15.639699917626
15.643838258362
15.647848384901
15.652097152009
15.656300181817
15.660248670271
15.664520567024
15.668460354931
15.672677864248
15.676208668569
15.680389392874
15.684245351144
15.688406889527
15.692248854109
15.696386064056
15.700345539640
15.704500411884
15.708513592726
15.712777905051
15.716957342994
15.721299200667
15.725682770188
15.729942306460
15.734313178941
15.738608056146
15.742933105495
15.747426925740
15.751884367114
15.756384478648
15.760878421261
15.765385956955
15.769795995255
15.774051720150
15.778481288200
15.782953407350
15.787429131966
15.792066839518
15.797081352321
15.801684703437
15.806087390130
15.810467377733
15.814760608511
15.818802366264
15.823387924586
15.826947981823
15.831328034034
15.835679039769
15.839624485727
15.843951075640
15.848300271495
15.852461277518
15.856535344028
15.950147661219
15.955194015767
15.959632237279
15.964587323783
15.969177021781
15.973819320900
15.978214366194
15.982540633667
15.986742914828
15.990950488706
15.995287692822
15.999679660111
16.004191048583
16.008825729569
16.013424763765
16.018139508643
16.022889413875
16.027720446056
16.032767376883
16.037728397890
16.042945588843
16.053512593474
16.064186922679
16.074998654319
16.085899327501
16.096825031546
16.107722800056
16.118583035245
16.129571152449
16.140504090584
16.151417463303
16.162190691437
16.172821471673
16.186486607622
16.191663081957
16.196718334340
16.201767837966
16.206728504051
16.211663964860
16.216514883898
16.221333864389
16.226122467727
16.230874232682
16.235620735245
16.240501267798
16.245268872082
16.250154611674
16.255097199542
16.259898215349
16.269414623090
16.273997987251
16.278561352744
16.283325736000
16.287813164143
16.292523512253
16.297368411501
16.302328972330
16.401766572526
16.405879187751
16.409815524242
16.414479154000
16.419292659730
16.424161502492
16.429023583660
16.433983597716
16.438957730147
16.443865213855
16.448903141961
16.453973174611
16.459043590880
16.465704244513
16.476009987671
16.486481250743
16.497161345029
16.508104740375
16.519254636169
16.530677130481
16.542276773112
16.554054640009
16.566159164732
16.578525519494
16.591009647803
16.603532371458
16.616177106102
16.628939281454
16.641836148676
16.654778693907
16.667460841686
16.687287998341
16.693007812161
16.699462175078
16.705235432808
16.710936203483
16.716688195119
16.722950356818
16.729064608146
16.734981313658
16.741064455500
16.746689425994
16.752838328170
16.758666671104
16.764930339350
16.770621462174
16.776376885947
16.782330465891
16.788199135686
16.859578714954
16.864745573083
16.870399192842
16.875728665481
16.881482592226
16.887137835677
16.892535362045
16.898304356130
16.903773270190
16.909637781210
16.915513620499
16.921981650995
16.928032795081
16.934325584507
16.940130196039
16.945932711981
16.951639968604
16.957521669845
16.963545800766
16.969103396854
16.974869519388
16.980691700399
16.986078666345
16.991643524055
16.996893889524
17.002365920124
17.008195462849
17.014910580684
17.020700922555
17.026486796661
17.031537723718
17.037808711692
17.044409409939
17.049867291307
17.055262749510
17.060976337613
17.066528341371
17.072994077844
17.078709303226
17.163909596086
17.168377629888
17.172756027803
17.177069415038
17.181427493375
17.185648866816
17.189734275943
17.193695665244
17.197678014008
17.201670727324
17.205764874821
17.209918937804
17.214199451558
17.218614285691
17.223163290410
17.227817965495
17.232561995801
17.237408624240
17.242531517956
17.247750498633
17.253138059867
17.258605918765
17.264281574526
17.270017801866
17.276021100108
17.282276108999
17.288724147904
17.295772537765
17.303329258492
17.311086232129
17.318993380623
17.326465596048
17.334545316548
17.342300978652
17.350424289497
17.358140255284
17.365639868831
17.373789420002
17.381821696936
17.389725873430
18.017580862201
18.021350782801
18.025364686251
18.029425956365
18.033878915232
18.038357005138
18.042924678983
18.047548238629
18.052173186233
18.056865836299
18.061569164336
18.066343666034
18.071190801512
18.076136443909
18.080661556646
18.091438242379
18.096083211737
18.100900763171
18.105981132842
18.110645681292
18.114891005151
18.119916776552
18.124290058040
18.129882216413
18.134483726534
18.143831060030
18.147969577934
18.152421887204
18.156818094977
18.161229539871
18.165847250285
18.170563812386
18.175312050808
18.179958381789
18.184648409155
18.189368895023
18.194115426031
18.198831874874
18.203567572782
18.208285956595
18.213061983193
18.217900883173
18.222693432399
18.227473516147
18.232349921146
18.237324879134
18.242286348696
18.247275468104
18.252325251666
18.257505209175
18.262662532077
18.267496748378
18.272308144419
18.277251674807
18.282180110062
18.287002326338
18.291743144636
18.296618311218
18.301548650359
18.306518195239
18.311196373225
18.448714836789
18.452216092044
18.455511874933
18.459106187805
18.463077181136
18.467018547711
18.470883880868
18.474644672169
18.478416226972
18.482144216021
18.485856360664
18.489481429002
18.493072849365
18.496613049337
18.500135770383
18.503594006935
18.507037668348
18.510449898928
18.513881724367
18.517278616602
18.520603985640
18.523808116930
18.527000752799
18.530084820237
18.533189318199
18.536350739475
18.539434889969
18.542506221706
18.545324829301
18.548287236005
18.551134618955
18.554097978514
18.557301019743
18.560430093399
18.563655711464
18.566856463934
18.570120857115
18.573389020710
18.576598944451
18.579263126586
18.582561240920
18.586102353224
18.589687936719
18.593252822147
18.596937592849
18.603223221871
18.606624462910
18.610018470861
18.613427516787
18.616137197767
18.710106182321
18.718965985169
18.727991581834
18.737279744384
18.746645160404
18.756303317835
18.765850656872
18.775462502160
18.785182585899
18.795003993677
18.804898407189
18.814765085200
18.824920830186
18.835296626774
18.845307711695
19.022621197867
19.026411538541
19.030635748783
19.034980080539
19.039634257600
19.044623359171
19.049681808088
19.054640774176
19.059959300448
19.065158398776
19.070649031637
19.076095198795
19.084822094838
19.096697783229
19.108780987782
19.121157146550
19.133741821304
19.146497424642
19.159502065626
19.172533825034
19.185292726575
19.197874273076
19.210363616618
19.223065123891
19.229250725366
19.235515630693
19.241627648026
19.247744356736
19.253755788091
19.259683084235
19.265505419856
19.271273472614
19.276989657862
19.282707148531
19.288598461882
19.294737028605
19.300822356160
19.307174287544
19.313234113781
19.319002075884
19.324949292314
19.330753243425
19.336651895022
19.342812410582
19.438820336612
19.444499417929
19.449622225848
19.454880160045
19.460128006356
19.465416022789
19.470693237250
19.476049911201
19.481375554561
19.486790197588
19.492214720817
19.497755792418
19.503196577476
19.508665325715
19.514335302991
19.520590658809
19.526662191858
19.533220555384
19.539779166222
19.545069593759
19.550638645063
19.556331265188
19.562494263644
19.568123611799
19.574450312168
19.579510760174
19.585450429127
19.590948251219
19.595729105880
19.600370399103
19.604871528984
19.609928619426
19.615398460237
19.620819493740
19.626493441423
19.632096467392
19.637953055395
19.643886722368
19.650018886651
19.656363117203
19.663446580808
19.669362766293
19.674678851064
19.680703294865
19.687276690717
19.693042405386
19.698863606747
19.704246801938
19.710244767913
19.716495249352
19.887447832981
19.891306552452
19.895164130783
19.899681407108
19.904301632081
19.908888649239
19.913370143983
19.917929086390
19.922398562389
19.926946306895
19.931396624765
19.935949735465
19.940367482606
19.944964567346
19.949359307443
19.953946813998
19.958325972138
19.962904592939
19.967256543043
19.971802915323
19.976138629234
19.980611201611
19.984930730582
19.989380706114
19.993681523573
19.998044887967

