Time_s
0.575889207449
0.580133334111
0.584026582552
0.587538355507
0.591532362376
0.595255344693
0.599122125475
0.602913837155
0.606713572522
0.610531923442
0.614320811867
0.618121966205
0.621892322355
0.625630537305
0.629356250723
0.633090364958
0.636797602943
0.640498348972
0.644168797245
0.647837005342
0.651482410009
0.655116409474
0.658749149210
0.662361418156
0.665948550918
0.669538932728
0.673105366054
0.676637541827
0.680151814602
0.683645873516
0.687092212810
0.690557324460
0.693975219706
0.697395999722
0.700807184430
0.704190341012
0.707566281922
0.710941098166
0.714312110465
0.717654293226
0.721009578756
0.724378914295
0.727728174108
0.731072334536
0.734465725364
0.737844785268
0.741246410768
0.744532949650
0.906852057731
0.911102591153
0.914965434213
0.919179742418
0.923518139331
0.927931508381
0.932423286665
0.936974305441
0.941514460637
0.946111730431
0.950674322865
0.955286905988
0.959871199545
0.964514589917
0.969161317810
0.973756270817
0.978459582348
0.983084395046
0.987756687169
0.992388108188
0.997065496566
1.001742062795
1.006406026951
1.011094658139
1.015865516435
1.020570481387
1.025182694067
1.029886156881
1.034540726315
1.039299667811
1.044071285886
1.221534957868
1.232482347953
1.243293737340
1.256810566856
2.653276346922
2.658990804585
2.663887149357
2.668926952881
2.673975614548
2.678941612400
2.683870973660
2.688767627753
2.693615764065
2.698457899444
2.703199616256
2.707994219869
2.712711956379
2.717476539394
2.722089074224
2.726741418870
2.731375804097
2.735917762940
2.740468402641
2.744967424441
2.749433423528
2.753805791796
2.758221205490
2.762552448857
2.766802803709
2.770963104806
2.775068254312
2.779126973866
2.783146223347
2.787149333939
2.791239446048
2.795189496053
2.799486995214
2.803527399391
2.945307505275
2.948915145327
2.952492781017
2.956077202275
2.959709275751
2.963332143263
2.966959544266
2.970587811823
2.974223265256
2.977855126918
2.981491696857
2.985134166202
2.988766790962
2.992385362744
2.996032264692
2.999677927224
3.003324746365
3.006996867721
3.010663228103
3.014307453826
3.017948693805
3.021560121276
3.025163676297
3.028784754309
3.032412443174
3.036030264867
3.039662286016
3.043299613452
3.046948468069
3.050612504353
3.054277367976
3.057970424929
3.061708706516
3.065494683219
3.069533442863
3.073697573925
3.077669265677
3.081673039005
3.085972348169
3.090118458043
3.094275251776
3.098788974095
3.103086378401
3.107011451280
3.111143725541
3.115789409099
3.120026326726
3.124372311155
3.128627173986
3.133514488926
3.138221729072
3.142956935385
3.147715295281
3.152412141472
3.157015366203
3.161710727691
3.166410188047
3.171114147739
3.175820067791
3.180575006348
3.185330042973
3.190147897645
3.194996954276
3.199875968033
3.204839050118
3.209822869666
3.214832925084
3.219849672598
3.224921009992
3.229990285036
3.235063841043
3.240169171151
3.245185956489
3.250291311946
3.255393025087
3.260485110407
3.265582211260
3.270740853764
3.275898697485
3.281083422564
3.286299187590
3.291526114847
3.296780860093
3.302061372268
3.307341876354
3.312659588498
3.318018754947
3.323384278941
3.328765141545
3.334161390375
3.339564737879
3.344866469163
3.350137477445
3.355517112959
3.361115394695
3.366718016632
3.372214101877
3.377777011836
3.383206552382
3.388575561079
3.394003027169
3.399398911052
3.404779396105
3.410149223702
3.415390266727
3.420573843432
3.425735257132
3.430980578225
3.436060500988
3.441074692044
3.446245176842
3.451431039450
3.456606711839
3.461646377057
3.608220146201
3.613611950776
3.618829616793
3.624037633975
3.629281198045
3.634570971243
3.639838487398
3.645132565449
3.650361477172
3.655593528595
3.660861494570
3.666114652899
3.671423998889
3.676748669502
3.682081153077
3.687387259070
3.692682454087
3.697994657686
3.703268987777
3.708540396508
3.713788300404
3.719014481103
3.724211609057
3.729382990345
3.734556847428
3.739767927961
3.744967368404
3.750239986957
3.801186905997
3.806370774622
3.811384256431
3.816136688046
3.821316931776
3.826390130040
3.831437226049
3.836417067834
3.841402901441
3.846371702363
3.851307544669
3.856242697163
3.861213428026
3.866210013496
3.871217486197
3.876205963601
3.881175741142
3.886200292018
3.890924534123
3.896003145688
3.970224959101
3.974636069125
3.979598669919
3.984834572994
3.990028684011
3.995344893457
4.000592808668
4.005855013401
4.011154078899
4.016511012833
4.021840131839
4.027001033363
4.032362824433
4.037649528880
4.144212860080
4.149553770457
4.154945680502
4.160405453192
4.165877009996
4.171395094343
4.176911065671
4.182395993499
4.187892797079
4.193374597540
4.198912137739
4.204430776568
4.209998293245
4.215597056532
4.221163859096
4.226755965152
4.232367511034
4.237955743863
4.243528115765
4.249144366948
4.254650845599
4.260222207548
4.265598585000
4.270999567180
4.276296278139
4.281383465255
4.286988082731
4.292256680413
4.297647777455
4.303046309133
4.465519776527
4.469906274681
4.473674057222
4.478044117324
4.482564462212
4.487143459051
4.491753586197
4.496341927863
4.500875634968
4.505483449784
4.510093023784
4.514740369262
4.519401307379
4.524126843153
4.528841561908
4.533572478479
4.538336276761
4.543158355229
4.548000985470
4.553043079449
4.558098880856
6.282029149689
6.285523680100
6.288663354167
6.292184695977
6.295589025280
6.298966742446
6.302351853442
6.305704571413
6.309016672942
6.312308894712
6.315555022670
6.318792651140
6.322017589660
6.325230081370
6.328450405519
6.331697469339
6.334975883057
6.338273499352
6.341558515325
6.344817573937
6.348106127478
6.351387904753
6.354632564167
6.357885411150
6.361168931135
6.364417613897
6.367632180832
6.370903042604
6.374137799488
6.377400140743
6.380593433720
6.383837363240
6.624850416852
6.629296062887
6.633573658162
6.638009966372
6.642386788713
6.646845466931
6.651299463478
6.655716085482
6.660214138609
6.664652697484
6.669172592557
6.673611095948
6.678149671868
6.682568156707
6.687065576645
6.691534167757
6.695996708814
6.700429317046
6.704939160300
6.709365883761
6.713819660497
6.718236667234
6.722645671886
6.727047884628
6.731450881331
6.735814225974
6.740205115300
6.744562265724
6.748919439491
6.753244913331
6.757621155008
6.761886153877
6.766201237850
6.770548856606
6.774861988232
6.779259588445
6.783688790357
6.788132265828
6.792446739417
6.796707186545
6.800947174002
6.805149917987
6.809288203847
6.813485196843
6.817665998793
6.821856245481
6.825956983835
6.830135907315
6.834258517484
6.838372937743
6.842524863698
6.846621785848
6.850729138681
6.854830485550
6.858951362272
6.863083731480
6.867218070251
6.871350176587
6.875551566825
6.879636211355
6.883737704383
7.076406625422
7.081701459893
7.086736820838
7.091697562825
7.096726356470
7.101986997707
7.106512961987
7.272253725801
7.276502531277
7.281710507787
7.286828253738
7.292058068230
7.297282846075
7.302505723251
7.307653381666
7.312751780644
7.317611570814
7.322439701334
7.327261662545
7.331962728628
7.336587621075
7.341219978800
7.345695044647
7.350253786864
7.354629987830
7.359129288980
7.363812444298
7.368183937918
7.372756004373
7.568331555363
7.572482183044
7.576657712268
7.581581870620
7.586575505801
7.591595588083
7.596674893481
7.601677994124
7.606828160003
7.611622983966
7.616824611222
7.622080152407
7.627335961815
7.632555108861
7.637873681262
7.643119625561
7.648374025117
7.653732523362
7.659008930924
7.664265911388
7.669607951486
7.674898484950
7.680179715998
7.685467054731
7.690725009795
7.695955913501
7.701217453349
7.706498487018
7.711804038400
7.717040202478
7.722361868303
7.829131441565
7.834043386186
7.838813252106
7.843751505565
7.849045236616
7.854253568005
7.859486861114
7.864765416637
7.870020692356
7.875374345300
7.880699722987
7.886058556570
7.891389431974
7.896761195317
7.902138546689
7.907557003334
7.912959917626
7.918379739738
7.923812751272
7.929255793379
7.934604165560
7.939999477632
7.945363973591
7.950809564634
7.956132911144
7.961487008846
7.966843455879
7.972161174743
7.977434977511
7.982683367004
7.987898298319
7.993016435016
7.998081282942
8.003063796955
8.007982341787
8.012928811022
8.017714503811
8.022568888018
8.027212986145
8.031902141864
8.036425162336
8.040788649822
8.045211228137
8.049673745612
8.054148692310
8.683751814728
8.687583727033
8.692051611056
8.696362566083
8.700856668067
8.705303564020
8.709842548474
8.714424498795
8.719037392343
8.723653890811
8.728336365057
8.733072853305
8.737773656678
8.742486965454
8.747146301483
8.751831046604
8.756521790433
8.761190070481
8.765876477488
8.770451947124
8.775040294036
8.779535457817
8.784040667258
8.788425399414
8.792694704242
8.796933605400
8.801150722372
8.805315165599
8.809430702405
8.813525618098
8.817564796104
8.821572000026
8.825530808590
8.829490256749
8.833394416507
8.837288281882
8.841171770507
8.845034512054
8.848894984268
8.852744947329
8.856635092583
8.860635386908
8.864741953499
8.868897323771
8.872889571006
8.876784419511
8.880763100955
8.884316056375
8.888299836854
8.892294794466
9.024184364156
9.028345410983
9.031989041386
9.035314507648
9.039233132345
9.043130809519
9.047075452010
9.051028037628
9.054995039858
9.058963298230
9.062969655360
9.066929935145
9.070886149511
9.074873402263
9.079121610919
9.283926098857
9.287627664055
9.292056643297
9.296492717742
9.300997444499
9.305560377437
9.310179980625
9.314857307585
9.319614836676
9.324396603859
9.329205767571
9.334066829101
9.338997266889
9.343873413254
9.348791655823
9.353743379056
9.358693845746
9.363651426823
9.368635699035
9.373575565119
9.378528388071
9.383496478761
9.388447446922
9.393418659455
9.398399982117
9.403442276168
9.408448783089
9.413418095598
9.418369809111
9.423356802013
9.428325987162
9.433279815013
9.438237503084
9.443276154514
9.497566042704
9.502442808521
9.507010982054
9.511583494857
9.516568832649
9.521527868662
9.526525486007
9.531552551448
9.536592500758
9.541674226589
9.546756205469
9.551872582905
9.557024960237
9.562225399454
9.567471074409
9.572753395830
9.578165538701
9.583672228109
9.588724053232
9.717985345924
9.722855491740
9.727092560122
9.731974262903
9.737026334064
9.742010099013
9.746997932708
9.752008645704
9.756948018333
9.761959592542
9.766915802097
9.771892811736
9.776906402906
9.781915463794
9.786934693637
9.791838827319
9.796754898862
9.801773497156
9.806726286186
9.811782124772
9.816787867804
9.821885095695
9.826907232705
9.831867375750
9.836747681375
9.998183294316
10.002392635417
10.006516596663
10.010971840531
10.015372182663
10.019817597428
10.024237836484
10.028690764117
10.033099182231
10.037534140393
10.041978326450
10.046414784967
10.050883448614
10.055350847225
10.059903756802
10.064410762853
10.068996626451
10.073565320106
10.078244412617
10.082922051182
10.087646847189
10.092394120788
10.097188918854
10.102077816976
10.106930091956
10.111866689416
10.116922866512
10.121986244103
10.127050405854
10.132256679450
10.137395391369
10.142704761099
10.147902796468
10.158520680229
10.169233412594
10.179911927372
10.190707712964
10.201478391618
10.212137558589
10.222801020775
10.233148904737
10.243688618013
10.560931542979
10.565727234064
10.570247719009
10.575231532625
10.580008498239
10.584937578755
10.589833455537
10.594710944318
10.599624277730
10.604623494206
10.609679302895
10.614722671563
10.619640484038
10.624545424578
10.629490179890
10.634514625810
10.639496825065
10.644484656212
10.649471589792
10.654421992798
10.659395073789
10.664457651878
10.669421493549
10.674405093122
10.679368961714
10.684386528155
10.689359998697
10.694342259175
10.699319818786
10.704285175165
10.709265497220
10.714229470742
10.719183805522
10.724129338931
10.729083931810
10.733971170154
10.738560440299
10.743399125820
10.748210355143
10.753001676396
10.757783141112
10.762542478180
10.767207852583
10.771890778416
10.776514299884
10.781146731799
10.785726797190
10.790297681128
10.794815528746
10.799327044375
10.803849629969
10.808260957203
10.812702438488
10.817062053517
10.821428063117
10.825822976162
10.830251530348
10.834652586311
10.839019938321
10.843393954909
10.848001451778
10.852538451340
10.857043164080
10.861514772528
10.865962232656
10.870362469980
10.874843887298
10.879361372154
10.883805269970
10.888504749047
10.892899630863
10.897316302211
10.901608681433
10.905835742395
10.910006747847
10.914159437312
10.918301709393
10.922422549614
10.926516119316
10.930628127256
10.934718349236
10.938807443704
10.942880794470
10.946949674211
10.950963857842
10.954998318690
10.958998285858
10.962977899464
10.966941357244
10.970930899063
10.974899397212
10.978849859918
10.982805539870
10.986756553127
10.990718810975
10.994714991627
10.998661729263
11.002620516859
11.006551838047
11.010581665906
11.014607597241
11.018914879711
11.023054508007
11.155698463104
11.159649408935
11.164169783310
11.168812665844
11.173503051074
11.178200524481
11.183039827386
11.188027767127
11.193014355556
11.197996073022
11.202891826606
11.208200892594
11.213444242776
11.218781614027
11.224113116132
11.229523259654
11.234858069082
11.240265033841
11.245621828113
11.250974333413
11.256300334573
11.261638150430
11.266851854272
11.272047838929
11.277050377786
11.282242057256
11.287168434295
11.292209370461
11.297128975339
11.302076021139
11.307044796012
11.311986266818
11.316857404406
11.321747402086
11.326726269357
11.331875223428
11.336937121882
11.443447778872
11.448063987305
11.452203379710
11.456810647689
11.461162124392
11.465603330247
11.470069996679
11.474553548761
11.479061359218
11.483559197144
11.488134101952
11.492621501998
11.497220126388
11.501822751251
11.506430061196
11.510987465418
11.515523427533
11.520058923382
11.524597280193
11.529115796500
11.533637666791
11.538129839647
11.542667788111
11.547187902388
11.551803417062
11.556451590841
11.561220040930
11.566189503039
11.571026294365
11.575780679383
11.580669218623
11.585733075669
11.590762171927
11.595746953318
11.600691499306
11.605671652877
11.610688259544
11.615762909538
11.620758144973
11.625774460967
11.643233787729
11.647711442290
11.653148583476
11.658418534352
11.663906319022
11.669347546572
11.674866383371
11.680427957949
11.686006804834
11.691593669490
11.697184935284
11.702825538475
11.708456200334
11.714019515474
11.719641763999
11.725342050112
11.731073753527
11.736710206656
11.742227080397
11.747756262452
11.753030853456
11.758348668707
11.763641844436
11.768894163209
11.773998061696
11.779109978866
11.784195048192
11.789264455657
11.794316191286
11.799363536045
11.804379018354
11.809417994275
11.814401810958
11.819392367974
11.824368007344
11.829351304609
11.834400167058
11.839481343081
11.844557188787
11.849658278685
11.854778989635
11.859699346982
11.864583649292
11.869578386042
11.918315369360
11.922020486921
11.926428217364
11.930916568756
11.935487410686
11.940042169517
11.944554930170
11.949085979502
11.953629969066
11.958193007811
11.962733916471
11.967260695298
11.971806867158
11.976339226887
11.980882889973
11.985396336904
11.989982181881
11.994519436310
11.999125503523
12.003725072229
12.008364438894
12.013048719543
12.017800515365
12.022529218951
12.027310378891
12.032162413408
12.037014666207
12.052619789796
12.062146421347
12.071674494833
12.081036093872
13.283149992970
13.292450127225
13.301586638230
13.306163549473
13.310765146685
13.315380384472
13.319955099485
13.324566823240
13.329177216527
13.333778447767
13.338361799059
13.342944808964
13.347557464087
13.352170886963
13.356787541815
13.361393513951
13.366028723330
13.370674720468
13.375332823818
13.380024743799
13.384662201178
13.389321828654
13.393856962619
13.398350823848
13.402705594201
13.407096604110
13.411381612023
13.415627040057
13.419833108091
13.423956555614
13.428019825638
13.432188319411
13.436220768143
13.440286300908
13.444398651480
13.448511461687
13.452670591807
13.555093360037
13.558148695022
13.562195850086
13.565886617431
13.569392821311
13.572966056673
13.576557972370
13.580134368579
13.583695700753
13.587258486040
13.590842398471
13.594391331195
13.597928029576
13.601492600875
13.605073928240
13.608715715368
13.612506694875
13.616213697981
13.619939479676
13.623730638841
13.627423399535
13.631070029220
13.634691968638
13.638301539475
13.641879535582
13.645464750517
13.649050123839
13.652614614747
13.656200844266
13.659789348787
13.663382898963
13.666978013877
13.670591324328
13.674254133020
13.677864174170
13.681559241349
13.685238811602
13.688983944306
13.692705721329
13.696468273199
13.700233193589
13.704079491616
13.707923280509
13.711794460123
13.715751179098
13.719696455327
13.723792601476
13.727844739903
13.732122848179
13.736335993194
13.740713395520
13.745151164578
13.749741435622
13.754388103170
13.759068981772
13.763754282611
13.768506909846
13.773326533634
13.778136095708
13.782949272323
13.787769341385
13.792551267302
13.797318611518
13.802243263667
13.807258882766
13.812139554490
13.977657379371
13.983084070049
13.986922925426
13.991210187099
13.995907224955
14.000602001357
14.005328888961
14.010132195880
14.014981923048
14.019841518853
14.024717755443
14.029662405737
14.033933176624
14.039064035937
14.044085893284
14.049135176590
14.054203587455
14.059280963952
14.064334871323
14.069450283048
14.074549232407
14.079615399745
14.084723052083
14.089798987157
14.094880551938
14.099962291500
14.105033539030
14.110110031386
14.115150605893
14.120163455708
14.125156683455
14.130137352774
14.135066702868
14.139928091716
14.144817825352
14.149682089893
14.154521392661
14.159289256050
14.164164426771
14.169046101819
14.173894278917
14.178748908406
14.183702005381
14.188653365899
14.193598144688
14.198532866145
14.203564199118
14.265834562008
14.269920155422
14.274076672840
14.278222358359
14.282568816271
14.286946983534
14.291344369976
14.295759345799
14.300225566911
14.304647899932
14.309102164656
14.313518305916
14.317939324381
14.322354071744
14.326779604964
14.331151506335
14.335559619145
14.339932704396
14.344303166258
14.348672859289
14.353078444576
14.357432292247
14.361820734641
14.366154337403
14.370674575695
14.375037390716
14.379417283342
14.383825422880
14.526188628335
14.530113953022
14.533769332247
14.537202818113
14.540941046726
14.544764132923
14.548608508207
14.552455322353
14.556350848284
14.560252779767
14.564166748753
14.568028562913
14.571816496472
14.777329196507
14.781834697608
14.785912831522
14.790309109368
14.794904371118
14.799593731689
14.804289791504
14.809128749975
14.814040868534
14.818916168041
14.823818433025
14.828539717096
14.833569207047
14.838698490820
14.843870532511
14.849081693522
14.854342362396
14.859653377700
14.864989392092
14.870356748640
14.875752011113
14.881135025856
14.886520908248
14.891928829302
14.897263593344
14.902642321552
14.908062139861
14.913421889143
14.918691657988
14.929416107775
14.939367910648
14.950045681401
14.960345000368
14.970204987751
15.153903796765
15.159720172420
15.164260439585
15.169291086867
15.174177219695
15.179084076430
15.184016616803
15.188947103904
15.194060550612
15.199151171387
15.204113350960
15.209121329948
15.214118462469
15.219165763738
15.224245617579
15.229307845347
15.234393834380
15.239511875237
15.244476778604
15.249311172072
15.254398500026
15.259490195003
15.264546415307
15.269702667418
15.274954366173
15.280200825717
15.285685526680
15.290968508216
15.296162867352
15.301329231392
15.306558742156
15.311766387081
15.316996782398
15.322280226685
15.327601765900
15.333079825375
15.338582362704
15.344120987290
15.399311087245
15.404223142456
15.409417583309
15.414233462039
15.419353129857
15.424167879777
15.429247383966
15.434173334913
15.439169854510
15.444066243892
15.449061836543
15.453930386185
15.458890039545
15.463784460303
15.468599530571
15.473374759417
15.478057248462
15.482581008471
15.487102443739
15.491620582822
15.496131874382
15.500689725210
15.505252538131
15.509878780834
15.514471563203
15.519402809009
15.524727294591
15.529643556894
15.534592974690
15.539525586085
15.544436153660
15.549401629826
15.628755223263
15.632676164099
15.636913075519
15.641300209935
15.645346728157
15.649587040675
15.653906394735
15.658318837690
15.662816480425
15.667331867502
15.671866561154
15.676434020222
15.680994644910
15.685626232998
15.690231026166
15.694874773551
15.699446839386
15.704001371516
15.708615090228
15.713156592388
15.717715330950
15.722259348207
15.726753902386
15.731244155587
15.735696167984
15.740136828276
15.744609733086
15.749084875857
15.753540263045
15.757989470996
15.762446631732
15.766956941189
15.771456251061
15.775974432413
15.780463645555
15.785000981521
15.789670135099
15.794284628034
15.798993071835
15.803662405230
15.808366920754
15.812889674282
15.916403521177
15.920532682183
15.924531826225
15.929021930705
15.933891713570
15.938690728193
15.943617207351
15.948614452784
15.953555172715
15.963753036362
15.974164841328
15.984659722327
15.995297526621
16.006076211659
16.017060740421
16.027927757095
16.038740289896
16.044130950954
16.049503597414
16.054919033650
16.060304846687
16.065653630138
16.070982515629
16.076369593985
16.081713994841
16.087027023197
16.092345123194
16.097709116730
16.103023023876
16.108329906788
16.113648095609
16.118965073224
16.207970167665
16.212531334904
16.216854909732
16.221615244886
16.226805798507
16.231863671962
16.237028193709
16.242178659172
16.247352110361
16.252500835858
16.257839960267
16.263033826736
16.268356890035
16.273733306853
16.279070300413
16.284457956409
16.289748281575
16.295230999864
16.300557217221
16.305924759480
16.311317668728
16.316865990481
16.322202591564
16.327760448851
16.338329684921
16.348794387216
17.658475466139
17.662173177690
17.666074888305
17.670039703215
17.674161878758
17.678229180751
17.682377535930
17.686537030950
17.690732738943
17.695034688318
17.699180220183
17.703669922086
17.708212394751
17.712763678691
17.716895944701
17.721076130294
17.725441734754
17.729608100850
17.733795510051
17.737987876739
17.742097505669
17.746137746864
17.750279494498
17.754527302571
17.758749994160
17.762954830914
17.767189805838
17.771435032026
17.775676910143
17.779956929202
17.784246971794
17.788533868819
17.792819168113
17.797152686467
17.801511529215
17.805844984954
17.810226857473
17.814626405886
17.819027699265
17.823619553142
17.975683082105
17.980038325840
17.984166477878
17.987880946629
17.991513744670
17.995165477164
17.998884878505
18.002590635445
18.006277565190
18.009957209564
18.013617607424
18.017262784149
18.020896030089
18.024515177669
18.028135191947
18.031765963357
18.035357696683
18.038944424440
18.042579772312
18.046229968831
18.049915823601
18.053696013021
18.057432986895
18.061501749319
18.065214524308
18.068901614154
18.072601054569
18.076258250131
18.178132040127
18.181603392872
18.184720896405
18.188001345345
18.191364452139
18.194746013892
18.198124996586
18.201498145750
18.204872836584
18.208239258178
18.211595214429
18.214939460070
18.218287735304
18.221624808528
18.224950445596
18.228256101500
18.231569400678
18.234873492218
18.238171717216
18.241480212804
18.244781649235
18.248081305475
18.251375337550
18.254660969910
18.257947296208
18.261235468202
18.264515973826
18.267800121669
18.271107510324
18.274413553287
18.277710970688
18.281026146759
18.284323601604
18.287673121727
18.291034175550
18.294392709613
18.418976593945
18.422462009697
18.426409304296
18.430837252824
18.435400837257
18.440016293925
18.444663313712
18.449341800638
18.454060288162
18.458788561091
18.463555452451
18.468339443480
18.473114863958
18.477903676490
18.482729652128
18.487585008441
18.492452834600
18.497348638554
18.502161066510
18.506964281467
18.511759779753
18.516559001874
18.521326911246
18.526078340133
18.530698446142
18.535359014597
18.539980796281
18.544634453091
18.549207226304
18.553719025624
18.558196797619
18.562618858177
18.567021192289
18.571387445788
18.575823953825
18.580289013666
18.584802233537
18.589359135701
18.594000226542
18.720833789730
18.726068323775
18.731319205621
18.736105025731
18.740894512910
18.745624719086
18.750335837828
18.755058113808
18.759833416551
18.764821626652
18.769531571396
18.774317073623
18.779115663259
18.783976024295
18.788892009734
18.793820888492
18.798751958436
18.803729785996
18.808791904018
18.813827843128
18.818819642954
18.823800587649
18.828695754065
18.833515787108
18.863250359638
18.868161924557
18.872900947259
18.877717553754
18.882863855670
18.888008590349
18.893234084183
18.898346420992
18.903504119077
18.908845511492
18.913909079527
18.918917952572
19.024034750255
19.028229992871
19.033411235257
19.038258363095
19.043345237485
19.048260247476
19.053268960837
19.058245252759
19.063278984309
19.068243907899
19.073239791459
19.078244542269
19.083296904755
19.088321033318
19.093379437389
19.098456889601
19.103543027714
19.108643149514
19.113717492288
19.118766302756
19.123822607906
19.128824235688
19.133815294026
19.138800649657
19.143757621336
19.148682728909
19.153606484565
19.158536996556
19.163442106124
19.168359645463
19.173182318953
19.178092989354
19.183037244594
19.188031627830
19.193058289190
19.198036544416
19.203010363028
19.207931844635
19.212786188052
19.217607567708
19.222341249602
19.227071122259
19.231727666057
19.236404782739
19.241047363764
19.245693934316
19.250336217382
19.254983152131
19.259588449601
19.264241857348
19.268845802402
19.273516261004
19.278143536666
19.282775394985
19.287394696780
19.292013124802
19.296600954778
19.301259357304
19.305874084013
19.310544973729
19.315659815334
19.320367603510
19.325156709801
19.329949104289
19.334707463959
19.339709709688
19.344685861444
19.349767120295
19.354803786616
19.359772689941
19.364795088715
19.369766242998
19.374584799568
19.379697644446
19.419613589089
19.424589272925
19.429438809171
19.434492585329
19.439474287314
19.444598223057
19.449616107032
19.454773859899
19.459691704003
19.469255273832
19.479523503549
19.489628844690
19.500161805201
19.510672117769
19.521324904963
19.532405972446
19.543776892351
19.553756473845
19.635331224229
19.645085801760
19.655078691228
19.664698383408
19.674477561360
19.948435370390
19.952749188454
19.958003765857
19.962630843707
19.967546170512
19.972418963181
19.977311482877
19.982193246148
19.987110594035
19.992032947448
19.996914342203

