Time_s
0.737272305869
0.740593603350
0.744152227659
0.747727169942
0.751307731228
0.754796303301
0.758243213760
0.761716504656
0.765120179764
0.768473385413
0.771794061848
0.775117874761
0.778419723889
0.781704765127
0.784936764099
0.788177840968
0.791391079174
0.794587300464
0.797741642251
0.800867098276
0.803957108250
0.807048504715
0.810092361761
0.813150140068
0.816158446016
0.819203498643
0.822222995313
0.825275923242
0.828309441906
0.831395886812
0.834458700422
0.837469083698
0.840548764856
0.843669073913
0.846823480216
0.850124153700
0.853319916705
0.856678380132
0.859759957684
0.862994674786
0.866056420230
0.869244100610
0.872432565175
0.875681207359
0.878914271134
0.881919525286
0.885049541664
0.887794110222
0.891104507919
0.894185778282
0.897389922956
0.900518213223
0.903463918006
0.906527906852
0.912478023702
0.915019026369
0.917554560172
0.921027871730
0.923812432262
0.926794028327
0.929409240378
0.931804903036
0.935303211200
0.938064750219
0.941342587862
0.944417796621
0.947446128739
0.950505177299
0.953752660398
0.956627118839
0.959706602931
0.962626170233
0.965597554597
0.968569757613
0.972392677434
0.975445531030
0.979193918705
0.983016394512
0.986820852799
0.989976770847
0.993777720100
0.996785199057
0.999960417104
1.003190709550
1.006866209180
1.010585427748
1.014170076265
1.017831328955
1.021503822900
1.025144214838
1.028779027580
1.032461193516
1.036179898884
1.039935054788
1.043716137548
1.047524412065
1.051366680482
1.055235153838
1.059129995509
1.063066704638
1.067065545866
1.071114313472
1.075140593092
1.079178797010
1.083226500689
1.087288057380
1.091364876260
1.095443242910
1.099537679745
1.103652629427
1.107732118503
1.111827120448
1.115974935706
1.120134776979
1.124282469799
1.128412269752
1.132629364928
1.136950686577
1.141132177542
1.145277998875
1.149415843288
1.153541689817
1.157661979320
1.161853538058
1.166047690687
1.170152196058
1.174299183039
1.178401659181
1.182499205920
1.186580284555
1.190805490936
1.194885683916
1.198988826714
1.203385570347
1.207777847187
1.211900042915
1.216144744999
1.220127639151
1.224556786645
1.337815898837
1.342005858965
1.346900258032
1.351892654841
1.357083866880
1.362428809788
1.367773668457
1.373311231799
1.378846893452
1.384532918223
1.390132658293
1.395807052843
1.401477883849
1.407171152181
1.412944432738
1.418756763040
1.424594678583
1.430441645024
1.436340956398
1.442238895883
1.448318706974
1.454394130358
1.460594141009
1.466884750272
1.473282940430
1.479834769114
1.486537908268
1.493253216188
1.500157387848
1.507099860077
1.514282809859
1.521364643930
1.528541682641
1.535723795768
1.542485430070
1.548960271401
1.555359160725
1.561867342598
1.568460294732
1.575346931670
1.582402867729
1.589738515159
1.597147145420
1.604595422078
1.611855355936
1.618993956230
2.086982625936
2.092791630050
2.098532797699
2.104152509165
2.109718451896
2.115151456277
2.120778087595
2.126339261932
2.131746965052
2.137090869051
2.142416804872
2.147718229770
2.153057459200
2.158352347536
2.163621166922
2.168841765464
2.174018828629
2.179130726783
2.184176885596
2.189207120382
2.194143623427
2.198972725050
2.203719966767
2.208502232197
2.213440576225
2.372184422948
2.375969697860
2.379916701679
2.383917778499
2.387931593357
2.391974568050
2.396060371273
2.400160398186
2.404286149363
2.408434991619
2.412630980963
2.416840787752
2.421079195419
2.425323470478
2.429580094505
2.433853458659
2.438166810999
2.442512103133
2.446630678120
2.451045337598
2.455535791623
2.460169818004
2.464408594086
2.469086980870
2.473802200677
2.478362026188
2.482932283507
2.487488732772
2.492029485148
2.496553552156
2.501255075534
2.506024568895
2.510619634646
2.521388975526
2.525848209170
2.530565092803
2.534862076105
2.539257204101
2.544053237853
2.548567050871
2.553145597664
2.557799086484
2.562431178693
2.566966777865
2.571429676783
2.576477049310
2.581853202655
2.586748971495
2.591673235901
2.596531159833
2.601365442843
2.606211401745
2.611101741668
2.616016090754
2.620940164352
2.625876952647
2.630833750518
2.635811114252
2.640804253092
2.645802700319
2.650808162817
2.655831011379
2.660872801452
2.665923423762
2.670991016880
2.676080624844
2.681173131943
2.686236391947
2.691246331010
2.696177255234
2.701077036351
2.706020408302
2.711009064694
2.716062255258
2.721233146785
2.726584735301
2.732060398580
2.737177890893
2.742196405086
2.747106925068
2.751943581434
2.756784037969
2.761631241178
2.766484293302
2.771348025183
2.776226548009
2.781101284213
2.785972873417
2.790897831022
2.795877547881
2.800846356654
2.805929461009
2.811112907333
2.816577152436
2.822143429891
2.827748456069
2.833203665589
2.838688298591
2.844389235463
2.849640999265
2.854884067164
2.860041138663
2.865116116307
2.870160406228
2.875242400279
2.880339967891
2.885465873081
2.890586365265
2.895702683043
2.900779930041
2.905853921324
2.910931058884
2.916007218371
2.921109437890
2.926227612554
2.931397066552
2.936316169486
2.941295188088
2.946209182486
2.951433460998
2.956787483855
2.962168441445
2.967321952520
2.972461445252
2.977553910166
2.982590005681
2.987831139334
2.992973939428
2.998382474125
3.003513029978
3.008752324050
3.013959298051
3.018888270785
3.023995549739
3.029100016116
3.034147933201
3.039192809255
3.044261121087
3.049400565937
3.098976876506
3.104145653189
3.109541905026
3.115155512327
3.120837544529
3.126529741744
3.132252751391
3.138001267691
3.143816514329
3.149669018046
3.155579904981
3.161463819906
3.167365513634
3.173284035070
3.179210861346
3.185148646248
3.191059637227
3.196946751158
3.202811415777
3.208633211755
3.214431354214
3.220227119531
3.226004968528
3.231778751394
3.237529175254
3.243298399208
3.249077313873
3.254931490161
3.260949118768
3.267007872235
3.272943988726
3.278883198940
3.284780731044
3.290583332739
3.296452037780
3.302171115008
3.307961401353
3.313938537563
3.319914176452
3.325850779299
3.331752735060
3.337623409004
3.343136756528
3.348919839887
3.354711304976
3.360442914875
3.366139182212
3.371874442217
3.377640902935
3.383421616512
3.389263182446
3.395176803445
3.401235607935
3.407324995453
3.413416493787
3.419518990174
3.425327419616
3.431204515421
3.437207895521
3.443081271455
3.449102791128
3.455139430131
3.461177862012
3.467157394785
3.473100070199
3.479136221302
3.484824154080
3.490789717530
3.496227928387
3.502098546249
3.507935821114
3.513844547905
3.519761527786
3.525746820976
3.531729826198
3.537730243868
3.543744654941
3.549788089079
3.555907837686
3.562091342240
3.568589864801
3.575655753135
3.581621332947
3.587468745332
3.593471071919
3.599640944562
3.605652088223
3.611840250563
3.664420740835
3.670248716088
3.676218061239
3.682236989792
3.688305770307
3.694454002707
3.700651231780
3.706883266980
3.713002069092
3.719165306804
3.725457187460
3.731785804887
3.738117018360
3.744425040758
3.750758693560
3.757140586357
3.763542517639
3.769963660925
3.776438028632
3.782938295053
3.788517823944
3.795099241872
3.801704095439
3.808317372946
3.814949308353
3.821540708176
3.828043434346
3.834410279139
3.840429573993
3.846714126084
3.853120880230
3.859517931169
3.865906559740
3.872361304840
3.878665008283
3.885215815324
3.891205136337
3.897369906835
3.903609022540
3.909845942507
3.916178070289
3.922929864909
3.929494011071
3.989975003271
3.995761011871
4.002029877620
4.008601557376
4.015371232845
4.022160283072
4.029087468963
4.036001961122
4.043217529111
4.050648521584
4.058253150720
4.066082191717
4.073790142558
4.081616855935
4.089612142216
4.097857383862
4.106427192482
4.115363469237
4.124757060310
4.134513320795
4.144506228611
4.154997259614
4.650075513191
4.654695276744
4.659407633532
4.664076613139
4.668759316381
4.673423708557
4.678086165251
4.682735146907
4.687351938352
4.691924175781
4.696447901818
4.700972118567
4.705580668632
4.710347757209
4.714934148494
4.719910077045
4.724444013621
4.729079431257
4.733656148069
4.738231320607
4.742799851472
4.747482997412
4.751934062427
4.756627518724
4.761099231974
4.765476775235
4.951749127262
4.955883410225
4.960389243430
4.965049352355
4.969807300691
4.974629172391
4.979558905642
4.984529488274
4.989592891414
4.994696591770
4.999866690277
5.005055379880
5.010256402287
5.015459455205
5.020747528175
5.026065875126
5.031417566400
5.036809729778
5.042202238635
5.047599006867
5.053001986201
5.058400374430
5.063796651591
5.069212806073
5.074646444587
5.080095693370
5.085544863563
5.091010627986
5.096448113697
5.101881766779
5.107348900131
5.112801646395
5.118256012840
5.123714070448
5.129168542797
5.134604750817
5.139953311164
5.145306492563
5.150685131614
5.156092004640
5.161551647482
5.166744850903
5.171874143525
5.176920285017
5.182035250192
5.187179730716
5.192331238570
5.197417886439
5.202657893461
5.208005882009
5.213262465900
5.218621015949
5.223820852976
5.229175606557
5.234358442440
5.239498127893
5.244863889277
5.249989197077
5.255570867175
5.266648986293
5.272453637095
5.278341609497
5.284369261524
5.290393550425
5.296443761325
5.302591553381
5.308751263026
5.315251201550
5.321798138545
5.328239710053
5.334293095192
5.340569717835
5.346601971230
5.352766593312
5.358964979227
5.365258725230
5.371534525192
5.468019080821
5.473443160182
5.479097795130
5.484926479332
5.490881331731
5.496879699968
5.502958458251
5.509089132639
5.515230824965
5.521391257371
5.527556970174
5.533745698304
5.539911752945
5.545972069681
5.551931566781
5.557750614131
5.563658704393
5.569678176702
5.575778508891
5.581886845344
5.588006837748
5.594235440853
5.747855764358
5.752545491846
5.757592405883
5.762801757790
5.768111788387
5.773511302881
5.779022374302
5.784330756555
5.789495444494
5.795404734164
5.801293314154
5.807298109584
5.813333193270
5.819389849023
5.825523512149
5.831614995468
5.837749587419
5.843920030582
5.850067600861
5.856296476934
5.862487831572
5.868745757075
5.875028946243
5.881259823320
5.887545399117
5.893800570515
5.900098487161
5.906376399071
5.912708839819
5.919073485716
5.925508864161
5.931652896467
5.937868880304
5.944219429000
5.950461868458
5.956887440860
5.963160328720
5.969705659247
5.976028626947
5.982634938747
5.988861111375
5.995042100682
6.001108523193
6.007278064880
6.013647121165
6.019944149812
6.026460441316
6.032687322980
6.038859180020
6.044270510493
6.049832566750
6.056182598731
6.062531117709
6.068940264316
6.075421450288
6.082174896120
6.089045941105
6.095958420849
6.102934360926
6.109818620616
6.116532892107
6.123476264612
6.130515299958
6.137486209843
6.144574429630
6.151619196148
6.158728378505
6.165745450063
6.172794541028
6.179811648110
6.186814305488
6.193778927819
6.200715440688
6.207580024678
6.214321462763
6.220973263322
6.227630939549
6.234102656433
6.240453494308
6.246607472003
6.252511448519
6.258306068181
6.264232047916
6.286189014080
6.296197017880
6.305859654717
6.315682556595
6.325784309317
6.335601114102
6.923292708275
6.928842741548
6.934478537452
6.940299821210
6.946129642113
6.951943720910
6.957830902939
6.963665659445
6.969523628424
6.975408648931
6.981267492378
6.987149160741
6.993055489275
6.998960063861
7.004833564763
7.010696922693
7.016508941212
7.022299706115
7.028055390776
7.033788089656
7.039471824003
7.045100680254
7.050652867525
7.056158185961
7.061594219135
7.066992915497
7.072338485027
7.077599763526
7.082797073694
7.087969491171
7.093084264519
7.098153953191
7.103125201429
7.107995612885
7.112826671780
7.117749407752
7.122933101493
7.128126229720
7.133469823746
7.139041006678
7.144217063225
7.149468518120
7.154662862483
7.159836306992
7.165201837922
7.170625300152
7.175535645398
7.181644352733
7.186933594456
7.191947288613
7.197151004035
7.202364473323
7.276036640276
7.280331371124
7.286493491096
7.291374211613
7.296401232820
7.301537606054
7.306688445549
7.311854849055
7.317049795920
7.322228127464
7.327401399815
7.332516561013
7.337576332052
7.342548651517
7.347450801665
7.352272585880
7.357058265249
7.361899390674
7.367138655494
7.372207834772
7.377445099797
7.382597601124
7.387784081087
7.392956086107
7.398102762784
7.403133375428
7.408104252865
7.413198103344
7.418412110659
7.423556739941
7.613993708541
7.618589102552
7.624401463378
7.630124398712
7.635819813192
7.641523173744
7.647197309489
7.652812849963
7.658491690958
7.664227546123
7.669992967259
7.675812766325
7.681724611749
7.687669266165
7.693645974311
7.699633497825
7.705689247688
7.711832091749
7.717987836911
7.724074590960
7.730218977524
7.736346375629
7.742507236562
7.748731864157
7.754960285080
7.761187740514
7.767421839959
7.773643569706
7.779890609067
7.786139699818
7.792370315461
7.798606679232
7.804865019347
7.811164689474
7.817541474012
7.823901477671
7.830221427065
7.836527058630
7.842910859064
7.849323279265
7.855598507935
7.861840280484
7.868130718392
7.874493727609
7.880789863455
7.887204091234
7.893616635460
7.900044799509
7.906239427471
7.912718709560
7.919136126984
7.979178970214
7.984782360604
7.990789506773
7.996716345479
8.002763137199
8.009121327694
8.015653259379
8.022205515166
8.028592880425
8.034694472606
8.041338643087
8.047799927994
8.053960692888
8.060203867067
8.066804013632
8.073268132984
8.079675536431
8.085983349717
8.110370872307
8.117053638555
8.123421134171
8.129538664102
8.135941910798
8.142522880026
8.149001572788
8.155450819219
8.161880906531
8.168331354277
8.174604495314
8.180948577361
8.187224302773
8.193524192930
8.199826380940
8.206138769373
8.212414194006
8.218682776592
8.224948391662
8.231173742981
8.237314121844
8.243393966444
8.249391216231
8.255300710942
8.261085564049
8.266840970789
8.272703989856
8.278611388137
8.284730102463
8.290796199996
8.298172426278
8.304358634540
8.310708591304
8.316730332904
8.322848198428
8.329000039095
8.335142134527
8.342641649648
8.348748212564
8.354651582441
8.442039447461
8.448211715459
8.454886525592
8.461709403215
8.468715163074
8.475780385748
8.482956301043
8.490226351392
8.497566252164
8.504845423562
8.512216592941
8.519597451237
8.527049956239
8.534483201235
8.541932866840
8.549396636476
8.556622110908
8.564004963722
8.571512356040
8.578826113458
8.586224646009
8.593599960442
8.600928191972
8.608297042252
8.615620090829
8.622840355440
8.630127170431
8.637450863912
8.644896161466
8.652546484594
8.659736522620
8.667224954008
8.674576555404
8.681346464033
8.688777189570
8.696450316994
8.703914044313
8.795029665311
8.800977160710
8.807084443193
8.813341608420
8.819850985120
8.825948562140
8.831943648020
8.837837794127
8.843646457297
8.849409105807
8.855118365110
8.860897484009
8.866714809821
8.872557226875
8.878385724283
8.884125633788
8.889880242238
8.895638524944
8.901425459288
8.907197543132
8.912929005433
8.918642660039
8.923945229238
8.929578473069
8.935543926764
8.941503461411
8.947434046204
8.953336724885
8.959263156182
8.965164940886
8.971023339513
8.976858954553
8.982658412017
8.988427392825
8.994148449422
8.999790093430
9.005446207137
9.011108350605
9.016967471716
9.023034827761
9.028341363886
9.033265050873
9.039239855423
9.045020555462
9.050781323822
9.056487245424
9.062272387066
9.067736413124
9.073069058407
9.078338222729
9.083619197652
9.088875903643
9.094173072181
9.099554119528
9.104986470955
9.110392852687
9.115862774746
9.121352265540
9.126869540192
9.132444535131
9.138018361958
9.143643394713
9.149308527232
9.154852404073
9.160579545560
9.166320141058
9.172100470785
9.177952731284
9.183869847463
9.189792569184
9.195690206204
9.201566732798
9.207495457653
9.213479787732
9.219437247718
9.225391143128
9.231337500588
9.237230504127
9.243042784946
9.248810152150
9.254580953502
9.260541578990
9.266467231367
9.272370633614
9.278367337902
9.284298873140
9.290127889936
9.380826826175
9.387324122667
9.392570674607
9.397898118919
9.403610152373
9.409565875377
9.415600154645
9.421775576688
9.428062092550
9.434449994062
9.440998009070
9.447568976810
9.454198431998
9.460991686846
9.467819600230
9.474742318266
9.481758995254
9.488949733585
9.695560601106
9.702551268674
9.709088969770
9.715789390309
9.722480983221
9.729158291685
9.735907357174
9.742749687818
9.749706869078
9.756558325988
9.763437802227
9.770256511718
9.777066180552
9.783679449725
9.790231036227
9.796802965233
9.803402101834
9.810114637473
9.816961011237
9.823846146127
9.830802525187
9.837759549899
9.844809356759
9.905045343479
9.911998432463
9.918039228510
9.924440297290
9.931289674684
9.938234654472
9.945296181125
9.952460623996
9.959693860924
9.967064195976
9.974418208524
9.981921817868
9.989457301957
9.997125141237
10.004698581014
10.012280084813
10.019620332606
10.044347529187
10.050955852731
10.058032394155
10.065335885696
10.072672962830
10.079936857869
10.087358079905
10.094935852106
10.102538363973
10.112113171888
10.121259267540
10.171519614364
10.179455368939
10.187422983459
10.195040787618
10.227030892191
10.235528385847
10.243792355384
10.252103645701
10.260371201121
10.268913675814
10.277791969812
10.286989214127
10.297012342176
10.307238869707
10.319722454637
10.331517766325
10.343713028826
11.147236165893
11.152762184362
11.158156262417
11.163294241411
11.168340978746
11.173313945097
11.178220593960
11.183106557893
11.187972604258
11.192845867488
11.197700967497
11.202568516965
11.207428045306
11.212313423038
11.217210150772
11.222154512148
11.227136377654
11.232126021256
11.237066679775
11.241994680212
11.246879255591
11.251722343288
11.256578643860
11.261518224328
11.266504806383
11.271507192318
11.276510587887
11.281501223476
11.286483837979
11.291454582085
11.296435852578
11.301391400047
11.306315668299
11.311206259132
11.316086568534
11.320947988833
11.325771940796
11.330591790957
11.335377435352
11.340110654033
11.344795236639
11.349445740241
11.354028202547
11.358518536996
11.363011441611
11.367476487114
11.371959177022
11.376642420815
11.381267934137
11.385937922104
11.390526853099
11.395108008909
11.399338226412
11.404064703841
11.408755534865
11.413463488049
11.418125984669
11.422697945876
11.427219222835
11.431796685586
11.436328076507
11.441252351347
11.446058021127
11.450902325360
11.455420564531
11.460334084790
11.465169765332
11.469730554046
11.474439896602
11.479144659394
11.484009927844
11.488880776141
11.492349630799
11.498771911905
11.502175488228
11.505896105107
11.509802210009
11.513723242508
11.517666905105
11.521653387841
11.525702441756
11.529781480856
11.534037948710
11.538296502426
11.542547419423
11.546873628781
11.551204874037
11.555491995150
11.559816778780
11.564163529834
11.568507929055
11.572917480964
11.577407609559
11.581867144339
11.586322811700
11.590852867140
11.595370870765
11.599871448437
11.604566525628
11.609313240514
11.614096792570
11.618907707852
11.623789481318
11.628678807683
11.633612637874
11.638536513018
11.643488176276
11.648508701070
11.653566863051
11.658626181485
11.663525928609
11.667978453135
11.672806838603
11.677946700621
11.683528052351
11.689211407076
11.694780039098
11.700484991329
11.706141250991
11.711729828752
11.717214492134
11.722683277731
11.728053105603
11.733463936197
11.738913714364
11.744533790048
11.749912658355
11.755045777109
11.760283386013
11.874070140163
11.878399284841
11.882926342878
11.888107028159
11.893200003474
11.898208129760
11.903373200472
11.908544619569
11.913083835037
11.918519821293
11.924063183000
11.929711517901
11.935388170904
11.941126660539
11.946907058546
11.952709360237
11.958513516248
11.964319058249
11.970117191940
11.975927115930
11.981728815857
11.987495995587
11.993281137615
11.999044198594
12.004749222805
12.010436425318
12.016060031961
12.021595461479
12.027078958456
12.032501917489
12.037812333106
12.043016151056
12.048224723784
12.053235717011
12.058123885433
12.062998948419
12.067715435430
12.072384474183
12.076924023042
12.081405126283
12.086008968884
12.090550942766
12.095557171913
12.206235682306
12.209980088506
12.214210529376
12.218659270631
12.223226180872
12.227912662350
12.232771986542
12.237750310629
12.242881323611
12.248156305092
12.253539807612
12.259055867714
12.264603962613
12.270276446816
12.276012101363
12.281764208919
12.287529043180
12.293351242490
12.299161034938
12.304970656144
12.310744898020
12.316307550008
12.321731813920
12.327135821044
12.332464927251
12.337784930477
12.342960596102
12.348380077621
12.353899786867
12.359641572889
12.365211987282
12.371022218690
12.376784183810
12.382317941805
12.387786192726
12.393557065287
12.398863036524
12.404383617126
12.410253900092
12.415702388412
12.421032845335
12.426780689506
12.432533114153
12.438232979307
12.444234059899
12.449252258893
12.454283989008
12.458894079331
12.463631854061
12.468047745860
12.472576888203
12.477222550844
12.481866343381
12.486528073886
12.491239890156
12.496010059521
12.500819847148
12.505776339302
12.510552255538
12.515296381646
12.519701852396
12.524006544858
12.528393905966
12.533035476789
12.537909928540
12.542230457341
12.546767594902
12.551396282939
12.689681773642
12.695824339594
12.701701933409
12.707634472954
12.713667231960
12.719852035502
12.726173458179
12.732610046642
12.739840532914
12.747530310220
12.755426433472
12.763390559748
12.771055810730
12.778700037749
12.786046660957
12.793432228624
12.800885218748
12.808351844926
12.815908155084
12.823571124823
12.831319465992
12.838842344408
12.846238774205
12.853293258181
12.860410631416
12.867435158809
12.874194836429
12.880764742090
12.887989175408
12.908814388646
12.921889177023
13.091341725058
13.098671960862
13.104945358312
13.111144415981
13.117277490987
13.123700361836
13.130002619239
13.136365406947
13.143262070716
13.149597200535
13.155917115612
13.162297646768
13.168535362153
13.174547287564
13.180864445211
13.187264817014
13.193711213436
13.200247302934
13.206868273600
13.213636603701
13.219417728465
13.226060206163
13.232549285926
13.238845326724
13.245392210433
13.252008852711
13.258383367807
13.264534838379
13.271142398509
13.277555726997
13.283819421562
13.290157595247
13.296607488397
13.303192493238
13.309381804114
13.315622784612
13.369497521802
13.374985788420
13.380607056091
13.386264814523
13.391963156542
13.397673486864
13.403364858217
13.409027442708
13.414676799165
13.420260011968
13.425810502849
13.431316071759
13.436760757776
13.442163818433
13.447562091765
13.452940441236
13.458284672951
13.463743690565
13.469318473158
13.474695539257
13.480165050644
13.485732710938
13.491400706325
13.496976368245
13.502503068606
13.508021272933
13.513603469605
13.519190241067
13.524788077979
13.530344449578
13.535990367145
13.541398274564
13.546773669611
13.551946605558
13.557021903852
13.562701944065
13.568443014273
13.574155165203
13.579527541790
13.585057186890
13.590788186837
13.596165817601
13.705564290741
13.709753126408
13.714502031468
13.719548570625
13.724793253785
13.730109318889
13.735461539752
13.740885200144
13.746299227406
13.751708255577
13.757144730301
13.762618309990
13.768093127027
13.773668455767
13.779266905698
13.784816937581
13.790393203456
13.795983856041
13.801581556474
13.807176868044
13.812793872140
13.818416267331
13.824001561240
13.829593390174
13.835196817555
13.840806986060
13.846443798725
13.852071535804
13.857690426202
13.863291417887
13.868928597359
13.874558989068
13.880138786758
13.885811568886
13.891487833793
13.897091807199
13.902653262516
13.908281040110
13.913877066275
13.919486166401
13.925095396416
13.930729436037
13.936353596766
13.941979809488
13.947618348135
13.953302166681
13.958798480006
13.964537641248
13.970230325554
14.018252719102
14.023698411750
14.029562344404
14.035528128511
14.041558156797
14.047556706916
14.053572989093
14.059669275008
14.065873129674
14.072246394684
14.078819775645
14.085425883075
14.092119723576
14.098849488037
14.105560554752
14.112293969461
14.118999445427
14.125682247273
14.132410103467
14.139173315348
14.145950077964
14.152744637765
14.159518630009
14.166206922299
14.172880307995
14.179582901258
14.186283155912
14.193137744583
14.199922203615
14.206623929700
14.213342936660
14.220060579913
14.226889097111
14.233681259040
14.240419716758
14.247064210964
14.253748671974
14.260439733464
14.267242913625
14.273907260085
14.280662955467
14.339576058638
14.345798993299
14.352322910271
14.358856992404
14.365544632903
14.372268215163
14.379447975399
14.446002826914
14.452660570655
14.459737962153
14.566005006158
14.572478755722
14.579416490590
14.586644764440
15.510622704073
15.514616162922
15.519169423172
15.523817813907
15.528527122131
15.533254701127
15.538120930597
15.543055044553
15.547639436439
15.552259697979
15.556869522576
15.561346122797
15.565582011336
15.569834078064
15.574196333278
15.578735958300
15.583356236198
15.587855958633
15.592161298379
15.597115197588
15.601824414358
15.606726892165
15.611565766676
15.616402428682
15.621232538633
15.626093787291
15.630996343525
15.635948327596
15.640946695329
15.645938111413
15.650994126732
15.655999499721
15.661549699985
15.667022997015
15.672997324633
15.816220304134
15.820282570650
15.824366383294
15.828429664687
15.832494613846
15.836562766895
15.840638119089
15.844732439858
15.848838897150
15.852938133204
15.857038306461
15.861125692907
15.865214915028
15.869285678181
15.873379891389
15.877461372151
15.881526793028
15.885665869653
15.889706291045
15.894021266530
15.898255412334
15.902411236504
15.906546562750
15.910632593603
15.914743491435
15.918937394179
15.923035070007
15.927010451371
15.931383863241
15.935407258720
15.939531793856
15.943706432100
15.947849488362
15.952184110878
15.956251007416
15.982513909073
15.991520408884
15.995189453685
15.999161333795
16.003161937240
16.007223493216
16.011353807269
16.015456276329
16.019554245400
16.023657398502
16.027762298371
16.031865567720
16.035953822935
16.040042927090
16.044111659970
16.048179269547
16.052246168469
16.056346950579
16.060438518706
16.064576818006
16.068736874184
16.073242788790
16.077463399882
16.081832328144
16.086055775754
16.090451866736
16.094741615751
16.098772163308
16.102896984760
16.216185496022
16.220394814856
16.225171616681
16.229937347104
16.234715615399
16.239520708427
16.244377458272
16.249256368943
16.254196367868
16.259164787911
16.264152399954
16.269160460061
16.274168607505
16.279182728476
16.284201241824
16.289248604188
16.294302889264
16.299360610545
16.304435920558
16.309497932979
16.314583626525
16.319637575591
16.324660671008
16.329647891115
16.334594278906
16.339527792921
16.344455950253
16.349393354693
16.354296264107
16.359209210829
16.364123875251
16.369073353409
16.374070199695
16.379043097209
16.383976486773
16.388814621088
16.393764999632
16.398980197577
16.404346669647
16.409717784176
16.414861562069
16.420028154037
16.425201784511
16.430576287436
16.435944626310
16.441260675941
16.446587802023
16.451983967940
16.457436390995
16.463016334722
16.468681211168
16.474412904462
16.480199247971
16.485950756585
16.491778811022
16.497872147509
16.504311770173
16.510602774916
16.516400096147
16.521614130692
16.526542301721
16.531207000982
16.536749368923
16.543049571682
16.548650978507
16.554638878766
16.560537620665
16.566540510291
16.572562932179
16.578643224192
16.584769963349
16.591375158264
16.597483514449
16.603501448439
16.610079902782
16.616383645675
16.622262435364
16.628342414769
16.634464164697
16.737810695333
16.743459233277
16.749227384870
16.754779132607
16.760272223363
16.765676646438
16.771033156805
16.776288793968
16.781528109916
16.786741838568
16.791829273835
16.796867650579
16.801890929605
16.806850899759
16.811748145509
16.816610736842
16.821439574104
16.826210934659
16.830958182115
16.835687984487
16.840346223309
16.844969805999
16.849552889280
16.854099711559
16.858620417355
16.863122997874
16.867615357389
16.872111110822
16.876502540399
16.880898564847
16.885367942407
16.889833974090
16.894281874495
16.898844033458
16.903502641249
16.908149543837
16.912616569271
16.917156774690
16.921874374063
16.926572277220
16.931091529998
16.935557289240
16.939966972295
16.944360805570
16.948750685909
16.953190403913
16.957684515944
16.962208301648
16.966740627596
16.971275226710
16.975797495096
16.980310492607
16.984801103573
16.989285027780
16.993758510534
16.998203718600
17.002606415887
17.006949119021
17.011227273683
17.015474110298
17.019691706794
17.023877075827
17.027996521134
17.032088188603
17.036149793620
17.040157160856
17.044185319638
17.048236865722
17.052431446214
17.056618402287
17.060893834291
17.065278784047
17.069591776941
17.074037870981
17.077732963973
17.081901111936
17.086159700932
17.090376781324
17.094453145819
17.098660223665
17.102844150737
17.106684505518
17.110791870289
17.119425713377
17.123663088094
17.128081759689
17.133448156661
17.139520456768
17.145441111274
17.150379151736
17.156838360399
17.162173055527
17.167920094350
17.173277951507
17.179226571282
17.185231820753
17.191640814225
17.198207884001
17.204967100186
17.211817444585
17.218768075624
17.225856148089
17.233056955597
17.240380286690
17.247827042581
17.255418510270
17.263119040848
17.270840992186
17.278551802585
17.286296581325
17.294020257014
17.301947153284
17.310030033137
17.318291064251
17.326410253344
17.334395517295
17.342106822097
17.349754872927
17.357225649964
17.364529215899
17.371796712793
17.378945337637
17.385999347819
17.392832711108
17.399418512038
17.405721055519
17.411791052008
17.417979481158
17.423805799577
17.789114317503
17.795431207421
17.801425124670
17.807370365733
17.813296211141
17.819218282681
17.825116466186
17.831031734486
17.836954758738
17.842969884958
17.848931458285
17.854790147242
17.860552935850
17.866231197407
17.871984756791
17.877786604918
17.883723432886
17.889691759609
17.895552860795
17.901059033598
17.906919619939
17.912958403867
17.919067362305
17.925253493671
17.931415533601
17.937617911871
17.943801007815
17.950039874864
17.956467199243
17.962985292804
17.969430631323
17.975617822238
17.981606652726
17.987901814120
17.994277554865
18.000764944417
18.007309708648
18.013675606956
18.019905245386
18.026051135333
18.032131581536
18.038150876901
18.044119874718
18.050084617436
18.056110792674
18.062148829370
18.068293193205
18.074561653233
18.080706061916
18.087020302511
18.093408272427
18.099602255642
18.105725243153
18.111853838643
18.117933532589
18.124246304879
18.130784653647
18.137213350601
18.143679845063
18.149882485682
18.156148234948
18.162225220854
18.168255554390
18.174816325988
18.180457513240
18.186060592449
18.191619671548
18.197212372905
18.202896081503
18.208657957449
18.214435389696
18.220164582890
18.225912377005
18.231694196820
18.237480405667
18.243263463648
18.249040104026
18.254806307208
18.260512557952
18.266173684326
18.271846999540
18.277513869513
18.283169594865
18.288827901715
18.294466286527
18.300127408477
18.305812011351
18.311580163270
18.317354045854
18.322841295831
18.328222748179
18.333642321529
18.339057282310
18.344376684303
18.349660273220
18.354994330164
18.360303948024
18.365632547237
18.371021996959
18.376249838703
18.381406026851
18.386596535013
18.391753487954
18.396955079009
18.402077555385
18.407146370968
18.412143924957
18.416995567227
18.422027838387
18.426993793458
18.431866942154
18.436703032334
18.441529133499
18.446341882969
18.451136946289
18.455884606680
18.460586819103
18.465313550044
18.469980237480
18.474669675822
18.479314470127
18.483946518670
18.488579476361
18.493215025694
18.497891357619
18.502707138638
18.507710673585
18.512877623524
18.518270775650
18.523997355317
18.530060395722
18.535410812882
18.540065778716
18.544726634458
18.549198059299
18.553879606036
18.558431083951
18.563244728801
18.567733707582
18.573111225483
18.577887174700
18.582556210883
18.587407647524
18.592482420173
18.597073973096
18.602230813420
18.607291933207
18.612331420607
18.617422747929
18.622224316742
18.627222633401
18.632329301518
18.637459872310
18.642582063837
18.647684203695
18.652789264293
18.657865169739
18.662992261377
18.668141732849
18.673337887627
18.678616566942
18.683916605530
18.689293620240
18.694691276940
18.700152074619
18.705679096808
18.711357397890
18.717212473993
18.722903158066
18.728630192802
18.734426656068
18.739939255550
18.745263078875
18.750896120524
18.756350319468
18.761739851137
18.767506984447
18.773528968492
18.779097414626
18.784493747348
18.789748257680
18.795054203243
18.800343750677
18.805603125137
18.810958894722
18.816531577066
18.822138994880
18.827819737160
18.833528209533
18.839262611417
18.845037392240
18.850854902510
18.856682135751
18.862526748949
18.868392253323
18.874246401496
18.880144171202
18.886065752819
18.891997953444
18.898094395316
18.904152826584
18.910164840197
18.916114337768
18.922055164607
18.928024531657
18.933997967571
18.939999071489
18.945989767264
18.952052764246
18.958226603959
18.965352392156
18.971868617722
18.978049744629
18.984110892627
18.990048954783
18.996229451227
19.002279172590
19.013946299027
19.019881445900
19.026158887790
19.032204399569
19.038318001742
19.044200595450
19.050113340942
19.099120814606
19.105795965505
19.112780752288
19.119824551383
19.127009191024
19.134252528364
19.141506565878
19.148681156856
19.155748747428
19.162887622855
19.170002415893
19.177170622635
19.184313056787
19.191454023775
19.198589291514
19.205695518615
19.212814039209
19.219972867916
19.227157829809
19.234419642919
19.241720008654
19.249064341312
19.256473434209
19.263924769939
19.271372119241
19.278982154188
19.286410209276
19.293696537551
19.300955382061
19.348635290519
19.355636034513
19.362263755397
19.368991818783
19.376116386579
19.383600052707
19.498595379501
19.504228182044
19.510145961774
19.516108781935
19.522136332811
19.528207668729
19.534340674913
19.540502281752
19.546707603026
19.552906229083
19.559207105135
19.565559539316
19.571920941881
19.578307611849
19.584717563430
19.591175107021
19.597604002010
19.604094915316
19.610651745037
19.617340548153
19.624175514855
19.630925166163
19.637630365841
19.644360510483
19.650674661741
19.657233436333
19.663814543368
19.670394234834
19.685003116633
19.691914442219
19.698479782413
19.705084965848
19.711882141693
19.718928438098
19.771425007240
19.778964170504
19.786872250108
19.795214144903
19.803468507209
19.811860344486
19.819892259847
19.828342850864
19.836287926084

