Time_s
0.435208616995
0.439597162442
0.443651242321
0.447539200750
0.451358936085
0.455068816046
0.458724012120
0.462423700492
0.466095407658
0.469777525703
0.473462980997
0.477154925525
0.480841159236
0.484525272181
0.488209352012
0.491908653545
0.495608224484
0.499310028586
0.503007127991
0.506690444969
0.510383435294
0.514043136196
0.517708879200
0.521343596970
0.524968703444
0.528581782880
0.532187547760
0.535757848469
0.539325884070
0.542860654706
0.546389303469
0.549868209036
0.553337717079
0.556752796357
0.560155795464
0.563491709006
0.566803047612
0.570078506637
0.573309316190
0.576527998992
0.579722883581
0.582895738663
0.586075192509
0.589205194686
0.592333928958
0.595634821121
0.599103577234
0.605067481460
0.607439008355
0.613889647931
0.615702345900
0.619301893808
0.621265697190
0.623399762350
0.835333290235
0.838789141888
0.842696824047
0.846645660990
0.850584714295
0.854594296954
0.858685173591
0.862777309404
0.866896282377
0.871056834582
0.875231515241
0.879431305649
0.883654357535
0.887899409167
0.892164593048
0.896455877199
0.900744636609
0.905022742829
0.909301670024
0.913586859858
0.917888096261
0.922202024919
0.926512646903
0.930851604281
0.935177822654
0.939532477839
0.943861578863
0.948195189658
0.952518904874
0.956856222623
0.961194176403
0.965538964736
0.969876841568
0.974149009503
0.978369881126
0.982518987817
1.201872786238
1.205704595123
1.209946461539
1.214266979039
1.218681524235
1.223152506990
1.227692676897
1.232271730818
1.236931752169
1.241646565331
1.246372467635
1.251190608979
1.255999640968
1.260886195876
1.265804991728
1.270781233183
1.275814116009
1.280897961089
1.286050189400
1.291190818063
1.296394993844
1.301655492906
1.306986148378
1.312335679518
1.317844261659
1.323360406695
1.328916879735
1.334508603583
1.340150101094
1.345752322778
1.351305057741
1.356994670407
1.362613350241
1.368288900112
1.374054282968
1.379852602657
1.385803590127
1.391645151317
1.397610873275
1.403621235698
1.409285941130
2.007555970127
2.011062798424
2.015292724861
2.019644174820
2.024047945320
2.028629786788
2.033099945275
2.037531432769
2.041942094299
2.046330465358
2.050744803583
2.055126106854
2.059496897087
2.063878350659
2.068228156971
2.072563153584
2.076873997168
2.081148270366
2.085443940851
2.089707945274
2.093928338706
2.098172176082
2.102382384824
2.106557220239
2.111067337437
2.115213466573
2.119424968418
2.123680526362
2.127858943161
2.132141826809
2.135775561026
2.142807350980
2.184108813449
2.185954095719
2.189375597425
2.191208378387
2.195415405316
2.197037671592
2.199303349746
2.201051858058
2.202698482194
2.204317122087
2.207955453088
2.210147021098
2.211768034796
2.214996527792
2.265591901045
2.269112096492
2.272273933843
2.276012054778
2.279475228473
2.283051295230
2.286763563757
2.290463844203
2.294178333870
2.297860899278
2.301575337977
2.305278188959
2.308992359234
2.312673494402
2.316390589360
2.320064831834
2.323778777977
2.327445251050
2.331733395278
2.335251954039
2.377020917142
2.380757422234
2.384129979902
2.387826606608
2.391501807099
2.395171197806
2.398893149337
2.402602218632
2.406357344689
2.410110841201
2.413936213837
2.417771557911
2.421626019550
2.425484489144
2.429485469237
2.433526592228
2.437463947777
2.442008167914
2.522511492369
2.525980780255
2.529573177593
2.533819884110
2.537934578473
2.542034417908
2.546161146984
2.550298592732
2.554392760162
2.558492940615
2.562721332147
2.566962814224
2.571182581556
2.575439831996
2.579714817415
2.583978704081
2.588247541329
2.592504774800
2.596798065488
2.601063960951
2.605333894855
2.609624559244
2.613926187684
2.618192805891
2.622477323047
2.626775626612
2.631048167437
2.635336964466
2.639631103885
2.643948951014
2.648239635324
2.652536444992
2.656829199281
2.661115765540
2.665390394914
2.669664092687
2.673930525111
2.678195215998
2.682463981328
2.686700799332
2.690923340875
2.695171859682
2.699444377099
2.703676340340
2.707912671050
2.712141337762
2.716376628029
2.720603731052
2.724893208285
2.729141183545
2.733382025152
2.737272120166
2.814468716149
2.818517730216
2.822644776122
2.826793326939
2.830938796493
2.835066078313
2.839197714794
2.843343369848
2.847467179971
2.851584905912
2.855710329336
2.859836828326
2.863965755695
2.868072654044
2.872171871256
2.876261768011
2.880320400713
2.884413929436
2.888504712107
2.892621581742
2.896795260283
2.901022012697
3.074473788607
3.081837959710
3.085715697467
3.090092245902
3.094462720279
3.098837312218
3.103264537669
3.107763356354
3.112261990402
3.116809132482
3.121417616901
3.126062105301
3.130747909558
3.135460628404
3.140210142063
3.144983722735
3.149804339141
3.154664884454
3.159502425715
3.164381662158
3.169303509032
3.174167761118
3.179114371704
3.184041765871
3.188936249872
3.193912202238
3.198838818045
3.203760072030
3.208679913848
3.213546239266
3.218528837949
3.223136187511
3.307351581337
3.312064623884
3.316854601767
3.321639697300
3.326536100492
3.331441673273
3.336308445421
3.341235424958
3.346188121186
3.351111977281
3.356016005186
3.360991029920
3.365983600137
3.370944614809
3.407665812445
3.409686033287
3.411488779608
3.415724014474
3.419940970103
3.422083869346
3.424216160281
3.426461951110
3.428608159588
3.430734720053
3.432878865037
3.434971618856
3.437539432386
3.441496657149
3.443676609735
3.446127839500
3.485586339838
3.490460342674
3.495367212716
3.500337773077
3.505262519114
3.510199522174
3.515163650794
3.520228598780
3.525359114107
3.530540154063
3.535746240173
3.540977842138
3.546256668097
3.551532736730
3.556881722880
3.562265938693
3.567682792907
3.573096409481
3.578509187831
3.583943505018
3.589379852156
3.594812106746
3.600251509236
3.605646127681
3.611043836052
3.635658365149
3.640111926485
3.642261713078
3.644060690946
3.646719062086
3.650277793062
3.652477960305
3.656817251210
3.658825622126
3.660576431204
3.662687218593
3.666486908074
3.668848348641
3.670605235004
3.672645531883
3.677234287374
3.679534938619
3.681335778911
3.685531246572
3.717476536722
3.722404778747
3.727578365324
3.732768633980
3.738079192740
3.743391328649
3.748784133151
3.754254199531
3.759770757077
3.765356044594
3.770905198827
3.776440942392
3.781972350856
3.787539343716
3.793045918085
3.798549580423
3.804148590014
3.809746315941
3.815364852602
3.821105160215
3.855351478443
3.860734685850
3.866263609199
3.871751319814
3.877162332443
3.882570711161
3.887961012960
3.893367823041
3.924410683072
3.926128415041
3.927993895143
3.932567905947
3.934822588045
3.936880219756
3.938500898484
3.943748551940
3.945391747293
4.024312318677
4.026705662594
4.029323865114
4.033255133410
4.035054770166
4.037108497753
4.038894837361
4.040926705524
4.042711178189
4.044486978358
4.049004489150
4.050810132690
4.053075156969
4.054719010422
4.056364216266
4.060069472115
4.062099205073
4.063765336651
4.065467479402
4.069385117046
4.071734904283
4.073487870203
4.094825781051
4.099912665481
4.104673692407
4.109525881037
4.114420232813
4.119361413939
4.124323768010
4.129294942003
4.134323152033
4.139340122028
4.144399795379
4.149497823642
4.154624256934
4.159800729442
4.164946876098
4.170154551167
4.175422385497
4.180718766044
4.186100744311
4.191613575929
4.197194813546
4.202845804989
4.208582540568
4.214360943567
4.220229716455
4.226091944318
4.232012076144
4.237918538384
4.243888502841
4.249824911433
4.255792905015
4.261701665518
4.267721277296
4.273703028811
4.279765735901
4.285883823871
4.291968182981
4.298103597851
4.304244993128
5.002257580642
5.006062755430
5.010383731473
5.014709244027
5.019014991474
5.023319875713
5.027617506436
5.031915834089
5.036159232255
5.040341968965
5.044468246572
5.048579202870
5.052647637434
5.056789685808
5.063944698654
5.085669174645
5.087569557479
5.093465253277
5.096326777004
5.102359052594
5.104620215016
5.107061332746
5.109615086852
5.111996496347
5.114277246194
5.120706007466
5.122623367027
5.124448649422
5.128180728845
5.130268613179
5.132071120298
5.133873646086
5.186614119897
5.188381042755
5.194181767165
5.196274062844
5.198375076323
5.201676194598
5.203314099284
5.204948429421
5.206582940306
5.210799197948
5.212600923192
5.214269970977
5.216159568338
5.219704325916
5.221625173825
5.223830510953
5.225587416045
5.229775722398
5.231510407885
5.233245052320
5.234978759443
5.310363007707
5.314797788002
5.319050725575
5.323367581621
5.327734034814
5.332147735761
5.336589560090
5.341048233154
5.345499012504
5.349965306635
5.354409913788
5.358901842434
5.363356605476
5.367822950263
5.372296494803
5.376777789743
5.381257029962
5.385759469368
5.390238210574
5.394748741487
5.399230056614
5.403733256597
5.408222106114
5.412735386830
5.417259631303
5.421765225844
5.426282997335
5.430829376039
5.435382626615
5.439860633354
5.444332024014
5.448866051913
5.453375491143
5.457889172267
5.462381993306
5.467015021353
5.471657509800
5.535076079746
5.540085165778
5.545169100792
5.550271412765
5.555404033286
5.560545056403
5.565700006486
5.570844427656
5.576006025976
5.581171857355
5.628281521621
5.630739414220
5.632539323342
5.634371494855
5.638341386989
5.640680297656
5.642516449799
5.646147190500
5.719313170453
5.723808369136
5.728557132498
5.733316283813
5.738088299641
5.742887269528
5.747663283982
5.752476005185
5.757319512182
5.762154528685
5.766985479004
5.771774216198
5.776543370713
5.781318512965
5.786109222912
5.790846807671
5.795531210212
5.800270919587
5.804949005027
5.809575402469
5.814153300521
5.818720714103
5.823267815594
5.827788119672
5.832255128233
5.836638335590
5.840927013804
5.845123710546
5.849477935959
5.975833458017
5.977737947046
5.979570806742
5.982257902265
5.984185363144
5.986023754828
5.989886346597
5.992308547251
5.998684507706
6.000783485154
6.002674037195
6.006859799005
6.008988722089
6.011110216773
6.013649908293
6.015561675243
6.017250313806
6.022544923289
6.024484691798
6.026173930893
6.055395615829
6.059471964096
6.063374791399
6.067807180927
6.072305820852
6.076735009958
6.081270894405
6.085924494936
6.090599748308
6.095355464129
6.100077994397
6.104872492556
6.109674222303
6.114497241466
6.119376565523
6.124250462837
6.129112260740
6.133999597177
6.138901483238
6.143776602756
6.148646907542
6.153524217966
6.158378711025
6.163228620277
6.168068569729
6.172871641598
6.177706677015
6.182495594055
6.187304827220
6.192072259526
6.196784101874
6.201483957836
6.206184845702
6.210870099133
6.215558066138
6.220219908475
6.224896188945
6.229577709038
6.234056845611
6.337068684612
6.339041394210
6.341451049714
6.343504475844
6.345472473509
6.347462591131
6.350210100856
6.352346516964
6.354331788933
6.356104704163
6.358234621501
6.360107565459
6.363547075328
6.365362570200
6.367199857306
6.368875429156
6.370634745501
6.375017784506
6.386588409553
6.390995068661
6.395701057599
6.400527948630
6.405446524812
6.410333690129
6.415319632674
6.420319923432
6.425353916162
6.430457064366
6.435697071028
6.440798091682
6.446024729817
6.451315498030
6.456682487664
6.462034661227
6.467518322082
6.473084230023
6.478605127950
6.484341128469
6.490067502524
6.495807756335
6.501607819426
6.507531163037
6.513402331605
6.519259633094
6.525076049839
6.530970238835
6.536893123135
6.542747138683
6.548684640809
6.554610962640
6.560470746935
6.566384717314
6.572379779312
6.578338346911
6.584393494636
6.590354067351
6.596214823250
6.602098976186
6.607861114345
6.613558492844
6.673640173620
6.675494785649
6.680297687176
6.682193430833
6.684035795891
6.689251291444
6.691242036335
6.696649501695
6.698406324972
6.700100550346
6.704346528787
6.706020408163
6.708058606571
6.709914766966
6.711537462145
6.715079332195
6.716700258420
6.718556679403
6.720155226167
6.723408748902
6.725443922806
6.727178322326
6.728991730495
6.732697788078
6.734727861152
7.269946892837
7.275264319834
7.280067006523
7.285216719226
7.290268424745
7.295349208950
7.300468172854
7.305573906744
7.310693257020
7.315810316640
7.320940350442
7.326077999712
7.331175234256
7.336344222858
7.341501817651
7.346699004084
7.351870599428
7.357081096406
7.362263331587
7.367448331465
7.372632240278
7.377752578072
7.382947502254
7.388145365483
7.393301108360
7.398496188179
7.403671589949
7.408808191127
7.413986965031
7.590647804141
7.594538624512
7.598575727298
7.602652958538
7.606720091719
7.610739014573
7.614705243536
7.618624237930
7.622509190925
7.626332922131
7.630123805870
7.633854762494
7.637754164891
7.641472910051
7.645387956437
7.756989829905
7.758816157689
7.760668073364
7.765720821075
7.767559994884
7.769421790359
7.771268446869
7.775406384054
7.777974835330
7.779737247737
7.785787487876
7.858995282672
7.863499708172
7.868409094664
7.873373356158
7.878408647682
7.883601483777
7.888829335744
7.894215344077
7.899642151636
7.905147962475
7.910697233695
7.916332055524
7.922046707427
7.927819141457
7.933605303748
7.939402821612
7.945208319692
7.951049230837
7.956850847119
7.962709115966
7.968508504874
7.974424977413
7.980301781336
7.986298592736
7.992280543994
7.998366245593
8.004511153291
8.057043843517
8.058981941337
8.060737799261
8.065853379391
8.068244145490
8.070037103490
8.071851827536
8.073650855848
8.077244947057
8.079050495749
8.080750236932
8.084825860885
8.087098990178
8.094251880448
8.096822117233
8.100883932462
8.102837769187
8.104799126851
8.108559985089
8.110437984738
8.112507688497
8.114232337529
8.115938876711
8.119774168798
8.121709716469
8.123396596386
8.348439698140
8.353113120586
8.357937056985
8.362893627049
8.367842364034
8.372745873775
8.377678019244
8.382606502345
8.387463203474
8.392286319988
8.397111068236
8.401862998640
8.406551951364
8.411278857329
8.415967852003
8.420659834561
8.425326455068
8.429989630560
8.434616086438
8.439311844612
8.444037519372
8.448762228050
8.453465085383
8.458220534515
8.463024796800
8.467858531003
8.472760615575
8.477714060335
8.482210846181
8.574320847159
8.576889888528
8.578714906820
8.580613216633
8.584401389423
8.586249489074
8.588261180529
8.590359031003
8.592925238487
8.594838419490
8.597047864850
8.601383630025
8.603427081423
8.605383175705
8.607286356811
8.611177692851
8.613740598947
8.618867143951
8.621512815716
8.623736490178
8.625574952314
8.629194182915
8.631747449734
8.633739026815
8.635635511400
8.654703777299
8.665853959280
8.677484199949
8.692249421056
8.704323193413
8.716663189571
8.729154879303
8.741917191503
8.754730033338
8.767579004971
8.780508331117
8.793343982789
8.806036653421
8.818580198170
8.831107383529
8.843544875783
8.886413349666
8.888358022604
8.893758237575
8.895546046284
8.897454764609
8.899233877316
8.902415668912
8.904541940569
8.906163171713
8.907926207943
8.911236473848
8.913140501027
8.914940197531
8.916693180769
9.135282057443
9.137331077450
9.139024675251
9.143533014174
9.145445778891
9.147651578068
9.152638239042
9.154614416506
9.159662289415
9.161630873714
9.164023243229
9.166283377060
9.170019135953
9.172376899369
9.174797081451
9.176728716585
9.180609046530
9.183528350728
9.187879142704
9.190796269139
9.192823263914
9.197298674336
9.380022442836
9.385329153581
9.390550600816
9.395781640847
9.401016452809
9.406316586659
9.411703129858
9.417348476091
9.422377442767
9.427478254349
9.432511942976
9.437536170435
9.442596318284
9.447568255133
9.452542693941
9.457564205820
9.462536860876
9.467477952370
9.472438474807
9.477426893108
9.482379774209
9.487315195448
9.492225845371
9.497126150271
9.502040670027
9.506459853600
9.511391537350
9.516274375642
9.521297470446
9.526258229848
9.531194190849
9.536207464174
9.541164235933
9.546083887145
9.551042565457
9.555993284555
9.560932009470
9.565896781260
9.570818196060
9.575788456782
9.580708446430
9.585656892754
9.590566771542
9.595493820352
9.600390669754
9.605233453850
9.610127943965
9.614963843233
9.619843747089
9.624673014679
9.629469351215
9.634468975250
9.669409935393
9.674023236541
9.678840379718
9.683502232396
9.688032436150
9.692480208507
9.696831691751
9.701220711096
9.705550471962
9.709878628808
9.714179420919
9.718517913350
9.722790121752
9.727003591259
9.731281811096
9.735492681815
9.739621229940
9.743817106541
9.747916044138
9.751927306202
9.756013941921
9.760085543033
9.764166327620
9.768225240824
9.772276016742
9.776361953359
9.780480882066
9.784588915878
9.788669432117
9.792790554021
9.796920876011
9.801093718243
9.805294892376
9.809509217265
9.817772543356
9.955183650862
9.958964991657
9.962968595200
9.967319860674
9.971848909174
9.976465874195
9.981139579401
9.985853193950
9.990599635010
9.995524194935
10.000410446286
10.005397867113
10.010501559845
10.015598940921
10.020793768067
10.026056736939
10.031350327698
10.036738175042
10.042144563990
10.047601231747
10.053040823331
10.058631455504
10.064224170794
10.069926610224
10.075732677317
10.081647286163
10.087744590501
10.273569914504
10.278981286213
10.284394067592
10.289830733750
10.295241978562
10.300688051652
10.306161493247
10.311662650898
10.317124667093
10.322584557063
10.328072183406
10.333547532976
10.339012869081
10.344484346110
10.349963188451
10.355511331737
10.360940130214
10.366363448762
10.371781393352
10.377237006469
10.382694778917
10.388105790807
10.393571952276
10.399039828728
10.404607593198
10.410213467144
10.513470570529
10.519631009043
10.525617313231
10.531701467478
10.537778481938
10.543932593267
10.550097214782
10.556261244493
10.562487272165
10.568775321953
10.575053436246
10.581389405168
10.587742491234
10.594244810316
10.658725124898
10.664900980467
10.671219540842
10.677371506070
10.683570408299
10.689786056637
10.695947979998
10.702114191079
10.708274975877
10.714417164877
10.720428033944
10.726477426239
10.732568270593
10.738642094796
10.744648099306
10.750747355920
10.852339262661
10.857483239576
10.862640591524
10.867802738866
10.872971188102
10.878084146762
10.883207114375
10.888320572773
10.893439504632
10.898490938695
10.903561768145
10.908640841171
10.913687092909
10.918769548032
10.923886486830
10.928987925244
10.934144649028
10.939353997764
10.944528028329
10.949729741253
10.954959669431
10.960280354315
10.965634712575
10.971039988235
10.976576646493
10.982266805500
10.987987229667
10.993811607457
10.999720189317
11.005790536786
11.011916960262
11.018113302605
11.024443689280
11.030817973326
11.037288398047
11.043816411618
11.050388499123
11.056979502240
11.063516783357
11.069964715925
12.011837587235
12.016906977914
12.021429894274
12.025991488118
12.030598709805
12.035188154663
12.039797060446
12.044375184150
12.048894034751
12.053407850257
12.057899733972
12.062427683289
12.067050953065
12.071732573252
12.076394001363
12.081095779131
12.085764720639
12.090436764068
12.095124206071
12.099889409307
12.104660601775
12.109419590011
12.114189128362
12.118927674898
12.123643733221
12.128343990089
12.133021808949
12.137675887441
12.142309239241
12.146893829678
12.151461156856
12.155982071689
12.160514257683
12.165025688095
12.169533399857
12.174025270785
12.178533415292
12.182977024121
12.187423650368
12.191895767894
12.196307365931
12.200724057882
12.205128606920
12.209398820391
12.213259127342
12.216782903029
12.316823770005
12.320279644502
12.323922336413
12.327515542408
12.331195627996
12.334924579921
12.338646311543
12.342388981634
12.346098874507
12.349820071498
12.353539192219
12.357276022949
12.360994376545
12.364738582877
12.368474023568
12.372219212771
12.375964249372
12.379728434494
12.383482478545
12.387280999232
12.391007501799
12.394867007991
12.398619902419
12.402382074531
12.406137794629
12.409964996966
12.413715996632
12.417542727547
12.421313140567
12.425185497088
12.428990973520
12.432894122568
12.436725182954
12.440652171110
12.444490971726
12.448395431325
12.452237209804
12.456199655904
12.459911695190
12.463820781448
12.467743462579
12.471693016100
12.475558193665
12.479558864710
12.483402275871
12.487379526114
12.491234030254
12.495187770516
12.499051227986
12.503111088624
12.507061072734
12.510985691684
12.514993214676
12.519007331437
12.522997363718
12.527000389077
12.531009298524
12.535071772038
12.539051942071
12.543130600054
12.547226896625
12.551345428188
12.555441919229
12.559587419966
12.563730962122
12.567946735721
12.572105507114
12.576357030870
12.580636926417
12.584971404601
12.589308485672
12.593699719897
12.598164282466
12.602617210732
12.607132629535
12.611746910893
12.616451029200
12.621163310420
12.625896161010
12.630665982371
12.635419700312
12.640198309611
12.644991663652
12.649757276013
12.654576363769
12.659576865970
12.664445401206
12.669391248022
12.674230523506
12.678966383066
12.785745756907
12.787436336273
12.789569597320
12.794020967654
12.795847080528
12.797718307061
12.799568889430
12.802849542545
12.805215516609
12.807009390046
12.808743159270
12.812346191779
12.814567848498
12.816656360763
12.835477413595
12.840313432948
12.844773699634
12.849237330003
12.853828329518
12.858532832960
12.863141252359
12.867779450077
12.872486608807
12.877234957255
12.881895912187
12.886596574846
12.891214482382
12.895285940510
12.900085317583
12.904889192742
12.909727574942
12.914630226287
12.919501168116
12.924416525221
12.929331219030
12.934259093258
12.939160405302
12.944061066163
12.948999741823
12.953942730756
12.958876161816
12.963796005017
12.968742023094
12.973641545638
12.978527415738
12.983452060261
12.988338459074
12.993232725032
12.998122735450
13.002962817738
13.007789324805
13.012607041785
13.017399981209
13.022186896154
13.026969145084
13.031697715630
13.036361635853
13.041005684345
13.045618730281
13.050237165430
13.054816628386
13.059359994493
13.063902287194
13.068492753032
13.072962249151
13.203898254628
13.208076425508
13.212173531495
13.216380189285
13.220707567789
13.225115939163
13.229588679677
13.234079839522
13.238641609545
13.243222888684
13.247895928574
13.252529018443
13.257223189072
13.261886608317
13.266611581751
13.271300017873
13.275979222662
13.280693517468
13.285351961330
13.289990711130
13.294608874861
13.299218501347
13.303813098828
13.437462576889
13.441198337592
13.444914226012
13.449048233628
13.453204165501
13.457327990403
13.461445098465
13.465598568641
13.469724744986
13.473850620812
13.477978238773
13.482100779669
13.553471686413
13.555121609336
13.557624260983
13.561213221539
13.563139428088
13.564797071793
13.566917395854
13.569352677339
13.574771714161
13.576543964969
13.578208733830
13.580210504944
13.582072608878
13.583761193684
13.671421880452
13.675490502539
13.679868260349
13.684593346273
13.689243975267
13.693831283431
13.698519260882
13.703306689142
13.708067155918
13.712838697905
13.717780637788
13.722654147184
13.727571544010
13.732551263162
13.737551404862
13.742607529732
13.747736456962
13.752848092871
13.758070355561
13.763333147029
13.768704327394
13.774055197845
13.779481646314
13.784950174505
13.790503165470
13.796010796957
13.801592988426
13.807227937251
13.812871829913
13.818544728425
13.824147832414
13.829752931507
13.835461091510
13.841208236240
13.847183455488
13.853107869492
14.003987595493
14.006043678421
14.008429047578
14.013539325614
14.015233397208
14.017757885794
14.019533529590
14.023614231021
14.025373710178
14.058986090949
14.064033388480
14.069149961254
14.074217407887
14.079329495043
14.084518310098
14.089764080394
14.094621070048
14.099422741701
14.104392539671
14.109353094943
14.114343631494
14.119252191424
14.124140116604
14.129043383449
14.134217125801
14.139304905498
14.144399140200
14.149560956140
14.154737238175
14.159935931423
14.165140799865
14.170513644207
14.175797558814
14.181118919783
14.316108947462
14.321272264080
14.326203487952
14.331183014446
14.336133356385
14.341100581887
14.346081234138
14.351069899832
14.356015772969
14.360952076372
14.365918129780
14.370865756858
14.375785832280
14.380765308188
14.385765361996
14.390697623056
14.395607502397
14.400574726038
14.405516970138
14.410426201275
14.415375940864
14.420430579318
14.600704310925
14.605279283687
14.609674619912
14.614166633951
14.618671365890
14.623172895604
14.627700053314
14.632255861030
14.636964727232
14.641680496869
14.646421260914
14.651222855538
14.656031606096
14.660837108972
14.665701838282
14.670596035780
14.675501777988
14.680461282781
14.685434529409
14.690317132073
14.695250004283
14.700185853810
14.705163829748
14.710113542665
14.715062008695
14.719899782380
14.724740476531
14.729600242297
14.734361838552
14.739209310169
14.744056678026
14.748712441728
14.753333175011
14.757799918148
14.882080498588
14.887292124652
14.892374108724
14.897470569244
14.902673288816
14.907910849642
14.913185702285
14.918533903026
14.923954054957
14.929408444633
14.934921984090
14.940518355545
14.946103337214
14.951751883666
14.957421884830
14.963093844428
14.968857846616
14.974650489919
14.980435050405
14.986181763587
14.992057548855
14.997941113221
15.003791198863
15.009594787781
15.015448487565
15.021327892354
15.027184775361
15.033005734054
15.038861579555
15.044731490346
15.050542188718
15.056391615573
15.208583179120
15.213851598568
15.219243701952
15.224722030438
15.230267331581
15.235784940126
15.241342451940
15.246987784954
15.252675841217
15.299258928335
15.304948190652
15.310645688733
15.316303176088
15.321929098699
15.327507539981
15.333036915630
15.425501576474
15.428054943010
15.429927953837
15.435255563504
15.439205502063
15.441032303007
15.443437451575
15.446169447578
15.447971355278
15.451899098044
15.454180449791
15.456197255816
15.469000260333
15.473552716472
15.478284768515
15.483135669228
15.487984266609
15.492972804097
15.497998007023
15.503068612269
15.508250228304
15.513472654433
15.518739309059
15.524056557679
15.529395939748
15.534813178316
15.540285797280
15.545813969013
15.551441767787
15.557286498203
15.563149315386
15.569159867195
15.575141135190
15.581179946523
15.606530443213
15.618907967452
15.631310413013
15.643983688956
16.277547164359
16.279612319720
16.286265429140
16.288346992649
16.290470932554
16.292177263876
16.294265489517
16.295950356028
16.298186100252
16.300067138265
16.303682273989
16.305416939844
16.307196871961
16.309167785889
16.313854788422
16.315770661528
16.319514749928
16.321506766705
16.323400137083
16.595514255879
16.599787059456
16.603826937908
16.608010219468
16.612158806811
16.616408328248
16.620634460594
16.624866159239
16.629139593067
16.633335289142
16.637607383372
16.641800220790
16.713958699357
16.718334072713
16.721895532344
16.725724312315
16.729803519349
16.733991650850
16.738246556884
16.742502554110
16.746801959935
16.751133099590
16.755497899950
16.759896315525
16.764313169936
16.768732501428
16.773179934650
16.777662602249
16.782170820481
16.786686161156
16.791361873711
16.936412750130
16.940110915844
16.943966311702
16.948074995218
16.952159723980
16.956234989978
16.960307288913
16.964356632295
16.968378260621
16.972378625066
16.976345967976
16.980299623806
16.984225905007
16.988143717931
16.992028080986
16.995974489503
16.999933804474
17.003913597867
17.007964631706
17.012138537152
17.016497247560
17.153006622099
17.156256974009
17.160338028975
17.163575562524
17.167069364669
17.170597265226
17.174105502148
17.177659077052
17.181173571021
17.184645958365
17.188107151142
17.191556167149
17.194998158939
17.198424582897
17.201842974189
17.205248066204
17.208660275197
17.212065031567
17.215467628337
17.218880099947
17.222228930493
17.225623149650
17.228990996161
17.232461193261
17.235868282413
17.239285212086
17.242803553550
17.250430843017
17.405299888477
17.408640514051
17.412209671718
17.416316162208
17.420511367174
17.424749049317
17.428991606963
17.433326417573
17.437645407191
17.441987418487
17.446357840295
17.450831610799
17.455265480870
17.459725644510
17.464207141337
17.468677729252
17.473207456827
17.477723984200
17.482241259584
17.486796895780
17.491361168170
17.495920337154
17.500512415767
17.505109962597
17.509774470339
17.514369039242
17.518967357466
17.523600173657
17.528222926513
17.532877851707
17.537541318041
17.542258430748
17.546942452339
17.551643007042
17.556404073881
17.561209386404
17.566047314105
17.570848877372
17.575652013088
17.580342599982
17.585171686393
17.590065254393
17.594989604778
17.599932776429
17.604730009699
17.705864010815
17.707660037540
17.712428796122
17.714654468671
17.716844917379
17.719653257964
17.721753466834
17.724196874494
17.729340802397
17.731054421769
17.732846556138
17.734695479178
17.738432605114
17.740524016936
17.742596359654
17.744662207578
17.746647561401
17.749143477961
17.751214960664
17.753183112787
17.755578539653
17.766545390618
17.771521272201
17.776542939663
17.781563533665
17.786617970748
17.791743348248
17.796846734614
17.801979636445
17.806939043702
17.811926127825
17.816941551980
17.821913161091
17.895207141887
17.899753378459
17.904502143563
17.909493660487
17.914453662795
17.919461006426
17.924538972226
17.929697767710
17.934863528105
17.940066767849
17.945338061697
18.076881028953
18.081357994844
18.086235606951
18.091151904916
18.096052903917
18.100923794995
18.105844808950
18.110742193934
18.115560740957
18.120386866275
18.125206296186
18.130017611486
18.134824727719
18.139616044513
18.144403544562
18.149236799459
18.154075461846
18.158879042362
18.163682372449
18.168526058625
18.173316496439
18.178069731028
18.182822781119
18.187561226616
18.192260879216
18.196960888349
18.201658454366
18.206374980241
18.211108808783
18.215792182920
18.220444344152
18.225038219420
18.229685772686
18.234392666985
18.239025999240
18.243620752245
18.248199938154
18.252790593233
18.257383737038
18.261999768365
18.266650727907
18.271353233050
18.276016809592
18.280721863361
18.336858938044
18.341208662573
18.346057135285
18.351108131302
18.356076206347
18.361097717484
18.366111313697
18.371166421565
18.376223101855
18.381359191999
18.386505553191
18.391637622628
18.396793990708
18.401975863972
18.407146850999
18.412369561702
18.417565879443
18.422791925363
18.428028982500
18.433231871550
18.438496195666
18.443790312456
18.449063784623
18.454267657576
18.459547065283
18.464858239939
18.470151857666
18.475511604208
18.480955210772
18.633959585642
18.639845016127
18.645640824623
18.651424836370
18.657195885724
18.663015931502
18.668928547427
18.674841932998
18.680773405095
18.686665244493
18.692566460121
18.698450214584
18.704304911822
18.710135864640
18.715990646391
18.721899600263
18.727782144811
18.733740620849
18.739720392794
18.745775911350
18.751889716754
18.758050674087
18.764386074633
18.770659775279
18.776971291763
18.783324306870
18.789635920200
18.795986723262
18.802431764110
18.808833921307
18.815229209984
18.821736116065
18.828306575563
18.834882003222
18.841474648362
18.848132945499
18.854803069877
18.861623910389
18.868391660322
18.875271796214
18.882095523920
18.888647466204
18.895218216232
18.901570276127
18.992495812293
18.995204189562
19.000404956712
19.002235648480
19.004498055691
19.006277534334
19.009820674988
19.011970752206
19.013727967573
19.542874903281
19.548500000675
19.554013805095
19.559508964415
19.564977915568
19.570395935281
19.575784239393
19.581122938436
19.586450841543
19.591765334413
19.597078179591
19.602376716784
19.607713475490
19.613105004464
19.618499155811
19.623776046579
19.629067140485
19.634376788793
19.639726038775
19.678708130262
19.683829101096
19.688880490010
19.693911592332
19.698921049548
19.703740182553
19.708562227661
19.713391416524
19.718215758114
19.723075900942
19.727935095718
19.732798737691
19.737685482835
19.742567173664
19.747411000912
19.752273310984
19.757150849990
19.761984414728
19.766849774517
19.771687187755
19.776555700853
19.781506864247
19.786433066654
19.791337751552
19.796291769215
19.801162936048
19.806043757305
19.810914146574
19.815805322982
19.820682316464
19.825558093191
19.830469873241
19.835393280071
19.840299567656
19.845238086614
19.850137451129
19.855068505106
19.860039418360
19.865038121394
19.870065097843
19.875112600449
19.880212782579
19.953356979979
19.957594602739
19.962616652693
19.967541997801
19.972411296627
19.977323484848
19.982250752586
19.987176860558
19.992137924976
19.997093258550

