Time_s
0.970926671744
0.980470642772
0.990027070367
0.999370073171
1.008712396814
1.025402052227
1.029951195253
1.034464748185
1.038948502096
1.043402124808
1.047819869033
1.052222038936
1.056589449266
1.060942391474
1.065238229548
1.069507375278
1.073722152646
1.077977648168
1.082144451089
1.086281459626
1.090431924571
1.094538328213
1.098587730097
1.102665105808
1.106657240697
1.110621105314
1.114600504686
1.118707480917
1.123078179991
1.127685603729
1.132417997809
1.136018312061
1.139612011883
1.144348337742
1.149016575706
1.154010378059
1.158949435143
1.164115617901
1.203566167012
1.208388433431
1.213462288551
1.218553671117
1.223304486662
1.228141710327
1.232944257190
1.238302055068
1.243034701137
1.290382983342
1.296094137783
1.301182581624
1.306296007299
1.311213803459
1.316238772769
1.321527909614
1.326936567822
1.332355214426
1.337913885507
1.343499211905
1.349169899861
1.354841190065
1.360603371345
1.366359893948
1.372194382873
1.378064015733
1.383940665990
1.389848219882
1.395817851537
1.401782845924
1.407795058912
1.413775936273
1.419731545250
1.425652254258
1.431552680060
1.437413039323
1.443273696055
1.449049048612
1.454854921055
1.460645946471
1.466442600953
1.472333944528
1.478299129155
1.484352336322
1.490336956303
1.510048595563
1.515178342760
1.519824448514
1.524592692512
1.529485957439
1.533978079136
1.538603455188
1.543077370733
1.547217736977
1.551473647355
1.555780705846
1.560049226735
1.564444688710
1.569000259815
1.573670925389
1.620090311663
1.632048570382
1.644311664103
1.656661348448
1.677938526225
1.684709302952
1.691228922625
1.697856360758
1.704510290415
1.711283942828
1.718184768109
1.725161741271
1.732070271130
1.739095438732
1.746188230887
1.753318732593
1.760514878919
1.767814905438
1.775159097687
1.782585194921
1.790196225201
1.797898661661
1.805705364899
1.813793680204
1.821665289877
1.829921918396
1.837484297019
1.924271917970
1.930459081304
1.938383566285
1.945316427585
1.952269148990
1.959054156226
1.965567176552
1.972076263563
1.978493260824
1.984892697359
2.380994067132
2.387623542842
2.394238783876
2.400244488176
2.406534956523
2.412624042995
2.418657786769
2.424693267646
2.430600571655
2.436465240220
2.442314977912
2.448038318500
2.453722797680
2.459336628889
2.464871227288
2.470453129240
2.475981264731
2.480645074329
2.485055474065
2.490654285371
2.495547384096
2.500146768870
2.504805814168
2.509410072991
2.513851656524
2.596327764634
2.600316637180
2.605311945846
2.609737355345
2.613980054596
2.618231719733
2.622552919798
2.626959311971
2.631405538029
2.635860283089
2.640293081904
2.644760627445
2.649932510277
2.654238502030
2.658112260912
2.695536021996
2.699311868306
2.703084180545
2.706824790893
2.710463478932
2.714448583438
2.718625397584
2.722845379416
2.727085957221
2.731373854351
2.735731790245
2.740080952112
2.744483657371
2.749052540014
2.753770961169
2.758285859785
2.762676822362
2.767062483308
2.771632105194
2.776283627477
2.780873022164
2.785691286791
2.790377242911
2.795111519628
2.800162550248
2.805573914300
2.810630603458
2.814989877745
2.819623886123
2.824405350036
2.828869694280
2.833265341347
2.837496321913
2.841766430692
2.846407117268
2.851208618825
2.856105966614
2.861054486584
2.866069834938
2.871095562406
2.876159693042
2.881253274040
2.886408237623
2.891625073515
2.896885508070
2.902170458924
2.907573848147
2.913009937128
2.918462901663
2.923880588519
2.929289269750
2.934733902119
2.940147408327
2.945683865781
2.951199674092
2.956758105524
2.962277791434
2.967840346754
2.973426762567
2.979013686567
2.984621374474
2.990267536481
2.995947417659
3.001690461531
3.007447336787
3.013223041880
3.019014862005
3.024905404826
3.030802560966
3.036676076320
3.042594071568
3.048515828744
3.054460134967
3.060382205083
3.066319113755
3.072276345825
3.078241747502
3.084263840930
3.090304023620
3.096451848655
3.102622620023
3.225419536321
3.231048953568
3.236698216408
3.242520276463
3.248922611708
3.255071730057
3.261387756312
3.267678582811
3.274050726172
3.280403832673
3.286744277362
3.293145073505
3.299581554467
3.306036258257
3.312488300088
3.319012748011
3.325574905451
3.332130658479
3.338664053268
3.345169483111
3.351662587841
3.358144386244
3.364679639329
3.371096433919
3.377593463306
3.384091696257
3.390489791976
3.396903477671
3.403340440694
3.409740094131
3.416244508585
3.422874523762
3.429508942463
3.436281801482
3.443117517622
3.450026688271
3.457382680584
3.463927716086
3.470799863827
3.477678668443
3.484663844996
3.491530944676
3.498279320722
3.504884027056
3.511542447297
3.518141004514
3.524881661773
3.531605343341
3.538281522881
3.544923337834
3.551507086487
3.558029525245
3.564673656899
3.571352598022
3.578053867450
3.585008403588
3.591947554115
3.669752632140
3.675712981881
3.682013927185
3.688713956302
3.695425517335
3.702197618680
3.708957346054
3.715718416012
3.722471077253
3.729218489473
3.735992016231
3.742757486736
3.749726086805
3.756528438278
3.763440242378
3.833429237020
3.839764571199
3.845501198462
3.852297080637
3.859273617497
3.866203882464
3.873226781876
3.880428807181
3.887476265420
3.894511385437
3.901620236950
3.908866040782
3.916159750135
3.923383892066
3.930729780365
3.938103187260
3.945501913318
3.952873092242
3.960358297941
3.967725437510
3.974916616158
3.982239663030
3.989664163360
3.997109180071
4.004481860617
4.011809437134
4.019307047926
4.026668236023
4.034483889892
4.042365603847
4.230975280957
4.238875698295
4.246385346982
4.253897943053
4.261590075353
4.269287619456
4.277015947352
4.284810558991
4.292751701247
4.300778730686
4.308897786953
4.317258477273
4.325589880491
4.334278977246
4.343152448138
4.352319466659
4.361152533840
5.136307286995
5.142397412551
5.148134569775
5.153859163631
5.159602928788
5.165325562590
5.170981438953
5.176638812780
5.182249050163
5.187787174781
5.193226310871
5.198642191844
5.204142889677
5.210095674651
5.215810364045
5.221393088968
5.226954902285
5.446078553114
5.450998835204
5.455741523240
5.460133320473
5.465445476796
5.470828728683
5.476360254239
5.482024893264
5.487903348790
5.493877455442
5.499883900074
5.506035710218
5.512248992790
5.518464997666
5.524732348950
5.531056427106
5.537396493586
5.543810332420
5.550192665805
5.556642446428
5.563086523215
5.569541577127
5.575958662770
5.582341833226
5.588719477040
5.594999647680
5.601329262273
5.607574270106
5.613844620867
5.620009848658
5.626142914462
5.632237708840
5.638260470728
5.644240202276
5.650130174854
5.656125744889
5.662079877405
5.668062531778
5.674196447992
5.680371521020
5.686753420765
5.693283072804
5.699905628829
5.706513778631
5.713104231016
5.719815035987
5.726079400338
5.733168817012
5.740223526551
5.747416716713
5.754571445652
5.761837582572
5.769063170086
5.776325198439
5.783550640795
5.790701819010
5.797906979454
5.948309941840
5.955332053095
5.961886144668
5.969224061648
5.976065750008
5.983386512180
5.990519480077
5.997800768015
6.004948054075
6.012059150096
6.019091532058
6.026001704462
6.032803097595
6.039369687269
6.045833891718
6.052149148000
6.058587139018
6.269856400923
6.276343521052
6.282589538300
6.288911395225
6.295393492931
6.302248463286
6.309144529105
6.316251693146
6.323456750672
6.330819203169
6.338303576523
6.345813386360
6.353474896702
6.361108340446
6.368750747354
6.376498613118
6.384241635181
6.392080128797
6.400253574548
6.408113042671
6.415956235474
6.543307632386
6.550740319014
6.557850349386
6.565029636568
6.572423473820
6.579903163594
6.587418337622
6.594946174553
6.602549827907
6.610099529638
6.617681627695
6.625261923544
6.632849744459
6.640498694823
6.648110195863
6.655652878284
6.663124747820
6.670536612881
6.677843928521
6.685121442698
6.692247948534
6.699263776917
6.706219167191
6.712933984725
6.719584695630
6.725866073361
6.732072106524
6.738133148007
6.744044852015
6.750026730687
6.755918579833
6.761626107189
6.766872902924
6.771748254027
7.401138613394
7.407913236841
7.414473463306
7.421232653865
7.427870921427
7.434616931591
7.441359690388
7.448060165769
7.454738072100
7.461335954229
7.467929200318
7.474475930025
7.480968808394
7.487513043998
7.493864847068
7.500215404372
7.506583084736
7.512742317655
7.518928656804
7.524921172900
7.531006085281
7.536754443856
7.542746050926
7.548277412022
7.554021018480
7.559392847056
7.564898544645
7.570204097565
7.575527508378
7.580608059603
7.585585801525
7.590687414529
7.595921471521
7.601357688724
7.606838214831
7.612332933840
7.769312402707
7.774146565905
7.779884902453
7.785086273033
7.790254352149
7.796060680978
7.801760755323
7.807493182875
7.813259028862
7.818901776843
7.824609183637
7.830458745111
7.836132210009
7.842127891025
7.847867068500
8.055566151479
8.061813700082
8.068342523370
8.074868357682
8.081390139901
8.088003758526
8.094646665782
8.101282235991
8.107948791909
8.114722755726
8.121469566409
8.128223141889
8.135022585375
8.141797339695
8.148616912937
8.155425137107
8.162248548756
8.169055373518
8.175841404124
8.182662376381
8.189400738357
8.196151107087
8.202885022783
8.209796307877
8.217160417697
8.223183076055
8.230497772967
8.237379721274
8.244201183455
8.251256773114
8.258250852212
8.265175640307
8.360409384156
8.367670172306
8.375282750167
8.383022376048
8.390661596425
8.398188203193
8.405856041179
8.413455860420
8.421330382158
8.428887592212
8.436220816643
8.542784996744
8.550409909455
8.558206198491
8.565710134536
8.573174471416
8.580570060673
8.587871900093
8.595134678346
8.602333013515
8.609472570633
8.616476138356
8.623264163637
8.629883608251
8.636402315181
8.642809292564
8.649057182903
8.655176978676
8.661227811404
8.667207148314
8.673506728696
8.679813481929
8.686075721078
8.692086660945
8.863010791195
8.869911392182
8.876323858660
8.882960469822
8.889751937791
8.896683911238
8.903697979153
8.910889980111
8.918064332586
8.925376558221
8.932793373816
8.940254769794
8.947820604040
8.955532646690
8.963297306115
8.971209822003
8.979164350668
8.987196735898
8.995333047977
9.003397502380
9.011505908550
9.019682369937
9.027782635978
9.035746774335
9.043651099959
9.051444259260
9.059270163727
9.067072261591
9.074879156660
9.082661558926
9.090503159995
9.098020657019
9.105819115713
9.113501554171
9.576938417121
9.585671468024
9.593574020662
9.600988982385
9.608193017026
9.615278885700
9.622211162798
9.629232531210
9.636147603530
9.642836735192
9.649493240655
9.656082398907
9.662694343055
9.669279743420
9.675854281217
9.682390750810
9.688842531169
9.695283880065
9.701742089499
9.708098194908
9.714138036523
9.720517365060
9.726829272977
9.733036891257
9.739300687150
9.745555203382
9.751718568010
9.757930248774
9.764079747814
9.770206127752
9.776347201352
9.782478712803
9.788561015371
9.794572152731
9.800528676234
9.806419840242
9.812788150376
9.818868810337
9.824885017488
9.830708846475
9.836279077990
9.841667987482
9.846813155040
9.852200092634
9.857387475361
9.862597106508
9.867781760313
9.872983464689
9.878176630583
9.883353021633
9.888545559986
9.893674746077
9.898818913986
9.903917800623
9.908996438593
9.914049171680
9.919049915192
9.924031093333
9.928999632086
9.933960877795
9.938921174277
9.943911590792
9.948913876241
9.953913182479
9.958916456194
9.963946102308
9.968944024178
9.973919984822
9.978915176391
9.983944616262
9.988966201954
9.993657457782
10.155363462790
10.161023837868
10.166247180637
10.172115850917
10.178470546418
10.185133380179
10.191707220921
10.198531476033
10.205333425303
10.212279518993
10.219227380412
10.226372345533
10.233483371080
10.240620662527
10.247967209337
10.255093327460
10.262467945879
10.269395380144
10.276818129202
10.283332351727
10.290257936516
10.296650322792
10.303333173634
10.310118307235
10.406604404125
10.413103128705
10.419561956776
10.426488971146
10.433512871147
10.440631414429
10.447860375242
10.455118800571
10.462406302774
10.469794931604
10.477099365920
10.484440252570
10.491739326085
10.498987902542
10.506234489295
10.513440010381
10.520431986248
10.527460469772
10.534467539881
10.541510024546
10.548642210369
10.555777690284
10.562992317976
10.570282665415
10.577659087486
10.585713940679
10.593341206429
10.600819522067
10.608324086846
10.615924759620
10.623437617154
10.631370193363
10.638673302397
10.646224489796
10.653751116237
10.661539562921
10.668771388233
10.676233838723
10.683434621879
10.690828646937
10.698458356828
10.706202058821
10.714075574483
10.721997681955
10.730014400857
10.738086943239
10.746463138038
10.755491944489
10.763920222424
10.771888889621
10.779565706811
10.788360791419
10.796723521745
10.804928086600
10.813165367773
10.821440218821
10.829705008729
10.838056530192
10.846841418763
10.855716572284
10.864068804696
10.872455322972
10.880819846205
10.889174962059
10.961673649138
10.969388868144
10.976868873595
10.984394320861
10.991909410377
10.999337081403
11.006768409573
11.014195210337
11.021550494550
11.028982717942
11.036372754611
11.043725119063
11.051159596056
11.058716677303
11.066330241102
11.074046060116
11.081866140894
11.089940636927
11.098182552060
11.106728814794
11.115409973595
11.124191899171
11.778540930992
11.785489697728
11.791658446969
11.798006204509
11.804253201865
11.810552650681
11.816687054359
11.822830110325
11.828917921577
11.835045413887
11.841208866374
11.847380065270
11.853602063040
11.859842141137
11.866097707739
11.872315674445
11.878564554827
11.884792507443
11.891079404790
11.897323328935
11.903391825737
11.909338952055
11.915047000605
11.920849096332
11.926097603684
11.931716892942
11.936753439634
11.942044337493
11.947046704504
11.952012601783
11.956871193489
11.961677025503
11.966341573739
11.970839587154
11.975687821099
11.981370661476
11.986291413271
11.992556122683
11.996874262469
12.001889720537
12.006924164486
12.012616886368
12.018469437134
12.057649717363
12.061015350680
12.065136827350
12.068904447093
12.072409093937
12.076441982894
12.080601187920
12.084881947132
12.089177119342
12.093559576538
12.097913805729
12.102301760743
12.106702275404
12.111133560322
12.115566064551
12.120027873492
12.124506063614
12.128987502863
12.133439004174
12.137898755029
12.142338310628
12.146896256305
12.151648910008
12.156272002183
12.160871838334
12.165598636890
12.170360582488
12.175175471076
12.179988192358
12.184900358046
12.189836104683
12.194770637531
12.199749898253
12.204699089415
12.209780108493
12.214894023983
12.220021928549
12.225265279411
12.230623427222
12.236103411109
12.241664136242
12.247258646982
12.252929784037
12.258659200653
12.264494284637
12.270432133943
12.276480042689
12.282628944047
12.289270447347
12.295992225928
12.302926159920
12.309314004308
12.316958956081
12.322707198827
12.330080433832
12.336938274939
12.343836117680
12.350748205542
12.357522527365
12.364241088501
12.370775753908
12.377303109588
12.383926261754
12.390754864372
12.552508422917
12.559563913397
12.565741698115
12.572293346032
12.578680093641
12.585357283869
12.592321369412
12.598840829033
12.605773410012
12.612441371371
12.619315540319
12.626142853742
12.632988448304
12.639837027046
12.646624738155
12.653412698413
12.660234448358
12.666690458256
12.673520959907
12.679857346854
12.691620183283
12.703535285835
12.715402285356
12.726780625997
12.732573777821
12.738219690956
12.744938324673
12.842856758138
12.847959010219
12.853157168019
12.857961308418
12.862432671704
12.867755760839
12.872952219633
12.878233542786
12.883381786754
12.888538965091
12.893631793289
12.898697431965
12.903800552581
12.908796170690
12.913787915667
12.918783410910
12.923723406507
12.928693856612
12.933657232359
12.938662381489
12.943749738632
12.948720462542
12.953550231511
12.958056439943
12.963063085316
12.968359694359
13.071610393857
13.075826754036
13.080085873413
13.083771131182
13.088390655000
13.093139227014
13.097829015583
13.102591661785
13.107307952905
13.112103765285
13.116882714877
13.121774734259
13.127010420703
13.131723505318
13.136570127305
13.350021707370
13.355572419683
13.361009603795
13.366072621504
13.372006064279
13.377948093606
13.384048236516
13.390140003912
13.396309138886
13.402472523639
13.408678874825
13.414905196525
13.421182364972
13.427448065194
13.433749243268
13.440048292853
13.446361429410
13.452671587969
13.458964254948
13.465252710347
13.471562969009
13.477759677061
13.484114703552
13.490476812926
13.496893714370
13.503637060445
13.510125109762
13.675590890649
13.681215634454
13.688503626867
13.695225072423
13.702158125492
13.709039617298
13.716100581397
13.723043512266
13.729968338847
13.736887205506
13.743911086489
13.750908934376
13.758004318384
13.765107785403
13.772237281117
13.779450543057
13.786794329196
13.794696398016
13.802479552218
13.810175984677
13.817448563348
13.824945757720
13.832119599434
13.839132124288
13.846222798557
13.853733320955
13.861040450291
13.868369994952
13.875139361735
13.881080703589
13.888778207159
13.895751125376
13.902640934650
13.909505225362
13.916301629013
13.923099351981
13.929795440940
13.936562768057
13.943073298133
13.949600630146
13.955824836632
13.975125969435
13.987888117407
14.000109975627
14.012366292567
14.024754248155
14.193714387889
14.199063665421
14.204347817029
14.209331661708
14.214140154473
14.219973420310
14.225468412043
14.231074775838
14.236750155963
14.242348490006
14.247918661130
14.253436477304
14.259015231608
14.264448334179
14.269920873630
14.275336769860
14.280738027586
14.286095631170
14.291515498395
14.296818354268
14.302120313628
14.307427781126
14.312707816941
14.318064818942
14.323583777905
14.459176018437
14.465760731672
14.472098327707
14.478725813923
14.485441428364
14.492253696197
14.499173972065
14.506219758155
14.513341226981
14.520567022805
14.527817095196
14.535175249803
14.542632851265
14.550134091059
14.557675030157
14.565314517338
14.572850683854
14.580439534300
14.587958291861
14.595492058702
14.602992368013
14.610417489137
14.617885950810
14.625305021009
14.632720559898
14.640108227568
14.647399593165
14.654736254679
14.662049957098
14.669631690847
14.677350337605
14.684924114092
14.692544849478
14.700118093767
14.707782964443
14.830098150960
14.837230055218
14.845179522990
14.853016466792
14.860763289058
14.868950137609
14.877140663497
14.884722983029
14.892724850437
14.899948315443
14.907380664254
14.913559787604
14.921634609578
14.929085269062
14.936668281200
14.944583574101
14.952119406055
15.092270562609
15.099241035514
15.105597779138
15.112582325235
15.120286696845
15.128342257996
15.135672849327
16.020192094208
16.026717902440
16.032990327127
16.039183722874
16.045320181846
16.051453611899
16.057560877404
16.063540966271
16.069534668126
16.075547777261
16.082239330834
16.088329148118
16.094411444418
16.100332705906
16.152408236634
16.157330730835
16.163711060905
16.169577490850
16.175560884600
16.181483371921
16.187391849674
16.193388011493
16.199471415641
16.205494285554
16.211659695548
16.217813012155
16.224026695055
16.230389968881
16.236440743139
16.375171290234
16.379648911599
16.384138549319
16.388514937236
16.393731043441
16.398707490664
16.403707021707
16.408619621217
16.413460907223
16.418295393934
16.423125905509
16.428121756800
16.433197458501
16.437996400865
16.442793863490
16.447757743550
16.452708225620
16.457752815848
16.462336992957
16.467074916206
16.503241514527
16.507086384230
16.510570699785
16.514320862891
16.518061736130
16.521864985608
16.525703946436
16.529932060833
16.534178343245
16.538027298984
16.541685110765
16.545833140557
16.550312403335
16.554799614527
16.559307862457
16.563736588975
16.568142598001
16.572568321180
16.576992782697
16.581392205738
16.585828905160
16.590174890135
16.594519440962
16.598842372814
16.603169672690
16.607411166646
16.611676425591
16.615858721566
16.620044200822
16.624247905003
16.628458422279
16.632711741251
16.756255240085
16.761745643855
16.767358366296
16.772098309774
16.777026037143
16.782672441909
16.788325000780
16.794053814402
16.799799258037
16.805671404208
16.811562008646
16.817464106868
16.823519749319
16.829625694866
16.835653266412
16.841763708921
16.847746164766
16.853777292903
16.859959894458
16.866012714310
16.872143005876
16.878296680827
16.884623914727
16.891059863946
16.897673688030
16.904459156797
16.911469379406
16.946943649988
16.952749458524
16.958597653560
16.964877210686
16.971118286610
16.977466404596
16.983922726700
16.990480046800
16.997365109963
17.004146232699
17.011179779781
17.018586156032
17.026416399121
17.033927726072
17.040976568347
17.084436314944
17.091647581911
17.098860448563
17.106008142872
17.113037116139
17.120065326403
17.126998905313
17.134106009682
17.140939865795
17.279006772349
17.285897349557
17.292743913099
17.299116158458
17.305612192609
17.312022951851
17.318397947608
17.324659986602
17.330952802384
17.337222416308
17.343465353576
17.349671376250
17.355852187384
17.362032578832
17.367973984046
17.373996552696
17.380099651994
17.385801722475
17.391520923297
17.397310672398
17.403020981461
17.408985174777
17.414434693179
17.419968516506
17.424848828010
17.430202492005
17.434969581614
17.439824123323
17.444812115098
17.450008923529
17.454905743770
17.459945286160
17.464935149739
17.469845708674
17.474807498772
17.479690394866
17.484638413806
17.489481462730
17.494372526411
17.499161339134
17.503997045888
17.508688841083
17.513468653391
17.518109930084
17.522780857390
17.527327001566
17.531904337443
17.536461587676
17.541017391836
17.546119233923
17.550718690552
17.555196160290
17.559834921340
17.564634948110
17.569460670831
17.574324077615
17.579117063776
17.584111369822
17.588974926683
17.594034304553
17.598986940106
17.604260508063
17.609280081988
17.613931457512
17.619060384158
17.687011150931
17.693246286824
17.699791513873
17.706231201155
17.712647652774
17.719239867975
17.725877780851
17.732626296244
17.739391015405
17.746219257991
17.753118647387
17.760023402185
17.766935650172
17.773880337617
17.780871840923
17.787898265822
17.794972667979
17.802095384778
17.809246489572
17.816397526306
17.823509822902
17.830698800081
17.837921443448
17.845153911902
17.852431018217
17.859764006010
17.867168865640
17.874577850674
17.882020560002
17.889551826025
17.897147034024
17.904481713151
17.912168316473
17.919025963237
17.926979790383
17.953921607246
17.961087887457
17.968168375063
17.974969964321
17.981633923434
17.988302710629
18.400221205009
18.409893256379
18.417558439027
18.425314110630
18.432593649224
18.439752955538
18.446872269610
18.454002672505
18.461051293336
18.468175144019
18.475268932544
18.482330667174
18.489416291243
18.496470516957
18.503598657099
18.510801156344
18.518200919440
18.525941991243
18.533299501043
18.540215273724
18.547055258120
18.553863027280
18.560374845200
18.566826609299
18.573120684585
18.579376854220
18.585570736073
18.591696291663
18.597731807975
18.603746911067
18.609694835313
18.615661690137
18.621543223171
18.627454994038
18.633345343400
18.639249084632
18.645160341780
18.651068669748
18.657003043325
18.662636167413
18.668212365079
18.673499911550
18.678796676175
18.683983691665
18.689111083500
18.694419477852
18.699761686417
18.705142257041
18.710529633439
18.715869507390
18.721277525824
18.726671431630
18.732087965925
18.737578367304
18.743124324872
18.748866640608
18.754737646243
18.760779680446
18.766988757305
18.773135412818
18.779426910786
18.785282757387
18.791503791155
18.797407134067
18.803403780307
18.808458940825
18.813099185195
18.818665194909
18.824398199164
18.830095847867
18.835904848485
18.841767571243
18.847622752096
18.853564892760
18.859513734597
18.865485145971
18.871491789501
18.877543331707
18.883705732271
18.890079060857
18.896638030694
18.903041134578
18.909474059044
18.916056418651
18.922595725516
18.929146246871
18.935778168894
18.942529828207
18.949301717971
18.956031415966
18.962909715264
18.969697029105
18.976588464909
18.983579179389
18.990501952894
18.997367379241
19.004268171630
19.011195895214
19.018187489149
19.025190931179
19.032147726995
19.039195847081
19.046075264031
19.053444384284
19.106700609943
19.112483698745
19.118678276025
19.125407035858
19.132113896108
19.138854789770
19.145597814175
19.152735067914
19.159556457149
19.166612086043
19.173293427906
19.179889101370
19.186403446814
19.192976662569
19.199721222832
19.206626922543
19.213688362914
19.220934613654
19.228300969065
19.235791978500
19.243422872910
19.251117110176
19.258908154041
19.266776349084
19.274674407660
19.282598416445
19.290572737314
19.298573409577
19.306602214072
19.314617410188
19.322677462107
19.330712799330
19.338752453795
19.346756642133
19.354645570847
19.362520040036
19.370397366047
19.377969210367
19.385749854233
19.393547291030
19.474519019656
19.479770570900
19.484053412115
19.489487793868
19.494807005239
19.500020953525
19.505163679814
19.510227863731
19.515220886184
19.520194166370
19.525100976763
19.529950128828
19.534733586831
19.539620136603
19.544484195628
19.549216034462
19.553956222878
19.558755048055
19.563553527514
19.568427302677
19.573250382167
19.578236911657
19.583172659627
19.588185053611
19.593196026163
19.598313579390
19.603393360422
19.608462305338
19.613436778545
19.618121667914
19.622952034215
19.627798398310
19.632097406694
19.777840490767
19.786825053040
19.794837702761
19.803455141958
19.812693896841
19.889129927179
19.898670469007
19.906288667194
19.913809406716
19.921242414882
19.928429214892
19.935623424646
19.942716046491
19.949853186799

