Time_s
0.908854972650
0.915528228844
0.923635424812
0.932218616474
0.940181885616
0.948540685951
0.956792078850
0.964983303525
0.973172318518
0.980929561779
0.988783627392
0.996612381904
1.004355260329
1.012083214955
1.019644231800
1.027321663738
1.035022277983
1.042614678900
1.050252458007
1.057719122591
1.065326678399
1.072880957225
1.080299532088
1.087835886216
1.095058747006
1.102371777467
1.109667310489
1.116929741649
1.124287552750
1.131575246664
1.138993352312
1.146264006433
1.153857862817
1.161160874606
1.225994838321
1.233441256080
1.240764691876
1.248087801882
1.255583930374
1.365855089472
1.372659275564
1.379799198501
1.387600891930
1.395504723254
1.403503462695
1.411624187981
1.419724077660
1.427890955206
1.436129164710
1.444355772030
1.452573638031
1.460811744815
1.469009790099
1.477193781347
1.485373465469
1.493519223257
1.501647046594
1.509795803124
1.518055675502
1.526288457495
1.534453846446
1.542617967242
1.550775368390
1.558994029802
1.567258724938
1.575478401903
1.583736640052
1.592099844187
1.600586096589
1.609181726197
1.618032886047
1.626242970686
1.635131308596
1.644184753943
1.652566761065
1.937069041389
1.945258867078
1.953893920188
1.962729603463
1.971658325067
1.980797758922
1.990057229456
1.999476271138
2.009043431326
2.018796247347
2.028703686684
2.038741086926
2.048835194960
2.059033265871
2.069438232262
2.080068868112
2.091169836379
2.102143900539
2.113616936146
2.125137196339
2.136890196240
2.149000258605
2.161369442377
2.173848188383
2.186263484815
2.199253028992
2.212360799615
2.225536949483
2.238644648788
2.251765739643
2.264905647244
2.277748459269
2.290849609139
3.233784337804
3.243161447590
3.252316976104
3.261543363175
3.270730470659
3.279884908353
3.288866628849
3.297788977588
3.306622453412
3.315357093017
3.323926808085
3.332302907543
3.340528332557
3.348815678680
3.357132144919
3.365427228106
3.373758586808
3.657316024354
3.664141034617
3.670763545316
3.678458601251
3.686319231303
3.694290737928
3.702333060406
3.710504764535
3.718710450381
3.727011047947
3.735433578227
3.743956399507
3.752692081616
3.761271584213
3.769959957892
3.778790049674
3.787490930599
3.796223766411
3.804358947968
3.812734062411
3.821304354438
3.944253146496
3.952475028277
3.961284234706
3.970297576588
3.979523267590
3.989021361228
3.998748678264
4.008587676445
4.018324337634
4.027758312169
4.037205030514
4.047043340313
4.055857003588
4.065882268049
4.075258792165
4.085324256854
4.094862440723
4.104090985090
4.113039975945
4.122198658745
4.131087214475
4.139984707094
4.148763062729
4.157432492795
4.166052087964
4.174725897458
4.183524804896
4.192304790583
4.201079075434
4.209842014591
4.218611196705
4.227381590540
4.236232230578
4.245117964714
4.254012927550
4.262907322982
4.271836973672
4.280861997986
4.289956202003
4.299085081883
4.308265122809
4.317582830147
4.327003725642
4.336422299293
4.345725923712
4.355556771507
4.365055344928
4.374327300772
4.383664931810
4.392840892514
4.402070304854
4.411218270443
4.420360693918
4.429603997139
4.438853654252
4.448383125182
4.457724687874
4.467130537364
4.476373490305
4.485682264761
4.670116223490
4.678492345234
4.687208922189
4.695894214556
4.704693591672
4.713493612918
4.722310358107
4.731306348390
4.740347350105
4.749408378461
4.758487663008
4.767583687896
4.776694529120
4.785840103238
4.795049230738
4.804289452563
4.813560401139
4.822857996509
4.832170612407
4.841522809440
4.850898529732
4.860281854419
4.869686562988
4.879094538717
4.888483963832
4.897869272255
4.907200651634
4.916512279949
4.925869850304
4.935191610756
4.944581127006
4.953758456865
4.963015777511
4.972326838123
4.981612288525
4.991039380678
5.000363899488
5.009683076943
5.018976206938
5.027801110147
5.036042653187
5.046139633562
5.055976131250
5.066070169481
5.076391348533
5.086801144699
5.097357106660
5.108096849964
5.119035059357
5.130195470498
5.142830400575
5.154279415140
5.166902264250
5.178236543834
5.332407826010
5.340824272064
5.350213163826
5.359742072821
5.369433015456
5.379221261716
5.389052157503
5.398886029928
5.408718443329
5.418496241058
5.428297165481
5.438122404890
5.447980358767
5.457989570831
5.468036569958
5.478188163584
5.488206743540
5.498124697748
5.507909018340
5.518017527667
5.528105699167
5.538039087762
5.565070491044
5.567238509190
5.569416143434
5.571556092642
5.574222868302
5.576368871371
5.578510536140
5.580643300252
5.583290022015
5.615527112253
5.625298782495
5.635470175938
5.643962716039
5.653849296205
5.664222854668
5.675593489822
5.686401100198
5.697509826517
5.708973641853
5.720266103438
5.732014467865
5.743792860824
5.755911785884
5.767718852603
5.779088253038
5.790669323709
5.802168644645
5.813687294911
5.825302468383
5.837132855437
5.849097860141
5.860940357872
5.872403871746
6.089732697336
6.100961867069
6.112291898951
6.123682529253
6.135233456220
6.146882024847
6.158771642766
6.170826340887
6.183007758944
6.195468839222
6.208090361085
6.220963018895
6.263414646339
6.276664909607
7.413803543778
7.421013655065
7.428742644286
7.436211716162
7.443716544322
7.451200718377
7.458666008134
7.466150265654
7.473591268010
7.481011696923
7.488435522060
7.495846859351
7.503288520695
7.510846076971
7.518244511779
7.525740352682
7.533129345740
7.540592879939
7.548100194909
7.555629668567
7.563064493787
7.570289623675
7.577573322328
7.585167228682
7.830458551717
7.837709870147
7.844655308091
7.852393988739
7.860078560276
7.867837369582
7.875591183694
7.883391259192
7.891248004720
7.899073381231
7.906892944592
7.914681465718
7.922416695012
7.930096000132
7.937748654478
7.945382719265
7.952980619078
7.960589430667
7.968182880994
7.975774399328
7.983348985751
7.990902253760
7.998414495131
8.005893430662
8.013360042487
8.020796471820
8.028239489055
8.035692668889
8.043129729186
8.050581767319
8.058119175507
8.065620829571
8.073074409272
8.080640968315
8.088320991599
8.095660348582
8.103040697439
8.110607515950
8.118144234877
8.125530468006
8.132924981220
8.140172813580
8.241197003104
8.245231967212
8.249288090507
8.253339711508
8.257430921695
8.261630708238
8.519192530260
8.527724270807
8.536238836736
8.544769292023
8.553328030025
8.561858845490
8.570233694968
8.578534493267
8.586770534737
8.594976534480
8.603115106603
8.611216052562
8.619310281625
8.627419265743
8.635496154877
8.643575877740
8.651660112273
8.659744064124
8.667836637794
8.675954645921
8.684076669989
8.692176506841
8.700346514663
8.708548478453
8.716810885080
8.725212296943
8.733470289859
8.741734296644
8.749853765391
9.757544912441
9.765856098133
9.774562199590
9.783272520762
9.791944699890
9.800543379329
9.809194447225
9.817768397991
9.826596120770
9.835565521879
9.844499558720
9.853419927795
9.862450679559
9.871425211468
9.880401722225
9.889316344526
9.898094063440
9.906811502886
9.915495613732
9.924172414108
9.932793100446
9.941350606973
9.949851645847
9.958359159827
9.966869175982
9.975475324830
9.984184936406
9.992849748434
10.001577814157
10.012152876037
10.018496371490
10.022646842655
10.027037994519
10.031489934237
10.035793755994
10.040121645224
10.044348302717
10.048797993029
10.052762592344
10.170867201668
10.178449946150
10.186372426350
10.194575648058
10.202922529158
10.211448115497
10.220215884846
10.229228174679
10.238401227886
10.247720998687
10.257111362894
10.266730627655
10.276169414494
10.285718200977
10.295428495948
10.305467316522
10.315593249308
10.325772614088
10.335964324808
10.346477237325
10.357200100132
10.367701143929
10.378673570905
10.389889896038
10.401203403640
10.413199204563
10.424957654998
10.436581241634
10.448758976234
10.460248533827
10.472154667212
10.483750258260
11.143629695956
11.151543418869
11.159602304325
11.167723738080
11.175765242324
11.183780193466
11.191759931087
11.199706408573
11.207617082975
11.215497966477
11.223373388089
11.231201982780
11.238898844191
11.246551165862
11.254091112880
11.261513803535
11.268859515600
11.276096101584
11.283302805307
11.290853409272
11.298382446680
11.305589069455
11.312650148624
11.319809048695
11.326851923864
11.333857318037
11.340916143065
11.348139481142
11.355362236554
11.362883107035
11.370342938696
11.377907338372
11.385521700352
11.393255474334
11.400454522573
11.408313901438
11.416085005977
11.423313526913
11.430899433531
11.679946114116
11.687401136967
11.694906237863
11.702368316302
11.709874820185
11.717487124013
11.725025565603
11.732595741606
11.739980619229
11.747510802129
11.754848285126
11.762300618609
11.769702042978
11.777229006197
11.784781136264
11.792203055744
11.799557506922
11.807358335486
11.814842575000
11.822094736106
11.829818999949
11.837065649792
11.844548439362
11.851652067436
11.859388937702
11.867177665936
11.975379758116
11.977486202036
11.979866053615
11.982351578527
11.984598126079
11.986859979783
11.989372194578
11.991186152208
11.993534325499
12.035798483101
12.043589506808
12.052197365217
12.060639309113
12.069275545488
12.077950487899
12.086677186133
12.095404055769
12.104096208543
12.112460698773
12.121264124284
12.130003546951
12.138759408420
12.147517467251
12.156281405739
12.165031628800
12.173729916843
12.182350459739
12.190962395473
12.199535343254
12.208099279345
12.216651086805
12.225261009876
12.233831879050
12.242499441446
12.251292051779
12.259952860039
12.268571952233
12.278901509232
12.287480208796
12.296142013945
12.304786052210
12.313458074452
12.402682196798
12.411668008097
12.420914758085
12.430445163791
12.440322445761
12.450462733879
12.459540418806
12.468903797318
12.478611438533
12.488388292642
12.498570788549
12.508072401829
12.518177825543
12.528281048365
12.538929929478
12.547740992338
12.556508332453
12.565650783050
12.575145536847
12.584778400243
12.594459440856
12.604128961634
12.613429513463
12.623439033186
12.633390642333
12.642212279496
12.651592220805
12.660957963756
12.670324383960
12.679552897141
12.688702719407
12.697805832575
12.706842965664
12.715827314185
12.724706382191
12.733079282025
12.741179268783
12.749357752396
12.757332299322
12.765107288232
12.772879741998
12.780551272541
12.788084966183
12.795750221289
12.803285433892
12.810903958508
12.818540420299
12.826125233478
12.833696400887
12.840939684168
12.848476654038
12.856232323825
12.863702880931
12.871355811667
12.885862950497
12.893807571887
12.901182749771
12.908914790966
12.916519041017
13.037047974376
13.045692351114
13.054609297675
13.063599623493
13.072647403222
13.081756634756
13.090905981560
13.099988896488
13.109073526842
13.118192839167
13.127310216948
13.136461008555
13.145626287185
13.154811756104
13.164023264869
13.173218404769
13.182378532898
13.191527190789
13.200665431850
13.209822695036
13.218972029066
13.228234743656
13.237574021181
13.246918725261
13.256290565146
13.265624000760
13.274731841553
13.284082495743
13.293213037572
13.302223969510
13.311623554554
13.951219165440
13.961704086244
13.971994403000
13.982333306518
13.992843450382
14.003234124844
14.013072426217
14.023041529517
14.033050977762
14.042890148709
14.052814655723
14.062635862338
14.072441266093
14.082130475198
14.091750683226
14.101271411736
14.110733818358
14.120120989530
14.129434533762
14.138671948891
14.147810356706
14.156646574451
14.165435918584
14.174045059456
14.182658747078
14.191253156701
14.199789902529
14.208228924309
14.216555018534
14.224761273241
14.232848852802
14.240788853783
14.248653533534
14.256416409617
14.264129237427
14.271713286992
14.279229686693
14.286708153520
14.294143244967
14.301560864206
14.309014599742
14.316440363018
14.323914615046
14.331459028628
14.339045246294
14.346720181466
14.354469241840
14.362397142414
14.371213978979
14.379163749540
14.386997253016
14.394665662186
14.402260331605
14.409748925281
14.417185701620
14.424566688344
14.431875596273
14.439128201865
14.446307725882
14.453442069914
14.460558942847
14.467634857018
14.474689628028
14.481728603476
14.488749302874
14.495732224433
14.502676000232
14.509584400159
14.516478894873
14.523358151349
14.530253077226
14.537214311605
14.544218567707
14.551308236039
14.558330854426
14.565574807995
14.571218226734
14.577912469436
14.584778674803
14.591750216069
14.602205771571
14.612436916347
14.763454139603
14.772892071906
14.782800404597
14.792869920686
14.802843294746
14.812821277653
14.822917714479
14.833219235337
14.842907402762
14.977925426969
14.985360459838
14.994116132310
15.002888624375
15.011798676983
15.020579130975
15.029520901245
15.038328684822
15.046915839774
15.055634850014
15.064270597738
15.072858610855
15.081375433881
15.089772869881
15.097902494987
15.105896576344
15.113800201684
15.121573877172
15.129246991467
15.136922753080
15.144605048797
15.152380764368
15.160307810394
15.167954708221
15.175715646799
15.183885699391
15.345385984389
15.353806894090
15.362580086838
15.371630361766
15.380963307955
15.390674776397
15.400912759287
15.410449928573
15.419872281699
15.429060443703
15.438711476048
15.448189084291
15.457875690488
15.467401169266
15.476570314934
15.485993918849
15.509552951057
15.518857683470
15.528604998555
15.538911187910
15.549509760800
15.560591794625
15.571719401218
15.582955859583
15.594149882513
15.605778222616
15.617230053455
15.628999836023
15.640656853209
15.652552378723
15.664382980637
15.676156856525
15.687750524728
15.699438417452
15.711508896258
15.721664907447
15.731540266141
15.741416959109
15.751193048480
15.760822485181
15.770430194227
15.779978633164
15.789511837288
15.799054396017
15.808600498335
15.818118531845
15.827625811189
15.837139423623
15.846587854758
15.855971447207
15.865339323864
15.874680414310
15.884114962700
15.893574020776
15.902919946270
15.912292167906
15.921762827778
15.931239007886
15.940619611422
15.949825038565
15.958776010061
15.967715788138
15.976710227449
15.985721895788
15.994723299470
16.003751956452
16.012908236089
16.022092718606
16.031288487552
16.040608897249
16.050031273423
16.059667834959
16.069256993939
16.078632273795
16.087829878445
16.097290629537
16.106988854216
16.116913097484
16.127103070750
16.137248212877
16.147458870643
16.156899750367
16.166191970821
16.176151978768
16.185670140915
16.196863580627
16.207042048926
16.217270160222
16.227593558873
16.238107307470
16.248800790864
16.259624891089
16.270579430489
16.281692374551
16.292958754922
16.304465951324
16.316161407223
16.328056679997
16.340100622992
16.352303863632
16.364978593862
16.377524691614
16.390178221625
16.402800790681
16.415698308579
16.428302102855
16.440890584568
16.453680530622
16.466319816604
17.310361030004
17.318413362789
17.327106308286
17.337185462110
17.346789449511
17.356797123942
17.366536731458
17.376113746370
17.385658163527
17.395192693764
17.404779699958
17.414434356730
17.424109082486
17.433826319572
17.443458123672
17.452986519754
17.462373887232
17.471658408052
17.480872457067
17.490097285457
17.499316458388
17.508428666945
17.517413628048
17.526051153480
17.534567006138
17.543024739632
17.551337319912
17.559441152452
17.567288279328
17.575052326058
17.582763249006
17.590377033107
17.597829408971
17.605128859137
17.612605471001
17.620218848381
17.627675233159
17.634695426937
17.642105373422
17.747288279499
17.753241649439
17.759149908633
17.765918067224
17.772780228144
17.779774109280
17.786717466431
17.793842635838
17.800930427891
17.808165832729
17.815208628028
17.822476053525
17.829718532228
17.836990531420
17.844287123211
17.851587648071
17.858997469728
17.866378135844
17.873807219460
17.881213368992
17.888601147971
17.896019204662
17.903514435458
17.911047554520
17.918545847161
17.926014175803
17.933491682753
17.940985465560
17.948482959728
17.955979444022
17.963496740215
17.971010309401
17.978544548218
17.986097958725
17.993734293782
18.001475337480
18.009332876040
18.018239241154
18.026170154054
18.034182629304
18.042165674027
18.050718095049
18.058619392008
18.066568821551
18.074443379739
18.082376610309
18.090424970513
18.098592764564
18.106897311000
18.115249534533
18.123716706319
18.132557728995
18.265329261921
18.273781317600
18.282508329180
18.291123073423
18.299628217538
18.307320057966
18.315518952824
18.323817272661
18.332017446873
18.340131356215
18.348150343272
18.356127669751
18.364088680360
18.372013467549
18.379942874350
18.387865160419
18.395971967345
18.403902391594
18.411806405292
18.419954489142
18.428096917805
18.436525781971
18.445154006153
18.449654881709
18.454095826741
18.458549598332
18.462686213912
18.471394358281
18.475340267712
18.480168063876
18.484582376872
18.490105624265
18.494684942638
18.499308313546
18.503511561378
18.508035004067
18.512773422996
18.517390448318
18.604615267433
18.612846979088
18.621119579516
18.629437528198
18.637855102468
18.646218423505
18.654536696597
18.662917776018
18.671322259907
18.679722667810
18.688063567737
18.696352135544
18.704562047864
18.712760271548
18.720825093094
18.728861351553
18.736895121289
18.744942742650
18.752966586805
18.761005417613
18.769072277011
18.777383794705
18.785468678475
18.793384913818
18.933674870678
18.941317734871
18.949825904386
18.958213344110
18.967025361875
18.976444218709
19.012255867685
19.016377799862
19.021085654461
19.025582134420
19.194159003999
19.202400009889
19.211936245607
19.221234162462
19.230684756629
19.240060319083
19.249396667654
19.258932804519
19.268479579242
19.278169322157
19.287827842796
19.297461238183
19.307152613489
19.316893576703
19.326625841588
19.336298746313
19.345940727266
19.355518687659
19.365089259411
19.374651148162
19.384212877040
19.393802552540
19.403410541946
19.413056258570
19.422806505636
19.432527234107
19.442008999825
19.451600095949
19.461097930193
19.470487301574
19.479945926068
19.489077040531
19.498717100932

