Time_s
1.154866103725
1.160518944808
1.166117287864
1.171721590163
1.177338882816
1.182847946124
1.188408354785
1.193974418621
1.199585787385
1.205291323022
1.210996858489
1.216800110298
1.222675486548
1.227958982491
1.232823195489
1.237694920983
1.242573970889
1.247442418033
1.252306702280
1.257166428819
1.262025907102
1.266893180405
1.271766198656
1.276645413150
1.281543839933
1.286455797698
1.291375707017
1.296294618892
1.301229019559
1.306174875728
1.311106325938
1.316047045449
1.320957609389
1.325885761230
1.330811126283
1.335734009512
1.340657690083
1.345575013678
1.350494887822
1.355420097437
1.360345082639
1.365279186343
1.370221239201
1.375160277752
1.380087441349
1.385010724850
1.389951983149
1.394885110436
1.399830756987
1.404798626058
1.409776838903
1.414752145191
1.419722136442
1.424704919041
1.429691861120
1.434767882192
1.439862440621
1.445085886083
1.450448165506
1.456132728695
1.461798239592
1.468044834051
1.474466205696
1.794853405088
1.797059145461
1.799270990804
1.801573139102
1.803811328984
1.805895662359
1.808005046018
1.810168301076
1.812265842345
1.814534949665
1.816838552929
1.820745649399
1.822961633679
1.825178210618
1.844664048910
1.849584390038
1.855508028734
1.861338747407
1.867119049941
1.872979902160
1.878877755288
1.884692060384
1.890508591148
1.896333605687
1.902162118411
1.908007644222
1.913834714648
1.919662132142
1.925513706910
1.931361981203
1.937202805524
1.943043235005
1.948888772258
1.954740620812
1.960593936757
1.966464709354
1.972340132463
1.978212738820
1.984099319032
1.990002425708
1.995892993348
2.001789333020
2.007685536985
2.013594576653
2.019495736673
2.025385943384
2.031238691962
2.037050795304
2.042825604752
2.048556431052
2.054259185430
2.059916814558
2.065542451471
2.071149790680
2.076771429167
2.082428578869
2.088135736832
2.093848886832
2.099637300384
2.105559877040
2.111599471940
2.117735996938
2.124088173107
2.130505066534
2.136913251515
2.143256683976
2.150143034053
2.156925967101
2.164539824772
2.172842973142
2.181371691827
2.191266633640
2.203575547453
2.216967268979
2.228392918595
2.238760541830
2.247810285196
2.255323370771
2.262914112368
2.271044638120
2.279914237962
2.288508875096
2.297203283702
2.304889382384
2.313373272429
2.475870861696
2.480715092362
2.485645649991
2.491271505580
2.496969102473
2.502680513731
2.508396837590
2.514126246993
2.519912186226
2.525767202205
2.531664448147
2.537600796008
2.543584163727
2.549616048686
2.555661845657
2.561777260637
2.567969292564
2.574244690580
2.580649717804
2.587144557163
2.593766430192
2.600519380727
2.607363036889
2.614345598341
2.621475054650
2.628764133988
2.636280716677
2.644102033412
2.652353740959
2.660853519762
2.669671744958
2.678752776570
2.688018099171
2.697591074687
2.707606646116
2.751784607816
2.763682224456
2.776116610122
2.788709893057
2.801328527884
2.814396085583
3.571542035851
3.577228155206
3.582922893951
3.588496175043
3.594013280749
3.599465135304
3.604891212127
3.610269019432
3.615622789297
3.620945920266
3.626221168074
3.631461275579
3.636669744396
3.641821868394
3.646928944080
3.652044405744
3.657117439786
3.662206748600
3.667233052739
3.672220814140
3.677097114998
3.682056836212
3.686971978102
3.691946695508
3.696991449711
3.702174898073
3.707656959562
3.712719636579
3.950457275736
3.956602121417
3.962106654307
3.967863887163
3.973641864816
3.979428540343
3.985252024671
3.991124760574
3.997030657811
4.002936452489
4.008852808327
4.014812624345
4.020814648745
4.026873383071
4.032948328407
4.039094579498
4.045290073147
4.051545664986
4.057860539791
4.064221593278
4.070636217091
4.077078101064
4.083521563714
4.089964466737
4.096392932935
4.102799670864
4.109179993879
4.115510948012
4.121805161898
4.128089423822
4.134356626371
4.140582725719
4.146817086833
4.153064377290
4.159295279499
4.165474107472
4.171706680771
4.178052829896
4.184775294625
4.191629107796
4.198839515276
4.207494256483
4.215768249463
4.224055500367
4.232386894413
4.344519978623
4.351161688136
4.358104868599
4.365286660673
4.372671320558
4.380415664628
4.388496899807
4.396868784533
4.405344794367
4.413899628168
4.422654867273
4.431436616388
4.441414680251
4.451632461190
4.461550660116
4.471888496753
4.482208017684
4.492685185573
4.503510921314
4.513090101942
4.520844261437
4.528578032533
4.536163531123
4.543692961697
4.551140546357
4.558461375580
4.565742072042
4.572945982119
4.580020448363
4.586973688219
4.593837352370
4.600621898912
4.607364262792
4.614078360069
4.620762395878
4.627414213762
4.634030000112
4.640621252553
4.647152328924
4.653652603085
4.660117901806
4.666563710100
4.672983527145
4.679423285975
4.685822366109
4.692201564784
4.698542122947
4.704856530935
4.711135451568
4.717400335163
4.723623566646
4.729775178278
4.735854614159
4.741866373629
4.747840564929
4.753788188596
4.759698080536
4.765568853386
4.771395030300
4.777199532390
4.782982215769
4.788719272378
4.794433592539
4.800102995670
4.805739361048
4.811330676191
4.816878121900
4.822377193932
4.827797294533
4.833221779713
4.838628271340
4.844004190034
4.849340162133
4.854683056804
4.860034008743
4.865419338849
4.870821798707
4.876233713631
4.881651099259
4.887095757506
4.892557774853
4.898060079616
4.903598882778
4.909264595436
4.915289030882
4.921632728248
4.927877603424
4.934530954249
4.940571135845
5.518366464771
5.527161755359
5.535926177913
5.544933987365
5.553978221800
5.562803957583
5.571698741643
5.580556907227
5.589219785205
5.596571110226
5.603542092958
5.609958799726
5.616146379904
5.622128425121
5.627928271413
5.633570403681
5.639086044103
5.644472564728
5.649790596612
5.655058124392
5.660253739020
5.665408979728
5.670503924171
5.675543302924
5.680566455656
5.685561811059
5.690543043871
5.695515144179
5.700478283387
5.705433877547
5.710386558451
5.715356747073
5.720336946918
5.725340561634
5.730415107385
5.735517350183
5.740722793083
5.746046006965
5.751633376715
5.757490336268
5.763973429869
6.074767041601
6.080587204646
6.086377281543
6.092199223744
6.098015364337
6.103841714655
6.109687476634
6.115551219004
6.121405315552
6.127255425811
6.133098204826
6.138931105712
6.144743947107
6.150534168149
6.156307195525
6.162065467654
6.167812439743
6.173549166544
6.179216216975
6.184799834112
6.190347182469
6.195871966411
6.201371374747
6.206814696287
6.212244920544
6.217691561096
6.223176693148
6.228665314393
6.234157995735
6.239689337549
6.245201410642
6.250708492566
6.256319667439
6.261943446457
6.267681491214
6.273502311255
6.279568072697
6.285888270747
6.292252210680
6.298928165182
6.305185688481
6.510079295717
6.516921592250
6.523742450455
6.530566698219
6.537396019031
6.544327911481
6.551302774083
6.558410465568
6.565594988632
6.572838797235
6.580112679389
6.587418256911
6.594734233492
6.602042292752
6.609326106079
6.616621564286
6.623916764425
6.631274196100
6.638903837512
6.646416281497
6.653888279089
6.661374934636
6.668905389778
6.676484017180
6.684126832231
6.691935401378
6.699810089673
6.707654775648
6.715849870868
6.724156503282
6.732643517291
6.741398079044
6.750038955479
6.759048118775
6.768385825438
6.777944597594
6.787160919318
6.795643708221
6.803459135420
6.810718175909
6.817812945067
6.824746430116
6.831548228465
6.838248709809
6.844838232987
6.851349215849
6.857824118824
6.864293188137
6.870779649298
6.877234629447
6.883657813733
6.890040818619
6.896403509563
6.902741907314
6.909055860385
6.915318447352
6.921545250168
6.927708798440
6.933816240676
6.939868487865
6.945888350854
6.951878006870
6.957833935170
6.963778226634
6.969715784689
6.975632380751
6.981530526666
6.987398174257
6.993276238431
6.999182543740
7.005113187134
7.011066354657
7.017024428436
7.023008419065
7.029037781646
7.035126038622
7.041376685970
7.047511807452
7.053662773832
7.059906875798
7.065962841251
7.072240127214
7.078795589087
7.084735108424
7.090602727988
7.097956330851
7.595338261553
7.600996322528
7.606799540906
7.613354774316
7.620693904366
7.628049475273
7.635414999278
7.642759888447
7.650096503716
7.657415710536
7.664743199777
7.672114573480
7.679509936033
7.686902066860
7.694276773603
7.701620432491
7.708970741357
7.716328754446
7.723682021900
7.731040876661
7.738445059074
7.746003465946
7.753473566479
7.760852774700
7.768242782347
7.775632786036
7.783072610406
7.790526076662
7.798005535691
7.805538531731
7.813146543568
7.820958417470
7.830644060131
7.838607631507
7.846601351359
7.854418582432
7.862321264242
7.870377127064
7.878576990112
7.886471982581
7.894230410923
7.901961745737
7.909764152096
7.917785295481
7.926071790370
7.934990009501
7.942746227175
7.951553270924
7.959649935909
7.967617944395
7.976261097138
8.155300265062
8.161303382043
8.166981681608
8.173015257073
8.179143938647
8.185247482141
8.191351664572
8.197478694436
8.203607023614
8.209747459999
8.215901800527
8.222059829296
8.228247242812
8.234468016913
8.240729434963
8.247064277119
8.253474575657
8.259968640637
8.266581178813
8.273299046611
8.280216735402
8.287355178341
8.294770025384
8.302534238492
8.338458350628
8.348611722232
8.359198909160
8.370060838064
8.381349576857
8.392793169286
8.404775966277
8.417364447611
9.767416511836
9.772419011351
9.778057312163
9.782973760412
9.788103866977
9.793140455032
9.798111774933
9.803013414123
9.807809224323
9.812553877004
9.817260952702
9.821953805253
9.826634444986
9.831291417844
9.835957652057
9.840625643170
9.845314193461
9.850057708546
9.854882461842
9.859852247737
9.865473101078
9.871172585680
9.876873283681
9.882329041992
10.157787625690
10.163513834052
10.169472481894
10.175387986828
10.181315096432
10.187241948629
10.193170506745
10.199109976285
10.205052229124
10.211066885788
10.217092446606
10.223099777420
10.229119403519
10.235135192503
10.241118558791
10.247098355343
10.253089938494
10.259070622578
10.265048805674
10.271037643424
10.276970882237
10.282873505097
10.288760830886
10.294624965287
10.300459160328
10.306271280199
10.312061678879
10.317898591094
10.323747873989
10.329559214967
10.335379678605
10.341120312877
10.346965324557
10.352572264385
10.358117070882
10.363699067112
10.369370787140
10.374977357251
10.380561838658
10.386095698401
10.391583395481
10.397081241391
10.402572884154
10.408161654543
10.413856783698
10.419512039543
10.426223385158
10.769592353014
10.774834938537
10.780252206599
10.786241522871
10.792729108116
10.799596684664
10.806649601544
10.813815592630
10.821122233399
10.828524604953
10.835982393634
10.843468832834
10.850939062785
10.858386668476
10.865754482142
10.873053988388
10.880374440896
10.887804182850
10.895652057141
11.326623402085
11.334170925990
11.340820630760
11.348426696480
11.356063530050
11.363651730457
11.371216816691
11.378791155169
11.386344164543
11.393854062323
11.401304669924
11.408670100143
11.416453668720
11.424817417218
11.434296486575
11.443086146308
11.450824029544
11.458360970174
11.466021497108
11.473895374936
11.642631946065
11.649353507581
11.655798140309
11.662242890716
11.668605052216
11.674886787120
11.681152770764
11.687380008075
11.693562108588
11.699751134833
11.705916030268
11.712059115230
11.718153543033
11.724212514421
11.730238099388
11.736218041949
11.742139800999
11.748021520307
11.753842054910
11.759594439516
11.765282837161
11.770966872330
11.776635726194
11.782306459680
11.788036512326
11.793813022685
11.799553884763
11.805365581004
11.811197134670
11.817220698628
11.823586203022
11.830210960199
11.937676906183
11.946187066967
11.954712294003
11.963415303386
11.972629578300
11.981332756670
11.988752792029
11.996344173084
12.004407325383
12.013264815600
12.022063402818
12.030695337805
12.185302774285
12.193027068927
12.200399866717
12.207678388372
12.214914169433
12.222127059142
12.229357994554
12.236515708148
12.243592634166
12.250208867448
12.257257267014
12.264209167022
12.271104177177
12.277993517211
12.284902272348
12.291774629806
12.298657045224
12.305544061355
12.312424814532
12.319311305077
12.326194291974
12.333059326150
12.339910610528
12.346717720249
12.353450975694
12.360103176773
12.366780235079
12.373650437212
12.380939067801
12.389698092775
12.398118954389
12.558800212892
12.565349479538
12.571929150487
12.578644825674
12.584917185114
12.591278400057
12.597508809318
12.603605565230
12.609553640164
12.615476474264
12.621411169711
12.627300585922
12.633158289895
12.638986652784
12.644800925799
12.650577251084
12.656337650649
12.662058892267
12.667732915874
12.673394815862
12.679023726084
12.684620513107
12.690178135792
12.695701999470
12.701192952113
12.706651298959
12.712061932501
12.717469548530
12.722838713597
12.728192878439
12.733518236607
12.738810407764
12.744097647479
12.749367017246
12.754629335557
12.759895266589
12.765130179569
12.770353513183
12.775563858248
12.780779212617
12.786032481628
12.791275954189
12.796532666669
12.801954565883
12.807487319033
12.813260211957
12.818988983046
12.824667141890
12.830956831370
13.596240427098
13.601357651409
13.607028900998
13.612969461250
13.618877153678
13.624669170122
13.630463991046
13.636127901806
13.641738676520
13.647396866604
13.652879872069
13.658287825589
13.663635834988
13.668916741164
13.674157254485
13.679343671541
13.684468337542
13.689554793827
13.694608360655
13.699646468466
13.704629489059
13.709591235309
13.714512533631
13.719403295415
13.724282539010
13.729113014725
13.733914168852
13.738716358700
13.743634826271
13.748541968465
13.753505274386
13.758591303916
13.763921059676
13.769397998014
13.774927355350
13.780525287232
13.786217678410
13.792918268766
13.798290749650
13.970101989568
13.975749867025
13.981296964220
13.986800831488
13.992290567576
13.997793868988
14.003314356515
14.008813053817
14.014307961246
14.019791631947
14.025268496941
14.030775916010
14.036186150651
14.041572443097
14.047049655067
14.052789460904
14.057837875711
14.063060429266
14.068510081988
14.073984740386
14.079468812949
14.084914228094
14.192311761922
14.200217893950
14.207852453124
14.215975526849
14.225579519754
14.237623416625
14.488955962759
14.496021438547
14.503409630904
14.510737452073
14.518007552832
14.525249128384
14.532412397965
14.539573805422
14.546743835122
14.553874286209
14.561005575658
14.568131773592
14.575250519460
14.582353877641
14.589401989735
14.596404645175
14.603350191920
14.610301803544
14.617214189203
14.624007938633
14.630879624470
14.637706480998
14.644559628819
14.651434203622
14.658277951292
14.665151828381
14.671998025817
14.678804350524
14.685559124093
14.692255780258
14.698869112025
14.705446294987
14.711961178677
14.718480537229
14.724982136142
14.731484612803
14.737944623635
14.744404612857
14.750857025206
14.757285483719
14.763706943315
14.770106261558
14.776470094292
14.782791475859
14.789159504664
14.795492560602
14.801793618618
14.808055401328
14.814292580485
14.820484397596
14.826627186972
14.832902209279
14.839321688156
14.846332139002
14.853403018578
14.860573048175
14.867995430561
14.875403412008
14.882899322644
14.890669029253
15.129904834446
15.137101255920
15.144471558895
15.152065496403
15.159913031990
15.168137777918
15.176768878993
15.185832406138
15.195408057488
15.205346611272
15.216073500480
15.409529569225
15.419022469335
15.428518780088
15.437981255301
15.447451737789
15.456731256403
15.465022336738
15.473185424619
15.481474710777
15.489594309981
15.497552380757
15.505563217259
15.513485707908
15.521015609033
15.528323705019
15.534936230956
15.541650760284
15.548205691262
15.554609518642
15.560881257109
15.567001096426
15.573068058880
15.579066572113
15.584995320631
15.590887780616
15.596727175388
15.602527672234
15.608291671636
15.614019602416
15.619849862871
15.625796295575
15.631690401555
15.637635166220
15.643561285751
15.649905121540
15.662975969934
15.671930495034
15.871195914475
15.878649736535
15.885965144239
15.893170304552
15.900357878065
15.907533775628
15.914726951224
15.921937977262
15.929157788446
15.936374342070
15.943588602009
15.950781883204
15.957940088320
15.965038883005
15.972069355724
15.979047189366
15.985983714464
15.992847018881
15.999631798834
16.006305711201
16.012856499250
16.019274517276
16.025576015891
16.031727085969
16.037760185100
16.043707305234
16.049587445793
16.055415373251
16.061187621013
16.066980690293
16.072786008997
16.078534720343
16.084274777805
16.089984812366
16.095623169169
16.101215311247
16.106858227255
16.112429360953
16.118032901600
16.123727397484
16.129580150158
16.135761928811
16.142357733924
16.149225922806
16.711177738108
16.721619375648
16.730276683071
16.738474385281
16.746343493622
16.754089529065
16.761760512345
16.769371427330
16.776960699473
16.784531682088
16.792075123298
16.799648262250
16.807244003290
16.814931073425
16.822824555887
16.830590711249
16.838168591283
16.845730105627
16.853259917817
16.860725058941
16.868186347527
16.875586757780
16.882949442715
16.890260506188
16.897514706816
16.904670201306
16.911676499737
16.918430843521
16.924904653202
16.931250512861
16.937278552800
16.942998397979
16.949076032357
16.954567273486
16.960296185158
16.965680936900
16.971237286208
16.976441517549
16.981439409735
16.986553807141
16.991657329027
16.996683142110
17.001636816160
17.006533741297
17.011386209376
17.016173098114
17.020938407973
17.025673890215
17.030371017001
17.035051905564
17.039720442592
17.044373365024
17.049029226991
17.053676579309
17.058315838461
17.062938954179
17.067564431021
17.072188500234
17.076804679840
17.081422362229
17.086041629198
17.090677629596
17.095324620241
17.100001091188
17.104691236383
17.109418156806
17.114154550648
17.118908475599
17.123698904093
17.128531176254
17.133403314416
17.138299833007
17.143241053328
17.148226814175
17.153324307726
17.158532748031
17.163906708903
17.169441987097
17.175194241016
17.181200503363
17.187513739920
17.194154680486
17.201500741502
17.208861788708
17.216740599035
17.224800703550
17.233247517258
17.241809839892
17.250119106917
17.258426539778
17.266558253078
17.274626319131
17.282651069048
17.290678173646
17.298708175126
17.306793466404
17.314901127845
17.323068233023
17.331219813950
17.339387011477
17.347569458064
17.355752489369
17.363922667146
17.372039991629
17.380026054652
17.387908105713
17.395608142457
17.403180518250
17.410687700438
17.418074457053
17.425341191613
17.432493303581
17.439573656394
17.446453544525
17.453368184499
17.460604647502
17.468480543929
17.477024044463
17.484625553548
17.492313019788
17.500020540082
17.508587674558
17.550363603491
17.562430844771
17.573391130398
17.582756555935
17.590979164107
17.599114651325
17.607093379575
17.615144022894
17.623232115908
17.631349876881
17.639543441523
17.647859615231
17.656276393328
17.664830226641
17.673333396689
17.682238183216
17.691241658413
17.700634919669
17.709066305886
17.861960976511
17.869006971302
17.875657935002
17.882156531643
17.888535227754
17.894828923439
17.900996508467
17.907125952258
17.913159572129
17.919022571205
17.924960466705
17.930944616704
17.936972640734
17.942979924596
17.948930647908
17.954843745393
17.960714020364
17.966534701633
17.972292301614
17.978001329750
17.983665858504
17.989281371167
17.994848761411
18.000390913557
18.005891173501
18.011375143728
18.016817604844
18.022244651280
18.027644965430
18.033027902525
18.038376676408
18.043704162500
18.049003289515
18.054307677337
18.059609945058
18.064941759652
18.070321518303
18.075726264483
18.081334447743
18.086740845177
18.092138387440
18.097508877061
18.102849634605
18.108205633797
18.113549515776
18.118866762571
18.342256086828
18.348582964780
18.356010402629
18.363347268966
18.370714935661
18.378136663393
18.385555766275
18.393023382245
18.400498850628
18.407956339704
18.415439394482
18.422921551924
18.430448073040
18.438032302424
18.445669823599
18.453371995160
18.461139173689
18.469015659657
18.476970817673
18.485044401201
18.493280295987
18.501940214189
18.510780788328
18.519918818663
18.529243192171
18.538638541728
18.548019316915
18.557379171766
18.566471821439
18.575234145840
18.583725903515
18.592064772423
18.600448043816
18.608710945851
18.616947275279
18.625361790008
18.633833938065
18.642402806175
18.651068573578
18.659823903360
18.668653084394
18.677577897668
18.686524159446
18.695671574364
18.705027829433
18.714860112419
18.724749142106
18.734791960987
18.745016164688
18.755305624611
18.765749299461
18.776594711619
18.787480249206
18.807190581180
18.814654761510
18.822666026211
18.830420137242
18.838014357522
18.845456594600
18.852817751072
18.860066638818
18.867181083370
18.874347297902
18.881440590812
18.888498575421
18.895539749537
18.902557579408
18.909579399457
18.916598470739
18.923574149549
18.930532301367
18.937434222992
18.944315512779
18.951139251939
18.957922915061
18.964679355756
18.971398664224
18.978086265932
18.984743815771
18.991387277057
18.997996403557
19.004493683968
19.011121872212
19.019500972945
19.026885685998
19.034436902988
19.041838859937
19.048786512312
19.056073914060
19.063244000239
19.070105324693
19.076629460823
19.083374738354
19.090131382273
19.096901887945
19.103743683420
19.110647175349
19.117604807380
19.124639748050
19.131764425890
19.138981290727
19.146258639010
19.153580694772
19.161000348236
19.168542187768
19.176210855241
19.184113302383
19.192364011380
19.200832427346
19.209083752512
19.217582794059
19.226695744495
19.235316274050
19.244450054067
19.253362794239
19.262960187031
19.272352967974
19.282047390149
19.303878358706
19.312981634766
19.321405073443
19.328471936848
19.336329307065
19.344181286011
19.352310072811
19.360441481476
19.368856635627
19.377416943627
19.386129187458
19.395092315552
19.404278404017
19.413698753017
19.423346230673
19.433199434952
19.443326437280
19.453753004454
19.464469482143
19.475469698549
19.486621333499
19.498130746434
19.510909537158
19.523357124249
19.536490568193

