Time_s
0.562059176065
0.567860819592
0.575137661479
0.582238630741
0.589426684754
0.596504965444
0.603573712519
0.610605549087
0.617615427128
0.624603775492
0.631558055861
0.638484842117
0.645378353422
0.652221659825
0.658996542275
0.665713712478
0.672392719855
0.679090026619
0.685868634434
0.692685807546
0.699894099263
0.761511335602
0.768444067571
0.775222007451
0.782177798685
0.829721490490
0.835479414277
0.842059003989
0.849147647587
0.856201743631
0.863404576741
0.870760472798
0.878251146064
0.885917883628
0.893751798939
0.901696178183
0.909725644293
0.917704256097
0.925695723005
0.933640393653
0.941568833035
0.949500002732
0.957460245788
0.965402965282
0.973400619751
0.981374785436
0.989445450004
0.997582020615
1.005223925432
1.012088681315
1.220857142705
1.229868620792
1.239169241105
1.248652703617
1.258197857424
1.267815903489
1.277517020014
1.287272174889
1.297233415256
1.307159144921
1.317241638535
1.327522174030
1.338067732760
1.348776709118
1.359851124435
1.370928548826
1.382000206783
1.421700032414
1.434129224719
1.445207833651
2.280739372455
2.290509888612
2.299088131770
2.307902262575
2.316383235272
2.324992020249
2.333459784494
2.341795286964
2.350008687646
2.357964406615
2.365788460886
2.373494005829
2.381135360475
2.389191976701
2.396947505757
2.404466142661
2.411713145045
2.453798014048
2.461533159657
2.468835015384
2.476443509328
2.483626448984
2.491536320815
2.514854779988
2.521500752026
2.526764701783
2.532400987604
2.538639848227
2.545103830439
2.551556205642
2.558035623794
2.564588177795
2.571273129094
2.578921959330
2.585973156734
2.593095064933
2.600563902243
2.607974307534
2.615529310214
2.622960712939
2.630096892668
2.637378995112
2.644754609106
2.652309128495
2.660212661095
2.668550544166
2.676661483921
2.684798988622
2.693220078061
2.701969835566
2.710132885647
2.718352938352
2.726705469432
2.734588842150
2.742199437060
2.750252080847
2.757749784614
2.765419298464
2.773356371868
2.781271869993
2.789295956521
2.797381931300
2.805560049149
2.813685809376
2.821808746413
2.829886907124
2.838263446505
2.846412684624
2.854367295182
2.862341389633
2.870269139757
2.878321558539
2.886360581864
2.894451385373
2.902646899507
2.910824337768
2.918965799175
2.927070965235
2.935404340409
2.943988226159
2.952563785057
2.961169105212
2.969796686243
2.978407165054
2.987072617690
2.995758542289
3.004411728468
3.013081590641
3.021812906837
3.030607776260
3.039485946706
3.047587904668
3.210845833230
3.219350941135
3.228229912450
3.237205450836
3.246220124448
3.255225623996
3.264181165502
3.273351398963
3.282590902579
3.291729353660
3.300761159343
3.309842716494
3.319006318792
3.328198572961
3.337710398638
3.347604899278
3.356974067689
3.365786433191
3.374933078179
3.383973056419
3.393014148734
3.401590823261
3.418556958772
3.426955351032
3.435902132426
3.445449084881
3.455072697763
3.464648586687
3.474212282138
3.483847876415
3.493638413888
3.503385328780
3.513198769103
3.522934914685
3.532747671978
3.542483449464
3.587974998222
3.595353029459
3.604392720204
3.613993172686
3.623875553892
3.633904927640
3.643944107434
3.654066248919
3.665064927099
3.769238356437
3.778487971375
3.788133947671
3.798168625257
3.808295910552
3.818426764175
3.828582776537
3.838705291006
3.848579971684
3.858450941175
3.868491680474
3.878571513316
3.888766264234
3.898824955794
3.908942856278
3.918813999928
3.928733273912
3.938744447957
3.948687105203
3.958624105509
3.968655374910
4.137677855237
4.146555132113
4.157116192346
4.168107196381
4.179296665744
4.190802370595
4.202414133576
4.215114541111
4.227050971965
4.356243642112
4.364257643772
4.371825722589
5.097053212449
5.103410410996
5.110737004068
5.118563044182
5.126301311899
5.133906958274
5.141489707201
5.148939173044
5.156226896632
5.163361830721
5.170443133976
5.177984378099
5.185431149783
5.192907948130
5.200056963795
5.207388888861
5.214598316476
5.221968347177
5.229126701356
5.236282252092
5.243625297492
5.251206735658
5.486780504853
5.494841636041
5.502835873715
5.510906106090
5.519113627635
5.527371768191
5.535739697727
5.544104466040
5.552552203528
5.561024219812
5.569523611543
5.577993777706
5.586515958266
5.595091697509
5.603678161482
5.612319717850
5.620997489019
5.629695900543
5.638310752704
5.646961305328
5.655628652142
5.664349600838
5.673010951906
5.681598261621
5.690163394699
5.698750157613
5.707316265196
5.716044310299
5.724878663906
5.733573331273
5.741640940041
5.789468445181
5.798212754699
5.807131205063
5.816230568231
5.825588297006
5.835188331055
5.845275545876
5.854940230934
5.864189396896
6.015306349727
6.023686009917
6.032555031308
6.041572868828
6.050626438745
6.059699959100
6.068806623358
6.077975134380
6.087115726328
6.096278701756
6.105280883771
6.114355404784
6.123419078016
6.132747902183
6.142313691142
6.151747578170
6.160632242488
6.368021338864
6.376371163909
6.384986866697
6.393770435104
6.402786246180
6.411818617690
6.420482644599
6.429630768005
6.439064094041
6.448544527624
6.458039026536
6.467536884983
6.477010614084
6.486590541503
6.496162099257
6.505747893314
6.515446217252
6.575937763279
6.585119870933
6.594399327438
6.603871636726
6.613296871411
6.623181060901
6.632583904319
6.641126758665
6.648958637231
6.658812416201
6.669420154744
6.680379985216
6.691432731042
6.702485203606
6.713972090654
6.725959083459
6.738797197598
6.842527938362
6.854973927507
6.863842196036
6.872918905035
6.882753655178
6.890873015873
6.899390843994
6.907079485231
6.915360599067
6.924707332855
6.933573413215
6.942282694029
6.950560795465
7.753297674171
7.761959576875
7.770165382522
7.778721937087
7.787346615595
7.796014811431
7.804633458691
7.813186038909
7.821571327408
7.829845395170
7.838031504202
7.846089903738
7.854099233264
7.861953083906
7.869752728734
7.877421892229
7.885063963598
7.892615670072
7.900045474126
7.907366041678
7.914647371119
7.921852541561
7.929025990170
7.936292517007
7.943706828479
7.951240010347
7.958648837548
7.966004335872
7.973303875443
7.980642884848
7.987970956353
7.995200917959
8.002539282107
8.009653851484
8.016962313486
8.024120580231
8.031360164035
8.038593594897
8.045878667974
8.053022253091
8.060211686106
8.067533194999
8.074702681366
8.082255760419
8.089357407962
8.096484192094
8.103622466141
8.110962948415
8.118080686549
8.124720475921
8.157033791119
8.164062251946
8.171329237216
8.178694783105
8.186148941440
8.193645121328
8.201176574012
8.208767744556
8.216397536370
8.223468287955
8.231009699315
8.238266600003
8.245494180173
8.252768982158
8.260245953383
8.267627593983
8.274989565310
8.282604949435
8.289689088204
8.440248305244
8.448547379621
8.457861577566
8.467437216118
8.477339773180
8.487317859612
8.497397803088
8.507502636167
8.517650244160
8.527773706345
8.537823743572
8.547657489693
8.557514638592
8.567268259973
8.577013186157
8.586837953849
8.596554626460
8.606235596804
8.615944398492
8.625535501433
8.635211515500
8.645479760034
8.655683197916
8.665380659146
8.675763589588
8.771117049124
8.780324348630
8.789717569349
8.799342921571
8.809342470984
8.819602049593
8.829776154064
8.840434300213
8.850384573022
8.860045866044
8.908274280707
8.917324448201
8.926549124609
8.935968301097
8.945493045307
8.955182427471
8.964542643061
8.973833496650
8.983186299443
8.992518446150
9.001800735282
9.011108654015
9.020379790614
9.029626593670
9.038870994480
9.048185032264
9.057417481748
9.066665282100
9.075891818642
9.085198307834
9.094557666818
9.103586058061
9.112860999447
9.121954661643
9.131043574658
9.140056114300
9.264826710295
9.274145946727
9.284337859192
9.294817130088
9.305551670556
9.316384989206
9.327512800793
9.338686567876
9.350132253675
9.361720771430
9.374026094403
9.385920859639
9.398816595021
9.411707764517
9.425824203251
9.509327167740
9.520749631389
9.532254549753
9.543811172793
9.554238461235
9.565146143720
9.575188591700
9.586102490940
9.596243359164
10.144268904937
10.153060124212
10.162192404123
10.171382367021
10.180620125164
10.190628237465
10.199794420027
10.208945575351
10.218179761659
10.227297133696
10.236380901521
10.245444855373
10.254554504777
10.263563982156
10.272539031592
10.280690734749
10.289127327155
10.297869468196
10.306487123740
10.315044056550
10.323505261769
10.331917100722
10.340249561967
10.348517357454
10.356709105887
10.364852214376
10.373050557303
10.381274931821
10.390265587133
10.398731691624
10.407153642875
10.415746509357
10.424204237892
10.432687381778
10.440972837281
10.449269767569
10.457574270607
10.465858776686
10.474205361224
10.482536222294
10.490891857220
10.499279673965
10.507685488239
10.516127848892
10.524591172886
10.533114955647
10.541676619862
10.550243736197
10.558904499652
10.567637534474
10.576363895877
10.584782255239
10.593166818439
10.713734517639
10.720991415285
10.729436517768
10.738176529898
10.746582426156
10.755691223329
10.764916901654
10.774259069066
10.783673467003
10.793180487528
10.802717917392
10.812382732683
10.822039464958
10.831698000216
10.841292870232
10.850828767544
10.860335360773
10.869775655249
10.879155138257
10.888469771522
10.897829934195
10.907464818366
10.917264355221
10.926642180917
10.936003036035
10.945301952964
10.954779705963
10.964253597642
10.973948415178
10.983386361019
10.992382100738
11.001763148033
11.011345912377
11.071123704999
11.080844205814
11.090960533340
11.101151466744
11.111458701825
11.121833204213
11.132249465396
11.142741872297
11.153287822550
11.163948815711
11.174470021636
11.185163861511
11.195599161278
11.206491709550
11.217374022492
11.297022096542
11.307096327381
11.318180483263
11.329200164117
11.340065677671
11.350996521425
11.361862130216
11.372521632903
11.383168806408
11.393953384154
11.404999593190
11.454342317112
11.464788357319
11.476133260820
11.486920555198
11.498025703984
11.508962327288
11.519897808616
11.530888922389
11.542620674141
11.630753217686
11.643134643194
11.654638268830
11.666415465987
11.678462312578
11.690587030382
11.703036350944
11.715609342071
12.720036518028
12.728668323629
12.737201111617
12.745842079369
12.754505355799
12.763220341636
12.771934862656
12.780696916086
12.789457624119
12.798096718796
12.806795079646
12.815474734415
12.824087479696
12.832572874959
12.841005595516
12.849359520263
12.857639758298
12.865872137595
12.873976859779
12.881984426081
12.889918556544
12.898114699924
12.906225176419
12.913911753897
13.025012930196
13.031281114444
13.038398760865
13.045923374137
13.053828637456
13.061812752400
13.069837566521
13.077835374111
13.085946787005
13.094128812514
13.102358123236
13.110536809061
13.118855782629
13.126829426938
13.135213336900
13.143666932197
13.152165329678
13.160722959415
13.169282311588
13.177865493555
13.186437046768
13.194980899691
13.203515113431
13.212076820515
13.220653212734
13.229459783201
13.238598667874
13.247484017761
13.256468226031
13.265411044347
13.274391683063
13.283517410102
13.292793758453
13.302158485594
13.311615670016
13.321191490824
13.330708831023
13.339995820940
13.348947281506
13.357556858182
13.516999944558
13.523591436760
13.530586337631
13.538413885139
13.546602234597
13.554875034089
13.563185009069
13.571662506497
13.579594718104
13.588153563974
13.596835633505
13.605433014446
13.614054550395
13.622665600768
13.631208201546
13.639737148748
13.648219236815
13.656672767101
13.665030907065
13.673289631976
13.681505311911
13.689593295560
13.697618937050
13.705597779429
13.713534846087
13.721444390438
13.729256119158
13.737014663206
13.744736107271
13.752392664292
13.759919240187
13.767467001974
13.775014405335
13.782662826718
13.790418948345
13.796931823137
13.804771415015
13.812326124838
13.819890060977
13.827317456843
13.834856115076
13.842162307132
13.849787178467
13.857191468710
13.864883490513
13.871313768953
13.879205156666
13.886534357542
13.894452256563
13.902137141524
13.908772372833
13.921243850983
13.927557989403
13.935292391010
13.943288962515
13.951516234487
13.959947484165
13.968439768329
13.976885527293
13.985347250982
13.993866237282
14.002412087402
14.010992655826
14.019548681764
14.028107267352
14.036653949871
14.045201931073
14.053817838164
14.062544155880
14.071187351031
14.079704720270
14.088378979510
14.201418868547
14.208875298521
14.217470923929
14.226217821516
14.235430461037
14.244943469237
14.253080829381
14.261449993859
14.269862644852
14.278334217554
14.426366792135
14.434240919896
14.441827084225
14.450431264583
14.459350584953
14.468128894055
14.477544349568
14.487182102955
14.497060440428
14.507156412366
14.517665473941
14.528451695657
14.539486328802
14.550898564833
14.562686557393
14.574897773851
14.587052032428
14.599958233850
14.612143157655
14.623921860620
14.635002317272
14.646572849696
14.939125340082
14.947205138942
14.956718513526
14.966182614264
14.975769131893
14.985845947504
14.995314786326
15.004370400297
15.013666137948
15.023161451049
15.032795684794
15.042791262626
15.052682884980
15.062618291425
15.072738604051
15.082709568981
15.092306546722
15.125464761773
15.134720933728
15.143383822053
15.152183865496
15.161058801161
15.169943484678
15.178717083824
15.187495765217
15.196336111080
15.205899427193
15.215736027990
15.224893492667
15.233914225863
15.243131115007
15.252106621164
15.260929774827
15.270120843821
15.278990024336
15.287763277093
15.338920671343
15.348417168552
15.357583812907
15.367030279003
15.375423437220
15.383964909167
15.392757107963
15.401702294258
15.410759619504
15.419842399972
15.429000813124
15.438202961490
15.447570109209
15.457006171705
15.466516779478
15.476109963413
15.485742037401
15.495335438871
15.504960691206
15.514594971275
15.524374611825
15.534266484844
15.543945413214
15.553278223956
15.563010109809
15.572548197523
15.581972371425
15.591555996904
15.600784429907
15.610217556733
15.691469058035
15.701176114664
15.711189624627
15.721648320191
15.732135814240
15.742790357278
15.753631222169
15.764713921916
15.776198964726
15.787678012928
15.798914134955
15.810256486243
15.821598549589
15.832849951798
15.843939203921
15.855050728545
15.866204514448
16.097354246175
16.105515419096
16.113706856869
16.120724039775
16.127940647378
16.135220690908
16.245842587422
16.256282068223
16.267796896443
16.279860083317
16.292057645525
16.304351285281
16.316700487468
16.330628373089
16.342817850780
16.525380442034
16.527822032089
16.529630288575
16.531851990640
16.534263879330
16.536080169695
16.538505824311
16.540310428480
16.542229351627
16.544664264681
16.546504409980
16.548150217226
16.549974655286
16.551613522876
16.553230803617
17.352475548554
17.360649429511
17.368960872809
17.377473579881
17.386100853383
17.394889198547
17.403342232987
17.411578333040
17.419854240158
17.426631707157
17.434765010825
17.443033686680
17.451526861124
17.460223805286
17.469063162562
17.477851669497
17.486656903052
17.495354905916
17.504213384245
17.513346784809
17.678704162876
17.685969529369
17.693309533554
17.700949294247
17.708612618224
17.716293483959
17.723979811904
17.731731477763
17.739446711162
17.747350547819
17.755282597661
17.763216986011
17.770393703145
17.777923837197
17.785450853640
17.793141841709
17.800897153973
17.808465463626
17.815858449850
17.823363658965
17.830812881617
17.838047890154
17.844504533256
17.851609123195
17.857296204419
17.864232840163
17.872347778028
17.880353717979
17.888451604957
17.896528414610
17.904755546198
17.913125203502
17.921505789018
17.930069736983
17.938721637747
17.947316672918
17.956157152963
18.111385160337
18.119963503999
18.128597118724
18.137327529219
18.146115380247
18.155002010886
18.163938016570
18.172887681357
18.181912026650
18.191069204342
18.200313425491
18.209426447400
18.218436733164
18.227374695548
18.236338108065
18.245320850282
18.254350617400
18.263492089106
18.272774365679
18.282463947191
18.292209942274
18.301468747280
18.351767704007
18.361065934541
18.371135399700
18.381753405535
18.393286958739
18.403468915060
18.413941252392
18.424831732489
18.435484722794
18.641402955905
18.648917742249
18.657038915896
18.665207000499
18.673359473185
18.681524264464
18.689698282862
18.697862395746
18.705899782303
18.714003307433
18.722063185648
18.730204252351
18.738317833586
18.746489372681
18.754672767518
18.762878284456
18.771120523575
18.779415566740
18.787835406821
18.796287595941
18.804550060827
18.812765132491
18.820805942030
18.828647992413
18.836416322432
18.844222259651
18.852068644666
18.860002035449
18.867958507955
18.875952624593
18.883974017242
18.892045707236
18.900159916803
18.908268265819
18.916386212672
18.924519969818
18.934006267531
18.942671397719
18.951101348556
18.959499874840
18.968059297405
18.976844341724
18.985958494162
18.994802563838
19.003251481099
19.011234696746
19.019432582912
19.039407593697
19.047916361089
19.056784037513
19.065877757116
19.075192174403
19.084640241439
19.094386473561
19.104259550383
19.114291374629
19.124530935732
19.134773905797
19.145177659283
19.156051617887
19.263813103125
19.278320510375
19.291082450264
19.304113686755
19.317163272013
19.329064854416
19.339372990309
19.350666991187
19.361401113833
19.370997458146
19.871544115769
19.881081020358
19.889848308656
19.898404974979
19.907252680041
19.916253461735
19.925236187603
19.934224427096
19.943258112847
19.952385980966
19.961491870661
19.970708631144
19.979928750347
19.989217570081
19.998493056271

