Time_s
0.306743634952
0.314762443119
0.323059428043
0.331357019258
0.339565842002
0.347687183177
0.355701610776
0.363500478600
0.370993950737
0.378386195507
0.385530234404
0.392537854618
0.399477012574
0.406297585958
0.413018618688
0.419656132473
0.426183303115
0.432618051828
0.438910568403
0.445156977647
0.451247167006
0.457262641670
0.463132482508
0.468901552208
0.474602613696
0.480247122083
0.485846810240
0.491446365158
0.497085772591
0.502786255589
0.508784940589
0.514866550830
0.521023257153
0.812037091728
0.819313412609
0.826583090687
0.833917536713
0.841228536204
0.848524311230
0.855781858356
0.862984024606
0.870135384489
0.877198734844
0.884153624875
0.890991829385
0.897698101074
0.904225798426
0.910666113611
0.916949721073
0.923211729784
0.929400127548
0.935541954621
0.941552505098
0.947496808924
0.953430735327
0.959326706064
0.965238145243
0.970936008575
0.977300490693
0.994035842225
0.999767803198
1.005118099238
1.009672527408
1.015303728584
1.021270761583
1.026734652942
1.031847320899
1.037168780390
1.043364148197
1.049445617874
1.056039565318
1.063197549190
1.070538356542
1.078032118116
1.245297456039
1.251434049691
1.257646555187
1.263970657752
1.270392747545
1.276918057783
1.283515062804
1.290227464681
1.297037064865
1.303963030856
1.311054732523
1.318441305523
1.326592538085
1.334422479237
1.342882567457
1.351725368307
1.360965945372
1.370715516950
1.380734582586
1.390682525758
1.401077994587
1.412084417352
1.423324403122
1.435083765188
1.446996945792
1.460135580588
2.062471690781
2.070410858285
2.078604392164
2.086516614891
2.094411351364
2.102185920537
2.109768873292
2.117239074822
2.124556494713
2.131725683723
2.138766192623
2.145632188520
2.152359812189
2.159090033252
2.165773309514
2.172609091381
2.180055420301
2.420790477237
2.427460116699
2.434138007894
2.440831379169
2.447485015819
2.454114813450
2.460752256514
2.467391385182
2.474022193339
2.480631601410
2.487248973202
2.493856254092
2.500454499773
2.507017979812
2.513528834710
2.519987844288
2.526379646065
2.532712464422
2.538936732396
2.545088033255
2.551231451762
2.557500348341
2.563912467323
2.570841434541
2.577600599311
2.584775703516
2.591457743267
2.736400993252
2.743380742190
2.750675931706
2.758035975047
2.765507857185
2.773071959860
2.780794250870
2.788814821609
2.797346855688
2.806099054441
2.815052759501
2.823918267963
2.832871320590
2.842326811197
2.851927290994
2.889335667280
2.898034762575
2.906983125289
2.915566328199
2.923987530586
2.932283124580
2.940485915683
2.948624279060
2.956703661044
2.964744832692
2.972728838195
2.980635394556
2.988495469297
2.996336558320
3.004160093372
3.011962112856
3.019698419628
3.027355555978
3.034929033665
3.042392730616
3.049792366234
3.057084165579
3.064330275006
3.071624331162
3.078715048853
3.085755882119
3.092707291954
3.099588516121
3.106420049469
3.113189364695
3.119929028355
3.126687695230
3.133442685908
3.140191570638
3.146780619844
3.153739807307
3.159973503369
3.167061435620
3.173375588233
3.180691306289
3.187807951849
3.194217813531
3.201740243630
3.208735002838
3.216482831493
3.224632275182
3.233079426959
3.241483061064
3.249959561203
3.258672874594
3.267446651628
3.276500307742
3.285236751260
3.293933057557
3.302437359347
3.310803648318
3.319015466517
3.327100677652
3.335033841916
3.342814338669
3.350471354964
3.358087122415
3.365632227851
3.373015393595
3.380364206107
3.387873022631
3.395603523694
3.403708055717
3.590765246698
3.597617332116
3.604539137261
3.611502043769
3.618478690688
3.625492326930
3.632543862042
3.639590972235
3.646662384187
3.653744517934
3.660835406058
3.667938067851
3.675059422058
3.682195719360
3.689326811328
3.696441973214
3.703536309658
3.710611837724
3.717655436545
3.724658757940
3.731638324624
3.738556861955
3.745455946149
3.752311494387
3.759122193667
3.765908932320
3.772678379322
3.779419780341
3.786146405097
3.792860459155
3.799583935423
3.806333675718
3.813094594769
3.819907581042
3.826849059470
3.833867757691
3.840910233803
3.847981932839
4.033520852377
4.041514999093
4.050118628435
4.059241387305
4.078648056253
4.088310113896
4.097944024695
4.107463607647
4.116630908461
4.125672052285
4.134536690774
4.143461089664
4.152308455179
4.161080839213
4.169814793480
4.178620263118
4.187804672409
4.197330146176
4.207457862997
4.374984719145
4.381114260785
4.388587046681
4.396001150429
4.403438739510
4.410941404133
4.418455427452
4.425928974600
4.433310145917
4.440612358526
4.447796334120
4.454984814319
4.462088719292
4.469124656201
4.476061625786
4.482907886434
4.489680467036
4.496357181451
4.502927796954
4.509390810883
4.515731137992
4.522011419606
4.528367333070
4.534880204422
4.541551929258
4.548309355080
4.555306463709
4.562994572751
4.732492056423
4.739017721945
4.746761399419
4.754559095332
4.762509091142
4.770519896738
4.778647243953
4.786867185214
4.795182895029
4.803635893794
4.812389425992
4.820770210729
4.829328255848
4.837934477089
4.846643363602
4.855535215060
4.864720348059
4.874526363964
4.884535300911
4.894275615318
4.902984261741
4.912348346840
4.921633144200
4.930997001409
4.940519934490
4.950252495467
4.960413006358
4.971188750233
5.170477605016
5.178100069187
5.185678618791
5.193377408516
5.201195223598
5.209145965616
5.217227154180
5.225451259629
5.233816033213
5.242439305458
5.251492186532
5.260913146722
5.270821186897
5.281119517808
5.291868150292
5.302996663578
5.314507422090
5.326494861312
5.339080930249
6.441670298167
6.447282297874
6.454102371346
6.460727349101
6.467179490575
6.473505687941
6.479708067240
6.485747577739
6.491682855169
6.497525478059
6.503261745513
6.508970314151
6.514712507142
6.520578119106
6.526679523421
6.532442479106
6.538562207695
6.544375583655
6.616883187028
6.622392126444
6.627151298113
6.631902483441
6.637465460700
6.642995691556
6.648571381667
6.654208410156
6.659858276189
6.665563072909
6.671327705441
6.677199024648
6.683154914846
6.689269074162
6.695573634621
6.701810175546
6.899930548138
6.905199817984
6.911145941571
6.917688987397
6.924203840907
6.930669366718
6.937096527549
6.943502527236
6.949890933372
6.956287528692
6.962683313178
6.969068371171
6.975427564558
6.981770714439
6.988102142951
6.994411226045
7.000705467910
7.006981412278
7.013254282627
7.019533190904
7.025793597451
7.032368052161
7.038648262103
7.044861580111
7.051059243762
7.057303638118
7.063757949770
7.070458659105
7.076518439286
7.083400576220
7.090334672938
7.145767129072
7.152887532487
7.161034191381
7.168339853081
7.175764356660
7.183709580861
7.192194400005
7.200777345956
7.210034637919
7.219478281112
7.408413459020
7.415713456479
7.423534049251
7.431375062167
7.439226519626
7.447003838317
7.454745963100
7.462461101815
7.470119413580
7.477703619365
7.485226027295
7.492670973747
7.500010216892
7.507229135507
7.514351634977
7.521346234783
7.528100493759
7.535026926017
7.542565057660
7.669406732491
7.676889180229
7.684177523709
7.692073638391
7.821643541149
7.828118460268
7.835656766931
7.843126062256
7.850790864221
7.858595831055
7.866545863670
7.874493816799
7.882430703872
7.889800014915
7.897254738871
7.904942047467
7.912536093376
7.920138129605
7.927728180522
7.935279720815
7.942796623236
7.950254933157
7.957610486932
7.964872799504
7.972062454883
7.979158981857
7.986221152266
7.993188492613
8.000143441448
8.007059725131
8.013886774852
8.020611142595
8.027338505779
8.034107457349
8.040945179017
8.047962282388
8.055382395269
8.063136814079
8.071550480306
8.176678497353
8.179043423136
8.181400175806
8.183798185941
8.185756164022
8.187737434293
8.190499404331
8.193251942064
8.218131761288
8.224703809395
8.231471065063
8.238354647016
8.245384822111
8.252543661737
8.259906392850
8.267403651517
8.275140423724
8.283191475732
8.291533529522
8.300133924316
8.309100432503
8.318601439364
8.328156470868
8.338058350171
8.348517693430
8.359129604582
8.370066753793
8.381304070889
8.392592424996
8.403859020832
8.415305082039
9.203241422780
9.211236354803
9.219139209739
9.227080217122
9.235049089118
9.242954137026
9.250833275710
9.258615067045
9.266284105462
9.273932122536
9.281554345456
9.289103292919
9.296619359250
9.304042307406
9.311420899618
9.318721851227
9.325979232432
9.333130524441
9.340229181712
9.347274428464
9.354289727481
9.361265663542
9.368175811672
9.375028682286
9.381809792899
9.388502799641
9.395142550306
9.401748414185
9.408277601310
9.414757058580
9.421184852102
9.427581149427
9.433889552119
9.440114480570
9.446254199386
9.452302347580
9.458271235611
9.464174091760
9.470049071807
9.475935343992
9.481808812948
9.487618216519
9.493232331885
9.499004458267
9.504606330401
9.510035806382
9.514746659339
9.519983864201
9.525157002851
9.885131780419
9.892226055383
9.899363634278
9.906493502888
9.913577908265
9.920582314788
9.927444306594
9.934235814960
9.940927560652
9.947554728016
9.954073455533
9.960532510505
9.966945939811
9.973335369292
9.979846300931
9.986776785665
9.994562448847
10.001411136859
10.412956686574
10.420762557871
10.428501646033
10.436643469336
10.445017720072
10.453608367012
10.462275850106
10.471082726141
10.479925217645
10.488741287593
10.497578755689
10.506327266448
10.514644402556
10.522896405037
10.531477067156
10.540007828783
10.548499356360
10.556994284761
10.565472919830
10.573924548460
10.582302907781
10.590639106988
10.598911397807
10.607074919368
10.615153451098
10.623031373362
10.630812253327
10.638454348053
10.645988194449
10.653411367923
10.660669374162
10.667828927841
10.674814344872
10.681623262521
10.688284781203
10.694847755172
10.701357367487
10.707794337615
10.714197853012
10.720708676354
10.727370527537
10.733847185238
11.116994312523
11.125857372184
11.134557841133
11.143732376822
11.152910255173
11.162165105131
11.171543934894
11.180960593723
11.313569385174
11.323237872565
11.333016074698
11.342668122137
11.352122198111
11.361494724888
11.370717113883
11.379856428874
11.388863577297
11.397693643462
11.406141702161
11.414292506144
11.422303119942
11.430154403434
11.437815208981
11.445367570979
11.452784584048
11.460088581850
11.467293365344
11.474423958743
11.481456135393
11.488382523141
11.495172398077
11.501852074850
11.508408377263
11.514853854963
11.521260461452
11.527688931259
11.534130517963
11.540988754874
11.712958848617
11.717968611246
11.723942742911
11.730130601744
11.736349407295
11.742627509202
11.748950930589
11.755352962750
11.761809874704
11.768314323724
11.774883653786
11.781499192061
11.788161292109
11.794878424155
11.801619429238
11.808370551381
11.815127593729
11.821871079181
11.828597885151
11.835290090365
11.841946653949
11.848580586772
11.855145791529
11.861640337527
11.868083403719
11.874463042292
11.880776322309
11.887014025862
11.893211292425
11.899339838877
11.905436526004
11.911504784844
11.917588778967
11.923317547914
11.929457999507
11.935426237093
11.941940706250
12.664586102184
12.673659184516
12.682213822819
12.691047212864
12.699928686931
12.708848429544
12.717991523327
12.727355764602
12.737046061936
12.746190903636
12.755491215422
12.764705649774
12.773921713178
12.783265697581
12.792679935796
12.802040973982
12.811381069968
12.820667801415
12.829874270260
12.839005068536
12.848002176847
12.856885277466
12.865621451385
12.874257423047
12.882703732219
12.890983323797
12.898724994027
12.906546374737
12.914265394445
12.921905340166
12.929467119372
12.936949942609
12.944294106738
12.951511794687
12.958584815522
12.965564295722
12.972430358110
12.979212129035
12.985904173724
12.992425064501
12.998839356163
13.005193353960
13.011567796832
13.017905822511
13.024202249323
13.030472499423
13.036706081825
13.042919635806
13.049130081614
13.055348840675
13.061580365094
13.067841055100
13.074442173383
13.080935007895
13.087355501522
13.093856312689
13.100445981116
13.107093035088
13.113733179344
13.120340672469
13.126973421975
13.133512013591
13.139901920515
13.146114367127
13.152080634473
13.157920215661
13.163672429659
13.169408130795
13.175148998973
13.180888359969
13.186636587060
13.192376514898
13.198103806315
13.203825576055
13.209525302263
13.215198885894
13.220887703672
13.226545973373
13.232188247284
13.237930306410
13.243641839959
13.249463043494
13.255114807571
13.261383762409
13.273091734062
13.284042040550
13.401900233965
13.409403688858
13.416676762436
13.424220837942
13.431952696163
13.439636346053
13.447429959876
13.455324396280
13.463269136675
13.471282350524
13.479339989163
13.487471555864
13.495697698342
13.503954403446
13.512222575944
13.520550053699
13.528894740522
13.537319779496
13.545815732407
13.554340387520
13.562983166474
13.571659085716
13.580537244239
13.589528769677
13.598649468639
13.732347253737
13.740515329949
13.748778029324
13.757128478066
13.765483512635
13.773886403147
13.782310001111
13.790761971168
13.799178849429
13.807590294577
13.815692857658
13.823784441587
13.831743237027
13.839697868960
13.847485919062
13.855232587614
13.862835494089
13.870289345227
13.877594350092
13.884782147443
13.891801367726
13.898683141874
13.905395172076
13.911993388202
13.918526479848
13.924969121042
13.931367676150
13.938110336571
14.020954842938
14.022972421701
14.025039640368
14.027114126274
14.029173233228
14.031267710756
14.033353115219
14.291486525485
14.299945027709
14.308392815949
14.316858811345
14.325391615982
14.334029610453
14.342737452613
14.351453210367
14.360168174081
14.368917367140
14.377693316949
14.386552652871
14.395496186774
14.404609148729
14.564277218380
14.572365057208
14.580776931444
14.589331421184
14.597978284932
14.606688118529
14.615396819233
14.624150434548
14.632947151962
14.641765510724
14.650698142517
14.659726569182
14.669442819564
14.679550759963
14.689100115598
14.698871104907
14.708853435749
14.719004041088
14.729268662989
14.739610538626
14.750109758903
14.799225948400
14.808295435124
14.817205749881
14.825919029817
14.834558042293
14.843078857865
14.851487004690
14.859829571201
14.868087841986
14.876257284293
14.884355780202
14.892385199059
14.900293454915
14.908098504641
14.915807036156
14.923453468512
14.931076275015
14.938679481467
14.946241143007
14.953824118871
14.961666455909
14.969469885363
14.977238302677
14.984749658431
14.992079611153
14.999297508304
15.006479997750
15.013687328889
15.020900099805
15.028145077566
15.035418632324
15.042731309891
15.050066642848
15.057459787612
15.064926697702
15.072425144551
15.079951162689
15.087666743581
15.096489248650
15.104595385832
15.112700060360
15.120832430545
15.208507156118
15.216655488480
15.224658551007
15.232734063544
15.240913127589
15.249223747120
15.257634311370
15.266198041784
15.274901016438
15.283893324542
15.293070498400
15.302588567171
15.312450482891
15.322631077067
15.333396944769
15.344438072089
15.355756461298
15.367395172074
15.379410993688
15.391983754826
15.404174002167
15.417026171237
16.681779220051
16.691521141863
16.700774316991
16.709719085362
16.718333509747
16.726867092421
16.735282077799
16.743639421564
16.751930707819
16.760041821689
16.768008822103
16.775820611650
16.783590151671
16.791308650985
16.798939246852
16.806502610880
16.813992172342
16.821345564107
16.828600346485
16.835734516953
16.842779608018
16.849729272036
16.856626305530
16.863471214590
16.870231879378
16.876893531029
16.883393712877
16.889769810752
16.896004777645
16.902089497300
16.908081686480
16.913918322972
16.919604340523
16.925249979894
16.930805149236
16.936350816467
16.941809537341
16.947179297840
16.952559174224
16.957926981472
16.963348841648
16.968814556493
16.974309268712
16.979788336544
16.985209652473
17.119929073528
17.124355494436
17.128911365462
17.133960773730
17.139126552143
17.144336943329
17.149614249575
17.154927806976
17.160273201278
17.165662685092
17.171122816447
17.176638896736
17.182319778243
17.187876416659
17.193361766968
17.199004224539
17.204715526543
17.210511354898
17.216428380465
17.222450375915
17.228537263267
17.234707599814
17.240994344656
17.247316917259
17.253623710577
17.259870791939
17.266025994721
17.272380906010
17.278809812059
17.285219465985
17.291595026288
17.297956741436
17.304296778234
17.310618932689
17.316935891349
17.323238851899
17.329537077717
17.335853258139
17.342177864202
17.348508918297
17.354837687041
17.361184220543
17.367524678275
17.373855009516
17.380131428527
17.386308053465
17.392558736960
17.399623805835
17.406311029057
17.412613670802
17.595375824757
17.602172857280
17.609055630081
17.616570455187
17.624140198692
17.631829275250
17.639706030718
17.647529000987
17.655411875864
17.663345593595
17.671260942667
17.679156438145
17.687078462506
17.695074679197
17.703051608991
17.711123368724
17.719192765585
17.727347167302
17.735524621437
17.743755705777
17.752028177214
17.760150337793
17.768394884403
17.776751817444
17.785169604845
17.793870650696
17.802707980904
17.916893223469
17.923032158461
17.930652147858
17.938703303874
17.947019508030
17.955383597388
17.963784092355
17.972198412827
17.980686099803
17.989131979147
17.997551817235
18.005930897777
18.014122423192
18.022207263074
18.030310870594
18.038230497895
18.046102216171
18.053896659549
18.061600302917
18.069303645050
18.076930489576
18.084520005983
18.092042828163
18.099511017437
18.106857824270
18.114124381672
18.121331299744
18.128516291820
18.135659999662
18.142733320337
18.149734991216
18.156639148512
18.163434749865
18.170135738551
18.176755564065
18.183295510400
18.189820483205
18.196310400939
18.202264415021
18.208594351295
18.214349292224
18.220544611145
18.227069129133
18.375729278653
18.381381373568
18.388306355645
18.395337140264
18.402499353251
18.409620632283
18.416860025388
18.424156466451
18.431409321959
18.438630357989
18.445759562095
18.452811370871
18.459813864199
18.466905183154
18.473964130819
18.481145475341
18.488313018279
18.495535392982
18.502911208104
18.510451019425
18.681784661275
18.687017465968
18.693524503458
18.700097527516
18.706767850165
18.713515585517
18.720346062581
18.727356746905
18.734669401442
18.742087651679
19.029711233775
19.037456577555
19.045622988799
19.053952559524
19.062177994624
19.070512061729
19.078879516181
19.087205946751
19.095533633127
19.103638622829
19.111578824873
19.119716982437
19.127715457345
19.135607727331
19.143382449660
19.151085852390
19.158689663198
19.166207229469
19.173652318829
19.180916140842
19.188162428354
19.195334090801
19.202402226443
19.209356374016
19.216197573952
19.222905699942
19.229483804917
19.235997133341
19.242479938639
19.248916094045
19.255269273336
19.261588143391
19.267877723164
19.274156866959
19.280457703393
19.287006933672
19.293895877025

