Time_s
0.633531416817
0.641857153665
0.650490843309
0.659152752172
0.667878825310
0.676560324706
0.685149552942
0.693022150998
0.701255916133
0.709401077011
0.717137245476
0.724766666858
0.732035992130
0.739216659000
0.746342811001
0.753118753058
0.759905832863
0.766570862980
0.773195960877
0.779779373289
0.786226737603
0.792326017445
0.798379107233
0.804618057770
0.810840391093
0.817862489314
0.827920610133
0.837457073029
0.846823742077
0.856503415227
0.866238847910
0.871730984850
0.876982967129
0.882125889341
0.887619441382
0.893910581669
0.900015388100
0.905923760972
0.911323953610
1.340033500821
1.348402416840
1.357174565120
1.366376549117
1.375526502706
1.384996743485
1.394512299391
1.404300631630
1.414081609207
1.423996836116
1.433947945857
1.444011254757
1.454206263987
1.464469351343
1.474974446149
1.485457013526
1.496084191514
1.506615088349
1.522081248042
1.532515150593
1.543115351121
1.553505667427
1.564096112565
1.575008417963
1.585336283353
1.835429814688
1.842631488369
1.849486059835
1.856401787893
1.863431131360
1.870553725482
1.877831529504
1.885008463063
1.892692136689
1.900602631903
1.908545882477
1.960928437142
1.967419831786
1.973580445311
1.980013730593
1.986369397840
2.026894513216
2.039442808554
2.052014754974
2.064459686238
2.778220251230
2.789298235740
2.800092071070
2.809658625465
2.819130677626
2.827122581237
2.835212989444
2.841889837488
2.848611732589
2.855216587367
2.861834759214
2.868480629662
2.875099177843
2.881543910516
2.886819534227
2.893405132548
2.900063400033
3.077910045729
3.088027405215
3.100007560358
3.112720265004
3.125174373557
3.137419658556
3.149363614079
3.161089325828
3.172902096817
3.184506058502
3.195769800915
3.206873939970
3.217627988835
3.227967354625
3.237946930577
3.247426623003
3.257061676198
3.265003484015
3.280181545246
3.287327155408
3.294949254046
3.302256224861
3.309514373842
3.316992828448
3.324198849025
3.331661325674
3.339703090868
3.512386997078
3.521792231982
3.533823051527
3.546407076300
3.558884994673
3.571901065107
3.584280479313
3.597043706133
3.609899575854
3.679060280212
3.691432785859
3.702941676031
3.713681866595
3.724469864105
3.735316917365
3.745748512013
3.755898933465
3.765845306368
3.775868922034
3.785315771316
3.794424257951
3.803898057371
3.813365295415
3.822935407538
3.832537244232
3.842375534423
3.852226013770
3.862393316232
3.873485500189
3.883826717813
3.893733080336
3.960521204424
3.973618089976
3.985730517015
3.996468322415
4.007480104586
4.018285103926
4.028892290195
4.039404006558
4.049816625016
4.060121884094
4.070392510344
4.080628535736
4.090737620801
4.100803908672
4.110782145439
4.120335186820
4.129070068955
4.138549620722
4.148490349164
4.158539965801
4.317426183082
4.326029062426
4.335314200217
4.344194702720
4.353318117993
4.362500796665
4.371569586487
4.380592248011
4.389580858610
4.398424577098
4.407322174786
4.416159615486
4.424314995226
4.432893455405
4.441041968742
4.448857970962
4.456485453000
4.463873860398
4.471244663998
4.478579006835
4.485874660217
4.492856550032
4.499896056340
4.506679047310
4.513233390722
4.519817163870
4.526401152279
4.532877765702
4.538451169199
4.544909452105
4.551336672366
4.557743891850
4.564125875394
4.570052566492
4.576306258485
4.582189059626
4.588498469554
4.594959800190
4.601088867952
4.607150990765
4.613560798969
4.619177742749
4.625448666910
5.140825776443
5.153580214926
5.165662233730
5.177423014329
5.188936320672
5.200396029573
5.211583597712
5.223537207539
5.236115637955
5.321047918512
5.333106421677
5.344481085991
5.355414915000
5.366095191303
5.376715726894
5.387268260750
5.397646747062
5.407821894865
5.417889211636
5.427733471445
5.437531411781
5.447276647431
5.456757041462
5.465939694244
5.474875693253
5.483603523007
5.492191233829
5.500491735621
5.508603838314
5.516675725692
5.532497817120
5.540084144601
5.547826831790
5.555690721365
5.563209385266
5.571309146663
5.608109196964
5.616043083900
5.624081763377
5.631771482778
5.639657868998
5.814519304817
5.825958552854
5.836516091074
5.847887028171
5.858712361024
5.869124436494
5.879562608020
5.889930047484
5.900284644483
5.910660159532
5.921087130822
5.931575861921
5.942275091852
5.953009529387
5.964823680972
5.976235978768
6.025805129511
6.036310423362
6.046348251016
6.056262097401
6.066826995046
6.077499625126
6.087743056065
6.097659236622
6.268250614222
6.275030013730
6.280835150257
6.287272852678
6.294425291085
6.301926400362
6.309489429315
6.317561292217
6.325923311916
6.334794860297
6.345068303576
6.355565294171
6.367992492232
6.380847326629
6.392743066631
6.396553579684
6.400398191300
6.409334283938
6.413434578145
6.417285316457
6.421301413829
6.424585670561
6.448442223655
6.458149672353
6.468029142020
6.477626500658
6.487462957745
6.498826559548
7.371157661765
7.379644717940
7.388127537898
7.396762019973
7.405691031552
7.414671226783
7.423649037782
7.432791776263
7.441940561687
7.451193772613
7.565656762339
7.567893970129
7.570306617264
7.572392091214
7.574453910818
7.576723738154
7.578546539314
7.580822009386
7.582660011123
7.584513290535
7.765056384308
7.772007411696
7.779078422703
7.786210596353
7.793121937759
7.800024029137
7.806901236762
7.813756221284
7.820650562885
7.827502977403
7.834343192631
7.841167851645
7.847912369616
7.854629061813
7.861239364426
7.867682739041
7.874054980798
7.880091216523
7.886511013917
7.892913617126
7.899225542213
7.905375346248
7.911517531097
7.917483697776
7.923361659511
7.929235241799
7.935139294787
7.941261716583
7.947308581092
7.953174890162
7.959130490871
7.965208572539
7.971102997836
7.976537212471
7.982324387057
7.988004614727
7.993658386402
7.999373769059
8.005012018056
8.010762542192
8.016602671214
8.022407207328
8.028093525122
8.033748105132
8.039617208363
8.045245941132
8.050946617893
8.056493067672
8.062015505528
8.067454866524
8.072799161772
8.078057165232
8.083443284983
8.088662707707
8.093984464486
8.099529629660
8.104974672620
8.110499537442
8.115945098705
8.121529022614
8.127445178199
8.133122963083
8.139155223931
8.145030937304
8.150775057964
8.156394015592
8.550502930177
8.560425583571
8.570171527763
8.580090854475
8.589782489709
8.599597315442
8.609578900786
8.619646657950
8.629756028621
8.639954155755
8.652603173918
8.662686755742
8.672763042613
8.682802741871
8.693011063630
8.702992218669
8.995266219300
9.004992343719
9.015602135494
9.026294020977
9.036935446216
9.047464964633
9.058064499446
9.068645488839
9.079172233689
9.089469571844
9.099997831931
9.110647841499
9.121346168233
9.132060423854
9.142900903802
9.153908955743
9.164867977871
9.175799515696
9.186799292835
9.197587712017
9.208437559608
9.221033029999
9.231890193343
9.331846281640
9.339688248307
9.348413282046
9.357766957896
9.366785278456
9.376360655521
9.385560430230
9.395029612747
9.403992486124
9.412867426999
9.421519942324
9.429985185498
9.438381583421
9.446568621880
9.454157919884
9.461985541121
9.469242036022
9.476556788111
9.484051241018
9.491262351069
9.498234595715
9.505119345918
9.511934026085
9.518835668609
9.525080232506
9.532076975607
9.537965918044
9.544014240289
9.550323441490
9.556801309040
9.563203226656
9.569437674942
9.575471096620
9.581968022021
9.588239035885
9.594958372573
9.601676734481
9.608284489729
9.613528318925
9.619962831638
9.626585847790
9.633112441886
9.639572168551
10.469362132281
10.478233280787
10.487179275753
10.496338218881
10.505495419425
10.514798369303
10.524292748226
10.533718504026
10.543282928335
10.552570958000
10.562100584301
10.571575423040
10.581338154131
10.591100480955
10.600322426935
10.609655810060
10.618915031744
10.628711976512
10.638040217672
10.647583676935
10.656972629091
10.666333965925
10.674151253498
10.683396655661
10.773456474764
10.783393950941
10.792821114222
10.802516029027
10.812244096266
10.824410443975
10.834149502948
10.843718816301
10.853408661852
10.862906392028
10.872583529361
11.098580805784
11.108541620380
11.118641685166
11.128928312252
11.139577059240
11.150350261542
11.161034295182
11.171723266941
11.182275707646
11.193019006528
11.203686162398
11.213971186893
11.224128825662
11.234197016791
11.244042259099
11.252276728548
11.261583225338
11.271581685928
11.279939337058
11.288147817400
11.296268947805
11.304246058510
11.311941741053
11.319354805829
11.326661403393
11.342471745255
11.346255314635
11.349196553407
11.352933462902
11.356568377390
11.359674755020
11.363111219301
11.366601542608
11.370314391622
11.374188330078
11.381617585409
11.385133120262
11.416634667466
11.423684526687
11.430896677224
11.723010819557
11.735677266185
11.748283755141
11.760648557111
11.775534663630
11.787906252592
11.800359707181
11.812754248017
11.825100803424
11.837448309225
11.849927551091
11.987594649473
12.000392897225
12.012715835530
12.024894127364
12.037129334021
12.048635931061
12.059531753615
12.070372155816
12.081262890332
12.092027333075
12.102945214720
12.113910950070
12.125015164913
12.135954329160
12.147061489016
12.158056068005
12.336400767357
12.342199806682
12.349074389567
12.356285475547
12.363675586412
12.371004066637
12.378340985388
12.385585612433
12.392839793370
12.399871236351
12.406690947110
12.413346928363
12.420039093250
12.426795820245
12.433498868894
12.440075312517
12.445743403276
12.452284527674
12.458944106801
12.465515133909
12.472026516072
12.478681492543
12.485221627619
12.491642584929
12.498007672199
12.504333960877
12.510517465384
12.516699041065
12.522901778972
12.529243481340
12.535378107932
12.541692284349
12.547748770050
12.553739063473
12.559976414683
12.566208443793
12.572258384225
12.578701390261
12.585121581489
12.591367029075
12.597969775441
12.604392343629
12.610668120446
13.242738961629
13.254760085616
13.267080290987
13.279286715625
13.291385219433
13.303416629472
13.315132459130
13.327088870972
13.338816097989
13.350144639702
13.361801939663
13.373855595938
13.384997112757
13.396218844496
13.407369820339
13.418229220890
13.428903903846
13.439196202143
13.449195073188
13.459159112781
13.468658569343
13.477432430732
13.486213545035
13.494956692853
13.503355519096
13.511619785778
13.519906462075
13.527994458585
13.536053023683
13.544057046178
13.551896504114
13.559621291362
13.567399159590
13.575070452883
13.582894415173
13.592360349375
13.600539818115
13.608774415928
13.617000334754
13.625409358505
13.633786229484
13.641896507613
13.649814152728
13.657200412212
13.664378370016
13.671642285194
13.678886164452
13.685941164689
13.692854105984
13.699609009492
13.706405514490
13.713061575170
13.719700235825
13.726270534771
13.732115584948
13.738257903022
13.744647230003
13.750933577249
13.756934399131
13.762670175607
13.768437542019
13.773766326946
13.779222512884
13.784848545261
13.790639422244
13.796076840658
13.801723233566
13.807336587519
13.812693287494
13.818239055456
13.823610819520
13.829763909447
13.836366562101
13.842355400871
13.848142681895
13.854438009070
13.860490306646
14.154143666069
14.165332092466
14.175648310289
14.185432512719
14.196118148932
14.206906140529
14.217146722957
14.390559145705
14.400271020348
14.409275302474
14.418728470669
14.427909961656
14.437067272115
14.446250645107
14.455363243410
14.464408309353
14.473524746080
14.482511326796
14.491438572629
14.500239815067
14.508833644656
14.517411860041
14.525902800423
14.534357657917
14.542636548246
14.550894734600
14.559094736425
14.567114985011
14.574940806432
14.582376822563
14.590036425744
14.597050369756
14.604168184734
14.611223369160
14.618152467435
14.625122344675
14.632146693018
14.639089369493
14.646000495203
14.652868811208
14.660162679446
14.667200656841
14.674069220049
15.106240327057
15.117167029904
15.127362691384
15.137849695799
15.147662166416
15.157533811060
15.167406431895
15.177333534672
15.187413943952
15.197612375230
15.208060323031
15.218692768442
15.229261171689
15.239825707661
15.250466043613
15.260720132791
15.270705951871
15.280519389857
15.290130634904
15.299551711588
15.308896791277
15.318275036293
15.327834475337
15.337839039510
15.347640844069
15.357449705603
15.367187479647
15.403470530390
15.414862978649
15.426100100484
15.436750931477
15.448088037370
15.489166795468
15.497290769770
15.504847633212
15.512369817798
15.519686141958
15.526827243838
15.533977782437
15.540929809754
15.547807973023
15.554754029682
15.561736927562
15.568706919566
15.575763007091
15.582897852789
15.590136493813
15.597560504632
15.605374639236
15.613223836632
15.621575846104
15.631121567616
15.641080726002
15.651663169062
15.662222724209
15.674583288376
15.687311594360
15.699079489460
15.711066140485
15.723022254283
15.734888467330
15.746684765049
15.758299434260
15.769782624614
15.781254941571
15.792611796358
15.803876350500
15.815723844853
15.825648385621
15.835090138008
15.843972550285
15.855595521758
15.866949498231
15.878342908056
15.889915703115
15.899341729754
16.020318166227
16.027250266703
16.035120250611
16.042919727817
16.050614902330
16.058459894568
16.066475199146
16.074583192906
16.125321192361
16.137983936358
17.081277983605
17.094421367218
17.106224956567
17.116591909169
17.126539795575
17.135976512359
17.144169105332
17.147869884533
17.151720539138
17.155182589251
17.159134250020
17.162623573836
17.166181147584
17.169332289432
17.172922677898
17.181532961197
17.185000132900
17.188287981859
17.191793945978
17.195123191608
17.198549127386
17.202022871807
17.205357265870
17.208938658739
17.212576665997
17.215962194647
17.219308353108
17.223105344214
17.226359017810
17.229755128604
17.232886799590
17.350796466238
17.362853320796
17.375600706920
17.386446750264
17.397655277354
17.408568378813
17.419613711014
17.430718821780
17.441883637665
17.453087656079
17.464029501414
17.474629973334
17.484774901409
17.495555187043
17.629694717190
17.639282301194
17.648885989463
17.658595582294
17.668273758855
17.677831491402
17.687501482422
17.697120367397
17.706835109838
17.716586039667
17.726560263781
17.736504240885
17.746393956057
17.756606921087
17.766938520513
17.777367539289
17.787732803798
17.798045771417
17.808386199192
17.818685830801
17.828852794089
17.838898996806
17.848640362171
17.857959885193
17.867206041882
17.876455049609
17.885333270895
17.894120945257
17.902833565606
17.911473052593
17.919754919437
17.928082949707
17.936191855665
17.944077539714
17.951883925400
17.959108516462
17.966592039623
17.974144327166
17.981774734640
18.084712378720
18.088381764960
18.091769353148
18.094590602018
18.097571076992
18.100539794509
18.103592292941
18.106692575373
18.109266692743
18.111635680003
18.114867323082
18.117950807540
18.120759887784
18.124595439071
18.128329911518
18.131794742187
18.331823878588
18.344855844236
18.356638940909
18.368035443891
18.378883454672
18.389789290531
18.400561065805
18.410978335179
18.420948424149
18.430413071307
18.440301980709
18.449878782284
18.459499122347
18.468886717926
18.478170518171
18.487410611720
18.496550866391
18.506915769401
18.516418499780
18.525746038620
18.535002150188
18.544238626876
18.553617426005
18.562932196410
18.572305173666
18.629352846842
18.638956567256
18.648619886658
18.657923703534
18.666949092038
18.675869810966
18.684846128347
18.694177830851
18.703643117124
18.712905450879
18.722306649134
18.731453039682
18.740942124665
18.750306202810
18.759527861669
18.768266226282
18.777525163618
18.786746103092
18.796196481507
18.903025787784
18.911680551138
18.920396756592
18.929109389082
18.938450104843
18.947688683190
18.955972001774
19.234814350228
19.243817207016
19.252453864841
19.261407541563
19.270404592133
19.279527591906
19.288730559752
19.297754068136
19.306671645488
19.315506807941
19.324078641022
19.332352401424
19.340683597319
19.348798479455
19.356591992494
19.364341098068
19.371991188300
19.379580454966
19.387192656290
19.394487556488
19.401655921608
19.408723962449
19.415588721813
19.422398866427
19.429139673093
19.435768633972
19.442503805243
19.449318146377
19.457061989947
19.463838371020
19.470466388620
19.477415601406
19.484164284688
19.491204441878
19.498856177433
19.505859667478
19.512971125897

