Time_s
0.727048180337
0.733119593756
0.738868771891
0.744988503597
0.751102037282
0.757235709829
0.763172731608
0.768996652367
0.774701699757
0.780340902574
0.785916384821
0.791424448791
0.796580180408
0.801407280609
0.806640228277
0.811783488920
0.816863560169
0.821929600389
0.826986163614
0.832014863712
0.837038955170
0.842072311499
0.847209196444
0.852441477812
0.857956537709
0.863445077528
0.868513281294
0.873674567672
0.968388190172
0.970560390460
0.972824124027
0.975049571093
0.977256199166
0.979485817030
0.981708619594
0.984003131272
1.004397377235
1.009898028362
1.015757637919
1.021961430330
1.028400736537
1.034925905527
1.041533001559
1.048221558904
1.054979774328
1.061730460016
1.068501516798
1.075222285782
1.081888520266
1.088498779437
1.095068015610
1.101612296041
1.108157368475
1.114671972996
1.121180486201
1.127725677856
1.134289751071
1.140877838213
1.147538521402
1.154221045818
1.160771085493
1.167344513936
1.173871736450
1.180510622945
1.187121077311
1.193632269014
1.200128696826
1.206694862622
1.213348211463
1.219994363914
1.382440852956
1.389428652320
1.396540552717
1.403815267172
1.411187586562
1.418661710638
1.426298651823
1.434005501884
1.441948680802
1.449949184527
1.458149244951
1.466490478778
1.475128877374
1.483864945987
1.492383810554
1.501076588545
1.509777237748
1.518559407156
1.527736919679
1.537257325526
1.546929834294
1.556762368311
1.566643295174
1.576819579726
1.587017200250
2.340043800682
2.347695677593
2.354721730876
2.361988547377
2.369363303411
2.376612553762
2.383782536441
2.390844912763
2.397879205037
2.404884595791
2.411918948220
2.419236822657
2.426402271463
2.433441426950
2.440451937722
2.447447589895
2.455945837059
2.463068212378
2.470190737694
2.477267179548
2.484442220267
2.491695417184
2.550752351973
2.556432564970
2.562246653203
2.568191681239
2.574231483469
2.580280235503
2.586405926069
2.592598492533
2.598881649221
2.605263542962
2.611719473074
2.618229786095
2.624763997104
2.631356354107
2.638044451537
2.644738088534
2.651443337625
2.658269684069
2.665134709468
2.672179749353
2.679413635002
2.686828785438
2.695787009109
2.702862245864
2.710885848481
2.718250589676
2.725669751710
2.733916255618
2.741297525006
2.748979516459
2.757095182563
2.764789588987
2.772396882222
2.779761793219
2.787027174362
2.794157772664
2.801222518929
2.808191790600
2.815045169156
2.821783314143
2.828476230210
2.835096100084
2.841593344510
2.848076408241
2.854583558310
2.861119743826
2.867661358562
2.874270829104
2.880829949648
2.887474996443
2.894201121731
2.900998926764
2.907798766360
2.914710977742
2.921575437422
2.928521769891
2.935520784534
2.942600314972
2.949736779159
2.956838009886
2.963921461569
2.971099616320
2.978518465865
2.986243453623
2.993073274509
3.000350188496
3.007454610359
3.014296481397
3.020750089355
3.026972521814
3.033068511974
3.039086065055
3.045037057203
3.051013727199
3.056998745369
3.062767646629
3.068878586961
3.074978150756
3.081006566743
3.087010401466
3.093304531366
3.098889323016
3.104899675945
3.111015510541
3.117106221676
3.123512669529
3.250295145600
3.254884010199
3.259947068949
3.265670632713
3.271518279623
3.277401936206
3.283368261443
3.289346707307
3.295323389521
3.301288036224
3.307245296957
3.313195876586
3.319129676465
3.325058527264
3.330969162793
3.336861700061
3.342745709407
3.348620455374
3.354475625796
3.360308297827
3.366102801183
3.371833952348
3.377547232794
3.383258376847
3.388961803892
3.394623573457
3.400286727267
3.405947662250
3.411601698529
3.417209880354
3.422813431190
3.428415910050
3.433951273860
3.439617460936
3.445344997833
3.451108330051
3.457055593683
3.462703310578
3.591446986996
3.598325653684
3.605248603439
3.612103655451
3.618979803468
3.625894444484
3.632809445145
3.639766121294
3.646797638811
3.653968794388
3.661381667249
3.669009990285
3.676874036617
3.684976934758
3.693248681669
3.702337403619
3.710357041274
3.717960444510
3.724557241840
3.731417861818
3.738705868347
3.746277972364
3.754499680762
3.761958261986
3.769375442484
3.776482909520
3.783267557335
3.789744538214
3.795991129133
3.802072316065
3.807984237169
3.813842488631
3.819675856491
3.825477483947
3.831242393182
3.837011259407
3.842779655191
3.848531194219
3.854273907380
3.860014912502
3.865749134754
3.871466708739
3.877154939866
3.882817779912
3.888455001104
3.894059111699
3.899615644386
3.905130869349
3.910629280108
3.916082937840
3.921505379676
3.926911616464
3.932293948464
3.937683519109
3.943035338844
3.948373671713
3.953681185525
3.959024561399
3.964481091781
3.970253947189
3.976350680569
3.981864391789
3.987364816068
3.992878754364
3.998338719955
4.003699222321
4.009120684427
4.014588569514
4.020062713433
4.025544278704
4.031024504803
4.036486673844
4.041922533055
4.047424167297
4.098922277347
4.105087442528
4.111814382411
4.118701922067
4.125680122626
4.132777767099
4.139992131868
4.147393567283
4.154937025705
4.163752401001
4.171223440015
4.178855999791
4.186475294070
4.194064938777
4.201681578880
4.209399672386
4.217221346701
4.225103279942
4.233027117631
4.241011318537
4.249154339886
4.257318052253
4.265739159943
4.274391573539
4.283035981072
4.291357120264
4.299640092786
4.307336315167
4.453635604994
4.460735413839
4.467708565154
4.474983796664
4.482371250116
4.489909276464
4.497723964387
4.505908947669
4.514377745628
4.523133547078
4.532021342759
4.541096531628
4.552006736380
5.447237620308
5.453122919532
5.459027119680
5.465192481110
5.471316380688
5.477392460710
5.483410316468
5.489347242952
5.495214756895
5.501070650617
5.506908243573
5.512725814877
5.518582556964
5.524488998713
5.530357041990
5.536216115504
5.542154594513
5.548054776097
5.553938311212
5.559712813556
5.565498878836
5.571516720034
5.577548438628
5.583571809169
5.746221873872
5.750506292535
5.755672508928
5.761102554619
5.766559140347
5.772052242300
5.777571726587
5.783005532013
5.788747392926
5.794428048284
5.800158347274
5.805907141394
5.811662425624
5.817429324188
5.823216000101
5.828991433524
5.834745327743
5.840496336503
5.846171161708
5.851846227580
5.857484002726
5.863104713794
5.868695376739
5.874258865228
5.879788312777
5.885284990603
5.890742624805
5.896135929536
5.901500249685
5.906860495029
5.912181148946
5.917450451659
5.922753169941
5.928038166662
5.933392023163
5.938713483706
5.944071609975
5.949710018527
6.008779924632
6.014125693622
6.019678212511
6.024715906319
6.029754529422
6.042346091651
6.049490526432
6.056749148394
6.064348473250
6.071869087521
6.079584486243
6.087716457870
6.268184382395
6.274020629532
6.280264448151
6.286995373693
6.293819385653
6.300631792031
6.307437154636
6.314237424418
6.321068148571
6.327899143845
6.334740805403
6.341583440645
6.348417098505
6.355155685878
6.361808435397
6.368373243339
6.374882754759
6.381446794277
6.388253140467
6.395000089359
6.401817733430
6.408915007190
6.415760671924
6.422431965166
6.429057654022
6.435685359881
6.442312706215
6.448993151028
6.455711064541
6.462418560027
6.469264875669
6.601227022713
6.607844532142
6.614536341925
6.621393755089
6.628367324679
6.635399926975
6.642413860549
6.649375281646
6.656362540650
6.663304886514
6.670220261483
6.677036173774
6.683846237649
6.690619557008
6.697290321685
6.703893397655
6.710552082466
6.717268594839
6.724026790465
6.730791588653
6.736162153973
6.742883980480
6.749617638214
6.756325933178
6.762991594565
6.823269945924
6.829119000754
6.834908810701
6.841469000286
6.849016498546
6.856587414743
6.864474761963
6.872723400360
6.880838701125
6.889233305540
6.897788853025
6.906427152178
6.915024018935
6.923623073572
6.932100054798
6.940607339575
6.949064699063
6.957484569422
6.965857377752
6.974080921255
6.982061633919
6.989765167235
6.997370478230
7.004930226906
7.012416112002
7.019047689251
7.026405605660
7.033778523722
7.040937245634
7.047723245852
7.055547733028
7.064448680866
7.068432643263
7.072845587451
7.076844914878
7.080849722496
7.084524189647
7.088495740820
7.560971858750
7.568687448768
7.576644895526
7.584585808709
7.592526685629
7.600508156258
7.608429924558
7.616303275450
7.624062140338
7.631701867178
7.639231993800
7.646728191408
7.654136217055
7.661448530297
7.668734729035
7.675953336848
7.683081532270
7.690151463334
7.697175270466
7.704154097119
7.711085987391
7.717942649666
7.724740834426
7.731484003179
7.738148262694
7.744816371796
7.751456153470
7.757903319011
7.764349347660
7.770812067468
7.777274491253
7.783683970508
7.790458020913
7.797196489799
7.803919955259
7.810694028476
7.817450335888
7.823964771848
7.830349497282
7.836879225382
7.843632842689
7.850359808137
7.857124284645
7.863980798960
7.870816655461
7.877716673441
8.070930366228
8.077405317120
8.083943612785
8.090605075098
8.097172133783
8.103751712385
8.110322923648
8.116889442736
8.123514572904
8.131156129845
8.137711095692
8.144361878688
8.150869887868
8.157403754853
8.163902577870
8.170444266065
8.286717850654
8.291408022928
8.296337176657
8.302080854204
8.308275633670
8.314641137783
8.321132235464
8.327764773480
8.334489480583
8.341322554023
8.348249765305
8.355259738448
8.362288717896
8.369316851477
8.376370218247
8.383393752527
8.390392852188
8.397359631893
8.404290923118
8.411168554133
8.418008826065
8.424799253104
8.431554061965
8.438265873466
8.444853007805
8.451342616099
8.457789496199
8.464182947350
8.470495560937
8.476795344940
8.483841277460
8.490464926834
8.497119787573
8.503739432900
8.510233621539
8.516632962864
8.523150433267
8.529735491446
8.536413177366
8.543344847065
8.550035353382
8.556951712700
8.563853795011
8.633814471391
8.641474339586
8.649252394473
8.657253472756
8.665431736052
8.673702902334
8.682099569548
8.690609701902
8.699108498496
8.707701864768
8.716383399148
8.725136255896
8.733850037078
8.742331985246
8.750905873079
8.759721655156
8.768788692505
8.777656023544
8.786483093544
8.795107050391
8.803562918672
8.812051321473
8.820671698633
8.829413272259
8.838252292904
8.847163891033
8.856190066754
8.865335964133
8.874465737635
8.883686721487
8.892969739062
8.902150621122
8.911391535445
8.918984471368
8.929720674409
8.938841697854
8.948069476939
8.957335481843
8.964830355245
8.973776568104
8.982431079544
8.990781833758
8.999017968894
9.007217444919
9.015055277454
9.022673816106
9.030109170628
9.037254954647
9.043898899432
9.050706821831
9.057667336932
9.064461680318
9.071768388487
9.078996378863
9.085827372969
9.092757246719
9.099474368969
9.147660600816
9.153224685423
9.159560433046
9.166022822740
9.172507111381
9.179034085010
9.185538407945
9.192038601348
9.198484758521
9.204821891496
9.210951188515
9.217003503244
9.223003404240
9.228931209271
9.234326856537
9.239971349142
9.245841436208
9.251679335904
9.256863808162
9.273847129305
9.284279156140
9.294705543823
9.304932791470
10.182787122530
10.191469990223
10.199955196393
10.208394736768
10.216834587696
10.225450799778
10.234379241860
10.242872964679
10.251356717222
10.259907955730
10.268466014691
10.277032064146
10.285611696290
10.294167173033
10.302799515339
10.311544389283
10.320357566014
10.329179477534
10.337981028942
10.346851422184
10.355948837486
10.365039688873
10.373956180007
10.382796104121
10.391568296435
10.400325549841
10.409091977866
10.417887762747
10.426712481289
10.435435547769
10.444018742858
10.452332916984
10.460596592215
10.468710230171
10.476316722438
10.484280306922
10.492187323572
10.500027800496
10.507754928393
10.515389196599
10.523026043752
10.530503135755
10.537812448221
10.544950496532
10.551983612554
10.558963964412
10.565834528329
10.572638796414
10.579470180341
10.586254016898
10.593370103579
10.600255176014
10.607316109319
10.614300334994
10.621105701882
10.628256169425
10.635328888331
10.642166217317
10.648817774164
10.655401279919
10.662017837735
10.668600615179
10.675224708433
10.681994925117
10.688781434771
10.695611096500
10.702496637908
10.709420727265
10.716372169835
10.723460703918
10.730505588353
10.737606140412
10.744697914801
10.751824819518
10.759339439583
10.766802004836
10.774369204284
10.782003700311
10.789802442984
10.797754837200
10.806008676571
10.814576310798
10.936000442441
10.941821721726
10.948602044294
10.955575523100
10.962488838237
10.969496476695
10.976516417182
10.983305551698
10.990448347649
10.997641328752
11.004850269402
11.012055227289
11.019271260067
11.026460710225
11.033607098857
11.040706682003
11.047745759896
11.054722395550
11.061650572594
11.068543444681
11.075402001211
11.082216814335
11.088947539455
11.095566855630
11.102102651049
11.108634002031
11.115203972517
11.121835908836
11.128701155032
11.134027472062
11.154021665728
11.160723415137
11.167249970820
11.175432611218
11.182061971917
11.188671990360
11.195386168543
11.202106367385
11.261719638647
11.267807854528
11.275062516932
11.282535348865
11.290153551593
11.298113467786
11.306415685035
11.315360170644
11.324288622765
11.333192610549
11.341853337045
11.350641295717
11.359238528968
11.367759924970
11.376406417030
11.385096209797
11.393781142709
11.402444681477
11.411122555845
11.419865773608
11.428651627648
11.437438964992
11.446276585530
11.455047652263
11.463895474988
11.472661302236
11.481541544521
11.490137084470
11.498020676565
11.506099827996
11.514231006013
11.522249955654
11.530194848175
11.538126497118
11.546056165637
11.553978347417
11.561921821276
11.569926538883
11.577970256013
11.586082395739
11.594240962174
11.602256384087
11.610191471580
11.617998175618
11.625656544970
11.633255587807
11.640825283001
11.648438491570
11.656211512573
11.664136117563
11.672232265854
11.680199982877
11.688131115505
11.696184833074
11.704464686178
11.713259362440
11.721926724416
11.730311611106
11.738526217954
11.749471954123
11.757442314545
11.765451997614
11.773579531000
11.781852457912
11.790237983639
11.798707148783
11.807292798610
11.815999901217
11.824723513258
11.833503000062
11.842379743928
11.851313428639
11.860459183613
11.869747923011
12.801453561563
12.809877466122
12.817369508931
12.825324310353
12.833224998110
12.841015955038
12.848785789037
12.856474227690
12.864137419454
12.871659675525
12.879066400874
12.886390834037
12.893665870562
12.900836210561
12.907940015887
12.915140070670
12.922490655886
12.929733440705
12.936922908109
12.944151982550
12.951314432340
12.958393293625
12.965274927530
12.972115661885
12.978805532558
12.985355924647
12.991608611503
12.997937450910
13.004116921750
13.010260282528
13.016357122688
13.022380692900
13.028385886375
13.034540110204
13.040817601537
13.047252390582
13.053515296398
13.059673480947
13.084462115526
13.090601826827
13.096884381695
13.103151927438
13.109265988938
13.161183950381
13.167355853743
13.173647698522
13.180167911628
13.186665036909
13.193376237551
13.199830020930
13.206408932238
13.213003839225
13.219611286211
13.226201849869
13.232829335373
13.239374404550
13.254279704694
13.267464910374
13.280502951749
13.293473779280
13.315271215769
13.321558745825
13.328075752403
13.334423896196
13.341006677399
13.347823422790
13.354216668976
13.361046786144
13.368040248615
13.374746003895
13.381441829876
13.388100587268
13.394937737047
13.401859978348
13.408886796736
13.415994469150
13.423232933982
13.430591268587
13.438064441909
13.445659419779
13.453405063108
13.461180036147
13.468980379572
13.476929227876
13.485005909606
13.493237228170
13.501622275135
13.510087553554
13.518830788907
13.527628550257
13.536403408171
13.545345264039
13.554190334133
13.563342723161
13.572500466708
13.581917562052
13.591680952972
13.713327953249
13.719360253395
13.725894716492
13.733007344698
13.740110719535
13.747272224886
13.753454599868
13.760840708777
13.768243063330
13.775676507250
13.783138586318
13.790541478634
13.797931981926
13.805262966441
13.812549665366
13.819782726382
13.827008115900
13.834231438541
13.841439135130
13.848602656790
13.855757415651
13.862898014411
13.870082181945
13.877329824073
13.884709319410
13.892198296546
13.899568624725
13.906827060660
13.914033669142
13.921218580406
13.928520929506
13.935877639460
13.943217635414
13.950507876193
13.957896046335
13.965253002454
14.001337903105
14.006930632832
14.013602921395
14.020328157888
14.027378704525
14.034441887022
14.041583701931
14.048823509338
14.056132688227
14.063529190430
14.070870247540
14.078205463018
14.085509255607
14.092847363838
14.100238576029
14.107783796818
14.116211524749
14.123792044792
14.131081146798
14.138365060283
14.145859137725
14.153230420038
14.160605449342
14.167929817240
14.175324384695
14.279831647607
14.286642302043
14.293573483477
14.300875022274
14.308285756365
14.315927512973
14.323443572651
14.331396751026
14.339072015417
14.347067528234
14.354906592772
14.362914792306
14.370951926663
14.379899654036
14.388487979307
14.396920188520
14.405073272088
14.413169285747
14.578957646812
14.585361105394
14.592161133212
14.599713286234
14.607184260690
14.614620760932
14.621718388076
14.628999689822
14.636274671546
14.643423503570
14.650424511987
14.657326208485
14.664133850389
14.670856269778
14.677434671659
14.683889126390
14.690296996384
14.696623393923
14.702928549821
14.709142648848
14.715225330557
14.721087492633
14.727030613715
14.732976391922
14.738909710993
14.744807726239
14.750677951419
14.756521682097
14.762373899216
14.768235231523
14.774131641092
14.780056972703
14.785893714461
14.791801554780
14.797662368420
14.803525506454
14.809713265630
14.815888280411
14.922732368428
14.925463193345
14.927960858802
14.930734317965
14.933358614995
14.935966134455
14.938050801358
14.940314647235
14.942677260982
14.945212422097
14.947648443054
14.950231723793
14.955056677002
15.003764412724
15.012074897806
15.020713615558
15.030203832271
15.038394670767
15.046678243485
15.055173883429
15.063243681589
15.072021411919
15.081070845976
15.090279011950
15.099465459428
15.108778955284
15.118021596431
15.127531667322
15.136953741946
15.146468986682
15.156112226471
15.165804471942
15.175498130444
15.185256285879
15.195788817195
15.205495118033
15.215237411472
15.225108427856
15.234923630854
15.244633815979
15.254144276099
15.263568598625
15.272618173621
15.281407939245
15.288426557840
15.296389475445
15.303780563930
15.311108512386
15.318532344864
15.325684100268
15.333178848669
15.340270267655
15.347853042464
15.355409169228
15.363200099781
15.371033725907
15.378552992451
15.469348409770
15.475501817071
15.481340846225
15.487686596914
15.494247393148
15.500871103338
15.507531722046
15.514243258590
15.521094310366
15.528033188972
15.534875542639
15.541681861994
15.548450038143
15.555205078044
15.561906508957
15.568547710510
15.575149426649
15.581745849312
15.588285887818
15.594789209908
15.601285441470
15.607672214158
15.614037074965
15.620410893544
15.626763845722
15.633116777953
15.639468734316
15.645881995934
15.652424611295
15.658966350548
15.665325717460
15.671682216115
15.678039647386
15.684464597775
15.690931652419
15.697345714585
15.703881627377
15.710301279142
15.716748146703
15.874442567233
15.881108416043
15.887819259304
15.894559210442
15.901316945458
15.908129815609
15.914996853719
15.921828402348
15.928672365824
15.935541729369
15.942429968100
15.949369209997
15.956371574456
15.963397686243
15.970467531591
15.977588527188
15.984764342980
15.991998821154
15.999261834119
16.006562519699
16.013960491759
16.021451175387
16.028993217297
16.036689098521
16.044523838185
16.052418993040
16.060271658171
16.068315917279
16.076382750513
16.084524917820
16.092852082059
16.101148893226
16.109471138617
16.117767344738
16.126000247305
16.134233103025
16.142497174804
16.150776920321
16.159052864327
16.167366381534
16.175648341068
16.183824922385
16.191972411586
16.200240912873
16.208381973646
16.216526465550
16.224574963979
16.232625798328
16.240977824857
16.249283191858
16.257577559717
16.265742609602
16.273934982252
16.282247707219
16.290508500651
16.789218709956
16.797010161814
16.804785661735
16.812763992502
16.820940351317
16.829210683312
16.837665102568
16.846240198064
16.854729695666
16.863249992720
16.872117450889
16.880806174199
16.889359676608
16.898015875975
16.906865622344
17.024458300888
17.030463813026
17.037310166006
17.044275897271
17.051184770666
17.058314450961
17.065527036242
17.072940392953
17.080597381631
17.088600506610
17.096906975827
17.105427237766
17.112206147386
17.120462151136
17.128663940281
18.387776606475
18.394645882565
18.401500952642
18.408217553273
18.414895026788
18.421667733906
18.428431058740
18.435264328672
18.442161448288
18.449086240935
18.455932528953
18.463019868325
18.469871831485
18.491905507984
18.498773878473
18.505140380082
18.511937336945
18.524164123802
18.529174146898
18.535353480228
18.541915522695
18.548645599986
18.555526543337
18.562685199778
18.570009878986
18.577427980800
18.585061334696
18.592915205888
18.601010926728
18.609486874778
18.617362272456
18.625123204523
18.632858698490
18.640532733350
18.648833113245
18.657085415791
18.664531540077
18.785352430886
18.791844819106
18.796909136739
18.802723164590
18.808738228260
18.814704141601
18.820608275688
18.826532012055
18.832413281847
18.838294621282
18.844203323466
18.850150163194
18.856084090675
18.861874257209
18.867869488582
18.874041380563
18.880086109400
18.886100286314
18.898816245636
18.905419734673
18.911827604736
18.918212269832
18.924629116827
18.931205229231
18.937834846993
18.944315322753
18.950595299658
18.956810150454
18.963152204506
18.969015314426
18.974863657052
18.980772765901
18.986648489292
18.992535866682
18.998463965486
19.004425453105
19.010424342973
19.016358045170
19.022245643299
19.028061928317
19.034077049575
19.040216806872
19.046165301612
19.052075331470
19.057978213276
19.063872200174
19.176790904587
19.181701159961
19.186908807691
19.192795935238
19.198754284422
19.204774787542
19.210815735020
19.216892556117
19.223022881174
19.229154621308
19.235289105335
19.241427348341
19.247569820886
19.253701452272
19.259818420729
19.265929957286
19.272003558247
19.278053580130
19.284057373456
19.290044103033
19.296051716271
19.302085346867
19.308011005481
19.313965508022
19.319954135914
19.325962718835
19.332019782755
19.338113877855
19.344286101797
19.350705096436
19.357431673509
19.363723798725
19.369746898402
19.376179481960
19.382461747175
19.436354112564
19.438965428750
19.441743889207
19.444280846969
19.447092695375
19.449646125034
19.452063932688
19.454440192606
19.456928818411
19.461410438757
19.464044841300
19.466657606868
19.468731584578
19.471596960458
19.473973176436
19.476273926893
19.487148560994
19.495381839392
19.502781008499
19.510749726056
19.518508183867
19.526292547209
19.534145320967
19.542047563042
19.550222345897
19.558183308563
19.565867908130
19.573928904970
19.581632199761
19.590090565164
19.597808402763
19.605567963590
19.670409870330
19.677912576485
19.685465235953
19.693177468356
19.700994687078
19.708885356984
19.716732800841
19.724565643344
19.732365869873
19.740189992607
19.747956692541
19.755788299534
19.763661537340
19.771556332990
19.779488038838
19.787450188920
19.795473684303
19.803555601722
19.811693158006
19.819911112131
19.828281832578
19.836797927718
19.845228990295
19.857063049824
19.868679503271

