Time_s
0.056694304881
0.059328588999
0.061120421869
0.067009077226
0.068767030056
0.070552283941
0.072687038886
0.074528013900
0.076323413410
0.081350962839
0.083554359608
0.101659764211
0.108258013935
0.115475065408
0.121658731035
0.127948803719
0.134568140465
0.141142864227
0.147723696064
0.154429086047
0.161285555013
0.350846479257
0.358639217660
0.366590387379
0.374673510394
0.382951185382
0.391512148122
0.598550952941
0.600858424988
0.603289535254
0.605524111648
0.607838754608
0.610338277637
0.612493750298
0.614639706154
0.618449047329
0.620413202344
0.622339012291
0.624160221744
0.626398754903
0.633330779993
0.641989249705
0.650647988206
0.659362777722
0.668192048048
0.677229661097
0.686086074150
0.694717106514
0.703197023328
0.711661077319
0.720014593104
0.728367420072
0.736694178986
0.745150667494
0.753849424412
0.762855299552
0.772082907000
0.781760132459
0.826293151691
0.828802996992
0.831379669932
0.833829514257
0.838715149306
0.840956311205
0.846084514660
0.850955039403
0.853448116607
0.856070898038
0.858635405065
0.861009222647
0.863447576878
0.865807158514
0.868302893814
0.870865177141
0.873237826868
0.875606122564
0.877844570362
0.880087730351
0.882456583497
0.884879519500
0.922225587091
0.925276407220
0.927743284731
0.930258333700
0.932811300599
0.935232240870
0.939629997420
0.942031426347
0.944408507271
0.948935211341
0.950940721419
0.953160888425
0.955190841747
0.957417051089
0.960119389289
0.962649760308
0.965035112387
0.967497208519
0.970222101394
0.972654779397
0.977269159608
0.980035168989
0.982206848787
0.984537080138
0.989308474955
0.991474828015
0.993745533132
0.997259055542
0.999116564921
1.000941769341
1.003047937553
1.005340145549
1.010127273538
1.012564070453
1.014872870543
1.019139147954
1.021560719929
1.023536052134
1.025708460766
1.030440845421
1.032768971291
1.035015167385
1.074553385621
1.076703414958
1.079109114626
1.080820736314
1.084273299423
1.123612105923
1.128313916313
1.130693613156
1.133288317035
1.135547003445
1.522810466111
1.530736901577
1.538713980639
1.546539957263
1.554423188561
1.562178443518
1.625339853178
1.627121222829
1.629255153795
1.631883179416
1.633695163844
1.636167054034
1.638820223217
1.641155459439
1.643669644122
1.645526947833
1.648184235207
1.650515281081
1.652342547003
1.654930356263
1.657089964643
1.659558616980
1.662032229351
1.664494643162
1.666807988616
1.668784804996
1.671875393281
1.674690613859
1.677552243601
1.679423436561
1.682034611007
1.684572624665
1.686464179413
1.688177914137
1.692097382081
1.693754493942
1.696000797089
1.698334688346
1.700145560721
1.702183017172
1.703960714735
1.706440793005
2.000723746478
2.009036377046
2.017534631391
2.026045380652
2.034542383131
2.043039927625
2.051600813778
2.060214372005
2.068895260329
2.077608455391
2.086068738284
2.094766779270
2.103202429054
2.111700276389
2.128479013540
2.137119688225
2.145625111500
2.154176753371
2.162882890731
2.171772411460
2.181502613748
2.190343121533
2.199427023573
2.208382428934
2.217473700312
2.326069220299
2.328295939675
2.330017525670
2.335998968292
2.337863917103
2.340435510596
2.342478839708
2.344164811639
2.347599289922
2.349416578013
2.351091015205
2.352934917516
2.486979464521
2.495529792763
2.504218851483
2.513063417538
2.521955347883
2.540235490447
2.549120847331
2.558034811784
2.566946526838
2.575973320955
2.585050610292
2.594198279206
2.603427843140
2.745226813082
2.755264581413
2.765330951285
2.775126066324
2.784956655009
2.794844472784
2.804832816440
2.815109553833
2.825683860453
2.865391121496
2.867451123789
2.869172201904
2.871279331696
2.876451761324
2.878140930940
2.879858349207
2.882233216150
2.884524149662
2.886313166316
2.887988101922
2.891207818408
2.893661915557
2.911417178491
2.921520967359
2.931883030157
2.942257620210
2.952636969644
2.962984935938
2.973445452884
2.984043620038
2.994575885362
3.005154483790
3.015813973248
3.067721046705
3.069839333814
3.074250397475
3.076323726784
3.078128171881
3.080067651675
3.082451791840
3.084605516755
3.090694041554
3.092561178357
3.094749301003
3.096640270908
3.098350186741
3.102367542230
3.104497731705
3.222042893456
3.232959800019
3.243855235975
3.254454262680
3.265183584707
3.275766335520
3.286434741598
3.297119223437
3.307763716885
3.318418419261
3.436082645532
3.437762940375
3.439625711799
3.441689741315
3.445928534372
3.447613797892
3.449294493280
3.451124838223
3.453293428269
3.458294176386
3.460338510623
3.462076365036
3.463761285573
3.465434403369
3.467303693389
3.468986417371
3.471052154963
3.473177262986
3.476520107597
3.478673700501
3.480320548314
3.484089856432
3.485929448019
3.488445866343
3.491003947591
3.492693022884
3.494534031458
3.496632751320
3.502273931475
3.506363848096
3.511162879429
3.513543016414
3.516187073399
3.518560175248
3.520903721141
3.523025089659
3.525051169777
3.529217474104
3.531555928482
3.533945218868
3.558709953168
3.568707894279
3.579084034632
3.589482069392
3.599775807513
3.609727714375
3.619975958959
3.630335986229
3.640595552006
3.650793846493
3.661072174353
3.671380690080
3.681769124578
3.692183168304
4.384227027682
4.385940118221
4.388117399668
4.390100910830
4.392046001649
4.394231317179
4.395886024656
4.683822302950
4.689149504446
4.691145156107
4.695211152237
4.696873617978
4.699189263287
4.700848456125
4.702516677944
4.704186074257
4.788839216675
4.797044477164
4.805274845534
4.813700065476
5.087186937056
5.094423764092
5.102145891349
5.109958977686
5.117853172812
5.125772337404
5.133716345883
5.141649415714
5.149589538910
5.157526673609
5.165411016157
5.173262707920
5.181093099334
5.188868911415
5.196667200894
5.204440331868
5.212199535145
5.219901349741
5.227577585552
5.235248441215
5.242867815409
5.250512413541
5.258155211003
5.265802956943
5.273456963397
5.281135059489
5.288792772827
5.296500887747
5.304255508965
5.312128761427
5.320135024190
5.324096855850
5.327998329925
5.332011029086
5.335916402197
5.340274847751
5.344454864836
5.348494905165
5.352852359086
5.357133226150
5.361675007769
5.434343444686
5.436150088632
5.438604993327
5.440481139354
5.442681630568
5.444721365683
5.447283351686
5.456065759637
5.457921209283
5.459757955526
5.461595706784
5.463391664364
5.467519605605
5.470065752706
5.472288348607
5.474729363293
5.594721871981
5.603220072281
5.612088277898
5.621325935343
5.630510730969
5.639660087172
5.648671908819
5.657623143978
5.860996982083
5.869574175739
5.878283969337
5.887171879877
5.896140553972
5.905137959368
5.914162059774
5.923157983428
5.932173470232
5.941132857897
5.950116649539
5.959090696831
5.975023419566
5.976947037879
5.979566238329
5.984517221377
5.986308327674
5.989017413851
5.990882523067
5.993439748332
5.995360979437
5.997917585935
5.999838038841
6.002468349618
6.004397165010
6.046799027883
6.048461785360
6.051035737044
6.055598857507
6.057595039584
6.059253446925
6.061792074370
6.065929312081
6.068011257130
6.070080310016
6.072444568569
6.074819251379
6.079430181233
6.081418097891
6.083407438710
6.085642531492
6.087969782906
6.090700724532
6.093020079750
6.094917580242
6.100041025398
6.102883229321
6.104795965045
6.113845068993
6.121861908607
6.129901702157
6.138194314370
6.146375531657
6.154653106388
6.162982639142
6.171270522537
6.179604151991
6.187956547551
6.196242044933
6.204722492579
6.289059839178
6.291487323693
6.293795923205
6.298870326083
6.300767049525
6.303211325447
6.304884462834
6.309523254615
6.311203889072
6.313034571881
6.314921073852
6.316756057956
6.318445335379
6.320130177447
6.321811564064
6.323872933335
6.325590610030
6.328136080595
6.329795658431
6.331466494063
6.333307448577
6.335023128307
6.336676040447
6.338555269846
6.340253934719
6.341972903803
6.343693380954
6.794883434400
6.796849644641
6.799604854500
6.802382720453
6.807152760349
6.809099049485
6.810977345534
6.812825361740
6.814650561400
6.819013052299
6.821394341728
6.823174315433
6.825034322500
6.982826416872
6.985006559155
6.992577979014
6.994413683840
6.996635874710
6.998609751542
7.001042519396
7.003159017836
7.007495500912
7.009934806207
7.015320977574
7.018013768967
7.020441157178
7.022893351714
7.024650345871
7.027015736579
7.030348096011
7.032388413039
7.034055033725
7.035721008964
7.037536838833
7.041821797723
7.043488437144
7.148458435983
7.159371725982
7.170379452028
7.181060213936
7.191271675546
7.367041004637
7.371918568143
7.373773978865
7.376158776524
7.378226615643
7.380188661565
7.382371487697
7.384434050837
7.386122979481
7.388627412621
7.392616616737
7.396164633695
7.398668989862
7.400702349600
7.404943543148
7.406632707888
7.546456777988
7.548404109931
7.550547628115
7.553211673274
7.555347817961
7.557128005070
7.559060848537
7.561209120610
7.563148058582
7.564913472115
7.568695525314
7.571222563909
7.572985701275
7.574693184681
7.600290635194
7.609331139720
7.618446360672
7.629371830978
7.638683948512
7.648193736719
7.657787139977
7.667459674117
7.677133486403
7.686828718064
7.915158758233
7.917003550851
7.919067718438
7.923320173287
7.925111811542
7.926732960299
7.928767449177
7.931223899142
7.932867384143
7.934486185743
8.214013852328
8.215663691101
8.217320950354
8.219521994255
8.223020291741
8.224715338644
8.228220893976
8.230464085105
8.232218505544
8.234063002764
8.235751568820
8.237728200968
8.239694189671
8.241755703612
8.243740822140
8.305611879325
8.307727534570
8.309456317541
8.311407804700
8.313495505791
8.315610593864
8.317327108004
8.319319965473
8.321681534356
8.324033059901
8.325691090818
8.327370463247
8.329442353979
8.331462721385
8.333261758540
8.334961049632
8.338227129680
8.340028442862
8.342329158424
8.344112872640
8.413675499873
8.423363289849
8.433137717746
8.442984921160
8.452907465895
8.465772643839
8.467745207376
8.470381028275
8.472189025336
8.477541687204
8.479250908712
8.483978244550
8.485760424059
8.487547414601
8.490189140436
8.494560624987
8.496900252861
8.498811750169
8.500694939656
8.503334473052
8.505377794540
8.507287215987
8.509276834479
8.511271161639
8.513353155544
8.517787558082
8.520097833302
8.522410352971
8.524116611893
8.527758569358
8.529536516923
8.531334647641
8.533144191632
8.534939804667
8.537019696724
8.539340144243
8.541139438043
8.543786350471
8.545616582669
8.547481401718
8.550120219751
8.552268284880
8.554050103640
8.556566424223
8.560700651080
8.562389107575
8.565924360150
8.567784529391
8.569464400182
8.571138637718
8.574538050552
8.576774827367
8.836359489779
8.838657024491
8.843700372536
8.846143181307
8.848039743776
8.850392545160
8.852285666369
8.856431367228
9.346147966131
9.355291794970
9.364643024612
9.373956517611
9.383231330387
9.392328814886
9.401505112674
9.410909449924
9.420287928919
9.429641629001
9.438919338773
9.448140062360
9.457480745912
9.466881463947
9.476447337937
9.486247155828
9.635581842741
9.638212135114
9.640364661927
9.642657242998
9.644928998705
9.646864309380
9.648624071336
9.650363610873
9.652290450286
9.654233199791
9.656372648806
9.658997785925
9.661603932134
9.663711355821
9.665794384040
9.667791998085
9.669902572421
9.672061054489
9.673852119503
9.675587485234
9.677917162277
9.679744486362
9.681844997099
9.683808993749
9.688329163376
9.690294855111
9.692062443590
9.695395503602
9.697084609740
9.699211815814
9.700983395473
9.702734209536
9.708375324871
9.710063877284
9.711772648708
9.715221524768
9.763215702202
9.773752279086
9.784080689125
9.794357917468
9.804602366306
9.814838777996
9.825166935151
9.855271258000
9.856973417591
9.858892338406
9.860752295193
9.862483057734
9.864590315189
9.867963385118
9.870189416670
9.871878757874
9.873976445092
9.966512300012
9.968566206235
9.970741706354
9.972996652032
9.978750357107
9.981190476190
9.983082268597
9.987402784013
9.989898013324
9.992270406148
10.045061497176
10.055697355086
10.066759225982
10.077872541188
10.088895623041
10.100285877368
10.111751289756
10.123548775032
10.275429457668
10.286095756625
10.296886987653
10.307707919962
10.318609859594
10.558212542807
10.569272718213
10.580366572903
10.591449461871
10.602483964989
10.613440376365
10.624323172484
10.634998007213
10.645710228955
10.656682269212
10.804306032185
10.806985381026
10.809228609010
10.813888041749
10.816380329635
10.818169550938
10.820859838659
10.823548135447
10.825652030880
10.827385338044
10.830809366779
10.832543672671
11.313664259130
11.315338125990
11.317013976277
11.319447658040
11.321091532933
11.324366916090
11.326085731598
11.355044308803
11.356916556233
11.359626372314
11.361402078793
11.453030977254
11.455247344753
11.457320474622
11.459122046343
11.463897824793
11.465615876863
11.467294120921
11.468950388548
11.470600700098
11.473140593102
11.474784761669
11.476405141512
11.480481734237
11.482102978929
11.483746497713
11.523918040391
11.525641756762
11.527501188463
11.529204872551
11.531842798323
11.534417984775
11.536107006889
11.593983713097
11.603291324268
11.612110728311
11.621016634956
11.629955738646
11.638949772542
11.647981646904
11.657024930371
11.666098480898
11.675159686859
11.684116993823
11.693180279234
11.702375911172
11.711682604431
11.721050758793
11.730472039412
11.739921737137
11.749586043894
11.865114892778
11.867126981945
11.869498126374
11.871845495198
11.873891867618
11.876063186367
11.878128066909
11.883257957405
11.885598020528
11.887649223130
11.889928258416
11.892491251603
11.894729527788
11.897031020495
11.899319947867
11.901843878590
11.904122318015
11.906256048982
11.908342811095
11.910651416155
11.913026729861
11.915167063283
11.917401761709
11.919665079783
11.923649787343
12.262949112641
12.265031075854
12.267366665833
12.269060715956
12.271382382494
12.273790993152
12.275830539728
12.277865185723
12.279654336926
12.281690445009
12.283483197326
12.285777465748
12.287455446495
12.289235419762
12.290972772898
12.292626275408
12.294460124091
12.296820095460
12.298474066808
12.300828497071
12.303148589622
12.305048658025
12.310462433045
12.312285045174
12.314818789763
12.317355104791
12.319603266332
12.321383665928
12.323185997927
12.326745576882
12.364209702209
12.374257867480
12.383997246623
12.394034777189
12.404193559123
12.414378273620
12.424742087669
12.435128308164
12.594923857128
12.597029975345
12.599384027118
12.603414972409
12.605170966016
12.607530492044
12.609892888948
12.611801870354
12.614175513877
12.616261198345
12.618442551614
12.621043423570
12.622890736434
12.625276396137
12.627852837409
12.630493280576
12.632358890598
12.634167340655
12.636272510623
12.638895140485
12.641067843038
12.642782584079
12.644698479882
13.036397217108
13.038571270176
13.040745701310
13.042587712557
13.044408871148
13.046560323362
13.048894914371
13.051384531245
13.053929647331
13.056266679220
13.058263679217
13.060239909871
13.062191618835
13.064758075329
13.066862719902
13.068613917373
13.072708135885
13.074641505249
13.076360205159
13.108154289451
13.118004260372
13.127986663585
13.162542237600
13.173186265972
13.183715262511
13.194212517207
13.204582676603
13.214859411612
13.225042124560
13.235174593135
13.245199309110
13.255135986797
14.095799413731
14.098110444509
14.103143502617
14.105400245163
14.107724080208
14.110181946485
14.112451265138
14.114933485906
14.117434103318
14.120072696138
14.122265641944
14.125376314862
14.128451719973
14.130677245990
14.132910850934
14.163098875601
14.165269654745
14.167301783385
14.169388018485
14.173843506235
14.175672771578
14.177654351485
14.179758944656
14.185727891317
14.187712182539
14.189753528308
14.196523893234
14.198898541583
14.200744450108
14.204814646927
14.207675154653
14.341398250067
14.350805741142
14.360359304107
14.370356020145
14.380476003601
14.391220238674
14.402135425577
14.413323693388
14.424682953275
14.435665764854
14.446435939904
14.457100821289
14.614698391531
14.625768257429
14.636616578704
14.647541456657
14.658926427981
14.898332646049
14.900827801173
14.902746976346
14.904669396351
14.909853285049
14.912223047799
14.914660660534
14.917471767985
14.919680235270
14.921617786722
14.926568599204
14.929003170799
14.931177720722
14.933989965514
14.936123755536
15.056302713581
15.058080807358
15.059828394062
15.061608921437
15.063422932039
15.065558247651
15.068139554527
15.070667756270
15.072435161251
15.074218076877
15.076020987031
15.077924468729
15.079957211294
15.081750484060
15.085561491641
15.087765696803
15.090266007197
15.092005850933
15.093996731640
15.095730949595
15.097861814505
15.101411428406
15.152511065142
15.162336105662
15.172110506054
15.182035959418
15.192117762056
15.202360803365
15.213048151104
15.413919934880
15.415985350155
15.417797209378
15.421970150595
15.423648187717
15.425505546244
15.427328087566
15.429088787123
15.430882160280
15.434751510331
15.436544112482
15.438352082894
15.439974789290
15.442073816380
15.445547515586
16.375324927131
16.377368016200
16.379020186316
16.381246147594
16.383673510706
16.385891980122
16.388076753275
16.390175254356
16.394639969418
16.396694628973
16.398793525844
16.400456994300
16.402518187675
16.407127816601
16.409196336269
16.413290920608
16.901208920737
16.910021221802
16.919115692169
16.928479319873
16.937906813060
16.947408399550
16.955174922253
16.964791412198
16.974495852411
16.984021231353
16.993542108299
17.003213077995
17.012891020610
17.022608814175
17.115334727737
17.117058866478
17.118851323076
17.123120697263
17.125451561461
17.127168106026
17.129049820410
17.130730926114
17.133136044291
17.134818111300
17.136497360275
17.138517315845
17.140807069589
17.142462961331
17.144264152525
17.147759097491
17.149636750045
17.151658579441
17.153317417872
17.155402073535
17.157525828874
17.159433236611
17.161475792921
17.163588394614
17.165633116237
17.167697590449
17.169351162544
17.171383656670
17.173424834406
17.374970232205
17.376950818349
17.378922902494
17.383870178007
17.385788323846
17.501979804866
17.511691320674
17.521097545543
17.530643910405
17.540344248119
17.550072605557
17.559756168627
17.569396068144
17.579073618773
17.589004430242
17.599117873459
17.609284145230
17.619399931386
17.629485547241
17.639928786157
17.650698261296
17.661508586610
17.672587760008
17.683674832416
17.694642105000
17.705464368050
17.716185045374
17.876618972825
17.887225682688
17.897640581910
17.907913306368
17.918257694418
17.928633471181
17.938878665226
17.949293083856
17.959653439514
17.970040168421
18.315743948538
18.317789115491
18.319730035879
18.321765175838
18.323870339134
18.325845799238
18.327748501607
18.329701365429
18.333816802395
18.335817081480
18.423594756932
18.426243182717
18.431180592085
18.433023833178
18.434918385779
18.437224857959
18.439516905944
18.441260334282
18.442933043361
18.446918551781
18.449138263265
18.450826233178
18.454164970470
18.456416999536
18.645778043892
18.648065945573
18.653599348675
18.655452629517
18.657296638488
18.660086066703
18.662442652028
18.666048901630
18.794626478590
18.803973231861
18.813221295510
18.822420296585
18.831761529811
18.841107913826
18.850503218391
18.859902001657
18.869347521386
18.878747944871
18.888260684372
18.897764079027
18.907274221246
18.916907835184
18.926683843000
18.936290454224
18.946024228264
18.955892363230
18.966011822839
18.999903394300
19.010020407434
19.020028586136
19.029973800879
19.039567151080
19.049195281710
19.058932937415
19.068823693366
19.184836427913
19.196005614779
19.206761727522
19.217432479416
19.228131715347
19.238852210125
19.249454530034
19.260044120665
19.342250041031
19.352357468962
19.362409329902
19.372587796976
19.382731214787
19.564378766743
19.574936337612
19.585375803011
19.595805560057
19.606367898395
19.616801164623
19.627231812431
19.637457563555
19.647575291477
19.657547745065
19.667337574113
19.677320186478
19.697592753364
19.707859636432
19.718290706092
19.728838633706
19.739488826777
19.749981814250
19.760231809976
19.770420137829
19.780512557962
19.817917307638
19.819569575018
19.821244990841
19.822971569090
19.824942426959
19.827222599008
19.828904012546
19.830585285023
19.832227742384
19.833952526683
19.835974738221
19.837818346387
19.840018448252
19.841695390092
19.843564118074
19.924476217361
19.926402274448
19.928304044998
19.931731818309
19.933453234058
19.935199808395
19.937696362624
19.939796785803
19.941790623139
19.973327444132
19.984705027525
19.995732238518

