Time_s
0.621004446742
0.628154864179
0.635763384199
0.643046314356
0.650454008260
0.657960831525
0.665506258538
0.673368958411
0.681042932045
0.688756690010
0.696518183344
0.704289792861
0.712055798827
0.719975368434
0.728030564817
0.736287639171
0.744337290894
0.919722412828
0.927964669370
0.936486351018
0.945143690914
0.953938319553
0.962936227166
0.972386961440
0.981554495442
0.990674236731
1.000008952902
1.009281858544
1.207783739005
1.216006631366
1.224588366958
1.233593369070
1.242617920260
1.251744184857
1.260958032396
1.270259537335
1.279729121678
1.289295365309
1.298736569035
1.308143949363
1.317752413699
1.327350750859
1.336864062263
1.346778502069
1.356776737989
1.366720041295
1.376727677147
1.387137606223
1.397010884386
1.407000593849
1.738315181273
1.746973588095
1.755570405795
1.764198515704
1.773071660778
1.960526055481
1.967344754745
1.975437498627
1.983834483140
1.992346533081
2.001041313926
2.009840874277
2.018859343912
2.028064369232
2.037668920900
2.047117107283
2.056528837272
2.065870026066
2.075248406433
2.084673764750
2.094191828767
2.103873141771
2.115635795041
2.125533426792
2.135627299719
2.213536040460
2.222667586840
2.231693281081
2.240813629804
2.249869183450
2.258899192033
2.267968021606
2.276963873830
2.286040651398
2.295121831461
2.304169747661
2.313172972079
2.322164360124
2.331251876066
2.340441930375
2.349665460129
2.359019270450
2.368442482594
2.378026904212
2.387508570436
2.397150275697
2.406771568169
2.416498259958
2.426049077585
2.435550246911
2.444830373650
2.453999173414
2.463367284049
2.472755487715
2.482078735087
2.491487050902
2.500996663031
2.510575500849
2.520191441869
2.529735483088
2.539310385329
2.549080407927
2.767488982656
2.775313060806
2.784352094577
2.793371909979
2.802472160303
2.811581696564
2.820932031679
2.830372123079
2.839853764789
2.849279446466
2.858737434877
2.868259549876
2.877786584757
2.887318266203
2.896798377468
2.906199339920
2.915664148633
2.925258269627
2.934925594528
2.944946804797
3.034700544048
3.044361772752
3.054011852035
3.064085081873
3.074152187766
3.084122602920
3.094233163957
3.104307978005
3.114490577382
3.250482225662
3.259834648450
3.269292283184
3.279026318622
3.288868956070
3.298847853941
3.308802022766
3.318971855370
3.329094664619
3.339297341587
3.349470137481
3.359584943579
3.369745559833
3.379768072153
3.532186165448
3.542209338402
3.552217589371
3.562396164152
3.572473135450
3.582423188971
3.592342652153
3.602276151177
3.612246074728
3.622154316295
3.632015341655
3.642005667563
3.652091293446
3.662098511662
3.671945167201
3.682080364845
3.692192983059
3.702338509851
3.712408570243
3.722492493986
3.732551935385
3.742574810760
3.752594709914
3.762760582975
3.772916099918
3.783140507037
3.793430366185
4.106554431506
4.114693444541
4.123008495508
4.131498470144
4.140108505144
4.148819450900
4.157647827719
4.166615829358
4.175845085028
4.185196916447
4.194748011363
4.204350147019
4.214041634815
4.223760028117
4.898216306979
4.905450431863
4.913235102337
4.921610846852
4.930333615564
5.165491977868
5.173324788836
5.181373068712
5.189257084875
5.197506782990
5.205774457996
5.214184581220
5.222692756911
5.231256964509
5.239846331224
5.248519512071
5.257229001095
5.265999953212
5.274799559018
5.283628546068
5.292426263384
5.301275629975
5.310074763147
5.319014627764
5.328370622593
5.337628567771
5.347307970135
5.356701105879
5.366101645342
5.375738262916
5.385233185204
5.394786900784
5.404399841892
5.414174591811
5.424296387050
5.619486332714
5.627286910853
5.635597822933
5.644039497704
5.652572981729
5.661221825085
5.669926827629
5.678717274722
5.687666113780
5.696686663274
5.705788815819
5.900717628993
5.908443908298
5.916956672855
5.925737361592
5.934397717786
5.943223209089
5.952278597987
5.961339800244
5.970462714151
5.979567554332
5.988714156007
5.997902574913
6.007183667151
6.016522033474
6.025929418183
6.035601257182
6.045292691928
6.054883077577
6.172311070347
6.180395795869
6.189131507677
6.198029492062
6.207367320531
6.216940057094
6.226639791268
6.236209143118
6.245719356672
6.255269858854
6.264609726304
6.273948772213
6.283354716386
6.292750459428
6.302196833357
6.311722132091
6.321139174148
6.330715282672
6.340250818411
6.349720288163
6.359145967933
6.368558161150
6.377944444564
6.387097572969
6.396205141479
6.405430462560
6.777590722105
6.785115061614
6.793405390098
6.801672972660
6.810116590372
6.818602716139
6.827163579554
6.835768828142
6.844415390494
6.853025385561
6.861675183613
6.870363667075
6.879060116456
6.887684188106
6.896293399891
6.904991811435
6.913659191899
7.356804744156
7.365590017629
7.374520853740
7.383443172188
7.392163041492
7.401317567144
7.410525016332
7.419767380072
7.429021002092
7.438355555664
7.447741854125
7.457156434835
7.466652052229
7.476369648568
7.486517436324
7.496157546210
7.505803465672
7.515422589984
7.524930561008
7.534576810626
7.544260473330
7.553920264692
7.631699298917
7.641408194374
7.651189103481
7.661225480252
7.671393120674
7.681645522584
7.692031966311
7.702274526112
7.712611955165
7.723045343589
7.733538847385
7.744203229987
7.983941388292
7.986356827300
7.988781345448
7.991632834587
7.994660119285
7.999345228568
8.002163946521
8.004080015489
8.006634258828
8.165695538292
8.175230225144
8.184837471543
8.194617864105
8.203847642491
8.212644444343
8.221848479273
8.230956546273
8.240240619216
8.249615065629
8.259165719951
8.268653396680
8.278224163488
8.287654903624
8.297450585172
8.307364077609
8.491913673195
8.501860046232
8.512204479316
8.522439880854
8.532805423322
8.543190825938
8.553391553524
8.563662561142
8.573792753718
8.583851239566
8.594108053288
8.604228019500
8.614539233898
8.624658884124
8.634988553414
8.645045803684
8.655189757916
8.665450815759
8.675227686194
8.685726498780
9.177247973601
9.187123645556
9.196756074594
9.206543539130
9.216212766779
9.225604550219
9.235064261942
9.244393528435
9.253830849842
9.263016329700
9.272145303166
9.281267114855
9.290197414788
9.299183872685
9.308183918608
9.317279776699
9.326292954502
9.335337656143
9.344306490498
9.353504641391
9.362612593964
9.371676636555
9.380746892508
9.390019551885
9.399558626056
9.409469981591
9.418754829548
9.427967335106
9.437280761924
9.446576782561
9.455630343508
9.464600098436
9.473613291566
9.482985238271
9.492335947814
9.501851581340
9.511332586074
9.520766581435
9.530188546628
9.539794000709
9.549419632513
9.558972019985
9.568625312321
9.578304006644
9.783054240592
9.792333506355
9.801652665971
9.810830919780
9.819971674642
9.829316387873
9.838657244917
9.848004314055
9.857459637478
9.866933724410
9.876465128560
9.886112147821
9.895611275725
9.905053858622
9.914593315692
9.924314492728
9.934216802345
10.275490715989
10.284829043825
10.294292025766
10.303916040251
10.313695686569
10.323689005818
10.333670242807
10.343662880478
10.353483364637
10.363278985489
10.372990418898
10.382969123951
10.392867076646
10.402935090649
10.413206919977
10.423918671943
10.434655174513
10.445253599744
10.456071887295
10.466961040279
10.478019277804
10.488844980075
10.499875477267
10.510683842385
10.521255908219
10.535483918750
10.544145261024
10.553473406870
10.562905248808
10.572564700588
10.582302290964
10.592041274502
10.601831261823
10.611552913278
10.621301591325
10.630977235401
10.639207030789
10.647346978221
10.657284159190
10.667206478632
10.677326555961
10.687406908702
10.697492280107
10.707297934306
10.717279684266
10.727617982436
10.738826835458
10.749639899295
10.760051527227
10.770868087027
10.781619169975
10.792416696484
10.802941510292
10.813465626830
10.869661595166
10.879297852827
10.888911074063
10.898506059379
10.908225430402
10.918041802228
10.927940037875
10.937850657790
10.947864939050
10.957769172411
10.967791048418
10.977927039683
10.988328810666
10.996993567688
11.010390200108
11.021356256617
11.193911058268
11.196439581609
11.198968253968
11.202967134593
11.204588264161
11.206280938725
11.212829169009
11.215353542322
11.221311325681
11.224565502640
11.227040435030
11.230475818811
11.233049938247
11.235378262872
11.238046015510
11.243312034743
11.733498008365
11.741663303822
11.750451303478
11.758983685992
11.767544890206
11.775991126585
11.784318401602
11.792596120776
11.800863967678
11.809178513940
11.817483011599
11.825736336075
11.833987780496
11.842249429605
11.850456562259
11.858623857379
11.866899796150
11.989527197877
11.997628875018
12.005782781149
12.014146782399
12.022688079701
12.031312880563
12.039910540777
12.048578927335
12.057302035586
12.066002696889
12.074777747223
12.083519294845
12.092305656843
12.101132106322
12.109921674946
12.118768523704
12.127634584428
12.136535533496
12.145473363489
12.154386417443
12.163295515312
12.172167606222
12.181071308648
12.190047945235
12.199087540586
12.208208152692
12.217374438973
12.226594845909
12.235832613342
12.245026707346
12.254282826381
12.263852200654
12.273802923599
12.283418766211
12.293444807464
12.303542600396
12.322036330606
12.331824380354
12.341513421730
12.351291399885
12.361261738944
12.371493878348
12.381957491377
12.392602785305
12.403067691737
12.411537072477
12.422121492712
12.608457957946
12.611031746032
12.613235764601
12.614879730631
12.617344118055
12.664085090320
12.666613507744
12.669119191003
12.670740278256
12.672338497170
12.676707312270
12.754743295207
12.757298573580
12.763439552262
12.766193867609
12.768885660661
12.772081272452
12.774292110598
12.777052526999
13.089977107293
13.098456056973
13.107050538435
13.115778233741
13.124349654973
13.132987066367
13.141695247115
13.150416229317
13.159188364993
13.168039670902
13.176924637047
13.185835673819
13.194851702490
13.203995696361
13.213265447047
13.222375880600
13.343038132377
13.351104806515
13.359767796589
13.368635195445
13.377228785808
13.386412621604
13.395626780683
13.404881218533
13.414131119288
13.423241073288
13.432571012779
13.441846913191
13.451151010382
13.639601320043
13.649107807183
13.658172205141
13.668237018335
13.678230544417
13.688622510831
13.699517110051
13.974481112665
13.983731359966
13.992622965723
14.001472200151
14.010431563456
14.019430104818
14.028478116986
14.037656710680
14.046886428540
14.056088250556
14.065490589074
14.074983821179
14.084657186768
14.094564391319
14.104605908212
14.115053428947
14.125336178704
14.135622221588
14.145928431031
14.156325540664
14.166749167928
14.177217407660
14.187957821328
14.199084599129
14.719702523828
14.729751492651
14.740784292056
14.750633435561
14.760603467302
14.770497084124
14.780192571107
14.790146881244
14.800054912766
14.809845042169
14.819543964027
14.829343545210
14.839174192664
14.849094160539
14.859079283635
14.869117969163
14.879070285322
14.889054278327
14.899183857393
14.909344456943
14.919684117083
14.945023941510
14.954209456774
14.963286143050
14.972328630784
14.981332968035
14.990584922699
15.000118070027
15.009633315579
15.019208126004
15.268866804733
15.277797792868
15.286987857884
15.296224040662
15.305456688256
15.314692672783
15.323968548038
15.333259278113
15.342620631475
15.352026520573
15.361604518875
15.371195649315
15.380806532998
15.390361336306
15.400252391629
15.410213112428
15.420246632560
15.430300648799
15.440292245311
15.450173566637
15.459927360250
15.469434591888
16.269940900637
16.278031813034
16.286418696636
16.294867443077
16.303326651315
16.311946477435
16.320605685650
16.329242415952
16.338074443811
16.346934483506
16.356024532485
16.365218594176
16.374500717818
16.383874667934
16.393510595507
16.403306306149
16.413414989792
16.423814987776
16.434345622122
16.444941678333
16.455269897494
16.465991801897
16.476277299910
16.486646923029
16.496992009027
16.507030108755
16.517306512427
16.527768004320
16.537905359325
17.054913912172
17.064411370336
17.074406060720
17.084464849723
17.094698661152
17.104955431738
17.115778530497
17.126850377697
17.137173746607
17.147999970448
17.158773759130
17.324824017357
17.333337639611
17.342340046458
17.351611573134
17.361469965668
17.371346913403
17.381604535259
17.392403343981
17.403318306290
17.425072949603
17.427785135724
17.430473911340
17.432797006240
17.435295105152
17.437999235032
17.440539522532
17.447024847228
17.449359902729
17.452097588517
17.454609788071
17.457121608197
17.460204153469
17.462336587637
17.465028705357
17.467107788389
17.470143779489
17.472710151805
17.475041135926
18.123793908580
18.132292054362
18.141197153021
18.254981051961
18.263542451041
18.272577228010
18.281417466284
18.290363035241
18.299466162864
18.308582824819
18.317820301372
18.327093399164
18.336479280921
18.346055694321
18.355578977533
18.591094452948
18.597775070211
18.605189681455
18.612610746846
18.620130929121
18.627715073066
18.635404350712
18.643185247944
18.651054421769
18.658900932664
18.666724328163
18.674638941776
18.682572592073
18.690559230313
18.698689576270
18.706952159370
18.715835811520
18.722882255373
18.727213046988
18.731453012023
18.735898189990
18.739722762226
18.743994716030
18.747944970137
19.015820443430
19.018754660425
19.021103752957
19.024448520295
19.027170498642
19.030288493184
19.032674887717
19.035231305508
19.038039546105
19.041022752198
19.044101543582
19.047579976073
19.050272768003
19.055526725423
19.101453921916
19.110271312743
19.119319765889
19.128512982049
19.137574249840
19.146423647554
19.155046103714
19.163658040698
19.172280395436
19.180827565636
19.189456592398
19.198138813320
19.206823621854
19.215657176295
19.224550986383
19.233587477931
19.242615877680
19.427826780498
19.436209455265
19.444998254653
19.453865866568
19.462693307943
19.471789055214
19.480902223647
19.490124013722
19.499220167762
19.508461331951
19.517631150268
19.526852857314
19.536239562629
19.545840707839
19.616291269600
19.625805230863
19.635193777123
19.644520906910
19.653916778727
19.663251039627
19.672126615625
19.681255912415
19.690541461506
19.699591717110
19.708739077901
19.718072380520
19.727364794602
19.828703728626
19.837810206689
19.847237297996
19.857063730909
19.867072872976

