Time_s
0.818595409479
0.823739469891
0.829567593863
0.835514561649
0.841074118979
0.846672618448
0.852323517055
0.857932226703
0.863516083922
0.869082427760
0.874636133444
0.880085628155
0.885336941663
0.890254442844
0.894882912676
0.900182051279
0.905422471516
0.910945635538
0.916541651701
0.922160865215
0.995062988123
1.000819561496
1.006363014467
1.011986720415
1.017703049830
1.023518253380
1.029018419650
1.034654660112
1.040321205114
1.082671848039
1.087346393394
1.092152146437
1.097410095627
1.102687262520
1.108082161762
1.113542691511
1.119049100710
1.124592851742
1.130148464344
1.135716334105
1.141300715222
1.146879777195
1.152451157252
1.158029460466
1.163618126849
1.169218337159
1.174795956170
1.180365533722
1.185970675644
1.191594178208
1.197257944199
1.202990107202
1.208837671693
1.214924241869
1.220633701033
1.226457435744
1.232177161173
1.326260031969
1.331969647778
1.337513210055
1.343143077317
1.348812280002
1.354510684790
1.360015966962
1.401920608173
1.408372951965
1.415136427641
1.422024663184
1.429035833142
1.436149228346
1.443401919363
1.450698397391
1.458101831875
1.465593534687
1.473237272410
1.480925080129
1.488828735173
1.507381112428
1.515825861542
1.525071114440
1.534294885210
1.543782992852
1.553512621387
1.563110900851
1.573070023735
1.583224379063
1.593784657765
1.604504507446
1.614851903957
1.625041537168
1.635306189169
2.340865148481
2.348667034523
2.356303360254
2.363940373330
2.371517595832
2.378976644220
2.386105041053
2.393091940443
2.399979066394
2.406544678182
2.413526379497
2.420549127736
2.427532146674
2.434947728151
2.556107750358
2.561403803075
2.566137561844
2.571509479186
2.576940908175
2.582521120545
2.588176846459
2.593867952676
2.599610471805
2.605369306117
2.611145922535
2.616947455321
2.622759740317
2.628596573985
2.634463330819
2.640433724514
2.646487471057
2.652945496406
2.659174633066
2.665308717875
2.671171999928
2.677584133692
2.683318876162
2.688803073255
2.694838525420
2.700655896766
2.706394825505
2.712202012706
2.717981656278
2.723634313124
2.729447559162
2.735221482104
2.740814367196
2.784883802453
2.790594393953
2.796625461785
2.803042572125
2.809879097992
2.816213664572
2.822703150633
2.830126662726
2.837531034895
2.843848755964
2.914948642007
2.921677400631
2.928443809867
2.935225303156
2.942080647447
2.948952016029
2.955862315979
2.962765541584
2.969623197679
2.976488665826
2.983355898363
2.990247358524
2.997101041044
3.003930079142
3.010758872108
3.017566979070
3.024383242251
3.031189098801
3.038011729453
3.044894807929
3.051825920893
3.058802206151
3.065793896785
3.072868148063
3.079990400143
3.087223370626
3.094363705109
3.101309691015
3.108185091942
3.127470997407
3.134879122339
3.141753517805
3.148426179398
3.155785020767
3.163069571151
3.170460871201
3.177960361825
3.185633745572
3.193500114862
3.201725939146
3.209775784929
3.218094383409
3.476648141081
3.483773233814
3.490877736912
3.498072709700
3.505235233500
3.512392738001
3.519538176739
3.526652396644
3.533755024096
3.540910727416
3.548028547898
3.555024433734
3.562005681134
3.568956384513
3.575867705264
3.582789502674
3.589673822403
3.596502231210
3.603330162620
3.610062828136
3.616812837294
3.623477638830
3.630134895814
3.636728589894
3.643232239337
3.649656935925
3.656086945003
3.662569094644
3.669006485756
3.675473840358
3.682055940556
3.688781816513
3.695211251275
3.701847874191
3.915627862027
3.923257461644
3.930721873077
3.938398822238
3.946427587891
3.954431608297
3.962421558896
3.970437586183
3.978441297628
3.986559739168
3.994748590976
4.003055496340
4.011457371118
4.019853311312
4.161759104008
4.170095790089
4.177974091026
4.185428498876
4.193145487254
4.200800477759
4.208404831631
4.215861841199
4.223225376214
4.230546708539
4.237897011110
4.245154489390
4.252206494668
4.259334112020
4.266388849778
4.273417607457
4.280462945333
4.287502547432
4.294558021564
4.301628826806
4.308686915930
4.315698619856
4.322672189451
4.329631646389
4.336562650541
4.343445661992
4.350295954791
4.357099113994
4.363858629579
4.370577930404
4.377238053386
4.383881630382
4.390472896778
4.397000239669
4.403564303044
4.410217915917
4.417073181820
4.423937583108
4.430525694046
4.437306709875
4.444213554358
4.450988722844
4.613423491526
4.620832767949
4.628330905278
4.636025708750
4.643878623426
4.652017926880
4.660730160927
4.669226948533
4.677476715199
4.685674949547
4.693946686305
4.702337139468
4.710822962664
4.719416215863
4.728048124370
4.736826751271
4.746227861025
4.755823889258
4.765338976419
4.774164116354
4.782838270433
4.801187077706
4.810004931274
4.818948135410
4.828404304834
4.876918292696
4.878844746463
4.881513671061
4.883372235893
4.885260415447
4.887905186797
4.890549637818
4.892398607918
4.894774619014
4.896613375405
4.898992360606
4.901373127840
4.903205373969
4.905318668919
4.907162626416
4.909525653525
4.912159933974
4.914543243242
4.917147309846
4.918987020488
4.921404065884
4.923780104318
5.060170953637
5.067840690077
5.075514883315
5.083520804170
5.091700012654
5.100006584323
5.108391231736
5.116957536620
5.125700850444
5.134630858355
5.143690928208
5.152761298080
5.161993418760
5.171440485117
5.181014330728
5.190807134461
5.200607507092
5.210593574246
5.220775559361
5.230999222977
5.241384977898
5.251646520744
5.262087532531
6.024061024836
6.030319463043
6.036679331301
6.043044217143
6.049437033871
6.055837821316
6.062251242090
6.068716829449
6.075157889419
6.081630550968
6.087807606966
6.094197824329
6.100583181327
6.107005501102
6.359763484458
6.365956917928
6.372279774642
6.378672454552
6.385037205952
6.391415971160
6.397824508269
6.404211216648
6.410589689538
6.416981450728
6.423369303454
6.429719813780
6.436041875205
6.442400271216
6.448751546457
6.455050513143
6.461342092644
6.467605698685
6.473858495963
6.480081179845
6.486308021005
6.492504481398
6.498642967547
6.504780726323
6.510876386862
6.517006120169
6.523144707594
6.529277220261
6.535490734602
6.542120381832
6.548791981211
6.554713553486
6.561509667779
6.568174680624
6.574374700270
6.668293980345
6.675504126454
6.682773109866
6.690539285648
6.698483077198
6.706937207467
6.715772485625
6.725070636134
6.899844982145
6.907199283261
6.914426330314
6.921924112845
6.929359601171
6.936814836570
6.944280976414
6.951760145465
6.959194722058
6.966619189611
6.974075601448
6.981625546205
6.989518548651
6.997672750332
7.005929662069
7.014033904929
7.023184875384
7.031131370564
7.260112077637
7.267691405605
7.275059585225
7.282338959617
7.290070181430
7.297744122151
7.305415322179
7.313088832958
7.320740414136
7.328410266679
7.336066638261
7.343775435585
7.351473655216
7.359173108762
7.366805580794
7.374398076310
7.381774966515
7.389036217398
7.396329014203
7.403756623997
7.411640218925
7.420063296745
7.427941242726
7.576506620582
7.583001126182
7.588744260569
7.594905752510
7.601229723573
7.607770908530
7.614242737365
7.620685947770
7.627159919391
7.633645296617
7.640114995123
7.646603311230
7.653080856648
7.659544858224
7.666005325577
7.672436534225
7.678872184757
7.685285238568
7.691715031881
7.698148483708
7.704517459491
7.710844274500
7.717136988632
7.723411370009
7.729613427230
7.735767715885
7.741838239911
7.747805221013
7.753603343132
7.759485102552
7.765445840862
7.771378223488
7.777231085802
7.782857389009
7.788616164092
7.794618263414
8.316005565868
8.323647121552
8.331395870907
8.339237818962
8.347210597712
8.355305355456
8.363363335019
8.371335662298
8.379228059451
8.387081739704
8.395193421212
8.403216986235
8.410802656928
8.418425021008
8.426013266007
8.433648758795
8.441407285972
8.449619484190
8.457723395236
8.638424125185
8.645126224879
8.651882660561
8.658684490294
8.665621873710
8.672646795171
8.679828282707
8.687188117446
8.694641198318
8.702138474715
8.709015616133
8.909136874746
8.915592603311
8.923399572135
8.931103120726
8.939000416039
8.946701064680
8.954084427017
8.962043142174
8.969993652475
8.977976008743
8.985957847925
8.993974946535
9.001973268528
9.009950894390
9.017874643246
9.025720831225
9.033521407143
9.041265703626
9.049056611893
9.055303523828
9.063121826085
9.072368261421
9.080223974863
9.088132575788
9.095973272549
9.103840295470
9.111799258227
9.214338833735
9.222505448101
9.230740543038
9.239415193945
9.248529856024
9.258017840363
9.267709147727
9.487227003857
9.495075595655
9.502934210696
9.510637866325
9.518470682372
9.526278082046
9.533410615825
9.540797932492
9.548289165368
9.555715935795
9.563175894443
9.570641428192
9.578064726781
9.585483550287
9.592935113678
9.600383758583
9.607887732493
9.615571073028
9.623448372113
9.631454063274
9.639204357323
9.823498734330
9.829477181531
9.835611970860
9.842105397661
9.848899208267
9.855637336473
9.862424778359
9.869246131620
9.876040288584
9.882816023263
9.889571142120
9.896284997080
9.902985950531
9.909652247715
9.916292909207
9.922883756691
9.929442956419
9.935959493028
9.942443882554
9.948889365077
9.955313227790
9.961643070635
9.967915989707
9.974138093429
9.980311460966
9.986440205937
9.992609097704
9.998800922950
10.004692796571
10.010538003163
10.016645495879
10.023041959763
10.029047828663
10.648152650844
10.656286095286
10.664513365426
10.672704237011
10.680984297238
10.689319020951
10.697738556201
10.706294516005
10.715127664816
10.723429089696
10.731849285431
10.740288053005
10.748622303931
10.757474956623
10.766079477677
10.774582528951
10.783066914185
10.791502924713
10.799935999796
10.808325222689
10.816709414991
10.825065023020
10.833377991634
10.841629798090
10.849309710698
10.857474773013
10.865511986382
10.873532277526
10.881513258409
10.889408689733
10.897292896808
10.905149241768
10.912939812773
10.920691423235
10.928360820731
10.935966204189
10.943561917644
10.951134925502
10.958654758801
10.966241230792
10.974724445166
10.982525879223
10.990113742658
10.997955166641
11.005653421319
11.013334267944
11.021052249109
11.028716872509
11.036421300854
11.043716702321
11.050689112960
11.057613073538
11.064531495564
11.071544632260
11.078658996125
11.085843053740
11.093061602315
11.100302361331
11.107553464709
11.114797044720
11.122032604581
11.129090909733
11.136156275586
11.143317862451
11.150938478559
11.158649302870
11.166398543831
11.174245911547
11.182272287499
11.190525783086
11.198696794912
11.206566687808
11.214809580942
11.378982912567
11.386942446473
11.394659654166
11.402003691569
11.409605837022
11.417413638631
11.425170981006
11.433017034417
11.440879728618
11.448736822077
11.456579613040
11.464366539267
11.472096072211
11.479754324423
11.487332433705
11.494852223161
11.502344615159
11.509767688478
11.517196786511
11.524759812519
11.532459861249
11.540357364232
11.548760837853
11.556580617053
11.564239550679
11.571872457198
11.579477867443
11.760165107294
11.766430999932
11.773538449945
11.781144103755
11.788958966751
11.796877263650
11.804971796989
11.813134703837
11.821379948694
11.829723582713
11.838381006677
11.847428913424
11.857243022764
11.866365754916
11.875763928583
11.885301757572
11.895265791974
11.903854162512
11.912363189455
11.920888171358
11.929520410863
11.938202806725
11.946971166142
11.956030315767
11.965143827948
11.974079937460
11.983475435303
11.993156938768
12.124299957330
12.132642053030
12.141211571629
12.149860667754
12.158557619970
12.167259671346
12.176041132424
12.184852585667
12.193601606445
12.202390658432
12.211119686362
12.219822635485
12.228471107201
12.237131080890
12.245807990984
12.254497023711
12.274153962243
12.283233236317
12.291966161049
12.300677039634
12.309363274253
12.318077373961
12.335245913909
12.343080854448
12.351336786074
12.359762229675
12.368432050922
12.377376576984
12.386407733567
12.395415333294
12.404509438693
12.414171395774
12.423396422135
12.432995656770
12.538592791746
12.546092805833
12.555093640397
12.564145038178
12.573625252841
12.583365162620
12.593319917958
12.603516996597
12.613978382699
12.624521137901
12.635156648383
12.645927273017
12.656959739758
12.668036726944
12.679350791355
12.690766895180
12.702166376076
13.783664610493
13.792633601502
13.800589526711
13.809255795084
13.817727096962
13.826092390654
13.834342423557
13.842330745788
13.850121204936
13.857714771337
13.865233430901
13.872588610137
13.879848158060
13.886976309578
13.894037761645
13.900997411735
13.907880150666
13.914718716061
13.921404675986
13.927945466757
13.934510995381
13.940937993599
13.947212119310
13.953344088988
13.959383861450
13.965377319722
13.971400201700
13.977436369781
13.983485485358
13.989552222705
13.995573041864
14.001535394772
14.007465297986
14.013363785489
14.019231506029
14.025054561437
14.030852470088
14.036667420579
14.042527972460
14.048434082696
14.054394876189
14.060576867757
14.066686665836
14.072702030174
14.079007807150
14.186942919454
14.192345646560
14.197908442694
14.203530168913
14.209198142360
14.214903164172
14.220730310669
14.226807792015
14.232825143541
14.238956028055
14.245090124022
14.251220919712
14.257433513631
14.263710265881
14.270034442215
14.276358206504
14.282768971088
14.289230736167
14.295603651424
14.301787344597
14.308279872270
14.314787177964
14.321276513783
14.327773203799
14.334297682674
14.340853176235
14.347394684182
14.353911448201
14.360461633198
14.367016042824
14.373597434026
14.380221033166
14.386911486178
14.393817287774
14.401313965898
14.408489632946
14.415447247294
14.422414820197
14.429019192936
14.435787829139
14.442499915187
14.449259443274
14.456134272926
14.463123314809
14.470223865403
14.477454749234
14.484870771811
14.492452280117
14.500252236774
14.508186727280
14.514546779741
14.521732124040
14.647607559276
14.654445974091
14.661773142621
14.668968526177
14.676168833234
14.683549448004
14.690958263005
14.698319083430
14.705651495488
14.712964476327
14.720232038191
14.727550754879
14.734840413085
14.742176912437
14.749493465363
14.756797335273
14.764209257178
14.772256172652
14.780087607062
14.788132464981
14.795781820342
14.899184289048
14.906039395666
14.912869702303
14.919874780351
14.926699067147
14.933706232208
14.941009085175
14.948187391819
14.955401748322
14.962597861399
14.969748396437
14.976963814331
14.984263193956
14.991525968881
14.999030481768
15.006197282551
15.013415919505
15.020582106362
15.027672541767
15.034574211073
15.041674207942
15.141625984804
15.148422471470
15.155041676271
15.161939898794
15.168933420399
15.176214389360
15.183624204435
15.191214596551
15.474224446138
15.480832857929
15.488234652396
15.495733867057
15.503107537511
15.510470947282
15.517303602776
15.524895243553
15.532482717178
15.540154470401
15.547936427958
15.555809731408
15.563714469391
15.571622287076
15.579492211917
15.587328087585
15.595104769570
15.602842986964
15.610525252324
15.618136514022
15.625551550000
15.632797294454
15.639915486187
15.646959454272
15.653940079637
15.660818514825
15.667716384388
15.674625852894
15.681459281193
15.688335229735
15.695275980639
15.702213708507
15.709189318056
15.716080152872
15.856013525762
15.861327236163
15.863410759670
15.865757846966
15.868030698679
15.869811291500
15.871691855353
15.873515094559
15.990854846752
15.997764278062
16.004508586926
16.011542337045
16.018742145495
16.026138587305
16.033704324659
16.041363063880
16.049078414904
16.056855903157
16.064765708680
16.072848309012
16.081410308976
16.089475455473
16.097650551888
16.105761336691
16.113969533574
16.122220810502
16.130622262763
16.139087654936
16.147611000961
16.156231647944
16.164913155257
16.173833039622
16.183879296349
16.192706098269
16.202524699536
16.211951334709
16.221346507297
16.231119308083
16.240483813248
16.249965112848
16.259230517251
16.307349474918
16.322433770015
16.329683367510
16.337363104915
16.344985976477
16.352636893033
16.360295381088
16.367976845652
16.375729306928
16.383648569031
16.391621031245
16.399606232507
16.407254248541
16.415169047811
16.422969403098
16.430632183133
16.636876188388
16.643709587421
16.650990789165
16.658480815593
16.666049105517
16.673658511201
16.681373972121
16.689239868070
16.697283509406
16.705533125409
16.713520227577
16.721559287630
16.729602881709
16.737730152701
16.745952168131
16.754196720000
16.762553266470
16.771033758551
16.779219655236
16.787712049098
16.955835316292
16.963050535443
16.970410581134
16.978034663028
16.985645897192
16.993288787056
17.000999967518
17.008774117170
17.016571171902
17.024435185239
17.032322008959
17.040235298049
17.048206354655
17.056194339682
17.064229338670
17.072312745991
17.080451261897
17.088718700441
17.097019605192
17.105118506672
17.113285652377
17.121511665979
17.129936127071
17.138125005256
17.146579952156
17.154679058200
17.162714227067
17.170722126530
17.294814210525
17.302162154813
17.309951469996
17.317874007147
17.326115982464
17.334550123244
17.343044795108
17.351646865379
17.360198565652
17.368888546777
17.377736531702
17.386960450666
17.667114326591
17.675079523215
17.683184264801
17.691444237383
17.699891761248
17.708556615496
17.717422093868
17.726522926955
17.735880855252
17.745446202878
17.755216410171
17.765082490496
17.775465828130
17.786204732570
19.148109721831
19.153600838288
19.158665008559
19.164215888961
19.170394501989
19.176608505908
19.182832766915
19.189005922786
19.195171369077
19.201361475881
19.207547914024
19.213760156014
19.220110456386
19.226578512303
19.233077989269
19.239285488301
19.245624075305
19.251825490792
19.258484619942
19.264793697872
19.271002641903
19.277191378690
19.283395338680
19.309571971471
19.315241816364
19.320436929680
19.325878958648
19.331375758922
19.336942231405
19.342572574577
19.348185232769
19.353824114152
19.359487268927
19.365148602114
19.370859060941
19.376584527625
19.382295117468
19.388041460538
19.393819659467
19.399615894823
19.405399989316
19.411236967798
19.417200991003
19.423300686120
19.429630919432
19.435818332835
19.442048128393
19.448981552125
19.626116919966
19.631411681664
19.636675226321
19.642282988071
19.647872015786
19.653517171485
19.659261635374
19.665100639560
19.671043410799
19.676565627321
19.681927723495
19.687874104819
19.694046869058
19.700313402260
19.707420857476
19.713445123274
19.719878456586
19.726192202249
19.732078900716
19.737747557416
19.743505532746
19.749336606472
19.754926790636
19.760794837420
19.766712142906
19.772337824112
19.778060622899
19.783805885011
19.789544589365
19.795107026860
19.800874781413
19.806592308371
19.812545656459
19.817472159779
19.823749360500
19.830083416354
19.836537096428
19.843037368976
19.849614167947
19.856217013353
19.862935063838
19.869768052933
19.876681224850
19.883682114610
19.890730329185
19.897830987634
19.905062642147
19.912471508229
19.920135415847
19.985179652311
19.988685913274
19.991889844885
19.995469070193
19.999157261402

