Time_s
0.545450442756
0.552913693010
0.560300446338
0.567620198879
0.574936373394
0.582216150636
0.589363602895
0.596463771057
0.603453798477
0.610274702060
0.616962724224
0.623560685252
0.630120029310
0.636759560390
0.643513496688
0.650458718173
0.657758807363
0.810789162980
0.817612338732
0.825029503225
0.832638246219
0.840326728700
0.848238056566
0.856294690696
0.864436163119
0.872713405757
0.881016842888
0.889375815193
0.897785497763
0.906281607905
0.914864183056
0.923607309225
0.932501352143
0.941517068870
0.950733078025
0.960273849126
0.970516589124
1.137911066904
1.145961730132
1.154711614393
1.163683850366
1.172827823275
1.182181552675
1.191646395667
1.201180600174
1.210828826891
1.220560689497
1.230453396689
1.240576479709
1.250632551862
1.260783562262
1.271178468323
1.281797717720
1.292557053118
1.303845662284
1.315469188398
1.327328775828
1.339544008335
1.352009288992
1.364555947696
1.377412125559
1.615453606203
1.625592599137
1.635044292365
1.644364213058
1.653032623507
1.661654776642
1.670226809289
1.678673524519
1.686992349092
1.695185952515
1.703464783871
1.712041936643
1.830038537512
1.837764429892
1.845776150727
1.854050268035
1.862920788534
1.872513861133
1.882224708389
1.892013641576
1.901930966650
1.911497633460
1.920311794512
1.929274247409
1.938526443938
1.948206991302
1.958226469140
1.969124263102
1.979592644537
1.990798820148
2.001971635792
2.033546947150
2.042388472813
2.051341141290
2.060248247727
2.069212871090
2.078218998835
2.087311122091
2.096440885080
2.105669283866
2.114932140689
2.124284922134
2.133684499968
2.143233325371
2.152791305126
2.162451205028
2.172386896905
2.182667597073
2.193144255475
2.203730802097
2.214037995088
2.223976119542
2.233675709017
2.243003813239
2.252176777182
2.261364662793
2.270555138299
2.279767590913
2.288992585718
2.298241172017
2.307453384542
2.316632798971
2.325757104142
2.334963918957
2.344339518479
2.354330857854
2.499095886540
2.508467968704
2.518013917945
2.527788361935
2.537748108074
2.547859751257
2.558061024240
2.568222851190
2.578409533707
2.588593375572
2.598787784613
2.609031331760
2.619448532059
2.630083390225
2.640919465682
2.737076145957
2.746587665908
2.756443085219
2.766310496167
2.776159725553
2.786127312270
2.796252170541
2.879774162696
2.889771998101
2.900290083411
2.911049325538
2.922029875480
2.933273694465
2.944915843830
3.074130005942
3.084774948848
3.095924036472
3.106496173214
3.117184680441
3.127881598232
3.138717084923
3.149972045741
3.161074290063
3.172136558336
3.183358252948
3.194860111911
3.206501150006
3.385906064341
3.395460334826
3.405785284315
3.416255156479
3.426866633762
3.437612979769
3.448482787083
3.459500360876
3.470661877477
3.481951478362
3.493514258883
3.505251389450
3.516943800903
3.528824707249
3.540922687428
3.553201535600
3.565667326836
3.578174526989
3.590979930454
3.604270472291
4.339395259530
4.347007076426
4.354877933451
4.362577329378
4.370210855351
4.377938530125
4.386176798014
4.663120003843
4.671457968522
4.679908145071
4.688455123477
4.697074690060
4.705730900312
4.714394947657
4.723136616368
4.731825231994
4.740516453801
4.749172890134
4.757697665674
4.766176404912
4.774579079588
4.782904998851
4.791234947592
4.799524283958
4.807812386263
4.816103159896
4.824404509319
4.832837507058
4.841137656667
4.849458985195
4.857887804786
4.866528801602
4.875463394734
4.884865303204
4.932306524288
4.941644753022
4.951616762470
4.962447200216
5.100304556272
5.108017695131
5.117089991007
5.126548561812
5.136061170557
5.145714761269
5.155408719136
5.165171889947
5.174995166267
5.185125932884
5.195417329639
5.411247442694
5.420217606482
5.429358254956
5.438790180839
5.448422250893
5.458115089096
5.467899637710
5.477648424757
5.487422788017
5.497174388333
5.507033445508
5.517031003748
5.527102317269
5.537801239411
5.690833694950
5.701260424616
5.712103705889
5.723112285630
5.734288262996
5.745558441114
5.756920131829
5.768289232035
5.779606819405
5.791067651139
5.802470880529
5.813871398849
5.825099295392
5.836097095777
5.846913521073
5.857597473072
5.868257050344
5.878402898865
6.402915247264
6.410679700298
6.419818796852
6.429083466372
6.438345874620
6.447587815101
6.456745438155
6.465884079261
6.475026777278
6.484201714742
6.493411052691
6.502616291588
6.511876330839
6.521097681343
6.530241968351
6.539601899717
6.673846135413
6.682404015609
6.691414875080
6.701340761282
6.712010587031
6.899802196267
6.908371004653
6.917820890250
6.927585472640
6.937627681881
6.947829253515
6.957974660397
6.968177012158
6.978254062471
6.988364930896
6.998392561012
7.008335106775
7.018201036633
7.028122309122
7.038055017652
7.048138079723
7.059587631885
7.069746704634
7.154502170876
7.164383511210
7.175340043463
7.187160720355
7.198859457908
7.270478724819
7.280451134966
7.290507048821
7.300938751931
7.311287357302
7.321507891316
7.331246404564
7.341229441097
7.351168009264
7.361187200377
7.371371425628
7.381683138206
7.392330929318
7.403096061759
7.414016548605
7.580412139371
7.590382505151
7.600663953959
7.611020998381
7.621492245786
7.631942092308
7.642369505574
7.652792106974
7.663226287579
7.673634986396
7.683955559337
7.694168925536
7.704315980980
7.714405932848
7.724398030925
7.734295093549
7.743966455980
7.753608208857
7.763326063564
7.773060498055
7.782803966616
8.517538890332
8.527368694316
8.537315350667
8.547304745506
8.557400638296
8.567464286253
8.577339713970
8.586433568700
8.595696009978
8.604818969826
8.613793163762
8.622658206615
8.631434399465
8.640074407753
8.648635058150
8.657147071527
8.665863836774
8.675457741516
8.684734025662
8.694131632746
8.703622958882
8.712922954167
8.721759758893
8.730607386709
8.739803320627
8.749233651585
8.758907222702
8.768904996926
8.778909427394
8.788961295109
8.799020172374
8.809560471317
8.820667878492
8.962216911041
8.970324401220
8.979245645554
8.988429194242
8.997714317815
9.007073035186
9.016429242121
9.025858203949
9.035373220570
9.045012582581
9.054837827860
9.064653540975
9.074625623781
9.084898251294
9.265915516052
9.276889372605
9.288220474836
9.299779924876
9.311372341337
9.322907231924
9.334510391845
9.346222272352
9.358183303710
9.370095694315
9.382090648325
9.394126600133
9.406322069724
9.514861268620
9.525056557546
9.535564183799
9.546062103495
9.556749771111
9.568353424801
9.580063539272
9.613021214762
9.622986066689
9.633541796296
9.644549182959
9.655958600773
9.667679606462
9.679558179571
9.691556884576
9.704468526946
9.717213730640
9.730116160499
9.798571079865
9.807700803358
9.818085423058
9.828998317720
9.840015681578
9.851121851559
9.862382408542
9.873720113189
9.885130445638
9.896649991958
9.908213453860
9.919928763601
9.931732504614
9.943684206527
9.955842885922
11.170085940234
11.179910881323
11.190651013252
11.200707473620
11.210507539626
11.220116269493
11.229616468310
11.238819032359
11.247860939254
11.256536770855
11.265063641969
11.273449813290
11.281714010318
11.289848567127
11.297875815804
11.305808083906
11.313671246064
11.321487248779
11.329228183651
11.336946208255
11.344981810686
11.353392548267
11.364248362923
11.366227470000
11.368259973524
11.370243459722
11.372190399686
11.374273868026
11.376485286886
11.457479592083
11.465111074465
11.473537754624
11.482340930200
11.491297205517
11.500785804768
11.509960316829
11.519224510378
11.528449793353
11.537653427742
11.546850980563
11.555422635600
11.564377745547
11.573292278321
11.582122601285
11.590939575517
11.599728396811
11.608548417288
11.617504628670
11.626750772220
11.637371711498
11.646737786892
11.656191005222
11.665924389776
11.675342147812
11.685104955718
11.695025614945
11.705446788220
11.865714228877
11.874924173011
11.884334747160
11.892946950175
11.902310214711
11.911892371797
11.921519929391
11.931204471063
11.940927356806
11.950567734726
11.960259407356
11.969933067791
11.979519505540
11.989152506390
11.998727301096
12.008231835543
12.017672296736
12.027032710168
12.036387959118
12.045666605191
12.054943315257
12.064237483156
12.073564712610
12.082865206187
12.092194074564
12.101559118393
12.110893781844
12.120251379751
12.129791111673
12.281151096200
12.289114995534
12.299011452131
12.309006537259
12.318988623543
12.329110581720
12.339270010269
12.349471771331
12.359775058521
12.370121040663
12.380589866448
12.391241277104
12.401804511741
12.518136437668
12.527656562632
12.538089332316
12.549065353888
12.759599587351
12.769519359134
12.779351923508
12.789466811487
12.799865896134
12.810328187781
12.820926125236
12.831584337359
12.842414523321
12.853385179684
12.864522985596
12.875848701097
12.887360974311
12.899716529612
12.913168506298
13.197732824291
13.210602929756
13.222538855239
13.233786919213
13.245180036882
13.256926491088
13.268715174600
13.280566030363
13.374886198063
13.383998699073
13.394227676004
13.404624874602
13.415047291029
13.425569496326
13.435790188332
13.446112435202
13.610302134433
13.618567273051
13.628280084246
13.637955754243
13.647800055819
13.657862747357
13.667895898301
13.678066258065
13.688395837378
13.698927793773
13.709575326520
13.720370240268
13.731321705076
13.742486594383
13.754283985792
13.888725212908
13.898169847088
13.908434432956
13.918778631529
13.929211297058
13.939803003030
13.950421425206
13.961185021450
13.971943774396
13.982782407046
13.993614694821
14.004624625507
14.015869585840
14.027164194254
14.038801941084
14.051181677634
14.193908620186
14.204487780476
14.216359355173
14.228857370968
14.242045089229
14.443478461449
14.454039353827
14.464962178689
14.475999969279
14.487248579764
14.498640307655
14.510101078670
14.521742927212
14.533878817300
14.546422410380
14.559660966779
15.513089674524
15.521957599546
15.531182769320
15.541321246558
15.602684688759
15.611320874321
15.620551479124
15.630469579679
15.640347703388
15.650688573586
15.790926038246
15.797967029078
15.804733526351
15.811914695369
15.819227848007
15.826623627065
15.834019157657
15.841404090866
15.848841788733
15.856578461975
15.864477032058
15.872230115416
15.990440421392
15.998899033840
16.007682667970
16.016616267129
16.025679982823
16.034762403004
16.043929381341
16.053094661247
16.062299793664
16.071576573094
16.080930111588
16.090426466421
16.100135039110
16.109976580982
16.327983434688
16.336573438652
16.345889767306
16.355276561647
16.364743006084
16.374401337538
16.384097536357
16.393796229955
16.403530785392
16.413279051156
16.423082866928
16.432810057039
16.442550805641
16.452264186641
16.461954410926
16.471649806372
16.481397460421
16.491231656961
16.501238599989
16.511406568036
16.521794886138
16.593554997413
16.603693617464
16.614136655040
16.624922775146
16.635833038931
16.647132277152
16.659106412969
16.772123359669
16.783084848331
16.794213247401
16.805490178140
16.816989396257
16.828494073432
16.840050840316
16.852205746419
17.062550542863
17.071395904724
17.080446974444
17.089553472483
17.098676498092
17.107809797692
17.116871027107
17.125896933125
17.134924300939
17.144006267132
17.153136697631
17.162367106974
17.171656069472
17.181011938739
17.190408803268
17.199986091444
17.210088699553
17.220299310350
17.230903486094
17.240960832083
17.250759503031
17.260543952811
17.270190546805
17.280145770657
17.290147896934
17.300144193860
17.310121662095
17.320154973010
17.330176558393
17.340119588605
17.350083200016
17.360142240040
17.370889070489
17.382017866999
17.392546936631
17.518024655219
17.527595590773
17.538245985129
17.548862098301
17.559542537431
17.570299592076
17.581092715888
17.591939724831
17.602816420905
17.613827634027
17.624795983508
17.635924724268
17.647161939536
17.658684081834
17.670316508091
17.682182636759
17.694379576723
17.706970522033
17.719720732280
17.732610478353
17.745726748805
18.479802641082
18.490289195605
18.502609459526
18.514391329405
18.525612318811
18.536515664013
18.547038661464
18.557457376553
18.567985699046
18.578457764754
18.588904205132
18.599110464542
18.609343863340
18.619494723096
18.629699050623
18.639903031471
18.650237533222
18.660719331785
18.671564489733
18.682654309230
18.693761668221
18.704655571174
18.715385735410
18.726033027420
18.736572727887
18.747013226684
18.757801390866
18.768778520507
18.780088686127
18.827328653069
18.835434757323
18.843349142248
18.851989701686
18.860804523686
18.869622381083
18.878437134209
18.887248003768
18.896094341143
18.905012106636
18.914020233226
18.923135580873
18.932397580196
18.941865008350
18.951472623693
18.961263901971
18.972160573059
18.982255790117
18.992495110914
19.002751139963
19.013118355509
19.023428146526
19.033690928597
19.043927493726
19.053585009565
19.063251939849
19.073120524509
19.082857107348
19.092364435526
19.101746745103
19.111004058248
19.120210246914
19.129392178010
19.138755166719
19.148667824540
19.158159547522
19.168086528323
19.178038151006
19.187957390958
19.197927297331
19.208118724105
19.218554018132
19.229255558435
19.240205666575
19.251333989042
19.262645348233
19.274048733642
19.285536331609
19.297215831991
19.309050715339
19.320624465677
19.331627634188
19.342131327901
19.352409311843
19.362552225114
19.372724585098
19.382886679852
19.392959216312
19.403131370502
19.413252640074
19.423246380221
19.433293083348
19.443565525598
19.453724970836
19.463761240621
19.473979615468
19.484224303612
19.494845373197
19.586793311901
19.597306216810
19.608705489201
19.620163503476
19.631718632039
19.643476362966
19.655447149624
19.667580801887
19.679922809031
19.692206471976
19.704217765995
19.716434165387
19.728820562752
19.822859663374
19.834888691933
19.847035664087

