Time_s
0.397005037636
0.398727389190
0.401139363920
0.403798622261
0.409165130325
0.411026658492
0.413019551522
0.415020663798
0.416949837836
0.419171174466
0.422878205976
0.432258546602
0.440709183010
0.448432264143
0.454892278731
0.462446283889
0.470471251348
0.478738198413
0.487181313423
0.495717909994
0.504380013112
0.513162272466
0.522042746356
0.531008355637
0.540007278132
0.549044159401
0.558216986331
0.567678198901
0.576958759068
0.713107659596
0.720351799058
0.729054208401
0.738239422243
0.747603127310
0.757216670106
0.767088731636
0.777106416843
0.787244897959
0.797570553386
0.807922700725
0.818322165153
0.828772093064
0.839525882178
0.850225082866
0.861307277827
1.026146487166
1.035842562442
1.046562660806
1.056668950530
1.066968879078
1.077212937305
1.087493610816
1.098063281420
1.108711334635
1.119302361986
1.129901610093
1.140527245086
1.150931450050
1.185872465086
1.196539528694
1.207244532279
1.798101098599
1.807474742183
1.815805022231
1.824974188327
1.834029197040
1.842955727436
1.852075820212
1.860739568238
1.972956427443
1.979681791254
1.987135579452
1.994931010488
2.002939760638
2.011806706489
2.019930097845
2.028360825640
2.036993687733
2.045391608857
2.053575098607
2.062076290056
2.070817511000
2.079919963412
2.089227894113
2.098708410516
2.108709706150
2.119132285811
2.128015826927
2.136869166095
2.145504310757
2.155879161287
2.163938343543
2.172923774008
2.182021161405
2.191284820484
2.200675982907
2.210049933468
2.219525405213
2.229046403678
2.238495812491
2.248046911858
2.257674510887
2.267339586787
2.277102936293
2.286914203428
2.296768390723
2.306764291158
2.316877686201
2.326820189287
2.336893344599
2.347016879892
2.357257832742
2.367511063821
2.377830306242
2.388141109735
2.398625622963
2.409222933392
2.420355998845
2.543265862309
2.551140424527
2.560834840528
2.570925876279
2.581318003459
2.591933124524
2.602591545738
2.613323537612
2.624016279085
2.634723857162
2.645422419251
2.656308330803
2.667310117758
2.678488838133
2.689961061183
2.700837346559
2.711607066054
2.722302911337
2.733002615127
2.742865227720
2.751695151567
2.761362866988
2.771436432757
2.781749525727
2.792131601684
2.802597742725
2.813328733721
2.824154499783
2.835201015694
2.846068402260
2.871731808271
2.880108190439
2.889008091889
2.899457648502
2.910186832799
2.921118637149
2.931993048078
2.943157153719
2.954814073291
2.966213494056
3.057877752131
3.067392759102
3.077689830028
3.087836794558
3.098398376891
3.108806370467
3.119229348648
3.129920660936
3.140483571376
3.150842143251
3.161224353386
3.171838255081
3.182835445290
3.193808061534
3.345029193067
3.354755475722
3.364950896830
3.373601714365
3.465865686717
3.478663481823
3.490927633336
3.504023633274
3.512265049041
3.520682013032
4.189545606907
4.196733135967
4.204246942746
4.211738276478
4.219172158029
4.226626716581
4.234440003633
4.242124141500
4.249662673754
4.257161466104
4.264736947145
4.457572580816
4.464559813145
4.472534376489
4.480592005162
4.488895815994
4.497364812892
4.505895864493
4.514561645983
4.523277374093
4.532016617212
4.540878091140
4.549745114247
4.558703217636
4.567781111773
4.576777334931
4.585837184499
4.594954679124
4.604213303476
4.613621590609
4.623432105693
4.634237719131
4.644384391361
4.653808187970
4.663341523204
4.672752640934
4.682428664362
4.692313701650
4.702600737785
4.713341932172
4.724269267462
4.861361619082
4.871261342530
4.881059657300
4.890946796336
4.900832026868
4.910775302601
4.921035873352
4.931442873651
4.941816126519
4.952033275583
5.098063727079
5.107317459245
5.116876912641
5.127210226592
5.136454283293
5.147152820102
5.155980811650
5.167228299034
5.176032971956
5.187341702555
5.197607444900
5.265329428484
5.267595908256
5.270373755885
5.272291696156
5.274693663841
5.276877342530
5.281623892953
5.283526077098
5.285352187211
5.288068080655
5.290384066550
5.292590950432
5.294719518026
5.296903339437
5.299078011169
5.301253644991
5.303371426031
5.307604377275
5.322254418026
5.331742482845
5.341788515982
5.352415572880
5.363241625962
5.373986184114
5.384919131591
5.395770964528
5.406761331500
5.417509730980
5.428318932255
5.439026783671
5.449635671417
5.460292049349
5.470855658753
5.481339460186
5.491732181375
5.501969115453
5.511899569490
5.521480397791
5.530501621533
6.066163866470
6.075200486892
6.084083830388
6.092993844426
6.101841146542
6.110634036085
6.119417098868
6.128090751020
6.136754726616
6.145644254145
6.154583973530
6.282759320335
6.291402938688
6.300305017215
6.309377012602
6.318993455321
6.328175104736
6.506401674611
6.516383602424
6.526192572191
6.536389729193
6.546640450684
6.556951622106
6.567320215006
6.577751360720
6.588252915288
6.598641656049
6.609098981437
6.620012192361
6.631866641234
6.742756749449
6.752540749526
6.763535890858
6.774669510714
6.889394770177
6.898032917075
6.907932887925
6.917790676589
6.927973491087
6.938252843096
6.948587752243
6.958907366188
6.969186768422
6.979581773390
6.990012492503
7.000703098420
7.012561798409
7.087035927759
7.089333947805
7.091624985717
7.094440752817
7.096628971645
7.099253527896
7.101552920164
7.104226194683
7.106501344423
7.108479992462
7.110467120335
7.112428020574
7.115075514996
7.117368421528
7.140191291291
7.149873613703
7.160333952835
7.170622150382
7.180128837919
7.200169774553
7.211548373588
7.221915625026
7.232648112584
7.243503648808
7.254216873729
7.264898755264
7.275563724881
7.286311824652
7.297168600795
7.308082086952
7.319149282939
7.368430937211
7.370221357948
7.372030684640
7.374064867333
7.375893251234
7.378381107642
7.380893475074
7.382508849499
7.384371168463
7.386660515690
7.699395658670
7.708778311620
7.718739243913
7.738253862649
7.748179511133
7.758102801184
7.768137001570
7.778166900759
7.788327900302
7.798404765318
7.808512770023
7.818671845692
7.828720543997
7.838070325276
7.847923134015
7.857753266383
7.867574105388
7.877315053713
7.886959078251
7.896644065975
7.906806697649
7.917303868282
7.927857732982
7.938664723700
7.948189969422
7.957683284201
7.967324144126
7.976995750890
7.986835336942
7.996883351276
8.007176182436
8.017453704313
8.027929936395
8.175925930067
8.186489398644
8.196749041567
8.207267435129
8.217743998771
8.228493539206
8.239368299717
8.250159374445
8.261029676233
8.271913374934
8.282792165126
8.293706892627
8.306025658779
8.434002333235
8.442730429653
8.453173209617
8.463544580110
8.474269093114
8.484917923288
8.495533298236
8.506227529987
8.516906440803
8.527730483248
8.538833252484
8.550416180855
8.562816097775
8.575300821210
8.638054767738
8.648310257839
8.658581330168
8.669011670694
8.679530124828
8.690076621288
8.701166688380
8.712368225956
8.724243461189
8.734869083936
8.744838643265
8.754842801218
8.765554344533
8.776354860821
8.787322330951
8.798868042983
8.810835021761
8.822722923501
8.834003072688
8.890464821180
8.900155916566
8.911760944439
8.922709839167
8.933291485398
8.944300455855
8.955601244240
8.966729178285
8.977919749144
8.989369992012
9.000873257186
9.012102354848
9.023752230107
9.034842108135
9.046380627519
9.058945066132
9.700315331211
9.707467008642
9.716320908488
9.724645685569
9.732779177762
9.740926698612
9.749153144516
9.757304158155
9.765425038128
9.773486171340
9.781503475083
9.789545828831
9.797957928845
9.806200537871
9.888570629234
9.895551827812
9.902555477399
9.910112673400
9.917957628180
9.925767571612
9.933611466297
9.941545068973
9.949546035014
9.957667224770
9.965747533238
9.974153952506
9.982686807818
9.991256688637
9.999976762432
10.008767231754
10.017712521110
10.026873699425
10.036408765162
10.045961777734
10.055601621398
10.065353314372
10.075198664810
10.085176636382
10.095311382746
10.105848869284
10.116383342968
10.242096356694
10.251129012194
10.260315955351
10.269340638913
10.278843936294
10.288376392823
10.297874100918
10.307365717634
10.316811940578
10.326228173849
10.335651266664
10.345028856579
10.354423250197
10.363819239735
10.373306326538
10.436726430397
10.438789330691
10.441092423469
10.443061542955
10.445700140609
10.450373176997
10.452056163993
10.453782035602
10.455468107219
10.457789245318
10.459779688731
10.461432108540
10.463478383904
10.465509673766
10.484923918068
10.492835002554
10.501798352856
10.511283898870
10.521182946484
10.531134160298
10.541154855679
10.551458260083
10.561933024793
10.572198440926
10.582605210765
10.689169016091
10.698923744504
10.709110817555
10.865366372613
10.875677530061
10.886082638761
10.897026014792
10.907105777017
10.917607129136
10.927848804804
10.938167081430
10.948598872660
10.959152087071
10.969882625029
10.980750810408
10.991803859031
11.002871199884
11.015030853812
11.165866130393
11.176667229247
11.187286917939
11.197839938147
11.208424754477
11.218957358691
11.229145264561
11.239637492908
11.250567091732
11.262154676808
11.273022280858
11.284072777908
11.332724331976
11.340623602440
11.350043025037
11.359577227957
11.369313987736
11.378996852470
11.389272545307
11.400003171065
11.410813362487
11.420757110690
11.561490759400
11.570227038327
11.579896564739
11.589902575968
11.600017933380
11.609875942414
11.619876275866
11.630035103792
11.640375444615
11.650734619586
11.661262925611
11.671981975802
11.682924588795
11.821772367477
11.831947218299
11.842276082060
11.852916427216
11.863780382781
11.874646751504
11.885572697078
11.896504918225
11.907412944926
11.918274543698
11.929080790838
11.939847620328
11.950583891703
11.961488038494
11.974084993141
12.101267173230
12.111666666667
12.123912396178
12.163893144151
12.173302516048
12.182533196940
12.192107123137
12.202719102946
12.213112306864
13.370882466790
13.377883544596
13.386053512062
13.394541861882
13.403430106931
13.467008888947
13.474457960334
13.481465306645
13.489976567677
13.498679359910
13.507640246935
13.516925969236
13.526609692217
13.631333513819
13.637423554740
13.643196325292
13.650109566887
13.656948972047
13.663678917013
13.670353797802
13.677016745170
13.683641495309
13.690280176291
13.696940986281
13.703831919177
13.711560700659
13.824389770093
13.830584967492
13.837516349439
13.844642149744
13.851805482194
13.859043576803
13.866486396436
13.874123908451
13.881989628239
13.890018996439
13.898291618701
13.907080058271
14.053034069699
14.061613103213
14.070538414215
14.079647441324
14.089083103806
14.098593468718
14.108164133207
14.117875891688
14.127704904037
14.137493588109
14.147327040842
14.157200496985
14.167054261737
14.177028375175
14.187198862189
14.197486658308
14.207829658660
14.218242687741
14.228699059205
14.238950992875
14.249162088197
14.259499604003
14.270010643019
14.280576932758
14.291695246291
14.303255743843
14.355419232875
14.363320002739
14.371319585001
14.381387848789
14.391634010816
14.402057068677
14.412401841189
14.517623682644
14.525364499948
14.532718795221
14.540110228380
14.548072785248
14.556028173170
14.563959111106
14.571807440741
14.579633177999
14.587485428424
14.595348323417
14.603177679469
14.611038733907
14.618926146916
14.626817545197
14.634733789682
14.642696975732
14.650795141419
14.659131777646
14.667610025280
14.676113998978
14.684579261791
14.692864999069
14.701147451883
14.709484295401
14.717930801419
14.726499113273
14.735252215449
14.744168867632
14.753251681603
14.762454747621
14.771893118868
14.781533613019
14.791428348236
14.802014359937
14.812523430930
14.823755958003
14.835122895957
14.899628334766
14.909705328193
14.921332981908
14.932148414597
14.943280612579
14.954431941447
14.965441270229
14.976701339777
14.988413726533
14.999896282222
15.011430901469
15.022907420446
15.034408503864
15.046005996576
15.058066438680
15.069972925262
15.081226242410
15.092037790867
15.102728447220
15.113493392112
15.124613772939
15.137292447434
15.326650290578
15.336333845956
15.346468071085
15.356176869594
15.365885508856
15.375634689628
15.385424165805
15.395215296127
15.405245575299
15.415286732280
15.425414765499
15.435507682235
15.445579990644
15.455556660260
15.465564149170
15.475603778208
15.485563417547
15.495603638023
15.505580026328
15.515503664566
15.525286745809
15.535135908195
15.544979830335
15.554769590263
15.564625137443
15.575105975452
15.585304477162
15.595542131924
15.630840872092
15.638721264230
15.647041893488
15.655430041388
15.663887618062
15.672384087176
15.680867281925
15.689397664217
15.697861198947
15.706305080356
15.714664937243
15.723055989986
15.731409225304
15.739873776810
15.748440910983
15.757078226419
15.765651439977
15.774064249509
15.782633376919
15.791290911557
15.799823160185
15.808677632503
15.817712005863
15.826807662705
15.835940496341
15.845203145929
15.854531619265
15.863914244788
15.873270848192
15.882572540285
15.892018171620
15.901573556847
15.911437575139
15.921557441175
15.932496056905
15.942636261336
15.952457663189
15.962265423635
15.970790694147
15.980199971640
15.989973186046
16.000016863631
16.010263035652
16.020756938136
16.031310454785
16.041805871510
16.052231451924
16.062609570489
16.073176158336
16.083672778201
16.094023611318
16.104319978308
16.114982368508
16.275472849293
16.285243699727
16.294535097151
16.304039976574
16.313541319392
16.323110665030
16.332663315463
16.342126325358
16.351460665732
16.360780456607
16.370084081488
16.379363454530
16.388479373039
16.397618028063
16.406725598186
16.415863512318
16.425133313050
16.434570808805
16.444294192812
16.454355915331
16.464736419210
16.475399231231
16.485268798008
16.496338934516
16.506494447567
16.517541013967
16.528542389076
16.538399323592
16.547740636326
16.556970261169
16.567754401275
16.578387072632
16.589155276622
16.599735944128
16.610473110285
16.621137989839
16.631780120332
16.642346590312
16.653001814454
16.663561822718
16.674040024493
16.752732490356
16.762153543600
16.772710023320
16.783059629917
16.793315906790
16.803960192483
17.012758652285
17.022930480354
17.033699712368
17.045710085293
17.055448873177
17.066332187136
17.076508160702
17.087869815864
17.097717078067
17.108860739506
17.119590408995
17.130943791174
17.141718565632
17.153307918864
17.512527830152
17.521702493727
17.530863574393
17.541198067405

