Time_s
0.815971965106
0.820821143721
0.825547600932
0.829643718825
0.834023906850
0.838617416936
0.843174088007
0.847720193369
0.852100012366
0.856443075716
0.860642184983
0.864905390396
0.868748720451
0.873196356139
0.877159131265
0.881522861114
0.885456368840
0.889748849391
0.893735126100
0.897949412725
0.902036418518
0.906262232001
0.910545546649
0.914860430263
0.919180164128
0.923541222660
0.927894576876
0.932278994801
0.936667060696
0.941059563395
0.945462676561
0.949898739515
0.954318666023
0.958733600613
0.963181744407
0.967649713595
0.972130622357
0.976601422453
0.981078506088
0.985570055348
0.990126277815
0.994745075578
0.999396098691
1.004077471599
1.008850967932
1.013603314011
1.018397211002
1.023277939776
1.028229605005
1.033303948656
1.038414697287
1.043434045343
1.048649897577
1.054090115229
1.059361580586
1.063981614556
1.068811224529
1.074235328657
1.079765900878
1.084807994262
1.089657499948
1.094487487892
1.256428495632
1.261247234892
1.264722818468
1.268427936725
1.272174434763
1.276542469460
1.281173574883
1.285674312294
1.290252905837
1.295003451990
1.299856367750
1.304822205482
1.309822212882
1.314798380973
1.319747161556
1.324709160746
1.329629845628
1.334496815754
1.339363133744
1.344249717610
1.349165381776
1.354078682172
1.358988110723
1.363920555514
1.368871655822
1.373866302817
1.378829042520
1.383840544315
1.388831332089
1.393852543923
1.398856536820
1.403861034952
1.409058320344
1.413942452986
1.418997541094
1.423868944857
1.428803081770
1.433820137633
1.438835948521
1.443828281821
1.448851282542
1.453906508378
1.626353742611
1.630408880931
1.635275179154
1.640314471785
1.645416472093
1.650547027867
1.655721732572
1.660892748361
1.666101293313
1.671314222172
1.676523623224
1.681731209716
1.686937840004
1.692177139998
1.697401084116
1.702656817189
1.707932052518
1.713253494902
1.718618851823
1.724012244543
1.729404843768
1.734872998838
1.740363363356
1.745899271049
1.751533964315
1.757167630797
1.762911752349
1.768683327045
1.774467170169
1.780157629847
1.785926672087
1.791697979342
1.797536579108
1.803341956143
1.809103608438
1.815020452619
1.820988161818
1.827036048149
1.833165903290
1.839350709059
1.845596335081
1.851867737560
1.858234614423
1.864620714061
1.871084176687
1.877791116025
1.884532070346
1.891259050671
1.897841708190
1.904492553734
1.911446699162
1.918536946445
1.925795168378
1.933118083750
1.940515969428
1.947993502388
1.955556749883
1.963289247181
1.971048558444
1.978739800179
1.986570200982
1.994391959991
2.002283343305
2.010071079587
2.017909527629
2.025804942456
2.033658944160
2.040130414664
2.046655234744
2.053086083702
2.060957590745
2.068821630641
2.076595088371
3.122548027170
3.128326153051
3.134212075417
3.140045439282
3.145875219846
3.151679814988
3.157429036770
3.163123998988
3.168760213290
3.174260585963
3.179744631419
3.185137371054
3.190490615084
3.195785027548
3.201009452962
3.206161276453
3.211274404708
3.216383788317
3.221444519379
3.226529361081
3.231558707183
3.236535432362
3.241405904662
3.246307142365
3.251136846183
3.255864050505
3.260511864147
3.265159370308
3.269763952562
3.274453812119
3.279253850086
3.283996756449
3.288960870055
3.293847503404
3.298698207511
3.303523945264
3.308193362136
3.313057313030
3.317922595606
3.322532690033
3.496246408611
3.501370338884
3.506899388865
3.512486597378
3.518079948235
3.523755063948
3.529290508551
3.534798748414
3.540351664441
3.545816319957
3.551278105769
3.556696177128
3.562203567770
3.567918026531
3.573626211136
3.579501510140
3.585397780765
3.591410587259
3.597512598257
3.603684866332
3.609780970981
3.615884124234
3.621975242071
3.628084983757
3.634202757232
3.640303682738
3.646412774621
3.652535557830
3.658691731695
3.664857005503
3.671034994009
3.677229787680
3.683440629927
3.689666035101
3.695872227904
3.702097250122
3.708302499196
3.714525119289
3.720755247638
3.726981424588
3.733212888521
3.739429035394
3.745643404266
3.751843284275
3.758063325160
3.764243334324
3.770332996821
3.776354352279
3.782374440271
3.788302853265
3.794224442307
3.800124441319
3.806022700563
3.811924006303
3.817924080274
3.824011861295
3.830047483062
3.836060766698
3.842089792908
3.848161888483
3.854164671823
4.295310625249
4.301447713557
4.306376315180
4.311508133900
4.317084375744
4.323005030525
4.329067658368
4.335263864088
4.341352865641
4.348189551818
4.354394452534
4.360673239022
4.367127285318
4.373621116034
4.379991915946
4.386295821189
4.392895430749
4.399411479677
4.405851035537
4.412415430768
4.419042258152
4.425599735337
4.432194718311
4.438664763503
4.445143001222
4.451345622143
4.457231327169
4.463370917436
4.469611475108
4.475542253088
4.481391263544
4.487124626174
4.492804818460
4.498466312389
4.504105099071
4.509744611655
4.515319948629
4.520875364703
4.526457030686
4.532033007262
4.537584398916
4.543126776517
4.548611564690
4.554076876559
4.559543485641
4.564991223264
4.570433449150
4.575875769546
4.581313298160
4.586743574696
4.592176871793
4.597609574326
4.603047657629
4.608476065351
4.613902969425
4.619347940122
4.624780250197
4.630212703318
4.635625377003
4.641034754909
4.646420384040
4.651767954003
4.657139093592
4.662521643734
4.667897430818
4.673265673883
4.678656444869
4.684110203681
4.689506534542
4.694923489421
4.700373038014
4.705894189393
4.711394688126
4.716950364625
4.722565159626
4.728463502752
4.734517889727
4.740474209478
4.746246450205
4.752172801460
4.758437246004
4.764822299230
4.770857355368
4.777308365429
4.783559670562
4.789723740031
4.795880074305
4.802015848169
4.808164371723
4.814259964413
4.820397112140
4.826495909609
4.832626109869
4.838793069366
4.844932409903
4.851066563040
4.857224587440
4.863405250957
4.869590185527
4.875788252792
4.881993910295
4.888184091832
4.894383544783
4.900587378420
4.906881706666
4.913157912977
4.919387034199
4.925700869167
4.931924428642
4.938083558962
4.944371585520
4.950579780552
4.956757373372
4.962909650710
4.969078844117
5.127315473038
5.131447303231
5.135843990914
5.140205916817
5.145125362605
5.150424194211
5.156201560408
5.162317695575
5.168343990930
5.174505912955
5.180719938407
5.186963575927
5.193250302916
5.199531442276
5.205833294521
5.212123849331
5.218407885340
5.224681267270
5.230951054492
5.237210523711
5.243490330236
5.249767975911
5.256064162017
5.262335165557
5.268606734176
5.274906288597
5.281204630394
5.287477968614
5.293754163334
5.300025081389
5.306309595610
5.312591116176
5.318871657921
5.325177576303
5.331494767781
5.337832026223
5.344191704419
5.350546351364
5.356907785671
5.363267119919
5.369601797897
5.375939601325
5.382245386802
5.388537262742
5.394826390955
5.401088853404
5.407338680658
5.413541157738
5.419728265991
5.425889613723
5.432055734810
5.438226188746
5.444288655292
5.450475642946
5.456814195965
5.463153378585
5.469422491174
5.475787589979
5.481885149045
5.488246539780
5.494558495139
5.500775441812
5.506861975438
5.513205817073
5.519288409660
5.743798893551
5.750116506554
5.757186620855
5.764072851050
5.770646903420
5.777260223144
5.783880615656
5.790573171641
5.797310675741
5.804132138740
5.810956931028
5.817836869643
5.824676649199
5.831468924591
5.838224474767
5.845084950508
5.851912080171
5.858711373164
5.865410947950
5.872132541271
5.878702245262
5.884875570655
5.891728062216
5.942290051673
5.949090761486
5.956222786253
5.963523974568
5.971093522255
5.978257129339
5.984797331019
5.991661429278
5.998406546428
6.005151081737
6.011978144630
6.018914878307
6.025900189774
6.032893328676
6.040028195153
6.047234886079
6.054552400537
6.061935841845
6.069416001611
6.076987743074
6.084578747184
6.092175551296
6.099773878663
6.107378616851
6.114976827425
6.122599282540
6.130216436008
6.137838281129
6.145432763588
6.152909820522
6.159919428338
6.166762966140
6.176349722809
6.178746792319
6.181557927011
6.184460362847
6.186973934458
6.189308781588
6.191640392633
6.194274747802
6.196709114695
6.198899986024
6.201657610328
6.687018679864
6.691998637261
6.697945440263
6.703933856441
6.710002196670
6.716286519324
6.722715430462
6.729183975527
6.735691484513
6.742240269749
6.748812810880
6.755440113820
6.762060267955
6.768720351768
6.775377702929
6.782059240450
6.788726449286
6.795358901073
6.802056112983
6.808701311405
6.815454835121
6.822233674267
6.828980845550
6.835764891251
6.842549922627
6.849366549516
6.856174688715
6.863006712544
6.869863079398
6.876728425206
6.883636400095
6.890539032099
6.897327224485
6.904031705712
6.910763379103
6.917457856282
6.924113822311
6.930822623236
6.937555940864
6.944244510997
6.950962099175
6.957757559708
6.964440079000
6.971268350112
6.978146337734
6.985064896573
6.991940564893
6.998905438045
7.005802795014
7.012739636640
7.019703650587
7.026600298010
7.033483145464
7.040409640456
7.047316580397
7.054267774399
7.061324315673
7.068549591965
7.082485057085
7.089479314595
7.096714390893
7.103987546106
7.111378049290
7.118787326886
7.126323716221
7.133754081364
7.141085037302
7.148417903377
7.374530362259
7.380376389588
7.386211540386
7.392302352301
7.398507402620
7.404884335728
7.411337406923
7.417949366375
7.424606660426
7.431353633767
7.438200174864
7.445179611867
7.452528597424
7.459987181010
7.467966619287
7.475803577309
7.483296003408
7.528126077380
7.531556968627
7.535070828166
7.538508124876
7.542045508576
7.545572129922
7.549083984618
7.552589441045
7.556079897803
7.559527137256
7.563019316438
9.285861536437
9.291076130901
9.294891759625
9.299132556580
9.303971471749
9.308833884344
9.313771640233
9.318711648723
9.323587462595
9.328376919652
9.333114511448
9.337787880002
9.342415621810
9.346999199068
9.351586753756
9.356196149424
9.360816735072
9.365501388158
9.370246637416
9.374859172987
9.379487172104
9.384138939982
9.388828847957
9.393651069680
9.398229460870
9.402871196018
9.407700419659
9.634852838526
9.639969878639
9.644687233934
9.649545418671
9.654248795318
9.659503907617
9.664926112388
9.670315994292
9.675833521273
9.681353375011
9.686905559715
9.692383193829
9.697840175976
9.703292966430
9.708720660530
9.714085695185
9.719445647792
9.724793994781
9.730113730318
9.735444157228
9.740777157079
9.746122329546
9.751482579613
9.756854505758
9.762228218303
9.767603707560
9.772965880888
9.778317109710
9.783669426324
9.789001659146
9.794361064379
9.799722203225
9.805085621170
9.810446809956
9.815813588315
9.821167679361
9.826530084703
9.831878685613
9.837240138151
9.842588840627
9.847954302008
9.853343802580
9.858729474257
9.864129989728
9.869524730748
9.874930566074
9.880296834622
9.885675127771
9.891060682290
9.896445413080
9.901878279709
9.907281361570
9.912670473891
9.918078348364
9.923490724875
9.928894779563
9.934269297458
9.939628046410
9.944982146398
9.950317767342
9.955671333638
9.960999089770
9.966323346489
9.971665264499
9.976984158885
9.982307598416
9.987654691723
9.993079362862
9.998524661827
10.003021312118
10.009116334035
10.015066654279
10.020835610402
10.201640017193
10.208109595657
10.214256684481
10.220652326398
10.227045455229
10.233631831877
10.240091872884
10.246520129043
10.252975012332
10.259397773502
10.265773439797
10.272174391050
10.278548605080
10.284900958010
10.291262954763
10.297629086234
10.303979031826
10.310323876272
10.316693839883
10.323058530637
10.329416850464
10.335801434437
10.342209256326
10.348624349200
10.355054325268
10.361483576646
10.367901789909
10.374317982795
10.380762639507
10.387226850811
10.393669366390
10.400096102831
10.406524427796
10.413012711660
10.419613748260
10.426118446719
10.432806578353
10.439316528472
10.445643026343
10.452096820133
10.641289974174
10.646876522336
10.652603000940
10.658338229099
10.664061384668
10.669800088765
10.675565173361
10.681345019127
10.687177494488
10.693032769016
10.698877952113
10.704727631884
10.710544668381
10.716329635982
10.722102076836
10.727859574557
10.733584949420
10.739308068453
10.745021125961
10.750664819609
10.756268009117
10.761849635295
10.767318294824
10.772737397751
10.778029759739
10.783317357015
10.788597767969
10.793825531224
10.799035047623
10.804181389503
10.809357491986
10.814574050775
10.819821469462
10.825036192975
10.830288535541
10.835525002676
10.840704137606
10.845831012396
10.851156613956
10.856413300012
10.861535491144
11.259890786630
11.264250166199
11.269161218636
11.273940545227
11.279193160899
11.284740236763
11.290411756148
11.296270058685
11.302210885100
11.308298944550
11.314376420635
11.320546643972
11.326827506036
11.333079948874
11.339264982202
11.345499382978
11.351674011373
11.357850623539
11.364022883549
11.370195944928
11.376368816330
11.382477942838
11.388540498142
11.394583008423
11.400593412897
11.406551713785
11.412490592405
11.418394922537
11.424162608865
11.429855565561
11.435638580702
11.441505399292
11.447374064321
11.453315110150
11.459215944028
11.465061193998
11.471020697449
11.476692176117
11.482563893029
11.488460925408
11.598686711356
11.603544931239
11.608981035089
11.614557110183
11.620382455796
11.626429495871
11.632400307372
11.638501468031
11.644640687883
11.650980707816
11.657390838094
11.663836626155
11.670341398020
11.676850831903
11.683500840256
11.690205459956
11.696961377579
11.703776534867
11.711001149996
11.717907506606
11.724956924061
11.732040265699
11.739146255200
11.746295716340
11.753462597451
11.760620364421
11.767826092892
11.775060878688
11.782372464720
11.789710172281
11.797049868022
11.804252951457
11.811537541979
11.818859011698
11.826053434630
11.833117744308
11.840207439685
11.846845251050
11.852991530202
11.859319492690
11.865565879238
11.871515390788
11.877563670701
11.883627857631
11.889460102975
11.895423177488
11.901247474865
11.907046572551
11.912833104636
11.918826257397
11.924617957067
11.930319275471
13.122764773795
13.128322573300
13.134305063965
13.140030609970
13.145783829919
13.151778336879
13.157703282336
13.163636709776
13.169597703282
13.175531754798
13.181490769454
13.187399037078
13.193271107763
13.199112422295
13.204926902195
13.210715197745
13.216467435324
13.222202567311
13.227906535161
13.233613285299
13.239304301642
13.244961752921
13.250599884654
13.256242602238
13.261877223207
13.267495427218
13.273127514229
13.278756745471
13.284393038650
13.290000221416
13.295589407704
13.301155039767
13.306699862945
13.312219551793
13.317735120062
13.323229935488
13.328702851981
13.334148287711
13.339646404384
13.345102238554
13.350561310392
13.355985853633
13.361451397830
13.366866624844
13.372257717899
13.377641109577
13.383011588043
13.388298380066
13.393569230679
13.398816347676
13.404034080541
13.409256595231
13.414503960602
13.419772884218
13.425103813071
13.430447654253
13.435768341215
13.441041017854
13.446342075205
13.451732866836
13.457168352716
13.462911121582
13.468718137523
13.474547149193
13.479874053823
13.706225629415
13.710780320299
13.715126553448
13.720219713563
13.725611316607
13.731048363881
13.736451905573
13.742044576370
13.747620895528
13.753206381826
13.758791630582
13.764324917167
13.769813206417
13.775254016704
13.780674009637
13.786091636238
13.791484545109
13.796859714721
13.802227002579
13.807619657128
13.812978834007
13.818292378012
13.823308998524
13.828626194194
13.834031922372
13.839424210921
13.844792753048
13.850271796258
13.855720325498
14.090583814300
14.096378399110
14.102214110156
14.108324581841
14.114356457993
14.120428212512
14.126495059388
14.132535111068
14.138546072393
14.144697618054
14.150767096883
14.156873633514
14.162983811778
14.169102893731
14.175205370474
14.181334247869
14.187399104321
14.193496228232
14.199550690693
14.205595660912
14.211619295184
14.217642277626
14.223702228613
14.229775651863
14.235857414892
14.241944861662
14.248019479520
14.254055961932
14.260070899081
14.266070128885
14.272043049176
14.278011634055
14.283989282094
14.289997110953
14.295953443313
14.302007874886
14.307998207852
14.313995307201
14.319988347303
14.326000290008
14.332010791419
14.338065241279
14.344128056824
14.350255593570
14.356374153825
14.362537285503
14.368670528192
14.374716467914
14.477151199142
14.483912361465
14.490761880786
14.497639957281
14.504506536245
14.511349005754
14.518139135184
14.524924784188
14.531641551809
14.538373699976
14.545125662229
14.552007425194
14.558938303287
14.565814961924
14.572727889108
14.579571195217
14.586342760905
14.593175888958
14.600025571076
14.606710198658
14.613284877345
14.620157580702
14.626774056825
14.633500046039
14.640406682971
14.647061469074
14.653828392706
14.660597552213
14.667351870729
14.674179038243
14.680747415155
14.687395158858
14.693809272777
14.699939483285
14.705687456966
14.712147586508
14.718287206433
14.724436027782
14.730433976239
14.736216502723
14.742195461406
14.748225216218
14.754213184490
14.760181938909
14.766140408157
14.772099188117
14.778089938270
14.784031743423
14.790000966014
14.795962694487
14.801926534537
14.808008359530
14.814390808278
14.820753089885
14.826589526462
14.832502827092
14.838523796610
14.844452442375
14.850627646158
14.856685236545
14.995336731206
15.001709468667
15.008146881334
15.014728630954
15.021389586065
15.028084683642
15.034813690419
15.041566889137
15.048340632947
15.055176198927
15.062063326458
15.068956334302
15.075922032150
15.082773648530
15.089718331246
15.096656839758
15.103590077475
15.110578764124
15.117592679723
15.124628064896
15.131731136274
15.138853548761
15.145987658754
15.153133359713
15.160289965592
15.167454753907
15.174643951959
15.181807085947
15.188952173167
15.196080391573
15.203127886557
15.210083938487
15.216798483726
15.223354753004
15.229841469187
15.236281395932
15.242631881611
15.248824583542
15.255104672335
15.261357739174
15.267601537150
15.273767964589
15.279927783684
15.286025707399
15.292130326225
15.298424202607
15.304863039242
15.311127859161
15.317376695906
15.323685119971
16.265327936582
16.272380038842
16.279103987947
16.286217352452
16.293174565952
16.300171802430
16.307091491471
16.314064793493
16.320978486825
16.327898176441
16.334849075945
16.341805698919
16.348765204204
16.355764166983
16.362668077404
16.369578647774
16.376450532089
16.383344824768
16.390236007208
16.397160779491
16.404090829981
16.410960025257
16.417798803207
16.424632353278
16.431453497843
16.438223461657
16.444942841820
16.451575751373
16.458196283862
16.464771413515
16.471332188367
16.477842843617
16.483652986813
16.490128975796
16.496520385563
16.502907198683
16.509250026681
16.515583977310
16.521817362141
16.528009748726
16.534145578954
16.540237148624
16.546267864040
16.552257025427
16.558226393889
16.564126699580
16.569965299928
16.575792821643
16.581527016930
16.587279980184
16.592974843192
16.598676450563
16.604353227774
16.610016582756
16.615670219594
16.621333783072
16.626990254057
16.632633867969
16.638268048688
16.643883729632
16.649520742168
16.655179624381
16.660923710286
16.666876625221
16.672870740114
16.678662908208
16.684551634815
16.690557033671
16.696590029926
16.702755028194
16.708934972173
16.715057150412
16.721126463837
16.727021823328
16.732742505726
16.738440949251
16.744094425107
16.749758978746
16.755473055377
16.761259292499
16.767066671417
16.772896885624
16.778725369660
16.784606365387
16.790494283764
16.796447727998
16.802468160435
16.808527306896
16.814600978792
16.820696225793
16.826789717537
16.832976519260
16.839210098004
16.845541703206
16.851971973430
16.858479344837
16.864991314905
16.871522233456
16.878033993386
16.884559318785
16.891095348741
16.897637783056
16.904137756698
16.910663207443
16.917207627761
16.923776012214
16.930441635130
16.937414605224
16.944035486515
16.950495462028
17.112116801877
17.118282023582
17.124541314619
17.130836079749
17.137186291795
17.143471610395
17.149783256190
17.156082473371
17.162381979431
17.168647726541
17.174882116961
17.181221775737
17.187511803029
17.193807133179
17.200164801148
17.206502888701
17.212853909587
17.219215765176
17.225593891902
17.231979402832
17.238333545858
17.244654331732
17.250953851801
17.257256554048
17.263535526504
17.269798826350
17.276024419173
17.282218157657
17.288372086028
17.294426557519
17.300406580552
17.306351413021
17.312236221500
17.318093968601
17.323880947974
17.329648707594
17.335330387759
17.340897811360
17.346505342138
17.352007858999
17.357394172526
17.362807255831
17.368242710018
17.373680408433
17.379284926576
17.384850192107
17.390181286169
17.395735832606
17.401385005640
17.406848781206
17.411618400168
17.417069661888
18.192513612276
18.197429131851
18.203416390657
18.209454996973
18.215468493325
18.221458177602
18.227491054523
18.233497769461
18.239417745429
18.245320158531
18.251186422094
18.257118181621
18.263061834061
18.269470026841
18.276121337725
18.282788168831
18.289494468961
18.296050913048
18.302612325201
18.309162271992
18.315673022935
18.322127163980
18.328543350922
18.334998587882
18.341462746200
18.347935882938
18.354565230971
18.362032872764
18.368592314452
18.375201365111
18.381775725712
18.388254592017
18.394911955030
18.401809089073
18.408478716969
18.415419394332
18.422280101975
18.428979540068
18.435610901662
18.442296159883
18.448805749518
18.454883630394
18.461249801911
18.467687646589
18.474329183779
18.480913934494
18.487443466744
18.493996738693
18.500578812767
18.507181049600
18.513775770330
18.520392362406
18.527020229957
18.533603412810
18.540191289562
18.546722818562
18.553234380467
18.559731895095
18.566198885532
18.572660289493
18.579129521344
18.585592915908
18.592051294297
18.598531299184
18.605026336279
18.611501834590
18.617951427228
18.624422743861
18.630901070396
18.637420672562
18.644072836740
18.650675743663
18.657367277121
18.663947908933
18.670508560939
18.677037905617
18.683606581116
18.690210320030
18.696765855332
18.703255309734
18.709497827952
18.715990669181
18.722701561148
18.729482890004
18.736313975869
18.743204349667
18.750127807789
18.757142668112
18.764160497388
18.771216246555
18.778369249194
18.785530653041
18.792752902573
18.800072166913
18.807360010819
18.814680831498
18.822411450464
18.830040563362
18.837991316395
18.845230718197
18.852496761233
18.859730059293
18.867040432679
18.874367991260
18.881605714711
18.888869282854
18.896172731951
18.903427160933
18.910606654385
18.917674835299
18.924837104460
18.941680353582
18.949656683568
18.958108117648
18.966646628507
18.975278426141
18.984008337744
18.992773287597
19.001555517080
19.010322975762
19.019077290487
19.027625862133
19.036048456574
19.063015886916
19.077244161865
19.091062216998
19.104802011243
19.122836670190
19.130963718821
19.138959928699
19.147038085917

