Time_s
0.633097700109
0.640850255312
0.648979332739
0.656440813761
0.664564217861
0.672788190180
0.680999545609
0.689159484845
0.697280485735
0.705371972766
0.713357847350
0.721296889224
0.729226405860
0.737013214912
0.744765453720
0.752593759328
0.760304117951
0.767973671947
0.775468431129
0.782835465250
0.790110955230
0.797340657859
0.804522307602
0.811592335763
0.818597567326
0.825733453852
1.033850834205
1.042962714814
1.052474822686
1.062178022475
1.072120973087
1.082130201515
1.092311594142
1.102555122585
1.112846416895
1.123054883120
1.133336534096
1.143617362332
1.153894309611
1.164162187706
1.174560510331
1.184606727231
1.194867712580
1.382060493463
1.394896418784
1.406113112846
1.417184720294
1.428674016880
1.440897962999
1.453882645272
1.466543736117
1.478740015140
1.490702544586
1.502001857259
1.513426750044
1.525067754783
1.536860983717
1.548757655999
1.561064114253
2.339549604682
2.348599064088
2.358303675430
2.367691172109
2.376506935748
2.385016178370
2.393360024631
2.401529375694
2.409634976552
2.417716380548
2.425648093918
2.433614977649
2.441893936856
2.610066184527
2.617341350440
2.625104349070
2.633048385063
2.641354671015
2.649993324027
2.659071357911
2.668502590789
2.678355494578
2.688523991777
2.699022999703
2.709552735760
2.720109860007
2.731030257421
2.741216166621
2.751804996829
2.762687387520
2.859204577255
2.868840696903
2.878789625238
2.889150952283
2.899774957127
2.910839709212
2.921466833015
2.932748585403
2.944555478177
2.956785246659
2.968798462644
2.980583552942
2.992655172273
3.005003905226
3.017607256990
3.030118452600
3.064315953706
3.074964404109
3.085711677462
3.096631037939
3.107736025656
3.119074098053
3.130497545311
3.142317360593
3.154176831933
3.165783217271
3.177303583247
3.188596214582
3.199929287734
3.211784226164
3.224436313325
3.237067102586
3.249545353714
3.261576569242
3.272975023862
3.283993211942
3.294850331245
3.304839843821
3.314007719915
3.323400245241
3.332541660285
3.341322403917
3.349924894460
3.358351150691
3.366673720337
3.374752724409
3.382636448724
3.390356769536
3.397876059759
3.405313735076
3.412600850045
3.420312850314
3.677519027306
3.686721767915
3.696109620129
3.705599959768
3.715336840945
3.725246328761
3.735361882819
3.745639133374
3.756357290307
3.767066264387
3.777876937750
3.788983040676
3.800345611662
3.811750662060
3.823055780201
3.834333821142
3.845713184451
3.857189303506
3.868784285396
3.880535584224
3.892683419530
3.905921146391
3.918148221092
4.248356973161
4.258778248321
4.268912423826
4.278939043932
4.289097356061
4.299241696764
4.310177464198
4.321241331352
4.332500155516
4.343153843200
4.353233750186
4.362857108619
4.372823487989
4.383206078907
4.393889678347
4.404541049755
4.414957694458
4.424818541926
4.434604746178
4.444498419667
4.454640449435
4.465100105217
4.475974238690
4.487114633459
4.498185935558
4.509014577043
4.519914375036
4.530778376027
4.541595592379
4.552455709440
4.563338400834
4.574291882547
4.585271274754
4.596359535676
4.607117016808
4.617290164164
4.860682144175
4.870037412620
4.879361759987
4.888875927501
4.898578825080
4.908510404149
4.918891932625
4.928594503075
4.938391519531
4.948330983694
4.958374534557
4.968284945326
4.978133929587
4.988043079081
4.998146941195
5.008004809308
5.018168606732
5.028210258762
5.244679586164
5.253790756645
5.263025534519
5.272522668465
5.282186423570
5.292151898032
5.302232718179
5.312494601244
5.323130008013
5.334170941633
5.345740518070
5.357819428321
5.369969123648
5.382739200206
5.394535196167
6.041886298591
6.048721649002
6.055772806576
6.063017699537
6.070260129113
6.077853411099
6.085955217929
6.093347913928
6.100497296322
6.107727874950
6.115109081305
6.122518217593
6.129441455554
6.332420828834
6.341117800446
6.349802776637
6.358629589205
6.367547113460
6.376567279430
6.385618533694
6.394738206842
6.403903434057
6.413148064524
6.422443151068
6.431947584553
6.441374003998
6.450946115475
6.460610372151
6.470419505890
6.535393523984
6.544774134921
6.554857947561
6.565293847281
6.575784685245
6.586469485891
6.597162355535
6.608152407446
6.619822719343
6.630655583942
6.761178879374
6.770588034808
6.780275237738
6.790139805047
6.800152355845
6.810230099040
6.820571173435
6.830685013409
6.840629450178
6.850708420125
6.985293069410
6.994384506912
7.004126345466
7.014018236924
7.024318223240
7.034599811266
7.044959598815
7.055436722814
7.065834868182
7.076132220012
7.086424505762
7.096754971546
7.107054471502
7.117294925130
7.127804507479
7.138647070581
7.149455844811
7.159756953599
7.170295495831
7.290549300525
7.300417411149
7.310212612460
7.320534044582
7.330982104200
7.341984802484
7.353089069957
7.364332541034
7.375529934983
7.386871813746
7.398190752280
7.409637975467
7.421079123086
7.432372741403
7.443389844292
7.453935457869
7.464150814708
7.474203434982
7.483847916448
7.493078393561
8.198418998805
8.206780444695
8.215088589618
8.223429917731
8.231611235157
8.239775517764
8.247810421568
8.255812953009
8.263767973756
8.271670738254
8.279410751715
8.286947649928
8.294653509610
8.302482069225
8.310065260805
8.317799842034
8.325813842970
8.333831405334
8.441182881668
8.449529371725
8.457746042007
8.465995926063
8.474506263731
8.483313804379
8.491542291944
8.499787539084
8.508362408616
8.516619077488
8.659722547547
8.667686290643
8.675796429958
8.684150160010
8.692873395018
8.701738068719
8.710360263031
8.719002344020
8.727877667779
8.736895530964
8.746077425413
8.755365090209
8.764729999944
8.774213139351
8.783858760877
8.793671877155
8.803638508771
8.813818458373
8.824097156259
8.834752604562
8.845468880317
8.856199377216
8.867047585839
8.879253330478
8.890509407230
8.902233885424
8.913891535101
9.036671339865
9.047490748433
9.058490289342
9.069741127051
9.081206332595
9.092416060754
9.103726295351
9.114875831287
9.125398445023
9.135674302956
9.201318923173
9.210905796127
9.221407311964
9.231473092218
9.241121094209
9.251143243578
9.260948135354
9.270784291179
9.280371441630
9.289956751072
9.299427656639
9.308930157705
9.318109804857
9.483132807215
9.494385328148
9.505190201613
9.516579754092
9.527849538818
9.539241003660
9.550761798436
9.562415718339
9.574046386808
9.585684550714
9.597263647544
9.608816582579
9.620272626050
9.631748256620
9.643347742089
10.113301494924
10.124024593292
10.135153503436
10.145077956879
10.155314191232
10.165529573877
10.175713973378
10.185740111974
10.195743740309
10.205579676726
10.215232558798
10.224611964931
10.233762935277
10.242560731519
10.250485269298
10.258996190909
10.267389084058
10.275637853914
10.283809016801
10.291886503701
10.299833072597
10.307704022403
10.315489013547
10.323208770380
10.330893569193
10.338547282475
10.346212622470
10.353950220340
10.362415670752
10.370847973840
10.379043208078
10.387461229416
10.395805726367
10.404453774261
10.412968976132
10.421066462785
10.429430136196
10.437812914117
10.446275677584
10.454881235905
10.463480049456
10.472107000422
10.480939524491
10.490139847881
10.499511507160
10.508871590191
10.518687262765
10.528615081649
10.538566370586
10.548515206632
10.558882886642
10.696902247038
10.704161378963
10.712641874294
10.720840389964
10.729154218040
10.737574047814
10.746461293019
10.755503821828
10.764831563943
10.774455087899
10.784069133067
10.794042763716
10.804125382765
10.814634240434
10.825593185217
10.836835742438
10.848500469452
10.860568967680
11.037435887097
11.048662702801
11.059487187884
11.070496102347
11.081417926622
11.092513473860
11.103595672651
11.114731539785
11.126344058630
11.137055607296
11.147404709904
11.156898008558
11.166961377939
11.176909794166
11.187115950057
11.197719560828
11.208779142955
11.220491058384
11.232044465841
11.243397847092
11.254852175788
11.266259892480
11.277697546880
11.289299916778
11.300542177174
11.309906903861
11.319645351221
11.329326400642
11.338978286125
11.348831883663
11.358739141923
11.368710636584
11.378663480851
11.388473807465
11.398145139862
11.407767556610
11.417273602298
11.427043738266
11.436782512344
11.446405438882
11.455960748266
11.465291203898
11.474104614434
11.482753005995
11.491372838997
11.500075594253
11.508885933349
11.517947047772
11.527681257433
11.537081036117
11.546429955735
11.555811926130
11.565188334275
11.574665274321
11.584429670050
11.594345796230
11.604654326604
11.614670048392
11.623768912922
11.632788349041
11.642175336269
11.651933975708
11.662004749472
11.672326205706
11.682984354813
11.693955251387
11.705117303755
11.716614955797
11.728121984995
11.739830634531
11.751674253541
11.763482237325
11.780749325823
11.793573678452
12.519894704007
12.532618305691
12.542253127015
12.553116113036
12.564970564723
12.667251201444
12.678993105552
12.688672405895
12.697344636035
12.705959677916
12.714404811481
12.722606307950
12.730559295500
12.738454629111
12.746143042955
12.753727733164
12.761258503401
12.768670939884
12.776064562597
12.783336287942
12.790639608093
12.797950033589
12.805329799517
12.812812069854
12.820400954890
12.827970870813
12.835527673082
12.843605235632
12.851359438794
12.859064772217
12.995554682555
13.003613877006
13.011645604678
13.020140125408
13.028847074720
13.037739358694
13.046590004433
13.055796627226
13.065534169100
13.074659109037
13.084098202462
13.093634545583
13.103585967478
13.113613531299
13.123405190474
13.133746737445
13.144112452406
13.154540146090
13.164952926918
13.175492818571
13.186044913762
13.196567219806
13.207098342003
13.217645848669
13.228049245910
13.238407484188
13.248817904999
13.259364558545
13.270041336136
13.381770750896
13.391837739981
13.401824175233
13.411488792187
13.421160407656
13.430854575099
13.440475206821
13.450155029382
13.459564091736
13.468523593538
13.477994071164
13.487454037637
13.496800741380
13.506008022663
13.515147460867
13.524139362549
13.533026112618
13.541816459559
13.550535417842
13.559033304759
13.567383613345
13.575568427556
13.583781765194
13.592190736116
13.600873210399
13.609452895731
13.618000249178
13.626351491070
13.634745239626
13.643112904145
13.706176191628
13.712129109312
13.719175766227
13.726934121179
13.735102233157
13.743737617005
13.752748697988
13.761870358678
13.771008494487
13.780076121995
13.789071866497
13.798023328541
13.807027145109
13.816085764439
13.949928562682
13.958569025893
13.967251325094
13.976054661288
13.985066748309
13.994077987269
14.002685096408
14.156575285362
14.162623536592
14.169727894818
14.177754073986
14.185750217207
14.194166349519
14.202608538162
14.211181682851
14.219873238225
14.228571474939
14.237167299270
14.245739914111
14.254365192214
14.262928716566
14.271540756993
14.280193370829
14.289016902149
14.298018692696
14.307302972204
14.316834337317
14.326756395747
14.336962174050
14.347481384205
14.358658816867
14.370009057263
14.381478288913
14.392649658145
14.516062372033
14.525654950213
14.535528783784
14.546166061519
14.557113326518
14.567786946977
14.578446055173
14.588978358391
14.599632801535
14.610313191431
14.620544843364
14.631119470146
14.641710646865
14.652386172826
14.663069894547
14.673896565561
14.684731904288
14.696144077967
14.707332330667
14.718611881571
14.730102104943
14.741573808213
14.753103741600
14.764484471406
14.775568207521
14.785464641735
14.794521937140
14.803910745400
14.813186399275
14.822316396792
14.831237933744
14.839882470491
14.848280305584
14.856694431151
14.865075259404
14.873194460382
14.881763925182
14.890676063708
14.899336914953
14.907780351023
14.915778011079
15.099122756005
15.105602634960
15.112595077618
15.120169735073
15.127957406472
15.135870887755
15.144025736379
15.152364369887
15.160648213958
15.168881430933
15.177098972303
15.185368688969
15.193567370943
15.201778992418
15.210027703893
15.218407296447
15.226837951713
15.235197874657
15.243468358961
15.251648829634
15.259766378203
15.268344613877
15.277141543023
15.285407199623
15.293581882212
15.301808462127
15.429352316660
15.436860971737
15.444780592646
15.452805097158
15.461324990397
15.469854438854
15.478593400723
15.487644769312
15.497066169441
15.506892081439
15.517262338258
15.527949106970
15.539027128696
15.550226456070
15.561868078090
15.574210902565
15.794859856006
15.805427559286
15.816680581062
15.827930985752
15.839403313964
15.851977404672
15.863408551278
15.875110272328
15.887096764161
15.908179026240
15.920006056974
15.931126799411
15.942438706595
15.954009769197
15.964846383331
16.072639967208
16.081397736761
16.090409065486
16.100524109129
16.110984219915
16.121631566040
16.132584155604
16.143741397770
16.155044888225
16.166329530746
16.177827876705
16.189660357309
16.201344971889
16.213143990082
16.225373983086
17.039920849360
17.048246810031
17.056525714376
17.065299919170
17.074439113709
17.083214181396
17.169298402300
17.177449944115
17.185440129005
17.193669564781
17.202104445124
17.210821525791
17.219633030191
17.228590022635
17.237877189216
17.247310622003
17.256590830481
17.265994428618
17.275711923998
17.446019110637
17.454708739873
17.463797723460
17.473114052164
17.482640877758
17.493060045544
17.504038015205
17.516277544015
17.584232267766
17.597188890382
17.608730490968
17.619616008883
17.630390035616
17.641089947025
17.650772392702
17.659729335278
17.668806952265
17.677714100485
17.686347603351
17.694756443933
17.702964015700
17.710905183697
17.718571097213
17.725926829820
17.733604664887
17.741597656739
17.749568353960
17.949410346078
17.959121669811
17.968729242410
17.978538842428
17.988522655410
17.998550209366
18.008731355969
18.018978106533
18.029411325489
18.039855978399
18.050751974260
18.061226078498
18.071761496479
18.082326052506
18.092899600410
18.103552822540
18.114284690806
18.125082127401
18.135911923286
18.147091046396
18.522628957905
18.532909993884
18.543178369642
18.553173156087
18.563441747883
18.574771101817
18.585650197728
18.668507390042
18.678596600135
18.688908820966
18.699483815692
18.710156700613
18.721005011423
18.733081509955
18.743790050216
18.754338061765
18.765034120824
18.888000658979
18.895560797852
18.904104461772
18.912650198562
18.921141683722
18.929639993172
18.938011817858
18.946447780252
18.954701203279
18.962918790031
18.971061771083
18.979139774053
18.987121847648
18.995007175553
19.002824547483
19.010620131256
19.018358466922
19.026392123450
19.034974142361
19.043213668147
19.051672286734
19.059941530921
19.068618080943
19.077589413125
19.086518729868
19.095699176061
19.104779503539
19.114196957701
19.124615055849
19.252182393551
19.266209486121
19.278689949621
19.289350609913
19.299435784983
19.309129819963
19.318651785797
19.328015246343
19.337368660859
19.346702498864
19.356052170877
19.365557414313
19.375114072484
19.384692438446
19.394247218364
19.403848823510
19.413656659915
19.424629099261
19.435201059672
19.445862948240
19.456402044387
19.467007043648
19.477607029880
19.488927518650
19.500037758141
19.511142494801
19.522077801637
19.532933935386
19.543622251163
19.581620792296
19.592043908652
19.602448785774
19.613016086092
19.623703059498
19.634589142085
19.645757093408
19.657270712098
19.669041371768
19.681304727268
19.693961458769

