Time_s
0.974440714886
0.977079729858
0.979375287100
0.981709789270
0.983914064229
0.987018534887
0.990019183537
0.999396765059
1.004388337684
1.007530487817
1.010753178371
1.013194922952
1.015381593610
1.025601760562
1.032539673239
1.035665821827
1.037964757879
1.040380677340
1.043058584315
1.045806379866
1.047832303312
1.050484384899
1.053184040403
1.055476249588
1.085989227646
1.093132700015
1.100299540973
1.107465962168
1.114634215151
1.121879237303
1.129119528284
1.136368062098
1.143628936078
1.150757732519
1.157867410901
1.164907497204
1.172005874858
1.179059483081
1.186110392348
1.193173183677
1.200214899952
1.207305561056
1.214380991925
1.221526161811
1.228698743376
1.235822235584
1.243038093054
1.250427594064
1.257781288920
1.265534364895
1.273299692955
1.280815119618
1.512861712607
1.520451768321
1.528921773508
1.537610097837
1.546459780013
1.555426095185
1.564474723481
1.573398423818
1.582427810535
1.591477249593
1.600452931792
1.609396011841
1.618397272439
1.627324187236
1.636141417347
1.645178127032
1.654230564406
1.663242408537
1.672215008665
1.680862331265
1.689409994605
1.698125327326
1.706377370996
1.955049683344
1.962953441969
1.971074859110
1.979456495641
1.988135691364
1.996868586496
2.005632346693
2.014473770749
2.023470429094
2.032592880727
2.041877751309
2.050750037092
2.060004902038
2.087893861080
2.091723817351
2.095431406913
2.098997397506
2.102574489795
2.105978797780
2.113070569547
2.116532451552
2.119978306431
2.123299319728
2.126933197380
2.130253299613
2.133487971613
2.136561705084
2.143010542085
2.146266473446
2.149498686070
2.152661158202
2.155979196914
2.159364262058
2.162747339477
2.245040733451
2.246766491044
2.248876483406
2.253684868171
2.255729493171
2.258001531135
2.260371227613
2.262083229025
2.263810152552
2.783707391964
2.792012826981
2.799023650446
2.807316405265
2.815308600080
2.823300263490
2.831451286806
2.839724388022
2.847911388756
2.856029356141
2.864077238057
2.872003958589
2.879943270334
2.887859081888
2.895906693443
2.903800431330
2.911658674512
2.919304880560
3.047304997722
3.061736663947
3.068538523183
3.075230168802
3.081989730072
3.088917866616
3.096201874411
3.103225193544
3.110420891646
3.117486240601
3.124560311145
3.131976211858
3.139047670527
3.145795635792
3.152756278681
3.160152234971
3.167660478305
3.175283488016
3.183055261561
3.190974924658
3.199175018753
3.207409072526
3.215906412139
3.224433537446
3.233253978378
3.241851482355
3.250009453236
3.258389572378
3.266811126042
3.275115776494
3.283398726035
3.291825797595
3.300263994184
3.308642238842
3.316900190506
3.324933255009
3.348657769089
3.355876411458
3.363682141172
3.371757270759
3.379764151890
3.388020839201
3.396359070668
3.404733522669
3.413120500815
3.421484985932
3.429859725316
3.438300166578
3.446659770814
3.454898715134
3.463065372830
3.471191655631
3.479358743460
3.487445041340
3.495712717111
3.503650822405
3.511633937153
3.519584174522
3.527556285013
3.535545607172
3.543511370518
3.551502756371
3.559503132263
3.567781211309
3.575882030335
3.584203423589
3.592535436536
3.601166635380
3.609830483610
3.618600694665
3.628007887860
3.636939047965
3.645086026760
3.652819507902
3.661231476692
3.669270781365
3.677311798506
3.684206602577
3.691970197428
3.700364403373
3.708663902294
3.717021334520
3.725350000839
3.733764080987
3.742085301566
3.750461857257
3.758809178363
3.767170304993
3.775471103921
3.783715140155
3.791928057959
3.800204586764
3.808516785942
3.815996165907
3.824429313141
4.029492959987
4.035219403094
4.043025179116
4.050031288382
4.058054370033
4.066295456950
4.074723248621
4.083205503699
4.091693227203
4.100400408193
4.109109552938
4.117831619417
4.126444902992
4.135085786532
4.143625855399
4.152261414639
4.160688475432
4.169130586262
4.177606622924
4.186100532785
4.194387607917
4.202653686494
4.210829857293
4.218999638125
4.227287237880
4.235338918754
4.243776248720
4.251325352155
4.259265275095
4.266659037184
4.312639517195
4.315734858534
4.318298846701
4.320784649289
4.323232103170
4.325917932597
4.328448219377
4.330960844968
4.333473270079
4.337338782438
4.339561039549
4.341408014216
4.345118269909
4.370770226851
4.378153422275
4.386361412853
4.394726670190
4.403190118894
4.411653106993
4.420716960989
4.429961016865
4.437585886439
4.445670811947
4.454018528119
4.461774258182
4.580436654294
4.586956479927
4.594622604607
4.602725609161
4.611029447353
4.619494466279
4.628038994364
4.636639216502
4.645218930373
4.653838534629
4.662217263500
4.671211892506
4.787612142507
4.795116738672
4.803686608219
4.812585904041
4.821704186852
4.830952258040
4.840506608231
4.849473405390
4.858405294371
4.867750286247
4.876771715812
4.886294995246
4.895759023753
4.905521624364
4.915132527102
4.941610765915
4.950079641904
4.959585723733
4.968971680077
5.207944746257
5.215802904330
5.224877190388
5.234144989970
5.243670389767
5.253113074891
5.262851994349
5.272434612283
5.276001682740
5.278005680051
5.280121253040
5.282266856306
5.284450941089
5.286579322889
5.291381128953
5.293451658690
5.295461141278
5.297511293323
5.299518684413
5.301496491150
5.303376159733
5.308262103507
5.310388851795
5.312021343315
5.314475542030
5.316467949628
5.318523941835
5.320550612381
5.322599937732
5.324620090401
5.326642895331
5.884970297039
5.887493348024
5.889415469207
5.891303670050
5.893167764629
5.895351511344
5.897915232037
5.899766000555
5.901659266952
5.904025884552
5.905952228557
5.907914552055
5.909918072421
5.911631735421
5.913319744515
5.915073279822
5.919314492493
5.921419271296
5.923159164964
5.924923564047
5.927055986307
6.041632148575
6.048030771594
6.054246098991
6.061734383523
6.069223996277
6.076702772368
6.084139507352
6.091590059250
6.099016243182
6.106506359424
6.113979807658
6.121493862447
6.129131605674
6.136916687105
6.144542446626
6.150739438043
6.448519365748
6.455913242257
6.463436208559
6.471129213383
6.478821126186
6.486526373841
6.494379665310
6.502153121744
6.509862894099
6.517419876112
6.525032176448
6.532627334516
6.540256594713
6.547801273873
6.555248529992
6.562765800990
6.570146080637
6.577599888313
6.585034820373
6.592357640833
6.599820722714
6.607249713779
6.614690175980
6.622171892385
6.629605371639
6.637274367668
6.644851603494
6.651868871792
6.746783025206
6.755668988461
6.764729654396
6.773558343418
6.782624781273
6.791798631303
6.801668025030
6.809530065680
6.964727774080
6.966923328749
6.974623611159
6.976561639202
6.978490525792
6.980346936390
6.982149599620
6.984403731524
6.991613800467
6.994097172754
6.996539850123
7.008928474277
7.016590197337
7.024628996831
7.032853663653
7.041194133552
7.049654558347
7.058132376949
7.066568150047
7.075012636366
7.083451912769
7.091938003063
7.100434858201
7.108961188216
7.117377265290
7.125973202409
7.134312020278
7.142543098418
7.395142437453
7.402449920698
7.410680410989
7.419199484497
7.427654055994
7.436260990417
7.444745484659
7.453405418914
7.462146904051
7.471148793601
7.480104934254
7.489083992529
7.498114895528
7.507067749073
7.516014707827
7.525023404831
7.533867923354
7.542779425508
7.551715645470
7.560801248109
7.653975000652
7.656548717640
7.659122414314
7.661649379893
7.664154843442
7.666277617953
7.744468309043
7.752744960119
7.761245070315
7.769805860196
7.778445947917
7.787095926562
7.795631085838
7.804291867424
7.812875821736
7.821506337892
7.830072516004
7.838652226122
7.847089251392
7.855591099813
7.863980872125
7.872366846190
7.880679596083
7.888955561996
7.897314518475
7.905156750733
8.076173963255
8.078097449805
8.080037109860
8.082379049003
8.084976573287
8.086756577485
8.088577408705
8.092447793207
8.094182041851
8.677332243124
8.684790378409
8.692658250784
8.700722251174
8.709179978178
8.717717641143
8.726263683441
8.734926030200
8.743453240913
8.751806678783
8.760262227010
8.768626239841
8.777019204011
8.785293873683
8.793462086085
8.801563835506
8.809619860367
8.817568279767
8.825491499852
8.833480699547
8.841585194746
8.849650359014
8.857312583427
8.866191220076
8.874918859146
8.880134916780
8.882529271017
8.884278067889
8.886127123442
8.888008434782
8.889914731655
8.894586428911
8.896800987165
8.898958651700
8.903406430813
8.906125808040
8.908845187649
8.911128016906
8.913347734908
8.915975964469
9.067147751956
9.069993575308
9.075618666065
9.077493594610
9.079602161890
9.081336540120
9.083093849679
9.085392683000
9.102817286959
9.110512559229
9.118393294588
9.134811374266
9.143044912785
9.151305891017
9.159506353202
9.167815552421
9.176086496379
9.184679992037
9.192695676392
9.200194889552
9.207432650245
9.400247782970
9.407271334760
9.414204658241
9.422103351436
9.430406058666
9.438932766112
9.447614229440
9.456382423753
9.465083967515
9.473388975846
9.482257032728
9.491184833816
9.500067619147
9.508871670781
9.517652112665
9.526415432565
9.535102939464
9.543876310693
9.552596470885
9.561151777593
9.569794609045
9.578460123134
9.732515250649
9.741204795879
9.750101305103
9.759130022942
9.768222064874
9.777421691178
9.786766740122
9.796280269148
9.805689876995
9.815418678362
9.824916746977
9.834487066912
9.842882371645
9.851471607932
9.859427826292
9.867971454968
9.876042233774
9.884265144906
9.892255884309
9.900321430297
9.907378632968
9.915224187068
9.923482388245
9.931441523731
9.939639460126
9.947660594478
9.955964071174
9.964293438034
9.972866908659
9.981473829910
9.990134109231
9.998858563809
10.007548552028
10.016240662424
10.024854002848
10.033435198477
10.042028410903
10.050805258642
10.242937909725
10.250080548384
10.258458090079
10.267123436211
10.275983621799
10.284863036655
10.293765835966
10.302683378772
10.311583641967
10.320537074235
10.329454399563
10.338381598181
10.347284217572
10.356239676969
10.365142256875
10.374088708756
10.383038756145
10.391982368875
10.400976795465
10.409907702305
10.418825632837
10.427665991573
10.436540826122
10.445380856905
10.454194566805
10.463128696723
10.471912228919
10.481004469207
10.489653125989
10.497764765110
10.553461426179
10.555369738809
10.557262582373
10.558973659819
10.561156534042
10.563561332009
10.565491471958
10.569595906372
10.571732432775
10.573755300899
10.576111111111
10.578436427589
10.581145370734
10.583212740816
10.585556586714
10.587395662710
10.589226408007
10.593250050973
10.594991625984
10.740479380163
10.748481766370
10.755741914864
10.763693706565
10.771660236245
10.779275557751
10.787539152391
10.795669167237
10.804097892741
10.812801092408
10.821527592903
10.830262268694
10.839218903397
10.848187615475
10.856848402012
10.865567093942
10.874196843126
10.883211952753
10.891632442804
10.900404811143
10.908815465311
10.917626383666
10.926084438832
10.934720004479
10.943176703997
10.951778231725
10.960309174972
10.968771509706
10.977185477380
10.985123822989
10.993523689494
11.001817075829
11.010134460918
11.018461039011
11.026707168345
11.035003808784
11.043277054494
11.051487532052
11.059661789794
11.067808904322
11.076062470964
11.084229216910
11.092456512981
11.100830538034
11.109370599731
11.117971415687
11.126053228792
11.134468453056
11.142248117892
11.150113083632
11.157792676161
11.165441354700
11.225025086417
11.233734814984
11.242462204601
11.251181321687
11.260155085683
11.268578127471
11.277647799112
11.285916215470
11.294660096304
11.302982088759
11.424945048868
11.426873766245
11.428877551020
11.431137822100
11.435105101763
11.446031407172
11.453120302047
11.460544591489
11.467735598948
11.475754376433
11.483911333473
11.492390790329
11.500731887378
11.508817749995
11.517300517864
11.525962949921
11.534636572912
11.543550427651
11.552416669382
11.561174578582
11.570039338250
11.578688544143
11.587603998411
11.596412601623
11.605184501753
11.613969999099
11.622632283640
11.631349836544
11.640074361110
11.648777677546
11.657527921758
11.666041893986
11.674802178292
11.683454704690
11.691690934381
11.828765532443
11.835222517705
11.843162214232
11.851166657333
11.859369685979
11.867708021646
11.876053054693
11.884480314998
11.892908923372
11.901414681149
11.909694685133
11.918262540722
11.926286825929
11.934568742054
11.944792894369
11.953526169822
11.963295538380
11.971401017231
11.980749783631
11.988337032568
11.996792444950
12.003798060940
12.011998598526
12.020386707241
12.028985319599
12.037834347436
12.046955399403
12.056191854173
12.065226722312
12.074520301425
12.084025993201
12.093149699997
12.102332369332
12.111515874958
12.121144742676
12.130212580961
12.202051707521
12.209906483286
12.218538624756
12.227090586924
12.235686183653
12.244447629537
12.253241006576
12.262093363369
12.271052696262
12.280051900985
12.289109639258
12.298171653004
12.307265269994
12.316402747974
12.325614872843
12.335038410490
12.344389287088
12.353669562540
12.362809643326
12.371764494373
12.380407646041
12.389222818522
12.398207486208
12.407345816022
12.416534506826
12.425782718701
12.434981352787
12.444249697725
12.453581255649
12.462900159046
12.472087351216
12.482460678516
12.491631707278
12.501390172840
12.510613243103
12.594079121537
12.602961843791
12.612026201789
12.621358356000
12.630694429957
12.640170068027
12.649795089947
12.659657208180
12.669593457965
12.679642842856
12.689987846813
12.700445046012
13.092182788101
13.098668112638
13.101329587421
13.103441602036
13.105986174283
13.108968405072
13.113328741561
13.115715314739
13.117965156032
13.120319754018
13.122904138260
13.476818563066
13.483029286156
13.489174524410
13.496537302721
13.503719520973
13.511320733874
13.518846120970
13.526362757478
13.533852138789
13.541307610567
13.548824275095
13.556081699306
13.563331971271
13.570942159381
13.578344781136
13.585902330286
13.593597207099
13.601597990092
13.609643297971
13.617667478473
13.625618849217
13.633468170314
13.641252315259
13.648874030296
13.656478526007
13.664210711990
13.671749426575
13.679392108545
13.687078101542
13.694893074067
13.702699038057
13.710719815517
13.718119076437
13.833117500685
13.839664742022
13.846164696971
13.853377513273
13.860536207510
13.867962294832
13.875386419305
13.882638401140
13.889852292510
13.896895065278
13.904068971783
13.911318296724
13.918576341252
13.925658054812
13.932593768555
13.939875553255
13.947118164306
13.954444270296
13.961819741961
13.969131931523
13.976512390885
13.983936929936
13.991384088012
13.998888523760
14.006243431895
14.013680855463
14.021167972578
14.028744106456
14.036374718703
14.044142321309
14.052044640592
14.059950071808
14.067765168142
14.075664351377
14.083697731505
14.091858247934
14.100088848186
14.108369997726
14.116757677666
14.125269332637
14.133908139536
14.142766907130
14.151115741230
14.307261105244
14.312928434875
14.319857225671
14.326858485586
14.334143629297
14.342032047018
14.350070362961
14.358179763800
14.366377143011
14.374538734363
14.382899615781
14.391273933180
14.399819700974
14.407183630656
14.415684725669
14.424126352790
14.432572109574
14.440922573738
14.449188122040
14.457330574082
14.465415186221
14.473461151714
14.481490957011
14.489446323494
14.497336331263
14.505176436663
14.513018831970
14.520898789607
14.528804939304
14.537032574654
14.545447921821
14.553047830580
14.560925855040
14.568744401358
14.576610732961
14.584444876008
14.592276931903
14.703056979149
14.709746430436
14.717262382379
14.724979720329
14.732799017954
14.740806825062
14.748921684025
14.757023827891
14.765178975126
14.773275672383
14.781315627711
14.789264922193
14.797395511280
14.805392117036
14.813489113094
14.821615655986
14.829553280001
14.837327216968
14.963919266344
14.970918861975
14.978819139301
14.986741142828
14.995072714250
15.003439233762
15.011656584474
15.019956979840
15.027705334896
15.224854302480
15.231117241545
15.237803197375
15.244844869583
15.252631401271
15.260636054698
15.268735209297
15.276971579804
15.285018514566
15.293424401416
15.301819872653
15.310425408805
15.318984270352
15.327589826872
15.336334431488
15.345030061028
15.353770684324
15.362404953233
15.371086497524
15.379736998095
15.388367426667
15.396964611187
15.405581785310
15.414163183801
15.422772600875
15.431414293142
15.440113326222
15.448930773794
15.458188689430
15.466432699628
15.474133786637
15.480735330614
15.629780780969
15.638748192503
15.647021201666
15.655300525604
15.663595474074
15.671900640728
15.680511023236
15.688992477470
15.697287408785
15.705842392686
15.714520426489
15.722909020301
15.731462973557
15.740195622128
15.749067661634
15.758050447129
15.767248957539
15.776523248788
15.786474654376
15.795620256984
15.805039257200
15.814208449612
15.823334004950
15.831634935443
15.840177529622
15.848148680133
15.856394530695
15.864476586853
15.872344646161
15.880301392072
15.887165878505
15.895976610951
15.903065449450
15.911423024095
15.920055468258
15.928696054462
15.937379697707
15.946034582037
15.954698178285
15.963406856128
15.972099854501
15.980640372844
15.989194750414
15.998263530052
16.007200836933
16.015660173085
16.023748702943
16.032127287298
16.040406778168
16.048242552165
16.270601214167
16.278955513079
16.287498867971
16.296276023502
16.305184409138
16.314147627514
16.323182865951
16.332342343093
16.341444695176
16.350562930867
16.359522068636
16.368522404835
16.377544848874
16.386579713042
16.395738169873
16.404869630968
16.413957840034
16.423064556575
16.432100913830
16.441099239544
16.450017197878
16.458914909355
16.467736815889
16.476558941199
16.485350344631
16.494139861261
16.502773852931
16.511769079751
16.520165264273
16.529694637208
16.577207024558
16.579984827101
16.582134062884
16.584727362985
16.587433175516
16.590175570029
16.592899382230
16.595673808576
16.689452188331
16.696714787547
16.705288617731
16.714021824470
16.723012610908
16.732038376177
16.741070851249
16.750186149536
16.759377834254
16.768633343409
16.777933739955
16.787166859451
16.796511004243
16.805761097261
16.815039234197
16.824267745982
16.833341971296
16.842308203046
16.851375029626
16.860454086568
16.869442057450
17.024499403998
17.033462342783
17.042504990884
17.051681541776
17.060942865221
17.070576783538
17.080248602507
17.089765161348
17.099116912419
17.108391743513
17.117583431434
17.126913458408
17.136433063702
17.145944978524
17.155568829261
17.165461661487
17.334446578506
17.341969721279
17.349287936911
17.357456053495
17.366056905689
17.375096019722
17.384171027656
17.393354475656
17.402558549231
17.411858138573
17.421300880267
17.430833972556
17.440373391385
17.449974965825
17.459732247307
17.469891312312
17.479968725628
17.558016657349
17.560320831896
17.562494771230
17.567390019848
17.569215145998
17.573547434252
17.575492797248
17.577948310692
17.579660285356
17.581561866401
17.583707160271
17.585433306728
18.024601890084
18.026796349510
18.029156987027
18.031561772596
18.033946228739
18.036819496211
18.038791327888
18.041202292123
18.043508731271
18.045766065393
18.048634855386
18.050951947938
18.053218496301
18.055493917103
18.065047841613
18.067343237862
18.070121444982
18.072423736432
18.074561845677
18.076684087129
18.078444446268
18.081097316441
18.083139158377
18.085919812359
18.088192199238
18.090330911752
18.094475995456
18.096735054807
18.098578037501
18.103616682033
18.105754889762
18.107847679795
18.109637224790
18.112246995997
18.113980555709
18.117426734389
18.119628618193
18.121460301975
18.123236360480
18.125435717765
18.127570265966
18.129350291667
18.131128929259
18.135447620742
18.137714814439
18.139975992109
18.142261024924
18.145853773856
18.150066042341
18.152466101709
18.154821552378
18.157049373873
18.158910882716
18.165408584463
18.167592442937
18.169376324942
18.171211875313
18.172991836300
18.174777999726
18.178791366671
18.181073014024
18.182874411290
18.187024991213
18.189345508922
18.191148080554
18.193606891368
18.195874627909
18.363789115476
18.370471649893
18.376177354893
18.382745282405
18.390012650228
18.397214457724
18.404473783392
18.411796786966
18.419384065369
18.427255970845
18.434630580950
18.442655553357
18.507252806420
18.514192927584
18.522163162200
18.530256542993
18.538871780628
18.547629647120
18.556156071402
18.564826557057
18.573614044231
18.582407334368
18.591090942467
18.600163230109
18.790763406043
18.796107954175
18.802604496543
18.809058962642
18.815852990958
18.823123026861
18.830253442658
18.837413633440
18.844510201064
18.851591870181
18.858619159715
18.865590790352
18.872529196087
18.879417945409
18.886264087492
18.893106208133
18.900080915866
18.907526632099
18.914491534404
18.921566619584
18.929107620617
18.935206678422
18.942536521992
18.948623459262
18.955485729879
18.962074394228
18.968149192834
18.974821079309
18.981457194665
19.064788588847
19.070428430383
19.076296090739
19.083538064015
19.090369579097
19.097226368265
19.104184840316
19.111089770739
19.118017759737
19.125005011854
19.131915789521
19.138838231186
19.145824064580
19.152752022408
19.159892729763
19.167083270351
19.174308614151
19.182061171816
19.347080277640
19.354272086657
19.361918313618
19.369602737118
19.377415005241
19.385319793936
19.393270683809
19.401183194272
19.409090984105
19.417034354999
19.424934913793
19.432829850002
19.440699042140
19.448504462295
19.456152161574
19.463714001796
19.471320197582
19.478932391304
19.486739218952
19.494586046177
19.502367025717
19.510339310026
19.518088906160
19.526211037211
19.533621257199
19.602367936630
19.608529816319
19.616125714079
19.624088234955
19.632390838441
19.640564029120
19.648799130386
19.657155995398
19.664248662134
19.689229329742
19.695944683861
19.701674626424
19.708688873131
19.715944454265
19.724577693929
19.733275697416
19.742074309322
19.751048692657
19.759705392137
19.769325004356
19.936852159907
19.944721085123
19.952238723086
19.959717079399
19.967618559655
19.975420528588
19.983341753083
19.991107417520
19.999104066201

