Time_s
0.530088253386
0.535062594626
0.539936173781
0.545801156816
0.552016125807
0.558379038535
0.564610737012
0.570414798484
0.576104159484
0.581941829905
0.587576501488
0.593151548027
0.598702501519
0.604224962191
0.609733532038
0.615137264323
0.620333348029
0.625496048510
0.630505497029
0.635426067653
0.640325949831
0.645216342796
0.650094915919
0.654977755213
0.659923869900
0.664993463986
0.670210576906
0.675592584631
0.884230098365
0.889317612266
0.894671733383
0.900220837971
0.905844867150
0.911607278796
0.917389690842
0.923181685432
0.928997222847
0.934889964351
0.940729770343
0.946603371062
0.952483038090
0.958389289181
0.964301642646
0.970207729345
0.976071355171
0.981912491800
0.987751862514
0.993679745464
0.999892788476
1.006393181398
1.013418914750
1.197910545308
1.202749071791
1.208140166727
1.213730056604
1.219664882847
1.225784694236
1.232037119738
1.238298335002
1.244511898715
1.250667932704
1.256677730515
1.262725977664
1.268671582362
1.274719299081
1.280627394535
1.286614973839
1.292517501502
1.298417088560
1.304357016978
1.310305952638
1.316235646124
1.322259217153
1.328353732939
1.334480622808
1.340710578404
1.347056612873
1.353549743019
1.360211785939
1.367032385436
1.374105816964
1.381451792021
1.389210893903
1.397345732700
1.405736367240
1.414235474664
1.423247404619
1.934183923709
1.940656089805
1.946955673536
1.953083139479
1.959199658866
1.965119476855
1.970974185246
1.976737566116
1.982602830462
1.988526418090
1.993966624596
2.109879967567
2.114167727180
2.118167424643
2.122151973766
2.126688073954
2.131298801509
2.136009346312
2.140784544140
2.145597740009
2.150414350192
2.155269013505
2.160525718283
2.166311906591
2.171777891822
2.178003234655
2.332062036208
2.338386500060
2.344829613779
2.351264963707
2.357669771624
2.363808065594
2.369741938071
2.375274297282
2.380687019609
2.386154626940
2.391597334548
2.397044012451
2.402508368391
2.407987395738
2.413463184697
2.418977671274
2.424502229555
2.430028851080
2.435547974654
2.441071164137
2.446589187507
2.452128070918
2.457655480502
2.463203894434
2.468730721077
2.474270881663
2.479825928782
2.485371535412
2.490921902724
2.496506736221
2.502119069330
2.507771232140
2.513484395415
2.519249431561
2.525076909359
2.531024463297
2.537016721045
2.543212569283
2.549726336218
2.556527794646
2.563344588880
2.570174621035
2.577214280344
2.584390096771
2.591551106673
2.599085742407
2.605559812095
2.612210866842
2.618444286209
2.624455576545
2.630348331873
2.636207765580
2.642059705539
2.647888578576
2.653729603730
2.659543182151
2.665357233549
2.671170443090
2.677004095942
2.682846720182
2.688681556010
2.694455955379
2.700197961256
2.705905263079
2.711633420891
2.717355946901
2.723110880922
2.729393206818
2.897524243231
2.902120651884
2.907614892292
2.913438708951
2.919318318013
2.925254281372
2.931284779266
2.937324028657
2.943428323164
2.949530790024
2.955653276322
2.961790408097
2.967943107913
2.974098334320
2.980260752119
2.986384806420
2.992489387649
2.998570322398
3.004646768228
3.010811507341
3.017012148860
3.023270246270
3.029589596871
3.036506497558
3.043399727292
3.161612215942
3.167950425160
3.174361466722
3.180724717011
3.186974867509
3.193135658377
3.199323734255
3.205426806367
3.211493722453
3.217481359326
3.223435774762
3.229357462211
3.235200326936
3.241021439140
3.246781337669
3.252646325724
3.258669164548
3.264228548643
3.270833691098
3.335695986742
3.340492478329
3.346133488619
3.351959626138
3.357950543704
3.364196274427
3.370468114418
3.376743287421
3.383074899025
3.389402367307
3.395729664275
3.402049811006
3.408369745066
3.414638928010
3.420889137988
3.427156483584
3.433361365663
3.439600886731
3.445768755173
3.451953582250
3.458014144936
3.464129231115
3.470195466489
3.476311092560
3.482434975957
3.488584601995
3.494759143583
3.501036627213
3.507286692814
3.513975861263
3.520419048158
3.526773379998
3.533480018449
3.539814378501
3.546516225799
3.692806477528
3.698810923239
3.705448846647
3.712331299789
3.719256061385
3.726268775340
3.733249450839
3.740340089644
3.747452436546
3.754593401877
3.761738336207
3.768906565007
3.776126522082
3.783379421631
3.790679109033
3.797938394647
3.805124295827
3.812276215127
3.819456405462
3.826667941252
3.833980144414
3.841310728514
3.848653525595
3.856151450361
3.863814074221
4.067694320619
4.073482817228
4.079556126541
4.085752942383
4.092012430896
4.098311662034
4.104640427340
4.111043502265
4.117456221767
4.123891991534
4.130373814785
4.136887852113
4.143408685789
4.149964970592
4.156571061946
4.163205646842
4.169909835332
4.176791042390
4.183659887788
4.190706827939
4.197879165546
4.205345817505
4.213040710240
4.220984366942
4.229311256411
4.237360051738
4.253174110311
4.959205005966
4.965454173713
4.969913479582
4.975008599283
4.980511182725
4.986078327477
4.991610817827
4.997081381631
5.002430634148
5.007706443961
5.012989263466
5.018563602848
5.024572930273
5.030968981084
5.036879958192
5.267359354706
5.272454085450
5.277294331688
5.282656413539
5.288032529722
5.293456684971
5.298885329999
5.304315053326
5.309760756966
5.315218218821
5.320665491861
5.326135294386
5.331606282796
5.337102974266
5.342601512600
5.348127725321
5.353654042481
5.359164836176
5.364682122482
5.370183718538
5.375693863617
5.381220579436
5.386715205522
5.392235902304
5.397743404603
5.403391664773
5.409026357653
5.414785130603
5.421089849328
5.658962725905
5.664313936401
5.669867624330
5.675719741657
5.681666432585
5.687732484825
5.693807609688
5.699941191827
5.706063793272
5.712184824251
5.718299455313
5.724367829946
5.730405509716
5.736377629736
5.742216648012
5.747941697636
5.753582883664
5.759201794794
5.764948618805
5.770660991844
5.776474523629
5.782326749415
5.975345837598
5.979832883707
5.985448468751
5.991247660748
5.997174267854
6.003189838030
6.009238327628
6.015241037500
6.021447355582
6.027673632148
6.033920967075
6.040160422211
6.046411600230
6.052697109249
6.058985534317
6.065247629246
6.071489765219
6.077753223598
6.084020747141
6.090323314186
6.096630423435
6.102915102071
6.109188132496
6.115419418075
6.121669544287
6.127921380259
6.134202349869
6.140549008200
6.147057241492
6.153632912395
6.160707761514
6.167942323274
6.175427597946
6.262172436369
6.267143528073
6.273077378790
6.278993683487
6.284879832879
6.290761398618
6.296711695796
6.302680401863
6.308658007208
6.314625373361
6.320580994087
6.326527045929
6.332472001315
6.338434448883
6.344410207295
6.350356930573
6.356291838471
6.362209929840
6.368129884678
6.374051081015
6.379965854624
6.385906699273
6.391838401554
6.397770624714
6.403725768546
6.409670062995
6.415619964294
6.421575162809
6.427536962714
6.433476796034
6.439405119758
6.445344629474
6.451249428554
6.457166122897
6.463055130781
6.468946457213
6.474823110981
6.480697043039
6.486589588243
6.492497163015
6.498408267655
6.504351183986
6.510299118104
6.516259674464
6.522284939543
6.528396233530
6.534617573618
6.540531217157
6.546979863319
6.553636949654
6.720091464095
6.725460121778
6.731266357760
6.737178835005
6.743287243892
6.749460906992
6.755686603330
6.761945033495
6.768248605335
6.774577437324
6.780933327288
6.787292015011
6.793652713104
6.800020353231
6.806377836009
6.812734000655
6.819092885900
6.825435108560
6.831739704825
6.838063963670
6.844380675467
6.850698768695
6.857019677222
6.863335269875
6.869640184505
6.875941749114
6.882246134777
6.888537659384
6.894826226289
6.901106951589
6.907390424987
6.913633471685
6.919864219470
6.926079662563
6.932291297361
6.938518265462
6.944719720399
6.950951438113
6.957187011725
6.963408387832
6.969551062763
6.975632629921
6.981658952073
6.987784102033
6.993938494846
7.000261925331
7.006786732265
7.013618580466
7.020632193276
7.027211959524
7.183129675147
7.189217438744
7.195448660523
7.201768719354
7.208172561587
7.214593248204
7.221004284790
7.227414947168
7.233817468903
7.240244320481
7.246717132529
7.253285296920
7.260196078446
7.267363911727
7.274671701301
7.460453401518
7.465709969077
7.471589008919
7.477616077497
7.483869999949
7.490154066615
7.496573472697
7.503049977331
7.509616687515
7.516217466280
7.522898524500
7.529618587093
7.536384375117
7.543186842624
7.550009728569
7.556826893018
7.563688041745
7.570535564205
7.577316794775
7.584039599674
7.590739484422
7.597534245867
7.823660192392
7.830848698874
7.838007775284
7.845108906873
7.852052860003
7.858852196975
7.865521649039
7.872180611288
7.878795855350
7.885465652709
7.892119966367
7.898731349186
7.905351897530
7.911980081980
7.918619159300
7.925194890339
7.931763008857
7.938296303866
7.944830324212
7.951360732773
7.957907378962
7.964487921536
7.971096577900
7.977735433079
7.984405875395
7.991142449765
7.997741116645
8.005223883067
8.012102115388
8.019965945765
8.140977486627
8.146109117797
8.152049843479
8.158194399112
8.164486091597
8.170844457073
8.177216648040
8.183561835795
8.189902111821
8.196208017399
8.202477387553
8.208695815982
8.214876105934
8.221036603100
8.227213111415
8.233342453408
8.239505532973
8.245642321563
8.251775119986
8.257900672454
8.264018117596
8.270143576954
8.276246322999
8.282337619556
8.288410442046
8.294498647279
8.300526616281
8.306572597040
8.312578817730
8.318584661599
8.324549561251
8.330507604949
8.336464430483
8.342418605509
8.348365797333
8.354311562054
8.360259348353
8.366193026869
8.372131255661
8.378078950990
8.384034120109
8.389982850040
8.395962525311
8.401948551083
8.407952829874
8.414056382569
8.420267911876
8.426578077670
8.433009202234
8.439512083434
8.446222628842
8.453676037308
8.974588694305
8.982183397219
8.989679066329
8.997157189864
9.004584732499
9.012471854002
9.019602548587
9.026626873198
9.033602151440
9.040430717544
9.047182678031
9.053999420301
9.060821230816
9.067372893986
9.073426303065
9.079961881939
9.086463815105
9.092887086731
9.099269967780
9.105635613255
9.111985940440
9.118264283394
9.124527670224
9.130746999437
9.136939801902
9.143092505580
9.149207740849
9.155308860521
9.161372086531
9.167445485317
9.173538348401
9.179839658909
9.186447695812
9.193046003561
9.199742779877
9.206470081949
9.213131740068
9.219505556611
9.225645768886
9.231774655069
9.237901533954
9.244061611210
9.250233491611
9.256506704484
9.262777325799
9.269107672853
9.275516231329
9.281974702744
9.288770521299
9.404327886484
9.408828592723
9.413909801385
9.418899068062
9.424740334601
9.430812383796
9.437005457290
9.443243677236
9.449546550204
9.455876899168
9.462231676188
9.468632152301
9.475025002279
9.481434306287
9.487860391420
9.494301518836
9.500745241289
9.507225819488
9.513689962618
9.520182105863
9.526656041911
9.533115835880
9.539534778849
9.545893372657
9.552197856114
9.558458795064
9.564750058163
9.571231948665
9.578137716503
9.585441034472
9.710431054576
9.715855600143
9.721884822063
9.728506491410
9.735387809436
9.742360871830
9.749387931684
9.756485638834
9.763681474818
9.770930573010
9.778240666988
9.785410943873
9.792517963393
9.799519564583
9.806424458119
9.813220411241
9.820028213179
9.826938816674
9.833925137412
9.841016699571
9.848139774418
9.855262372607
9.862795567795
9.870452545645
9.878077058206
9.885793662760
9.893499158830
9.901327766834
9.925398085740
9.932951018977
9.939705762236
9.947074799666
9.954196767153
9.961292892574
9.968393935455
9.975420709591
9.982432567163
9.989439369998
9.996467365967
10.003573183011
10.010638497360
10.017701871246
10.024714279125
10.031678162132
10.038610587298
10.045520769568
10.052409492350
10.059292915433
10.066207856207
10.073205877228
10.080360880645
10.087636309721
10.095147482018
10.102784109420
10.110557472998
10.118534983678
10.126253334989
10.134066379942
10.141449645413
10.148743898705
10.156467851493
10.164507971868
10.172823779792
10.180740664719
10.188877757118
10.197156883313
10.254218034830
10.261580777509
10.268708036214
10.275881699578
10.282994738314
10.290107705982
10.297190600265
10.304225324344
10.311223656456
10.318225901204
10.325234593880
10.332247731395
10.339254983687
10.346254508362
10.353281580718
10.360369898080
10.367543295583
10.374774102930
10.382053043924
10.389449638212
10.396911255824
10.404486288583
10.412265550291
10.420226386151
10.428385530768
10.436511328745
11.120682039559
11.127647544298
11.134613947285
11.141512360700
11.148390143357
11.155217319195
11.161961729924
11.168602075386
11.175167069801
11.181639445551
11.188005698748
11.194272889144
11.200427757408
11.206516565061
11.212469654140
11.218315488686
11.224074895869
11.229784751817
11.235461572428
11.241106157446
11.246748429322
11.252420845384
11.258029755549
11.263628111981
11.269189929984
11.274697445159
11.280127832314
11.285445880568
11.290672703162
11.295778603137
11.300804260147
11.305805930522
11.310814889708
11.315924060545
11.321107544268
11.326510488251
11.332145442846
11.337876217750
11.432350906521
11.437270217760
11.442288201937
11.447350323147
11.452470198079
11.458032405565
11.463233151526
11.468504939493
11.473805951542
11.479081999346
11.484406341448
11.489751160159
11.495043959758
11.500365459522
11.505686216427
11.511055992874
11.516390168446
11.521696742785
11.526976321173
11.532232772532
11.537465066323
11.542702318431
11.547922742078
11.553123858090
11.558329241951
11.563534880766
11.568757148297
11.573991669134
11.579253446926
11.584689839962
11.590412759859
11.733307153578
11.738769647994
11.743739822487
11.748680190104
11.753661093035
11.758842398669
11.764201351972
11.769620412180
11.775191001971
11.780825020364
11.786316620995
11.792102481515
11.797976118455
11.803772112799
11.809617802723
11.815466987392
11.821333945523
11.827214942459
11.833082408249
11.838979406386
11.844830449015
11.850696059954
11.856544137075
11.862403897565
11.868242785837
11.874078383401
11.879899802670
11.885735341773
11.891569697689
11.897410517809
11.903259007721
11.909133046490
11.915151139745
12.047989722782
12.052822891110
12.058294984377
12.064091159107
12.070061797342
12.076087248071
12.082189138769
12.088309054675
12.094420948488
12.100542214996
12.106689456490
12.112791678631
12.118846994037
12.124878131111
12.130928273329
12.136935605856
12.142930472839
12.148921316008
12.154926897741
12.160878469653
12.166835566882
12.172749814193
12.178746459748
12.184853878076
12.190845508090
12.528537708201
12.534451335203
12.540429692704
12.546527053112
12.552635933875
12.558872327225
12.565101453333
12.571329896968
12.577628561768
12.583904328037
12.590166765746
12.596451602495
12.602736029850
12.609028713504
12.615281155212
12.621500824162
12.627708569220
12.633910323337
12.640086559199
12.646249195272
12.652392265159
12.658501979918
12.664621774894
12.670728973014
12.676822476878
12.682888001058
12.688941673743
12.695004779589
12.701071543283
12.707168758607
12.713295546274
12.719528029121
12.726151050983
12.734067699202
12.857527653344
12.865217638164
12.871857253242
12.878866373208
12.885823138950
12.892819699157
12.899846597757
12.906851775336
12.913834256712
12.920863329262
12.928032696364
12.935064372037
12.942121319847
12.949182448123
12.956220452245
12.963248805432
12.970278961779
12.977317662088
12.984387024430
12.991507657763
12.998658344948
13.005883900766
13.014000473433
13.021598437823
13.029177801044
13.036941831019
13.044723444681
13.052833008349
13.081482104944
13.088190004414
13.094811121043
13.101392754635
13.107983568222
13.114520446819
13.121003833550
13.127438993020
13.133844353988
13.140231132911
13.146606772153
13.152987180580
13.159351985729
13.165717476976
13.172056919609
13.178393735966
13.184787622130
13.191278487160
13.197849599391
13.204549299235
13.211372795664
13.218292362357
13.345608842576
13.347888977501
13.349681408418
13.352152783250
13.356690530910
13.359188297472
13.361572992760
13.363960210716
13.365800572142
13.367740911289
13.369407572570
13.371699087274
13.373342869093
13.405735976380
13.411700474193
13.417981127923
13.424385351107
13.430830736466
13.437319669743
13.443748159701
13.450218091538
13.456676162932
13.463120480722
13.469572039882
13.476024090558
13.482451138251
13.488904544843
13.495407295815
13.501853898348
13.508324762976
13.514836936776
13.521328135276
13.527861129834
13.534368522888
13.540956708457
13.547580190241
13.554238075795
13.560968543755
13.567702193472
13.574504417159
13.581327568477
13.588466732296
13.595746816408
13.602413727180
13.727722621045
13.734102776681
13.740245175397
13.746892534524
13.753702923234
13.760576093228
13.767548623991
13.774572151977
13.781666000598
13.788819871291
13.795999299013
13.803210820492
13.810438347333
13.817693513311
13.824981430647
13.832286724774
13.839582599151
13.846898368755
13.854203341880
13.861499325055
13.868811007632
13.876079815810
13.883212160268
13.890256845711
13.897308573407
13.904628205630
13.912372105029
14.032722144752
14.039515327641
14.046491123921
14.053637602049
14.243523392464
14.248466858561
14.254570563456
14.260792457131
14.267120923902
14.273506671701
14.279907537383
14.286343407148
14.292792672219
14.299271997662
14.305779981413
14.312310419555
14.318906503851
14.325597550968
14.332436910410
14.339395539403
14.346456625923
14.353641929064
14.360930904309
14.368324382165
14.375851102833
14.383484130024
14.391296013871
14.399529203287
14.407205345250
14.415112522423
14.422932339460
15.182703532412
15.188187280472
15.193158548515
15.198094266972
15.203637804586
15.209127568285
15.214672362417
15.220209135461
15.225761465461
15.231429845627
15.237606572204
15.244268347882
15.319357960056
15.323678092045
15.328724893365
15.334069977244
15.339438999640
15.344808201556
15.350237753657
15.355702224073
15.361189702415
15.366701124668
15.372240875757
15.377849544694
15.383458803930
15.388935588954
15.394459049485
15.399966566467
15.405513458859
15.411052562415
15.416690190701
15.422508308169
15.428383738449
15.434852122314
15.502493082595
15.505042311748
15.507598560775
15.509578020351
15.513963776316
15.515942331621
15.517945302166
15.520256605477
15.522652372367
15.605528145982
15.616800119181
15.621953411918
15.627475434924
15.633134017053
15.638839126887
15.644562491569
15.650331778043
15.656248161397
15.662628963807
15.669099832214
15.675534262022
15.682341413826
15.689325858364
15.695904609432
15.703942824105
15.710573654510
15.716814164919
15.723016240569
15.729118606129
15.735468403570
15.741855464109
15.748396520926
15.755067591408
15.761703670932
15.768227895534
15.774456114341
15.780487861105
15.786414629487
15.792243331169
15.798052732391
15.803801342959
15.809560113803
15.815315752877
15.821043891424
15.826792201123
15.832530328230
15.838306446873
15.844078199184
15.849868600530
15.855652596690
15.861424004444
15.867184309042
15.872941887780
15.878691240151
15.884488718783
15.890388237339
15.896436308901
15.903098218698
15.909899959117
16.076569164342
16.081205785330
16.086947414811
16.092756034327
16.098621793400
16.104561323435
16.110571724012
16.116623029815
16.122691379782
16.128772239536
16.134867717145
16.140935792640
16.146977781862
16.152984381059
16.158966668618
16.164921339741
16.170858722679
16.176783792465
16.182722955035
16.188647571437
16.194600346280
16.200566731620
16.206591552830
16.212704509791
16.218932256078
16.225418680435
16.232163791400
16.330095076696
16.336850399358
16.341711854454
16.347159943645
16.353272236874
16.359573066435
16.366028114670
16.372617174808
16.379367887217
16.386321132640
16.393165288176
16.399944635779
16.406806243735
16.413840226645
16.421222859162
16.522870112983
16.528438621669
16.534123751337
16.540780556017
16.547684767971
16.554878133698
16.562170631469
16.720408834577
16.727040351010
16.733427132090
16.739583888616
16.745654371304
16.751693455941
16.757654816649
16.763536802301
16.769330502943
16.775035673074
16.780668608413
16.786256712521
16.791811814885
16.797341964244
16.802842908017
16.808309324318
16.813752311912
16.819147524595
16.824497677848
16.829792076964
16.835059109466
16.840271342941
16.845457823481
16.850631933680
16.855773300691
16.860897195339
16.865989572208
16.871079716483
16.876153325715
16.881241541733
16.886329194870
16.891451199664
16.896580851453
16.901740969369
16.906974362054
16.912224079089
16.917552001067
16.922942783048
16.928431767067
16.934065501501
16.939835140760
16.945765404341
16.951757976302
16.957870877901
16.964127800903
16.970389999223
16.976819406971
16.983196406615
16.989588694147
16.995935376216
17.002203844813
17.008437652940
17.014629023510
17.020841167431
17.027110921830
17.033467135542
17.039855141963
17.046282711313
17.052784618708
17.059273384978
17.065787191334
17.072282028721
17.078772236151
17.085233284931
17.091647537393
17.098040088028
17.104405483059
17.110748289093
17.117074585704
17.123378953139
17.129655111473
17.135859442440
17.142105953441
17.148422022014
17.154770272544
17.161135228012
17.167523964993
17.173829279433
17.181395412321
17.187840399951
17.194532281314
17.201348885407
17.208385706233
17.216182479838
17.223471788273
17.230945929420
17.238633129062
17.245991204956
17.253734026278
17.260895296574
17.267448098704
17.273645971675
17.280285367526
17.287030695884
17.293825398258
17.300591954776
17.307380510767
17.314153205538
17.320895346843
17.327604157551
17.334266416104
17.340910063900
17.347523368282
17.354104082784
17.360658563486
17.367181033721
17.373684287396
17.380190324441
17.386685127877
17.393155832942
17.399606534233
17.406035560650
17.412439586691
17.418820483530
17.425165756359
17.431513683509
17.437861245534
17.444217024796
17.450549407663
17.456891671561
17.463254080350
17.469588162770
17.475898406412
17.482231278027
17.488512917194
17.494793890255
17.501073178901
17.507346704958
17.513624726858
17.519906399289
17.526185843226
17.532441416048
17.538694312958
17.544959013531
17.551181251876
17.557316281900
17.563423003286
17.569827510860
17.576426082409
17.583109256429
17.589811913054
17.596581379232
17.603391796360
17.610214126340
17.617122868091
17.623903973505
17.706771537801
17.712401903683
17.718526477985
17.724908558769
17.731495850056
17.738299537230
17.745254439830
17.752307360138
17.759285406801
17.766420596936
17.773594434242
17.780744583752
17.787888594686
17.795015305341
17.802157929889
17.809251106084
17.816332356688
17.823402515188
17.830453907959
17.837500844425
17.844507218793
17.851512838098
17.858523456936
17.865590098011
17.872638101838
17.879691977854
17.886760090086
17.893806537569
17.900818579798
17.907803498242
17.914887200234
17.921973071847
17.929110431210
17.936218602566
17.943391931321
17.950570066403
17.957790276132
17.965081135000
17.972430622902
17.979892750141
17.987407462290
17.995072758112
18.002786356414
18.010710699722
18.018513159889
18.026791044647
18.471618891638
18.478190500813
18.484619148323
18.490996756365
18.497326918002
18.503607464432
18.509834196193
18.516046766672
18.522201494138
18.528372062511
18.534588796149
18.540817300060
18.547064021737
18.553276871186
18.559495844017
18.565639867209
18.571768060168
18.577896629900
18.584016182524
18.590067893699
18.596124061729
18.602147160156
18.608177972047
18.614237578299
18.620317919716
18.626423025492
18.632561554127
18.638787878313
18.645195486400
18.651732002437
18.658442114401
18.665403543275
18.672584113632
18.679438109104
18.686845543683
18.717328111201
18.724372713536
18.731014550822
18.737569734227
18.743920585116
18.750242405144
18.756543143587
18.762798101228
18.769086290015
18.775421326099
18.781807318980
18.788200952363
18.794587219829
18.800966914903
18.807345592216
18.813770915850
18.820219198579
18.826673966102
18.833273416614
18.840901963026
18.847539578427
18.854124014813
18.860806743172
18.867419165381
18.873919336009
18.880336384743
18.886683399952
18.892894292691
18.898557517056
18.904869508780
18.911184773149
18.917470403765
18.923720347475
18.929999476721
18.936240279352
18.942493003019
18.948714716718
18.954908299508
18.961063019721
18.967177059115
18.973272684644
18.979344179693
18.985430399174
18.991490514830
18.997628736786
19.003940096733
19.010107373195
19.016234918691
19.022398789360
19.028631445868
19.034874337955
19.041197578317
19.047666708745
19.054148876676
19.060754454103
19.067600903025
19.074404494450
19.081193122843
19.088184901537
19.094952363754
19.101815090349
19.108847242476
19.115883346606
19.122511275495
19.129332715674
19.135842472585
19.142271264671
19.148640732073
19.154954506415
19.161301219690
19.167752969690
19.174234435198
19.180752104714
19.187307677317
19.193908581725
19.200501027919
19.207086018306
19.213677212344
19.220280329711
19.226877925587
19.233485720692
19.240095634623
19.246698044584
19.253326039371
19.259981710193
19.266620355036
19.273289782498
19.279936210252
19.286724021500
19.293538165053
19.300533691833
19.307646493912
19.314916806730
19.322156991618
19.329491375505
19.336969514286
19.344476507909
19.351913408827
19.359004920792
19.365820409680
19.372471548043
19.379137519909
19.385956420111
19.392615213886
19.399398603758
19.406092715569
19.412875394805
19.419604275480
19.426334909533
19.432989995309
19.439607544938
19.446230809589
19.452806947716
19.459345102038
19.465846697120
19.472288031227
19.478691257779
19.485030050790
19.491309822103
19.497546475307
19.503739038126
19.509930178230
19.516129046084
19.522325511988
19.528522419466
19.534738783050
19.540957059533
19.547225629498
19.553591867907
19.559987368384
19.566440011142
19.572922062565
19.664035876063
19.670602877729
19.677039610512
19.683462815193
19.689919251624
19.696402762196
19.703013468794
19.709698280641
19.716482209714
19.723388305040
19.730376530812
19.737395201270
19.744508369214
19.751680474733
19.758870499074
19.766083620433
19.773311116250
19.780556138414
19.787850950181
19.795155343306
19.802494515559
19.809847433120
19.817234950683
19.824682053565
19.832346310821
19.839944881151

