Time_s
0.445424895766
0.452867025454
0.460221937907
0.467759479230
0.475322117041
0.482695389745
0.490167267320
0.498011625533
0.505718076587
0.513493348620
0.521239620877
0.528995462864
0.536809349997
0.544656076793
0.552684898847
0.560807609070
0.569083899493
0.577251339804
0.585923229045
0.594861667536
0.603752418791
0.812732587741
0.820456600844
0.828368470038
0.836301535400
0.844120388958
0.851869243812
0.859536093555
0.867113188620
0.874721202230
0.882017942294
0.889338408463
0.896423316408
0.903482020874
0.910463017933
0.917491815241
0.924498093178
0.933168423408
0.940111160653
0.946674789031
0.953126840759
0.959608263335
0.966404792892
0.972885018986
0.979413628890
0.985999432483
0.992283032023
0.998830130120
1.005483433032
1.200357165026
1.207374781171
1.214542917927
1.221828375364
1.229232679685
1.236686612846
1.244216994351
1.251741580603
1.259263602984
1.266831674643
1.274359936777
1.281948977088
1.289558924440
1.297274804221
1.304961706410
1.312705629253
1.320582230323
1.329480986376
1.337364600371
1.345630324871
1.353924508373
1.362240239293
1.370662538596
1.379061857720
1.387527247740
1.395953026322
1.404565017943
1.413059681818
1.421621602332
1.429437372269
1.437938092150
1.446303886929
1.454700079907
1.463146026603
1.471744526533
1.480238597080
1.488839351361
1.497435471118
1.505994300570
1.514520371593
1.523146558117
1.531719406180
1.540361648159
1.731558732205
1.740388629158
1.749275680801
1.758457008435
1.767979345038
1.777411292307
1.787041938103
1.796574331742
1.806000274768
1.815430711388
1.824967424531
1.834412670047
1.843905996279
1.853458756426
1.863120856313
1.872752860121
1.882523060595
2.497919950254
2.506992098041
2.516043401612
2.525216535150
2.534371626461
2.543430495033
2.552417077422
2.561399639234
2.570294404016
2.579178670126
2.588006003360
2.596826147402
2.605537216254
2.614096663625
2.622752046971
2.631355811097
2.639895866536
2.648423777546
2.656990505820
2.665603408842
2.674164188886
2.682714628708
2.691349013563
2.700029941001
2.708769927849
2.977644663291
2.987223812690
2.996986083792
3.006536617084
3.016355756471
3.026246266313
3.207239538701
3.215400076546
3.223660996805
3.232486941991
3.241171108593
3.249855399379
3.258504273389
3.267191289476
3.275930221448
3.284660134397
3.293368663579
3.302107837825
3.310782389540
3.319295439167
3.327904267666
3.336366363914
3.344859093812
3.353461635180
3.361930358464
3.370456075425
3.378883492785
3.387260503295
3.395589856146
3.403960384092
3.412280653713
3.420687466479
3.429020894271
3.437450223216
3.445865119593
3.454068129941
3.462347471379
3.470400798294
4.050397106146
4.059696115865
4.068991852885
4.078395780962
4.087770401207
4.097096460887
4.106381276884
4.115739543578
4.125163357417
4.134706279233
4.144310344871
4.153835925430
4.163532514466
4.173415216306
4.183558973664
4.193535468726
4.203625016853
4.213759914226
4.223963837208
4.234366437513
4.245849830315
4.569727664302
4.578255493465
4.587035348723
4.595912457578
4.604753821384
4.613712433711
4.622814654093
4.631955399012
4.641292626863
4.650797100363
4.660365657740
4.669601738358
4.679124109633
4.688799161830
4.698404056115
4.708004680782
4.717679796118
4.727398786401
4.736979280192
4.746395629737
4.755607219473
5.230558044210
5.239980508305
5.249035825388
5.258218159840
5.267894190354
5.276843041967
5.285700088484
5.294407958729
5.302929637292
5.311178961150
5.319390483679
5.327579117347
5.336471414609
5.345452254276
5.353680650065
5.362002355378
5.370501597143
5.378772692924
5.387032959541
5.394873921866
5.402722795326
5.410349975811
5.417973134547
5.426115412977
5.434288505422
5.442316964222
5.450408494129
5.458529425930
5.466959863869
5.475469894487
5.484154192026
5.493018819508
5.501731298636
5.510746671951
5.519796985492
5.528920108320
5.538176009062
5.547419240972
5.556529819154
5.565872147010
5.575463956417
5.585167729206
5.594995383528
5.604883632612
5.886884530674
5.895838514334
5.904675621398
5.913402835037
5.922021435855
5.930593214156
5.939209855180
5.947798524308
5.956399236156
5.964953679914
5.973332398494
5.981723279021
5.989993697122
5.998286360570
6.006337736605
6.014468219084
6.022340976945
6.030154365859
6.037883990943
6.045590404011
6.053360958468
6.061062571024
6.068726704652
6.076594484957
6.084411446734
6.092562965119
6.100316819754
6.108181564177
6.116010700111
6.123784577971
6.231884919085
6.240706396921
6.249165743992
6.257615863299
6.266208877622
6.274802640723
6.283435408300
6.292059749418
6.300742305013
6.309493434993
6.318292853986
6.327153292782
6.336018970356
6.344913572495
6.353804355131
6.362853146796
6.371933154652
6.381173846619
6.390878946700
6.400327865424
6.532620336603
6.542829381567
6.552266931037
6.562352405291
6.572659652767
6.583190007877
6.800856138164
6.809814736438
6.818808033992
6.827777222858
6.836792760114
6.845834269185
6.855034688236
6.864360035175
6.873695588107
6.883171000980
6.892785880876
6.902180124709
6.911405024859
6.920933750765
6.930797651651
6.940521670826
6.950307523686
6.960854010084
6.971088163116
6.981312264080
6.991368185677
7.001937412430
7.012089743709
7.022226554697
7.032549453270
7.042627404106
8.125943898279
8.132800187620
8.139558120287
8.146546443212
8.153521056938
8.160599899833
8.167851821920
8.175046711847
8.182331562218
8.189718182381
8.197305874269
8.205011699493
8.213021634798
8.221351970048
8.230152536800
8.239810143799
8.249770623095
9.128979503305
9.136734573815
9.144719350594
9.152714326721
9.160604248146
9.168398527113
9.176178688673
9.183890514903
9.191612938919
9.199250440894
9.206781210541
9.214236476018
9.221734492730
9.229146415846
9.236541639020
9.243883200888
9.251202745736
9.258465740818
9.265731178935
9.272922211232
9.280087077187
9.287185001997
9.294254991073
9.301330361512
9.308290935081
9.315386249099
9.322509842183
9.329609355994
9.336736426009
9.343892206834
9.408874044724
9.416139918555
9.423701129022
9.431428744187
9.439221002705
9.447146678455
9.455300235028
9.463764052162
9.472421290916
9.481471892476
9.490523831430
9.658914585778
9.667767184209
9.678658093280
9.689293628348
9.862924961349
9.869937818877
9.878573451610
9.887161740407
9.895767067096
9.904378318969
9.913108684319
9.921876082059
9.930694329557
9.939488727242
9.948259840989
9.956944705583
9.965623305004
9.974268881588
9.982802835451
9.991356340770
9.999946835683
10.008537125639
10.017114690334
10.025784876485
10.034556301950
10.043150027830
10.158666132608
10.167983946272
10.176800240348
10.185951776411
10.195252677482
10.204636070309
10.214044230865
10.223538730935
10.233037441430
10.242164319000
10.251556880696
10.261057114060
10.270662017183
10.280182121549
10.289670126443
10.299116690131
10.308533971979
10.317967034638
10.327410670554
10.336893274432
10.346407509029
10.355926627425
10.365478253345
10.374748097182
10.384089184873
10.393435166758
10.402630949332
10.411679024170
10.420862910259
10.430291733477
10.439749996592
10.449305047359
10.458893887479
10.469048323390
10.478422524444
10.728247398395
10.737418436652
10.746377075060
10.755279622052
10.764116557079
10.772869527080
10.781896851528
10.790723189673
10.799499671960
10.808217400891
10.816900335258
10.825542537811
10.834150852623
10.842737267467
10.851184734171
10.859791210328
10.868440081746
10.877090454754
10.885767360790
10.894181601608
10.903220847590
10.913738029296
10.924427679443
11.109317896934
11.113736133910
11.117970381664
11.122359296847
11.126949652575
11.131364440217
11.135189795842
11.138441812999
11.142425598930
11.145773616156
11.148844922805
11.152177975308
11.156050827180
11.160481790637
11.164378295103
11.168331437865
11.172149003385
11.176451829941
11.180317418373
11.184418857323
11.188402024786
11.192662696540
11.196577640329
11.200654732855
11.204539627076
11.208482749727
11.212270474023
11.216199063972
11.220106994287
11.223722938857
11.227935149844
11.233125009918
11.238258678886
11.243167566858
11.248140900118
11.253100933822
11.257904654102
11.262434783980
11.875490242689
11.883248215407
11.891330583433
11.899534565145
11.907722446871
11.915931447222
11.924192252678
11.932519616048
11.940913840914
11.949218881753
11.957484056867
11.965677848183
11.973812414259
11.981893491834
11.989984860442
11.997869922732
12.005794742016
12.013700525413
12.021626017670
12.029653104550
12.038070328549
12.043768201638
12.048309039458
12.052509043025
12.057808452579
12.063041966565
12.068800825746
12.074109424901
12.079733293021
12.214545440121
12.224104305943
12.233234184501
12.243353940987
12.252162786851
12.261907750764
12.271890466322
12.282544905516
12.471612276437
12.479757321056
12.488348162128
12.496901027250
12.505355271981
12.513813438115
12.522314095073
12.530819367997
12.539345706494
12.547894426435
12.556410452781
12.564937769764
12.573483291401
12.582055763226
12.590665569887
12.599277238378
12.607872172094
12.616534709139
12.625215219325
12.633897123017
12.642585579704
12.651252346655
12.659858467562
12.668521154933
12.677193858376
12.830253751594
12.839280245399
12.848645520033
12.858046589651
12.867576257956
12.877160031932
12.886817246278
12.896470341657
12.906077238757
12.915885059793
12.925878001245
12.936020080039
12.946168836958
12.956366831380
12.966703695397
12.977005188488
12.987412633573
12.997782115290
13.008172322858
13.018523999838
13.028883776115
13.039322725858
13.049776724653
13.060379503262
13.071061733305
13.080751547907
13.123685792660
13.127355084270
13.131384561186
13.135447868836
13.139323070057
13.143070204782
13.146074513183
13.149351513748
13.153172626780
13.169334783860
13.178275817286
13.188578705078
13.198662797707
13.208940795266
13.219819040349
13.396319571786
13.406433219325
13.416283539178
13.426167420381
13.436470652100
13.447312005692
13.457751425072
13.468292503009
13.478828652015
13.489517235383
13.500014308103
13.510377315483
13.520442724407
13.583856669951
13.591673864722
13.600680153824
13.609182882018
13.617452429150
13.626242018730
13.634947961943
13.643539110700
13.652105323419
13.660478128282
13.668759500994
13.676916004254
13.684963098340
13.692987851768
13.701031986330
13.709061404902
13.717037234103
13.724876359480
13.732703627009
13.740433098630
13.748186909273
13.755856629146
13.763540253845
13.771243426950
13.778946445298
13.786662928781
13.794414197517
13.802239852083
13.810238218346
13.818346976026
13.826118601336
13.834025654134
13.841943522492
13.849930068715
14.015707600691
14.025317401768
14.034332109579
14.043729365187
14.053219646276
14.062705164911
14.072336914663
14.081968671522
14.091739029026
14.101608592973
14.111509792743
14.121370165046
14.131413940220
14.141548215728
14.151713455073
14.162127264974
14.172260554631
14.182688166704
14.192808600252
14.203177992038
14.213383259538
14.223624655970
14.234256731993
14.244179614803
14.254276894801
14.264556054601
14.274257706911
14.284474286088
14.294373640308
14.947228888575
14.956305732698
14.964734026441
14.973157373788
14.981434607722
14.989650293173
14.997839768648
15.006039163044
15.014230432863
15.022356880486
15.030475206629
15.038556508566
15.046722788040
15.055025303646
15.063437207266
15.071999787260
15.080653673433
15.089634841305
15.098895128319
15.108234476741
15.117900800209
15.127521002342
15.137400839263
15.147254816778
15.157030471729
15.167174913432
15.178098502571
15.188116413484
15.198379229401
15.209520781226
15.219486325650
15.792563581872
15.796300970016
15.800002558581
15.804079806851
15.807869010215
15.811987034463
15.815798176526
15.819500909998
15.823518783168
15.826960033512
15.830747499644
15.835009627359
15.839312344513
15.848488478786
15.857499723292
15.865601294717
15.874234623878
15.882759810223
15.891202003215
15.899541800413
15.907803981996
15.915945661563
15.924010706431
15.932008671940
15.939935421464
15.947716457755
15.955375840481
15.962984137452
15.970742955477
15.978178120418
15.985466417721
15.992651868748
15.999784154142
16.006822210226
16.013746152304
16.020529228980
16.027260448368
16.033976444400
16.040725818481
16.047489295597
16.054302502994
16.061769785326
16.068430267899
16.075221613327
16.081997363175
16.088719396914
16.095513050023
16.102381967460
16.109314908583
16.116189381281
16.122884870404
16.129627986952
16.136281187855
16.142854187953
16.149337378544
16.155758388245
16.162195324499
16.168608525512
16.175038695658
16.181469305187
16.187880907318
16.194302997955
16.200736371227
16.207171354360
16.213592488069
16.219991966628
16.226410188214
16.232782294862
16.239170286570
16.245636612046
16.252199830306
16.258806571020
16.262575272210
16.265071298988
16.267734100969
16.270140488912
16.272709108699
16.275280249958
16.277883858696
16.280096488716
16.282637660680
16.285316705194
16.287803812062
16.290013326065
16.292353733963
16.294726253249
16.297009485686
16.299111164660
16.301286401102
16.303425054675
16.305242051164
16.307763564086
16.310249961413
16.312513505886
16.316664495908
16.322965973584
16.326877290985
16.330419613359
16.334399057506
16.338395700782
16.453157944413
16.461638757202
16.470377108362
16.479051386834
16.487877284898
16.496861648829
16.505807410746
16.514787310843
16.523982645223
16.533055169453
16.542219302857
16.551395614216
16.560535746930
16.569628888496
16.578592187053
16.587625222261
16.596738912026
16.605825923489
16.614918887950
16.624095565624
16.633119977563
16.642047533281
16.650891679057
16.659763979826
16.668499793744
16.677268051329
16.685775121947
16.694182445664
16.702753062794
16.711133500322
16.719667548674
16.727730365775
16.736262518596
16.744241617282
16.752942534076
16.760622008281
16.769362934050
16.777061487054
16.785731885791
16.793703170731
16.801744835137
16.809420561954
16.817269107831
16.824850627561
16.832516660894
17.076719221952
17.081057092927
17.085290217542
17.089404446603
17.092759274877
17.096300368014
17.100376721807
17.104708528277
17.110298995112
17.114345286327
17.119295691010
17.123839695610
17.128758480052
17.133667290000
17.138022188319
17.143147612195
17.147770914023
17.152298113185
17.156795375696
17.161340451271
17.165238654790
17.169051127079
17.172923989135
17.176664432437
17.183668905262
17.192113119714
17.200694393240
17.209233663697
17.217707608639
17.226056539822
17.234301258049
17.242502480625
17.250683254126
17.258861178142
17.266992934366
17.275128316182
17.283256111697
17.291363907214
17.299362654152
17.307357030811
17.315351418806
17.323321221138
17.331320447658
17.526290732982
17.531796077292
17.536454711105
17.541499912450
17.547063492063
17.552953512023
17.558901413212
17.565214399195
17.571726522346
17.578370972649
17.794335353697
17.803194010634
17.812467119529
17.822078159987
17.831799847134
17.841762734760
17.851873791006
17.861653933374
17.871465576589
17.881260967459
17.891069905109
17.900708921231
17.910308527645
17.919789244266
17.928961127474
17.938244750480
18.500233019241
18.503654410602
18.507499175654
18.511181202887
18.515089097168
18.519041194906
18.522643894717
18.540019363954
18.547554107813
18.555879261843
18.564295282015
18.572539714384
18.580722094541
18.588905078217
18.597009804645
18.605034258387
18.612927300508
18.620757378834
18.628514993793
18.636257718384
18.643943294831
18.651618003666
18.659256850322
18.666766551299
18.674235697405
18.681611847223
18.689343109469
18.697090667489
18.704765359215
18.712336028353
18.719826318540
18.727318419702
18.734718308263
18.742077997843
18.749495166850
18.756399067402
18.763210469031
18.769891858120
18.776894468078
18.784026171290
18.791210286004
18.798425090260
18.805619730966
18.812817816861
18.820073127686
18.827363533763
18.834694169485
18.842000550741
18.849240332802
18.856502584162
18.863789443733
18.871097568940
18.878510903851
18.885921446728
18.893213255526
18.900660427899
18.908077476761
18.915587944990
18.923102584176
18.930754414740
18.938676567244
18.946563077568
19.075198780593
19.083789933036
19.091794339341
19.100010718151
19.108093083102
19.116182369837
19.124299327654
19.132411207673
19.140494674462
19.148635552798
19.156664219146
19.164701354190
19.172875277306
19.181058857909
19.189284299889
19.197531375694
19.205781381631
19.214042107901
19.222287241605
19.230512064108
19.238731159824
19.247024098883
19.255264249300
19.263240103304
19.271318335057
19.279285572597
19.287289709131
19.295266187232
19.303348201294
19.696358838386
19.705180940127
19.713669805747
19.722180142203
19.730799314559
19.739505262477
19.748267917924
19.757132733057
19.766124225501
19.775202569686
19.784351574480
19.793413003859
19.802482651307
19.811720792064
19.821052669775
19.830056159350
19.839117804583
19.848605264909
19.857626379444
19.866829913790

