Time_s
0.527478035899
0.535964288121
0.543350445482
0.551230656706
0.558813282903
0.565949082934
0.572854491861
0.579610967750
0.586192400898
0.592594824927
0.598758766837
0.605021245129
0.611088530574
0.617007078617
0.622924842164
0.627765528022
0.633564131887
0.638939808597
0.643869830893
0.649482217072
0.654848974384
0.660318611148
0.666036938295
0.671714286047
0.803790273453
0.811412469534
0.819574393655
0.828259236920
0.837066363680
0.846079861796
0.855223271352
0.864697512550
0.874250754558
0.883909065281
0.893736687455
0.903734366488
1.108009825063
1.117227062218
1.126711834445
1.136284391560
1.145884733129
1.155805264169
1.165892473837
1.176243031687
1.186753904831
1.197472788371
1.208333692110
1.219605677737
1.231634923384
1.908477203266
1.918321325063
1.927115807738
1.935852864843
1.944490053812
1.953004740517
1.961423406954
1.969647331603
1.977719083103
1.985751894045
1.993578825979
2.001267956725
2.219901605635
2.224573673628
2.228886933660
2.233711617474
2.238647260617
2.243665506958
2.248711052477
2.253752384200
2.258834461462
2.263972582532
2.269162958300
2.274429864020
2.279760097631
2.285169339345
2.290718059926
2.297020932213
2.302851033901
2.307510425601
2.313017697141
2.318451813942
2.323721690431
2.328879961695
2.333895887455
2.339301973556
2.344973889848
2.402984725840
2.411498208940
2.421130146660
2.430129037654
2.439146367245
2.448477810913
2.458265384160
2.468920234709
2.519307392383
2.527418533839
2.535999005840
2.544605293508
2.553237123603
2.561976979295
2.570737440646
2.579662531818
2.588688193580
2.597865314245
2.606758270631
2.615879379649
2.624937934327
2.634113889610
2.643282672702
2.652419958506
2.661609898537
2.670806078711
2.680242228158
2.690046690397
2.700397453732
2.791008162869
2.798470180378
2.806079116812
2.813506157392
2.820708050079
2.827795076910
2.834796125474
2.841756831343
2.848595855450
2.855422718393
2.862158056484
2.868892659735
2.875569409673
2.882355752145
2.889237958221
2.896461945806
2.903290685591
3.053640719404
3.060916181391
3.068938517222
3.077418476768
3.086105986116
3.095023229286
3.104047092950
3.113197398137
3.122367969437
3.131548069334
3.140688695794
3.149773572487
3.158942624828
3.168091270704
3.177192695131
3.186724807782
3.196966406317
3.260163791764
3.267861453901
3.277308439344
3.287173870405
3.296809411356
3.410036863151
3.419616127429
3.429175798143
3.439760995265
3.450765448111
3.461238314526
3.471810137011
3.482106249480
3.492180916703
3.502256604385
3.512307516340
3.522558889870
3.533051401704
3.543373665410
3.669817246174
3.680190358689
3.690482894144
3.701149917717
3.711703457263
3.722319688923
3.732828395483
3.743409626769
3.753809727271
3.763765825118
3.773335599947
3.782667889895
3.792069534704
3.801551030493
3.810980866856
3.820714770266
3.830582290620
3.838957896378
3.848792621022
3.858203406698
3.867460078572
3.876911784721
3.886771303447
5.078658538714
5.084392436944
5.090575005840
5.096747275585
5.102872373121
5.108979347307
5.115050043372
5.121093252854
5.127072176024
5.133032806067
5.139003622533
5.145274785175
5.151616524794
5.158009628920
5.164225425504
5.170548922615
5.176814907804
5.182847950986
5.188815244028
5.380777632649
5.389083020469
5.397922488548
5.406993033974
5.416274412668
5.425553276112
5.434738839817
5.443775757063
5.452667936033
5.461432667424
5.470226280113
5.478941116970
5.487796900619
5.496800212435
5.649675625371
5.659088019985
5.668824089540
5.678750851398
5.804003551678
5.811817675875
5.819761476926
5.827737362932
5.835809960167
5.844025462549
5.852182163812
5.860303244539
5.868401330239
5.876562367374
5.884644401347
5.892703336450
5.900581493198
5.908583035542
5.916659137816
5.924557811299
5.932571947534
5.940636715883
5.948788965178
6.046029734603
6.054784916768
6.063306235045
6.071704298452
6.080935214537
6.090356228843
6.099899418817
6.109740394137
6.120158059118
6.130913864068
6.141839572144
6.153879537652
6.318792260401
6.327797358970
6.337233697109
6.347183412734
6.357501504357
6.368515800753
7.096216002677
7.103238875560
7.110502698683
7.117869513601
7.125313366723
7.132888008324
7.140555179066
7.148109584335
7.155677759615
7.163023912858
7.170316730931
7.177401384029
7.184412124018
7.191365803654
7.198118396281
7.204800123041
7.211286250036
7.217787950125
7.224212228503
7.230598968439
7.236858861106
7.243033228782
7.249150788666
7.255278930106
7.261498338268
7.268055603538
7.274780238661
7.281568514561
7.442991930075
7.451007604736
7.459461978134
7.468255666359
7.477301129841
7.486404284804
7.495580914854
7.504745811594
7.514078857766
7.524009724410
7.533551080649
7.542765155949
7.551856109414
7.707264494678
7.716049114381
7.724850559913
7.734019129328
7.743181996523
7.752621368213
7.762146120717
7.771725769626
7.781452862820
7.791466752676
7.801841544056
7.812274808281
7.822571442927
7.832816570158
7.977113413188
7.986859249740
7.997281182380
8.008093998343
8.018764291652
8.029575551661
8.040327985802
8.051210217518
8.061968432539
8.072742888916
8.083671076472
8.094741768811
8.105303726647
8.115801530749
8.143140362083
8.152931605488
8.162668732905
8.172508942438
8.182237678531
8.191718250292
8.201483190845
8.210853470322
8.219970097111
8.228822810616
8.237475769000
8.245975049127
8.253815498820
8.261694664515
8.269327039685
8.277141797548
8.284974007506
8.292871002732
8.300774654650
8.308633079065
8.316504327427
8.324379511491
8.332270362396
8.340463214423
8.348657100258
8.472477908336
8.482196741441
8.491836791204
8.501866930948
8.512028677300
8.522392454851
8.532876110010
8.543082711652
8.553552397155
8.563984641549
8.574256689163
8.584304707663
8.594069918996
9.093505470242
9.102412383458
9.110877521399
9.119204906835
9.127608866214
9.136005391956
9.144548124319
9.153132783777
9.161701373707
9.170299026229
9.178888632549
9.186922112246
9.195821137730
9.204546584443
9.213138894996
9.221582421460
9.229757904981
9.237717780008
9.245475901569
9.253006465108
9.260559329546
9.268259137361
9.275857155693
9.283294829422
9.290613370392
9.297878338482
9.305084433674
9.312212312043
9.319332084961
9.326453735010
9.333692328378
9.340937892278
9.348316415360
9.355758139770
9.363206912525
9.370683036763
9.378252113333
9.385935390896
9.393705976805
9.401543206269
9.409421360309
9.417352164548
9.425448402047
9.433584630614
9.441791286129
9.449950393726
9.458205874627
9.586871965674
9.593077786777
9.599852269135
9.607850340686
9.615593634988
9.623402886995
9.631270027006
9.639320337636
9.647573154184
9.655668291563
9.663853890155
9.672060614684
9.680032826024
9.687924080761
9.695730490121
9.703365890754
9.711036104855
9.719255934688
9.727199738137
9.735127331322
9.743128439106
9.751201761695
9.759331284299
9.767398442946
9.866105607358
9.873920882078
9.881872270486
9.890042027629
9.898234300794
9.906559428127
9.914928168602
9.923478001591
9.932311010874
9.941327897087
9.950226449934
9.958477826682
9.967254823579
9.975846163102
9.984392311317
9.992920376155
10.001702241998
10.010758949498
10.021571317455
10.032071710830
10.042059446716
10.052562484734
10.096887224974
10.106040190340
10.115205423262
10.124295717287
10.133402532554
10.142951157957
10.153559138015
10.164185689994
10.173848490313
10.184676668467
10.194125878195
10.203664851883
10.213187650160
10.222693161958
10.232477750875
10.242188458994
10.251843649443
10.260485734178
10.269260802329
10.278456493525
10.287699200772
10.297037746060
10.306490180593
10.316053293401
10.325587489528
10.335268520661
10.345185232159
10.355271361892
10.366346586051
10.378050755516
10.388800304429
10.443747853721
10.453144380633
10.462721579718
10.472585156626
10.482734098978
10.493072315877
10.503587054763
10.514166191362
10.524920979685
10.535856528776
10.546925113324
10.558084929069
10.569315963491
10.580478179298
10.591652746107
10.602750420842
10.613988424680
10.625296143444
10.637403827214
10.648966641509
10.660273867446
10.673156960628
10.684362446137
11.368159470579
11.377311756990
11.386259961748
11.395107472227
11.403951921845
11.412904624436
11.422019612890
11.431248259735
11.440580337841
11.449988847550
11.459607918315
11.469274166386
11.478815465286
11.488586092246
11.498475210113
11.508151160950
11.517584990501
11.526786815179
11.535657835690
11.544181997167
11.552369982850
11.559820333028
11.567247197134
11.574292227851
11.581186336790
11.587883848485
11.594355887199
11.600655111410
11.606832877117
11.612978811283
11.619244200923
11.625511811755
11.631949798430
11.713012679429
11.718024491163
11.723029409554
11.728746192783
11.734592350264
11.740630095186
11.746770172443
11.753064597368
11.759485292104
11.765872761215
11.772360386367
11.779003890148
11.785779362549
11.792814685444
11.799596555814
11.806756959417
11.813873119639
11.821049984906
11.828458615698
11.836117873118
11.843616553429
11.851247448239
11.858927267681
11.866634329162
11.874449347483
11.882389589025
11.890633962637
11.899600592584
11.905089992962
11.909600640040
11.914247810671
11.919112155926
11.924275331356
11.936854327863
11.945788600350
11.955331579090
11.965000649105
11.975003350294
11.985324984176
11.996050736258
12.007434889589
12.147086589009
12.155480266219
12.163926675575
12.172729083493
12.181643673481
12.190790692919
12.200010059134
12.209025322717
12.218186871780
12.227237396160
12.236096648363
12.244770024235
12.253240167413
12.261433027637
12.269448069124
12.277242078044
12.284838819524
12.292255882503
12.299718272654
12.306829133552
12.313769135960
12.320979279364
12.328362604404
12.335285097175
12.341931503272
12.349406949060
12.356954940993
12.364501983941
12.430281244049
12.435704683189
12.442379041675
12.449372709013
12.456831073241
12.464440188352
12.471947863325
12.479978255369
12.488174616650
12.496546496644
12.505023040668
12.513420024667
12.521874982551
12.530246648051
12.538502147247
12.546713424987
12.554837275034
12.562921073274
12.571100432906
12.579677679894
12.587916734470
12.596078804533
12.604415950539
12.612633474464
12.620828335328
12.628996611378
12.637171606326
12.645305421762
12.653498659365
12.707715638116
12.715362495744
12.723306688300
12.732720864787
12.881136673112
12.889192736767
12.898083610284
12.907323727404
12.916820392494
12.926602508989
12.936501572902
12.946675156974
12.957001569972
12.967608432237
12.978263513275
12.988994648226
12.999518051292
13.010064930330
13.020571485525
13.030720591221
13.041034146643
13.051237480975
13.062101038425
13.072946616168
13.083136133100
13.093630347740
13.104129741111
13.114819658850
13.125965754515
13.171393776379
13.182485848394
13.193048959735
13.202525792234
13.213211046323
13.223772551816
13.234271807914
13.245313147287
13.255749785598
13.266295806844
13.277107238548
13.288106675088
13.299049398060
13.309979216844
13.320789683627
13.331356674311
13.341920155609
13.411094887256
13.419786258605
13.428437466774
13.436892374301
13.445146212075
13.452930585735
13.460626000266
13.468211262132
13.475810170360
13.483529869235
13.491357850916
13.500121859228
13.508044788286
13.515992599090
13.523600776791
13.668110153870
13.675983046146
13.684236439941
13.692892647225
13.701485755442
13.710025004466
13.718546009659
13.727087824991
13.735741221883
13.744435886267
13.753226643806
13.762183255273
13.771656804791
13.780970262201
13.929859218686
13.940303549489
13.950662879941
13.961522513582
13.972580278501
13.983325804277
13.993924610704
14.004525782758
14.014894477754
14.025269869073
14.035680725556
14.045873099646
14.055807822301
14.065842119133
14.074450620529
14.084650044688
14.094863665460
14.105100380043
14.115538878632
14.126102519275
14.136466142926
14.146825238018
14.233653880811
14.243845816454
14.253532882895
14.263415896723
14.273146663429
14.282847708296
14.292453754884
14.310622441835
14.321132299684
14.331063281518
14.340378741810
14.349450730869
14.359024758923
14.368745233765
14.378735690396
14.389057948721
14.540309713780
14.550489022835
14.560324820480
14.570465589810
14.580540298004
14.590598263905
14.600999199917
14.611520569871
14.622298921372
14.633193959988
14.644617416576
14.656211187852
14.666635788956
14.677100615209
14.688016705652
14.698927433106
15.562035944195
15.568847545353
15.577196556496
15.585625455482
15.594173152234
15.602920017987
15.611714954015
15.620601427156
15.629526968231
15.638505532541
15.647646376719
15.656810310528
15.666002402916
15.675349362531
15.855122673039
15.860303187755
15.865660755953
15.871474549384
15.877358261718
15.883320429068
15.889305640694
15.895364479491
15.901792346774
15.908465536171
15.914669616654
15.920808507173
15.927078051461
15.932792184055
15.938867993668
15.944871507901
15.950655833690
16.104596481883
16.112708390254
16.121194201779
16.129740947143
16.138382871885
16.147018597898
16.155619078574
16.164173394689
16.172638442919
16.181095401761
16.189522497003
16.197870559811
16.205992511172
16.214060832736
16.222048869314
16.230054978960
16.236618936755
16.244798197820
16.253260385627
16.261435698204
16.269506170797
16.277687293627
16.285894516000
16.294479983276
16.303112692878
16.311492378289
16.400856235227
16.409041118436
16.417771280884
16.426818333016
16.436251692011
16.445851781415
16.455550300481
16.465278687851
16.475096378615
16.484897095496
16.494631310718
16.504333358890
16.513791367753
16.523083295756
16.532305472083
16.541445105817
16.550688354819
16.559924867958
16.569106047644
16.578526706026
16.588359006706
16.694505720257
16.704649211571
16.714615176258
16.723817884626
16.733294903709
16.742318338806
16.751478545850
16.760780045636
16.770315843162
16.780493061188
16.790160820915
16.799182082079
16.823171700091
16.832939746773
16.843670574010
16.855250212412
16.866455963203
16.974032569309
16.981708529016
16.989600061553
16.997152506345
17.004602817185
17.011905885502
17.019093911750
17.026259984074
17.033352142327
17.040418558886
17.047513959224
17.054655916222
17.061881431185
17.069248003479
17.076712691424
17.084270186134
17.091971053154
17.099719422507
17.107772884981
17.177307637832
17.186440475023
17.195889118035
17.205424420326
17.215231936491
17.225428676855
17.235575970155
17.245450223514
17.255628512658
17.265804168386
17.276625341309
17.349703458375
17.360782037490
17.371894973603
17.382997844478
17.394097816529
17.405015476231
17.416081843436
17.427276477049
17.438156155019
17.448774481787
17.459283035944
17.469656312513
17.479652098766
17.489330226592
17.498901256591
17.507998035748
17.516727777440
17.525389829300
17.534019402338
17.542388108733
18.020162408772
18.029361912405
18.038846184924
18.048154301088
18.057457602394
18.066788294267
18.076314492368
18.085876784053
18.095608965536
18.105334570757
18.114962732189
18.124487471354
18.134091424970
18.143567134818
18.153022386992
18.162488113520
18.171930786473
18.181706480114
18.191570087822
18.201110565557
18.210566945705
18.219986425273
18.229716518466
18.239125110412
18.263904215367
18.271962721301
18.279959812634
18.287826587993
18.295620959411
18.303249498846
18.310824260721
18.318260431293
18.325518082656
18.332635433469
18.339530042378
18.346640784199
18.353277492362
18.358978479659
18.365432703443
18.371858786534
18.378090941123
18.384126458417
18.390173093865
18.396155606880
18.402299711587
18.408310516387
18.414383807627
18.420365068550
18.426701852680
18.433375344559
18.440484707591
18.448171280451
18.456048970126
18.464578681724
18.473993303704
18.483716009148
18.494039843602
18.504673776627
18.515555484739
18.527328400048
18.642522435101
18.651872611183
18.661430585249
18.671252833781
18.681154907411
18.690794228191
18.700488299548
18.710162601036
18.719653814074
18.729270100307
18.738980430763
18.748609131575
18.758632137491
18.769524810211
18.779818516250
18.790310023841
18.800550212974
18.810533112281
18.820140072358
18.829673323388
18.839563908338
18.849109895345
18.858839206453
18.868355425176
18.877804563076
18.887114530266
18.896429210048
18.905966219027
18.915311100669
18.924457770280
18.933490508993
18.942573954226
18.951531941854
18.960492534710
18.969963656822
19.040858393174
19.050389879642
19.059665401444
19.068697323709
19.078521999464
19.088469099325
19.098501856257
19.108445860100
19.118243949773
19.128388903048
19.138632425193
19.148725475413
19.242364503700
19.254351602876
19.264282281955
19.273363261663
19.460701787216
19.466561056154
19.473389845294
19.480257206903
19.487094232320
19.493902694632
19.500723939786
19.507554550060
19.514350964479
19.521199338114
19.527968656195
19.658601487134
19.665692012823
19.673522652146
19.681773221527
19.690251894751
19.698489876134
19.706711144681
19.714963408607
19.723465673000
19.732108054418
19.740809401708
19.749618686769
19.758502630466
19.767446296048
19.776457169025
19.785572515478
19.794851601983
19.804285642340
19.813707272232
19.823400440836
19.832631640092
19.976348881419
19.987841447751
19.998840839025

