Time_s
1.196633537792
1.201976227692
1.206817185710
1.212003053795
1.217203610703
1.222352796362
1.227448976893
1.232549181603
1.237643277122
1.242722372047
1.247791103103
1.252811316091
1.257753478787
1.262650075960
1.267479333468
1.272215358594
1.276833609416
1.281377651289
1.285889400170
1.290374246601
1.294804228368
1.299211647077
1.303581459305
1.307909681537
1.312227745110
1.316536473388
1.320858553136
1.325143200528
1.329337559079
1.333576379669
1.337797707470
1.342020970712
1.346319803796
1.350706648366
1.355205024910
1.359755233898
1.364342986807
1.368918681779
1.373605139568
1.378319716099
1.383073967091
1.387559353086
1.391780539984
1.644414431306
1.650450504648
1.656144296115
1.661454798359
1.667531951656
1.673637683613
1.679761036047
1.685747464629
1.691791091046
1.697823457632
1.703878037336
1.709933201232
1.716050840048
1.722146151875
1.728305334693
1.734486368838
1.740698749705
1.746889224431
1.753138010767
1.759418620106
1.765651388915
1.771869316101
1.778171430816
1.784416066481
1.790677470574
1.796920253788
1.803190016959
1.809433309367
1.815764625783
1.822218633907
1.828730042306
1.835114138073
1.842211816667
1.855802546772
1.862032507654
1.868308282342
1.874653966213
2.097376551869
2.102975893987
2.108612510570
2.114874866971
2.121151478577
2.127530541604
2.134009836136
2.140547551356
2.147167139214
2.153822423308
2.160548450362
2.167303791596
2.174176554602
2.181176283810
2.188303051520
2.195651003068
2.203223320449
2.210741215608
2.218074598539
2.225469091574
2.233009913425
2.240578979037
2.248115335642
2.255506292978
2.263193053040
2.270950848313
2.278848948478
2.286842901261
2.294906976050
2.303091397617
2.311308309710
2.319603024719
2.327473372397
2.335761617409
2.344865312159
2.351878631074
3.205753276024
3.211059631831
3.215320056023
3.219621806165
3.224288395145
3.228937091065
3.233821038988
3.238834783855
3.243888173704
3.249015081235
3.254124808608
3.259268692520
3.264395013522
3.269494739691
3.274572127611
3.279589673810
3.284543667682
3.289442274622
3.294300617807
3.299118262353
3.303885478353
3.308613772438
3.313308893945
3.317920123522
3.322492279621
3.327017717321
3.331549111193
3.335993785532
3.340478469296
3.344992589519
3.349434818685
3.353944677008
3.358436269194
3.363052680195
3.367701159293
3.372272126618
3.376932445527
3.381845902975
3.387121395937
3.392113252493
3.576196634732
3.582394448932
3.588579115969
3.595031915064
3.601107204582
3.606892203458
3.612759657664
3.618692877491
3.624553033438
3.630432127501
3.636400301073
3.642355459892
3.648297561552
3.654277579288
3.660264781959
3.666316767736
3.672455376026
3.678702468839
3.685036204004
3.691421133579
3.697941681320
3.704644535197
3.712233815216
3.718560944424
3.724548427104
3.730487667977
3.736541807694
3.742637934387
3.748844046969
3.805339198281
3.810501618103
3.815521486345
3.821075237412
3.826826059551
3.832774103216
3.838918977731
3.845733276687
3.851359194624
3.857317177820
3.863642933078
3.869940265879
3.876401653448
3.882999707272
3.889714266226
3.896383583894
3.902905945383
3.909439705708
3.915775302985
3.943355601988
3.948671261469
3.954433391159
3.960482336907
3.966562748018
3.972651276693
3.978732143622
3.984851561586
3.990944286191
3.997031023884
4.003112855378
4.009189030782
4.015258694073
4.021351493693
4.027433799184
4.033534511714
4.039777201499
4.045929779851
4.052112240906
4.058317867720
4.064453581942
4.070605313529
4.076750757563
4.082940370164
4.089115836478
4.095148210222
4.101052242244
4.106998766811
4.112950740091
4.118917123522
4.124904495095
4.130902166860
4.136941822979
4.142952794667
4.148899105550
4.154917227717
4.160939012709
4.166932035913
4.172826533883
4.178745727430
4.184657158033
4.190485835085
4.196171615960
4.201775272549
4.207256601566
4.212595424106
4.217718668899
4.222527965671
4.376707456617
4.382125175961
4.387448325040
4.393166351729
4.398733102233
4.404484370074
4.409944547775
4.415311993745
4.420644581219
4.425886746985
4.431002615025
4.436036403248
4.441007236811
4.445882467209
4.450651142703
4.455460485930
4.460132957728
4.464809373438
4.469472509764
4.474063180411
4.478552352289
4.482949733240
4.487310459598
4.491620740227
4.495914330121
4.500287231196
4.504536819988
4.508684845991
4.512914958264
4.517152847202
4.521371745364
4.525601220446
4.529877924364
4.534244027771
4.538680754690
4.543215558386
4.547784268678
4.552331128762
4.557092344762
4.561923821501
4.566537346566
4.571017597230
4.894052642600
4.898842576109
4.904370448984
4.910037335630
4.915794172204
4.921588389274
4.927350767744
4.933124225396
4.938904602585
4.944706207138
4.950535912512
4.956312529992
4.962154053170
4.967949799295
4.973816891508
4.979656839248
4.985537231863
4.991320598753
4.997088075102
5.002778206497
5.008438968538
5.014044197352
5.019602917293
5.025147742360
5.030645468003
5.036135815871
5.041613847752
5.047120774754
5.052574955767
5.058021561111
5.063477930894
5.068875176242
5.074261858698
5.079707636061
5.085164965914
5.090640283438
5.096144152618
5.101692095757
5.107344363317
5.112971826087
5.118644037733
5.124544384948
5.130439464136
5.136420792209
5.142563494932
5.148726961879
5.154912502219
5.161479773676
5.167205049319
5.173166881365
5.179021200320
5.184897314865
5.191012571920
5.197503635208
5.203733758100
5.209916814108
5.216109544461
5.222318911893
5.228388147525
5.234598476974
5.240838249382
5.247093618988
5.253354678942
5.259453732118
5.265319269292
5.271357939362
5.277501872141
5.283695614130
5.290005758458
5.296485967426
5.303444258499
5.310908835722
5.318064498133
5.324718639979
5.473901437722
5.479388330777
5.486026424913
5.492505108228
5.498305310368
5.504434520074
5.510554344918
5.516824190504
5.523114273535
5.529378590593
5.535709929782
5.542067836676
5.548472922181
5.554917118792
5.561362723788
5.567872099312
5.574396599019
5.580958253384
5.587612143789
5.594399536194
5.601223538042
5.608058072000
5.614924570773
5.621819897234
5.628637564363
5.770690652469
5.776552536339
5.782568378765
5.789179247007
5.796016343070
5.803115174775
5.810341836339
5.817709132280
5.825247446765
5.832957585947
5.840723685874
5.848586360039
5.856597455114
5.865637268780
5.873348961523
5.880984949023
5.888678305932
5.896328153099
5.903895442943
5.911393953228
5.918925617203
5.926311169758
5.933609184385
5.940859752853
5.947905925039
5.954902155327
5.961931129912
5.968952698450
5.975978153654
5.983038514310
5.990196041576
5.997414683105
6.005058936035
6.012502681230
6.019897944488
6.027157759001
6.034747055408
6.042514532203
6.050973225917
6.217467800159
6.223268703906
6.229454487942
6.235817089224
6.242231624062
6.248740968018
6.255273853712
6.261838963862
6.268468313750
6.275133151607
6.281840704791
6.288547395889
6.295287624717
6.302071239228
6.308881713350
6.315732381235
6.322583153355
6.329489187163
6.336425075808
6.343386540087
6.350393155792
6.357441025112
6.364487106088
6.371522365393
6.378581059403
6.385718796915
6.392960013494
6.400259583944
6.407623105351
6.415131395099
6.422759707560
6.430374920639
6.438049194267
6.445753455000
6.453445307088
6.461197030756
6.468901750084
6.476664529614
6.484463109802
6.492371288744
6.500003737194
6.507737832154
6.515246488158
6.522846979561
6.530818923828
6.539100125670
6.547334201384
6.555387536392
7.447241307800
7.451957946397
7.456218794241
7.460304181095
7.464492150608
7.468651553566
7.472776132696
7.476853224102
7.480880366095
7.484826574052
7.488726294551
7.492588955215
7.496456602342
7.500347557807
7.504260802322
7.508243884305
7.512318287924
7.516467380143
7.521602619925
7.526369989378
7.530505494004
7.534656247186
7.538755219021
7.542816464947
7.546859881835
7.550919691279
7.554897645804
7.558964600871
7.562984742576
7.567050797387
7.571092811771
7.806191622331
7.812118416286
7.818375964129
7.824702623476
7.830998829027
7.837346658037
7.843706433700
7.850118698410
7.856585435107
7.863075492373
7.869608499068
7.876166200384
7.882759524921
7.889368170235
7.895947131092
7.902489383532
7.909000430700
7.915446328573
7.921832382588
7.928169792944
7.934495709144
7.940810733158
7.947127431059
7.953453507078
7.959750894339
7.966019555407
7.972269507673
7.978477485204
7.984661100249
7.990837158144
7.997001877126
8.003208912833
8.009454418499
8.015679147829
8.022037487242
8.028471268549
8.034804090124
8.041211821444
8.047764720782
8.054324514496
8.060973428996
8.067613534000
8.074559553480
8.080889737344
8.086966948116
8.093411522051
8.100101659141
8.106203493437
8.111873378496
8.118123069929
8.124745193172
8.131097477046
8.137353339927
8.428978779357
8.434949772248
8.440633121356
8.446800830830
8.453024455352
8.459248110962
8.465469366176
8.471660766085
8.477859918649
8.484034076367
8.490181587350
8.496366278463
8.502507923315
8.508634429331
8.514783416995
8.520868282453
8.526933223744
8.533029347114
8.539125487625
8.545276183866
8.551424317080
8.557471955512
8.563600358523
8.775278361589
8.781061001207
8.787066537082
8.792805888030
8.798958702083
8.805322268874
8.811792479221
8.818234171984
8.824782529044
8.831192036272
8.837295681713
8.843872487567
8.850482401673
8.857122697924
8.863768584005
8.870439711916
8.877158130907
8.883884735220
8.890606332532
8.897325396296
8.904002454366
8.910673091249
8.917306561106
8.923812150303
8.930341497909
8.936845539433
8.943285339053
8.949708885921
8.956152225782
8.962596139440
8.969041311660
8.975572716902
8.982134225130
8.988801386348
8.995613090482
9.002886071359
9.009715461298
9.015574347820
9.022237482485
9.028428773894
9.034536547680
9.198544460945
9.204912343338
9.211167210521
9.216991072913
9.222907095907
9.228831201793
9.234898261897
9.240973099153
9.247020415637
9.253084879121
9.259018562029
9.264848904861
9.270578531159
9.276126390373
9.281603096599
9.286927301636
9.292204658194
9.297400417131
9.302535750066
9.307473674846
9.312352336068
9.317333552700
9.322135053175
9.326895526605
9.331665635998
9.336299058036
9.341012451596
9.345494026292
9.349994534380
9.354348695926
9.358744355920
9.363047554211
9.367358184856
9.371519188582
9.375801239366
9.380120525875
9.934586562899
9.941201370006
9.947913978005
9.954812958604
9.961794642303
9.968861678664
9.976061298477
9.983282995758
9.990423139390
9.997462387514
10.004463945610
10.011420226181
10.018334766279
10.025162483156
10.032001301649
10.038739810156
10.045382383141
10.051857488717
10.058295881026
10.064630086475
10.070934554089
10.077119065802
10.083249902212
10.089328405440
10.095312996279
10.101281473526
10.107199727418
10.112991173596
10.118724901654
10.124434332567
10.130151543391
10.135853881131
10.141497723189
10.147154221355
10.152701699467
10.158187566146
10.163753550997
10.169340957841
10.175111533402
10.181150955394
10.186775392003
10.191634513906
10.215117175600
10.217115327957
10.219570984850
10.221518321717
10.223142110773
10.225032746415
10.227463035843
10.229853640418
10.231583901774
10.233915411770
10.235513547688
10.239161064101
10.241151140756
10.242749626168
10.244514960369
10.246753850642
10.562110174744
10.565761227664
10.569735675512
10.574167277255
10.578617783036
10.583180644560
10.587741810410
10.592237721496
10.596719954399
10.601165475647
10.605581542012
10.609947999812
10.614288110932
10.618572557918
10.622778152018
10.626892475664
10.630996932900
10.635100756930
10.638333455439
10.641926017028
10.645790495241
10.650072265436
10.654315179365
10.658460097160
10.953003824657
10.959706740773
10.966111223009
10.972894308388
10.980122414484
10.987325301250
10.994468772159
11.001469407680
11.008249258067
11.015035389331
11.021716347113
11.028336120533
11.034938562901
11.041489783366
11.048001656369
11.054427430533
11.060768566728
11.067068872433
11.073299394091
11.079444067473
11.085591225974
11.091706548036
11.097734154750
11.103733727301
11.109705138034
11.115606450626
11.121413519096
11.127141127903
11.132800375309
11.138428035934
11.143972731448
11.149496673360
11.154990695317
11.160418282134
11.165821942447
11.171193152397
11.176572323810
11.181970447942
11.187366570955
11.192814939277
11.198308066619
11.203801375349
11.209159785023
11.218387870415
11.495678191502
11.500418386689
11.505411675797
11.510899549839
11.517040854974
11.523405318821
11.530277498407
11.537188905740
11.544760898644
11.552849466870
11.561682134182
11.570462531589
11.578394453274
11.715030282176
11.720322385420
11.726162062776
11.732393840842
11.738511821439
11.744687454981
11.750837876262
11.757048086291
11.763237190849
11.769432389716
11.775645401003
11.781817978856
11.787970115824
11.794135981448
11.800224591402
11.806227319890
11.811988053535
11.817698772058
11.823312265043
11.828895532228
11.834435490482
11.839890194466
11.845340096146
11.850692955031
11.855956329105
11.861267209883
11.866582980654
11.871753479217
11.876833824143
11.881799285199
11.886579659191
11.891417775361
11.896261650286
11.900988341970
11.905704359417
11.910518446928
11.915427532457
11.920409059164
11.926330725243
11.932118329769
11.937727057719
11.942774499493
11.949234439724
12.086262543451
12.091777989530
12.097385925322
12.102296293026
12.107371142640
12.112486592192
12.117603485683
12.122736008010
12.127992375169
12.133233309086
12.138499796467
12.143773131476
12.148979128802
12.154166857444
12.159402581028
12.164623959071
12.169820456042
12.175014396117
12.180187211999
12.185338425042
12.190438355214
12.195534981890
12.200628835060
12.205609499435
12.210628471910
12.215737009789
12.220725180725
12.225659716491
12.230527866168
12.235386417481
12.240215206880
12.245066648424
12.249910138416
12.254761177534
12.259646680344
12.264582429143
12.269578935586
12.274644622260
12.279864865904
12.285343135815
12.291206744763
12.937382187271
12.942802760253
12.948351646993
12.954894985684
12.960537967480
12.966724693567
12.973099233369
12.979606600817
12.986005413596
12.992195313738
12.998507382315
13.004865708949
13.011097230764
13.017395170635
13.023798361730
13.030295897892
13.036705449419
13.043151876223
13.049851993297
13.056469845072
13.063230372858
13.069886738148
13.076491675154
13.083230344562
13.090026879497
13.096652091994
13.103402728992
13.110186168935
13.116838558519
13.123549673039
13.130245372307
13.136655182240
13.142569463552
13.148951546248
13.155258661986
13.161453521084
13.167508483039
13.173455137153
13.179265014352
13.184899112249
13.190376925690
13.195788639445
13.201122714651
13.206361056941
13.211483978836
13.216511996855
13.221427829832
13.226227846014
13.230945223918
13.235473362253
13.239924275751
13.244359727442
13.248721553412
13.253028020476
13.257396411563
13.261649303271
13.265650784474
13.269850710973
13.273781450227
13.277753213348
13.281770155157
13.285828148287
13.289961367382
13.294033029089
13.298132558063
13.302341998978
13.306581562197
13.310896365610
13.315338486254
13.319801399972
13.324347252508
13.329149918462
13.334335347425
13.339464105168
13.344665441863
13.350324920721
13.355811612142
13.361566009708
13.367482177288
13.373470663273
13.379681729294
13.385980707301
13.392380778362
13.398919933737
13.405608535766
13.412532761484
13.419493216133
13.426566673332
13.433680607685
13.440909098953
13.448313769274
13.455628478729
13.462807047789
13.469966903322
13.476948658787
13.483816354188
13.490545380554
13.496916926126
13.503108007395
13.509256838182
13.515177706322
13.521050230050
13.526823055022
13.532077973137
13.537726706200
13.542891763595
13.548163537360
13.553481343234
13.559200520890
13.566009939020
13.572731716064
13.579273424569
13.954297444229
13.960451175417
13.966305526560
13.972868345133
13.979554852490
13.986952780678
13.994049629007
14.160758066726
14.165834090502
14.171131097713
14.176482314066
14.181892488930
14.187684995946
14.193669799324
14.199683747159
14.205723418583
14.211845209546
14.218035979261
14.224217623050
14.230319413975
14.236223188966
14.242437568646
14.248633513971
14.254872007147
14.261087652332
14.267329187676
14.273468792054
14.279517899156
14.285475020333
14.291356654607
14.297195300043
14.302979777967
14.308649753701
14.314258702996
14.319906522889
14.325570064722
14.331367327506
14.337108869110
14.342957745942
14.348673225174
14.353287312422
14.359209393913
14.365194345830
14.517019140887
14.522253925445
14.527253948619
14.532963726973
14.539110543831
14.545563927691
14.552188876007
14.559010012903
14.566101424630
14.573445346164
14.581018766879
14.588921824426
14.597251607858
14.605767463496
14.614371896370
14.622902222967
14.631412038137
14.639626581681
14.647612893390
14.655410497642
14.663175609137
14.670648199570
14.678001236075
14.685178649040
14.692498564511
14.700001360497
14.707670505010
14.716583209432
14.724745891351
14.732809569117
14.740625086278
14.748453645636
14.756149880136
14.763682078777
14.771401291239
14.779018701325
14.787072246304
14.809429393321
14.816729391735
14.824310811326
14.831912836738
14.839597782667
14.847327551710
14.855179317766
14.863080067384
14.870984551168
14.878941800974
14.886872507259
14.894846419289
14.902803131358
14.910796120881
14.918909414581
14.927261145308
14.935352966652
14.943025681982
14.950533911675
14.957665577250
14.964834469502
14.972052683391
14.979325080205
14.986573014218
14.993898463758
15.002114847568
15.009249503840
15.016203520452
15.023316909869
15.030371729497
15.037441517897
15.044615360197
15.051843232663
15.059178709906
15.066493519415
15.073755471797
15.081088223900
15.088258269418
15.095361710452
15.102260930075
15.109437237162
15.116552148297
15.122670717744
15.130035141331
15.137359682503
15.144755078971
15.152326765990
15.160072720926
15.167967532757
15.176123356014
15.184332003453
15.192656396807
15.200982703189
15.209335234392
15.217605607255
15.225968902460
15.234281431219
15.242700229541
15.250931931950
15.259362759122
15.938893788331
15.944172278837
15.949465985871
15.954717504022
15.959756226795
15.965082168737
15.970284161303
15.975476157570
15.980700898873
15.985849329954
15.991022445473
15.996200040163
16.001335124990
16.006327206514
16.011223965515
16.015949576683
16.020363789141
16.024408245301
16.029416521880
16.033997563208
16.038801894539
16.043643435153
16.157696307694
16.162362611013
16.166832930324
16.171329205924
16.175870022908
16.180448895679
16.185057434577
16.189676080042
16.194292482835
16.198908442090
16.203525290059
16.208120970030
16.212689324922
16.217242345567
16.221785236722
16.226340827061
16.230922251731
16.235525690411
16.240103009275
16.244572750193
16.248900891641
16.253209660982
16.257428876525
16.261585888250
16.265743546080
16.269772714876
16.273762812986
16.277724988208
16.281718098302
16.285529098458
16.289392184291
16.293237601625
16.297097848250
16.300936019448
16.304739906978
16.308518285926
16.312319631608
16.316123977353
16.319968158280
16.323828133890
16.327705549305
16.331742602765
16.335743868978
16.339812801650
16.343955563830
16.348228435699
16.352694401431
16.357394286723
16.362155031790
16.366935352882
16.371590504621
16.562800520121
16.568903851025
16.575166674515
16.581451154961
16.587913138832
16.594531265163
16.601272716142
16.608166020919
16.615193728644
16.622328160144
16.629514108955
16.636736362824
16.644031632231
16.651371388516
16.658738340816
16.666054802064
16.673422913938
16.680773707921
16.688137199605
16.695541168693
16.702825511841
16.710158972791
16.717424968472
16.724633688281
16.731841669145
16.739163719040
16.746327131688
16.753423513013
16.760527171269
16.767630918804
16.774666801928
16.781634743051
16.788536058829
16.795419281599
16.802342577876
16.809643186005
16.816372488946
16.823221106430
16.830155108679
16.837145997377
16.843768836638
16.850550221677
16.857362362073
16.864213910458
16.871159543240
16.878051911820
16.884982116636
16.891949994169
16.898831064492
16.905631152075
16.912353365505
16.919003262576
16.925585754691
16.932241097655
16.938811818686
16.945376512941
16.951916185450
16.958469705548
16.964948998367
16.971395332605
16.977766750747
16.984165428216
16.990508544674
16.996853173407
17.003217485431
17.009592997347
17.015950748345
17.022282531276
17.028618033834
17.034961296109
17.041309108626
17.047702276855
17.054074577077
17.060394562541
17.066682478804
17.072981452013
17.079293528871
17.085596885669
17.091907090850
17.098214476204
17.104551600761
17.111949367375
17.118133432798
17.124308810039
17.130779090396
17.137207438336
17.143559556469
17.246786554393
17.252172069702
17.257905941886
17.263831113763
17.270065266296
17.428582053647
17.434082109468
17.439632050008
17.445279055045
17.451268644677
17.456840218438
17.462803662456
17.468885860157
17.475117444440
17.481374715295
17.487568858488
17.493757018244
17.499742807976
17.506021597122
17.512247055116
17.518463973901
17.524662510414
17.530899200883
17.537138581989
17.543409054513
17.549692394165
17.555962382080
17.562116772186
17.568152726947
17.574052877498
17.579889702131
17.585724636840
17.591326822111
17.596801588881
17.602132952682
17.607328312342
17.612482855953
17.617661764156
17.622886423267
17.628101663884
17.633408547775
17.638913285255
17.644713202009
17.650338960937
17.656054343990
17.662302558747
17.667285862781
17.672162479731
17.678349348598
17.684590594591
17.690728101441
17.845285361138
17.850348380809
17.855764278302
17.860696774555
17.865981167423
17.870998073350
17.875986748668
17.880961733558
17.885901115190
17.890733048667
17.895526872207
17.900327799985
17.905119234701
17.909869813818
17.914639003336
17.919425397548
17.924240753209
17.929089645255
17.934017056360
17.939085610470
17.944217165328
17.949457021783
17.954506036516
17.960044355604
18.096463272578
18.101195133133
18.105500998356
18.110317040067
18.115300333189
18.120707147994
18.126291621977
18.132097069982
18.138028799201
18.143892606266
18.150422726951
18.156338700660
18.163408089897
18.357142224763
18.364121308117
18.369687020187
18.375851882004
18.382234934669
18.388676930120
18.395182268116
18.401721715778
18.408328013201
18.414816773109
18.421389029763
18.428140585179
18.434928465640
18.441718311343
18.448542282499
18.455504834807
18.462316540711
18.469192623136
18.476009795342
18.482786756067
18.489371068996
18.495851388967
18.502227055704
18.508520621553
18.514724561031
18.520840558609
18.526677517274
18.532425561933
18.537986518894
18.543389327546
18.548632823513
18.553806483216
18.558731608390
18.563429067987
18.568015764122
18.572537031514
18.576967100807
18.581384123218
18.585637537860
18.589763389088
18.593907362263
18.597957128304
18.601990961594
18.606025487387
18.610136948756
18.614275233238
18.618424421720
18.622692708397
18.627027856840
18.631459877912
18.636041886441
18.640604174886
18.645217177453
18.650406780510
18.655542298814
18.659938629621
18.663856235146
19.234699504005
19.239889771854
19.244327156348
19.248849494481
19.253259117197
19.257657047639
19.262186244797
19.267018942763
19.272276344994
19.277449705284
19.282877980618
19.288343816581
19.293806219656
19.298903144834
19.304149451790
19.309375406801
19.314621873198
19.319868680119
19.325110625103
19.330368652357
19.335613270525
19.340682688705
19.345784159130
19.350935073543
19.356050357797
19.361244145197
19.366443794534
19.371702267647
19.376720598846
19.382593067650
19.388455042641
19.394145276121
19.399908992477
19.405319764669
19.458244164211
19.462329360919
19.466420382076
19.470625125792
19.474931266542
19.479244439953
19.483551141944
19.487861514199
19.492177236626
19.496510987508
19.500825686884
19.505120021193
19.509364208648
19.513504103426
19.517763925973
19.521920523037
19.526044668909
19.530913778539
19.535869061636
19.540326101822
19.544749761536
19.548949113244
19.553179370852
19.557505629337
19.561851040606
19.566137178839
19.570292603307
19.574583017867
19.855505011329
19.859821017027
19.863928496068
19.868434466422
19.873418768352
19.877881144533
19.882450634495
19.887281820816
19.892124752621
19.897018549181
19.901900928240
19.906735790253
19.911488869421
19.916207346692
19.920878283579
19.925568183663
19.930240542628
19.934874568962
19.939458538989
19.944031204619
19.948648789086
19.953252835063
19.957863349092
19.962492114721
19.967092131313
19.971746189349
19.976324872625
19.980900974173
19.985534400244
19.990301602231
19.995082171574
19.999850758478

