Time_s
0.661218608077
0.668091901846
0.675272011760
0.682410345282
0.689691471610
0.697005616679
0.704347727758
0.711691907388
0.719019920053
0.726305424693
0.733513259642
0.740671186945
0.747618127867
0.754656397481
0.761589838825
0.768504958788
0.775342896070
0.782127424937
0.788895341570
0.795619537222
0.802338882687
0.809041015401
0.815732011440
0.822434880674
0.829122784101
0.835852892562
0.842642552784
0.849466987649
0.856399702122
0.863465812570
0.870762309804
1.057885685498
1.065417048172
1.073619018541
1.081936876221
1.090371273661
1.098967702584
1.107696217973
1.116659043148
1.125721464429
1.134885941808
1.144252287312
1.153619748464
1.163074659152
1.172614814133
1.182671640441
1.192751376321
1.202004300465
1.211518411317
1.220684091964
1.432748693970
1.443574824541
1.454550027067
1.465045755760
1.475531388836
1.485796694919
1.496012440695
1.506145552583
1.516194059615
1.526280943278
1.536589089887
1.546833715289
1.556690417162
1.565787737078
1.575325488326
1.584423988517
1.593955042555
1.603294296935
1.612746193839
1.622202557499
1.631727335857
2.161482893012
2.168574871960
2.177326652836
2.185590356441
2.193659202554
2.201546364532
2.209266943561
2.216908443973
2.224476668099
2.231999849596
2.239355806475
2.246712787721
2.254148280402
2.261427055918
2.428496678416
2.435417369344
2.442969345117
2.450886963560
2.459232748827
2.579486498244
2.587281432970
2.595241892688
2.603461009523
2.611825527912
2.620187094366
2.628697681028
2.637276159357
2.645920042412
2.709927203716
2.717807502359
2.725966312326
2.734206022112
2.742330628625
2.750431649296
2.758601660811
2.766780559429
2.774903449115
2.783021169529
2.791210701631
2.799444775035
2.807698306947
2.815978081204
2.824277163748
2.832574045712
2.840937430201
2.849319256677
2.857733519187
2.866025834841
2.874436040138
2.882896652414
2.891403237538
2.899968191978
2.908662613271
2.917291964999
2.925961202032
2.934758725724
2.943587225615
2.952437910221
3.009325676867
3.017860468802
3.026313728012
3.034727831851
3.043128722146
3.051472126933
3.059817282786
3.068090704642
3.076307076145
3.084529074813
3.092652123878
3.100708117716
3.108760392958
3.116805002507
3.124852496538
3.132931206394
3.141116685123
3.149505036006
3.158017797539
3.388839788867
3.397639301004
3.406329554504
3.415064356780
3.423905743655
3.432800057849
3.441839505303
3.450936673766
3.460050716826
3.469246767638
3.478466639268
3.487561897735
3.496588584834
3.505655884374
3.514711964725
3.523742900266
3.532733853650
3.541884836600
3.551136021787
3.560259901831
3.569488060068
3.755591390585
3.764486414780
3.773712904647
3.782858350919
3.791875662299
3.800745678112
3.809602209969
3.818315641822
3.826957061662
3.835420844710
3.843818562520
3.852111066289
3.860302058032
4.037443842609
4.047315315143
4.057257413548
4.067281281320
4.600007188615
4.608547738330
4.617773365916
4.626846358028
4.636075037787
4.645306908043
4.654687552738
4.664190434864
4.673818180429
4.683540029921
4.693344576029
4.703301072192
4.712783427360
4.722418815338
4.731980510997
4.741477008972
4.750637829118
4.760305859741
4.769558192757
4.778808442145
4.788432310930
5.816619721354
5.822991093056
5.829335746267
5.835697125001
5.842010364292
5.848310026625
5.854560737528
5.860778325692
5.866984972222
5.873176891339
5.879382657970
5.885819135282
5.891430996561
5.897705869917
6.180333041157
6.187617142219
6.195106892882
6.202705967607
6.210288761719
6.217861724507
6.225493265119
6.233179984010
6.240857650731
6.248535150949
6.256213681834
6.263920833732
6.271667729902
6.279425894950
6.287204991364
6.295031897366
6.302868137368
6.310736947077
6.318621583433
6.326525468131
6.334450817957
6.342533038703
6.437335580296
6.444854168660
6.452660429908
6.460809342585
6.469321092264
6.681327007597
6.689639613426
6.697954696214
6.706440235403
6.715002474766
6.723554572806
6.732252834213
6.740926287755
6.749665660692
6.758470389535
6.767267268264
6.961720257402
6.971057390310
6.980554069751
6.990012246365
6.999916769053
7.010221374529
7.020152524856
7.030334933445
7.040364950518
7.050673663159
7.060707311061
7.071055293716
7.220058938660
7.228206902330
7.236464576176
7.244705952885
7.252920850932
7.261176516696
7.269350630709
7.277493081983
7.285664888893
7.293774383295
7.301738564421
7.309561988889
7.317234920706
7.324686018417
7.332106432622
7.339431759217
7.346661118340
7.353800389796
7.360897736695
7.367943122396
7.374903595538
7.381789307627
7.388698883601
7.395568899491
7.402339537923
7.409035749379
7.415638457185
7.422270443923
7.428729774426
7.434952542265
8.514805356562
8.521818522944
8.528722741121
8.535671302009
8.542644319538
8.549576470589
8.556488578832
8.563389203728
8.570279848552
8.577175163540
8.584054901831
8.590961367878
8.597836837212
8.604727898114
8.611654015588
8.618564194062
8.625480136470
8.632396478259
8.639290095989
8.646200274713
8.653112964671
8.660044311057
8.667003514034
8.673968150140
8.680981755561
8.688015966596
8.695082237656
8.702364844636
8.709768542870
8.859922831937
8.867196849044
8.874761804219
8.882591197171
8.890608637102
8.898765801793
8.906986457414
8.915325072922
8.923960145853
8.932002034524
9.173943860556
9.182759581432
9.191562729991
9.200471772219
9.209516004582
9.218642605088
9.227912881138
9.237360504756
9.246768225495
9.256247488883
9.265661797776
9.275064097431
9.284507481885
9.293825459098
9.303164664316
9.312527567151
9.321954733592
9.331563814119
9.341163731164
9.351145083387
9.739295725914
9.747397895716
9.755664230845
9.764396314249
9.773185683139
9.781895331803
9.790562472168
9.799208886483
9.807901821872
9.816574814023
9.825227011123
9.833865416461
9.842502271021
9.851112226430
9.859726525365
9.868320361711
9.876876290139
9.885406370965
9.893908460105
9.902482827032
9.911111960255
9.919780077713
10.095986561381
10.104920057298
10.113755765046
10.122730599316
10.131705291705
10.140707703013
10.149717370391
10.158803737172
10.167898059863
10.176969254519
10.186025584905
10.195080657977
10.204117382528
10.213111347563
10.222102497761
10.231062252218
10.240044855955
10.249070142783
10.258150019007
10.267152207918
10.276171045719
11.139499592573
11.146509584530
11.152834015772
11.159346538661
11.165828903615
11.172354343890
11.179159182909
11.185320677898
11.191516022796
11.197710473872
11.203956752467
11.210308373019
11.216702461578
11.223238132925
11.229955076607
11.236881180163
11.244072108126
11.251528068802
11.259344077105
11.267396766269
11.275633489668
11.283795338718
11.292213823424
11.300668993102
11.309157469763
11.317688210967
11.326284417611
11.334943983610
11.343685781971
11.351880874907
11.360874318977
11.369933663376
11.379038815942
11.388155683354
11.397334884336
11.406493687218
11.415676215627
11.424881263266
11.434241945777
11.443720976369
11.453297351497
11.462963787450
11.482617991616
11.491897253916
11.501475488907
11.510976853779
11.520798085556
11.530943005739
11.542107112724
11.570089743035
11.580657231713
11.590798467647
11.600750634357
11.610717598059
11.620628938923
11.630387005097
11.640202742518
11.650060057888
11.659928582194
11.669864808494
11.679681284414
11.689364247232
11.699017104028
11.708645534827
11.718434730928
11.889335531721
11.895349236146
11.902833436254
11.909802164818
11.918056473204
11.926576945130
11.935109131863
11.943268075800
11.951999326979
11.960756140344
11.969484682280
11.978146935773
11.986714595604
11.995220540200
12.003701581916
12.012182293157
12.020673047563
12.029115728948
12.037592276153
12.046099462143
12.054682499528
12.063514904377
12.072557195605
12.251032227855
12.260929737263
12.270837854896
12.280795603920
12.290777333669
12.300874507570
12.310676062470
12.321069579935
12.331081798992
12.341111113730
12.351314298286
12.361668689671
12.372174000840
12.382942531916
12.392941589478
12.403573356371
12.414244173048
12.463029949788
12.473004817847
12.482977924586
12.492745998852
12.502633689692
12.512639520342
12.522399505329
12.532341838250
12.542387434152
12.552455734516
12.562560125809
12.572713399797
12.626491681973
12.636688483955
12.646416296244
12.656879535314
12.667260166595
12.677687360084
12.688021926531
12.698530557410
12.709263626279
12.839504984242
12.848960200225
12.858200597501
12.867348315974
12.876370185020
12.885335809780
12.894285476575
12.903259461811
12.912235061305
12.921349765955
12.930569642869
12.939899122171
12.949274997111
12.958778696831
12.968478831379
12.978413504462
12.988529637314
12.998799286827
13.008897516936
13.019336247272
13.029719501681
14.135047326431
14.142017673938
14.149859622131
14.157558127773
14.165427314216
14.173279855127
14.181189334580
14.188997983292
14.196781074647
14.204769209068
14.213338025040
14.215806442290
14.218276412716
14.220662516981
14.223203875154
14.225505777206
14.227875936565
14.230042236445
14.232464416866
14.234517420466
14.237131378594
14.239409349183
14.241485949140
14.243658088958
14.245786543114
14.300027390376
14.308259126602
14.316372278910
14.324101113634
14.331577289198
14.338932066394
14.346208461321
14.353453769304
14.360597125594
14.367654627801
14.374691361266
14.381602108566
14.388463873729
14.395216206183
14.401932231741
14.408557263184
14.415137012956
14.421646774908
14.428110454513
14.434549660517
14.440978075338
14.447420664272
14.453880191688
14.460364011318
14.466887142071
14.473432293604
14.479979656210
14.486573510758
14.493266024868
14.499965280896
14.506771788273
14.657617028279
14.665123174630
14.673021084126
14.681225573145
14.689710384364
14.698547195125
14.707675454494
14.717127018754
14.726839853263
14.736641710932
14.746510839415
14.756419807813
14.766292121491
14.776084537557
14.785932388324
14.795844434363
14.806223890904
14.815887911735
14.825746414722
14.835565713749
14.845554605409
14.855433801504
14.865378160953
14.875191434536
14.884859121365
14.894552896347
14.904227890841
14.914003869012
14.923817251006
14.933612538202
14.943416477659
14.953307828511
14.963347557285
15.042741557634
15.053444057360
15.063195126812
15.073483609929
15.083787971251
15.240031073602
15.249371820955
15.258690043089
15.268102898013
15.277599378871
15.286333179220
15.295967239439
15.305586727595
15.315188230788
15.324743934318
15.334352483691
15.344006168776
15.353608936968
15.363188544200
15.372743655359
15.382382289399
15.392154487205
15.401908392797
15.411869869431
15.421807388438
15.431803463505
15.582200922587
15.590579130601
15.600412262764
15.610454363468
15.620590299603
15.630510532715
15.640546026947
15.650552474671
15.660611955898
15.670742285250
15.680777835413
16.066461026983
16.074356623421
16.083249589235
16.092203222931
16.101072020405
16.110174275256
16.119597265293
16.129212853758
16.138734574351
16.148259419814
16.157758430426
16.167390469351
16.177150070587
16.186927673640
16.196884282646
16.206817223940
16.216745088685
16.226908287959
16.450696323815
16.461132708574
16.471135446558
16.481240782265
16.491603741438
16.651461004967
16.661138141410
16.670609084147
16.680094196741
16.689566354489
16.699082529705
16.708686829064
16.718493676043
16.728253938282
16.738153958269
16.748602304425
17.061191054088
17.072142321760
17.080999101316
17.091608242314
17.101187344809
17.111538016274
17.121839259268
17.313042330907
17.323076022101
17.332332318648
17.341888798804
17.351401767664
17.360898283002
17.370396307844
17.379836918542
17.389359937880
17.398900125073
17.408529433028
17.418275154347
17.428227122405
17.438141862375
17.448023678193
17.457935656036
17.467782979275
17.477747164521
17.487888179920
17.994148483142
18.003633611366
18.013330048169
18.023214329075
18.033106188880
18.042906893312
18.052468854144
18.062163666133
18.071968718348
18.081719285455
18.091570969101
18.101743706068
18.111894523541
18.313231540467
18.315095634262
18.316911198645
18.318748939434
18.320841356909
18.322695581570
18.325156975665
18.327221658347
18.329064391877
18.330734915878
18.333224095950
18.335515804774
18.338022274500
18.340517099318
18.343076379430
19.418529182882
19.425827403236
19.432788000136
19.439976513019
19.447217098840
19.454591638852
19.463159778813
19.546065002248
19.552611508179
19.559423847579
19.566327504583
19.573279701974
19.580272005510
19.587283396125
19.594367163763
19.601615909947
19.608851002910
19.773553681827
19.780083540492
19.786948970998
19.793864086053
19.800788949239
19.807694643365
19.814569543826
19.821387043864
19.828161037457
19.834917931062
19.841640091038
19.848342547043
19.855026473695
19.861696660400
19.868377240087
19.875065717526
19.881911197093
19.888948686212
19.896511431507
19.903272906255

