Time_s
0.712375909294
0.725931304283
0.737851407160
0.876245283382
0.882601792764
0.890225783618
0.897078491478
0.904680490051
0.912365223523
0.919998969378
0.927513330236
0.934914846764
0.941902032125
0.949020256023
0.956226531336
0.963327597194
0.970337324021
0.977253571780
0.984103419081
0.990908390420
0.997597815583
1.004242370530
1.010855914706
1.017439903192
1.023996005372
1.030570560993
1.037174144145
1.043756174984
1.050420116278
1.057141353348
1.063968952918
1.071000149914
1.078062717032
1.085365739689
1.093203779745
1.100320795793
1.254890513739
1.262135354175
1.269616312080
1.277122688308
1.284617124981
1.292163538253
1.299866579669
1.307493817008
1.315106503618
1.322804387748
1.330507607927
1.338384525587
1.346444149259
1.354805008215
1.362949667593
1.371034063510
1.379264665665
1.387661114480
1.396470317887
1.405516547473
1.413966601036
1.421960117090
1.595614109360
1.604363057892
1.613461962535
1.622835689926
1.632343345397
1.641873104775
1.651534840973
1.661452533467
1.672245625145
1.682838651307
1.693690374861
1.704941596163
1.716803446954
1.728856817931
1.741115558077
1.753003865024
1.765898431369
1.778250962236
2.378578341760
2.388004544653
2.396331654028
2.404272483789
2.412075833012
2.419876147002
2.427514879180
2.435266513855
2.443071542618
2.450762778729
2.458643026211
2.466705071945
2.474577529389
2.482311366929
2.621922651393
2.630037626037
2.637728936626
2.645514923643
2.653454423052
2.661381872468
2.669414632275
2.677412514015
2.685503225873
2.693553834480
2.701587446350
2.709626277099
2.717699858266
2.725841776284
2.734119391152
2.742894237667
2.751532043095
2.760152895165
2.768959858793
2.809379410407
2.814005783056
2.817775257051
2.821936807366
2.825805273178
2.830021697077
2.833743236243
2.838540179528
2.842691789294
2.846001699447
2.873721817391
2.882427719354
2.891482373100
2.901147148199
2.910301164325
2.919408606762
2.928709914838
2.938089107121
2.947739788930
2.957535661255
2.966444265051
2.976131048967
2.983887818464
2.992717931178
3.001745043221
3.010854812416
3.020006339263
3.028991097281
3.037812117873
3.046556715836
3.055271525769
3.063882671647
3.072507005297
3.081102670610
3.089593854992
3.098181911734
3.106731648394
3.115276140458
3.123836510338
3.132407261831
3.141009178573
3.149607447341
3.158150931812
3.166747747232
3.175309773637
3.184025997549
3.192686102167
3.201474838234
3.210346568998
3.219483989374
3.228701816866
3.238099685943
3.247510211447
3.257062060266
3.266737063405
3.276704908455
3.286448992227
3.295875449364
3.305481094280
3.314819560854
3.324849130356
3.333767745845
3.342710847184
3.352400333084
3.361839749736
3.370563939995
3.380631108530
3.390512352248
3.400423395050
3.410455906889
3.420347178859
3.430063603405
3.439517697656
3.449020040982
3.458493461598
3.467780892425
3.477183940982
3.486491303486
3.495849667052
3.505097358846
3.514230342714
3.523327348524
3.532369863247
3.541237361829
3.550094467211
3.559151576061
3.568198211707
3.576223511515
4.112602101307
4.120313371261
4.128579595497
4.136978539758
4.145396737784
4.153919971466
4.162485885996
4.170995892365
4.179535547495
4.188026502123
4.196482108887
4.204828414119
4.213108787401
4.221291046812
4.229306199525
4.237186090498
4.245028003444
4.252868336318
4.260640529136
4.268420135543
4.276149497035
4.284037059812
4.291786479454
4.299481263077
4.307302964529
4.314814071460
4.322593061248
4.329996316899
4.583113940290
4.592665977235
4.602212994046
4.612092038117
4.621945039242
4.631775609344
4.641679767662
4.651323013083
4.660866501906
4.670330997444
4.679771789773
4.689167027490
4.698524737250
4.707816118461
4.717403033406
4.727042891358
4.736700939235
4.746450654637
4.756344530792
4.766206583448
4.776063227766
4.785911519224
4.795946146007
4.805924290181
4.816372974890
4.826731678698
4.836380639309
4.846341285848
4.855868234470
4.866080083494
4.874955900389
4.884143808500
4.894510225169
4.904917192348
4.915399081206
4.925991506893
4.936421674667
4.947238760275
4.957767612491
4.968015832314
4.978022166322
4.987771137034
4.997354535253
5.006999440814
5.016537448369
5.026235683136
5.036236747626
5.162013817365
5.171994337602
5.182467968716
5.192474523846
5.202550046482
5.212606724138
5.222614173689
5.232708468167
5.242855631731
5.252951925499
5.263176424735
5.273373667302
5.283589410054
5.293920756144
5.304301443978
5.314623975147
5.324975876926
5.335404468265
5.345874110500
5.356252151375
5.366580637806
5.376968402482
5.387193378230
5.397350379837
5.407257815680
5.417014433326
5.426748513642
5.436425678509
5.446002528799
5.455683814199
5.465356571819
5.475440465033
5.485642791090
5.495902360148
5.505769372463
5.516064047695
5.526045637124
5.536167510942
5.545843117027
5.555628341348
5.565600946648
5.575848998771
5.585933252786
5.596199855818
5.606286078097
5.616320664637
5.626256764717
5.636247880976
5.646016675826
5.655846265808
5.665539237024
5.675369060942
5.685327878635
5.695353114141
5.705576114507
5.715988885584
5.726574553839
5.737359199480
5.748682199822
5.951774638023
5.959597909890
5.968584024888
5.977623238280
5.986768247745
5.995839107231
6.004952925410
6.014078811742
6.023134312720
6.032269371254
6.041390850422
6.050406018344
6.059485098000
6.068399482591
6.077391842857
6.086378011593
6.095375615527
6.104285168963
6.113156476490
6.121961676639
6.130973284917
6.139782931578
6.148609980009
6.157297595489
6.166075593499
6.174849663828
6.183579761448
6.192346465343
6.201137697912
6.209992386254
6.218892318529
6.228164964674
6.237877653285
6.248330503847
6.260351955483
6.304571839543
6.315305640133
6.324866459084
6.335336439669
6.345559933903
6.355632053580
6.365924714445
6.375901537675
6.385669716051
6.395518382647
6.405541969685
6.415657521913
6.426028177885
6.436680760816
6.447339063303
6.592724153971
6.602751121274
6.613115185800
6.624005519041
6.635478577415
6.647281980034
7.333925080255
7.341447956896
7.348786848073
7.356794275878
7.372691361991
7.383565467434
7.393767277211
7.404151306004
7.414273952385
7.424406260080
7.434381070958
7.444341346368
7.454258592415
7.464162388822
7.474097227146
7.484025124369
7.493968313865
7.503950877256
7.513899511226
7.523996295815
7.534198213544
7.544595030080
7.554841075581
7.564904806276
7.742308464653
7.748833797739
7.756077296954
7.763480765949
7.770973452164
7.778470106236
7.786564429326
7.794556779322
7.802079511883
7.819541285658
7.826878833968
7.834343119155
8.161046684393
8.167567927475
8.175680725285
8.183708123361
8.191823897450
8.200040610139
8.208352853057
8.216635038109
8.224898722586
8.233146637374
8.241347616335
8.249513770735
8.257695286802
8.265813299582
8.273948972248
8.281953878796
8.289973439242
8.297938439960
8.305946405602
8.313803301560
8.321512592982
8.329187048574
8.336783529226
8.344323313008
8.351922505993
8.359511990179
8.367166775087
8.374929658772
8.382796047767
8.390874959328
8.399044759231
8.406879404182
8.414946368216
8.422536694173
8.430477130834
8.438401875624
8.446061889774
8.454295317384
8.462317233960
8.470385895985
8.807146103170
8.816835147506
8.824965634169
8.833099722119
8.841582793565
8.849260016236
8.858779453090
8.867049213577
9.252811695007
9.261320468597
9.270472144210
9.278733180111
9.287727539429
9.296937695369
9.306387174920
9.316173843936
9.325870561491
9.334623194660
9.654283405827
9.662463361178
9.670611803763
9.678870341042
9.687236866447
9.695608047483
9.704033325412
9.712437681101
9.720858962158
9.729226742046
9.737457999416
9.745677184586
9.753902336848
9.762141133417
9.770483660610
9.778390004662
10.280734700241
10.288759501338
10.296443865654
10.304718687570
10.313723820523
10.322779510860
10.331872194327
10.340573990703
10.349376449889
10.358417696750
10.367392776860
10.376347186249
10.385340904253
10.394223090977
10.403051969143
10.411995619517
10.420890475999
10.429902978013
10.438890100914
10.447863290698
10.456924860315
10.466035133880
10.475187657801
10.484501070297
10.493780059982
10.503204517068
10.512716039689
10.522368780767
10.532616113059
10.542872732190
10.552799141664
11.114379909392
11.123039587802
11.131678680994
11.140625777488
11.149362956595
11.158091736135
11.166918319938
11.175707067134
11.184424697370
11.193014929718
11.201587080337
11.210028022592
11.218289396857
11.226490031322
11.234558659452
11.242456045945
11.250168923797
11.257820754837
11.265307627171
11.272691414763
11.279970636140
11.287204539370
11.294436951761
11.301623242880
11.308277902361
11.314627212898
11.319989546369
12.806629028089
12.814942343754
12.823859641345
12.833129052715
12.844194537379
12.853198522843
12.864107445918
12.874112057686
12.884196688213
12.894316301056
12.904545544313
12.914615396699
12.924849645214
12.935121348299
12.945508235065
12.955819641415
12.966293403099
12.976991859413
13.108048024492
13.114455916203
13.121797795885
13.129849418823
13.137857669487
13.145896752252
13.153948854397
13.161995933062
13.170034450709
13.178086097866
13.186122564273
13.194176587880
13.202253262009
13.210296513702
13.218369325755
13.226377341979
13.234353924913
13.242305873959
13.250337780932
13.258285581387
13.266308128227
13.274259068242
13.282172279525
13.290217809551
13.298212307728
13.306265331257
13.314348513436
13.322546290621
13.330838199394
13.339259922024
13.347858266404
13.356762078359
13.365609642743
13.373873984438
13.382121032902
13.390580335160
13.424685459014
13.429153097665
13.433135977672
13.436851807630
13.440908255090
13.444945824190
13.448939605975
13.452611693831
13.554638173806
13.561574970858
13.569885011483
13.578428540081
13.587160898080
13.595906241686
13.604611333344
13.613284020394
13.622047275233
13.630755056649
13.639501504342
13.648289020283
13.657079255032
13.665970108181
13.674829418454
13.683666382464
13.692459058492
13.701351134716
13.710230614370
13.719141173695
13.727997580142
13.736889075049
13.745830059568
13.754920731630
13.764085548513
13.773441238809
13.783038682776
13.792369622363
14.058872029250
14.066702910372
14.075019492606
14.083220376654
14.091521291533
14.099774096112
14.107945568696
14.115975056689
14.124014341089
14.132044654680
14.140053615957
14.147940714976
14.155914389302
14.163944926165
14.172151064922
14.180359765120
14.188531155702
15.085332417348
15.094903394202
15.104116106485
15.113210941342
15.122311467388
15.131505534149
15.140493058718
15.148695096781
15.157153492218
15.165933918463
15.174607721847
15.183275520875
15.191904528378
15.200463332463
15.208996876859
15.217473314511
15.225750076916
15.234059403731
15.242321125855
15.250294812311
15.258287617308
15.266073418408
15.273901223211
15.281908100423
15.289700662456
15.297397373332
15.305172563609
15.313169591235
15.724384759732
15.733100032619
15.741737433020
15.750482572864
15.758962120155
15.767915696741
15.777146290808
15.786273336553
15.795971985953
15.805768329984
15.816047365075
15.826003370217
16.014116392167
16.022990804075
16.032027773414
16.041119455732
16.050418568143
16.059849770357
16.069313394212
16.078967999995
16.088849268355
16.099169922931
16.109644812037
16.119624115127
16.129695179298
16.139762416817
16.149763293839
16.159867729294
16.169850455642
16.179897609484
16.189823423345
16.199425407495
16.208273287463
16.217435527733
16.227409853661
16.236731955321
16.246070924376
16.255240661881
16.264326870928
16.273220406703
16.281969306316
16.290701137291
16.299307089686
16.307581466640
16.315733859103
16.324149241770
16.332605915701
16.341126428941
16.349687208860
16.358324928612
16.366960303107
16.375629701764
16.384446530298
16.393408152178
16.402612125389
16.411746174430
16.420996503776
16.430297998318
16.439794793303
16.449488041337
16.459283010879
16.468071096278
16.478463286412
16.669571379874
16.678406928631
16.688634541267
16.698579319534
16.708531010648
16.718534213600
16.728373753258
16.738009168212
16.747553747384
16.757073055766
16.766332310169
16.775509531764
16.784568602705
16.793404460979
16.802081691259
16.810421863487
16.818798635904
16.827022813819
16.835219439188
16.843341640871
16.851548366348
16.859328787153
16.867210641794
16.874896373165
16.882559358502
16.890699928909
16.899041503069
16.907111105610
16.915249434753
16.923033476624
16.931781715616
16.939533703409
16.946971358838
16.955008294495
16.962783777495
16.970227663049
16.978172917216
16.986256250179
16.994243278243
17.001299565045
17.009298449646
17.016818414609
17.107558640477
17.115019666434
17.122391222391
17.533988920833
17.544175044147
17.553236980309
17.562086148295
17.570941057026
17.579808755151
17.588927330863
17.597979620311
17.607310727794
17.616647781125
17.625968138349
17.635335251856
17.644754923091
17.654378963228
17.664112606541
17.673874344274
17.683668703259
17.693463726901
17.703147875025
17.713000022196
17.723039988609
17.733111103651
17.743448407579
17.753530901323
17.762707542986
17.771193395930
17.780059518041
17.789255561032
17.798647885170
17.808205328982
17.817793076560
17.827601788982
17.837374711178
17.847244455667
17.857093064210
17.867105009316
17.877633296098
17.887461837024
17.897198530457
17.906809182171
17.916351055851
17.925766477496
17.934962461092
17.944130611894
17.952554074835
17.961109882413
17.969717664142
17.978286675519
17.986730381129
17.995102057463
18.003445191964
18.011624211219
18.019764726893
18.027835864878
18.035833208939
18.043833853033
18.051841887763
18.059894331236
18.067977739461
18.076301648743
18.085260859144
18.094172869818
18.102934206952
18.111763376466
18.120920996851
18.130157417977
18.139326922767
18.148842676586
18.158114726308
18.167388069014
18.177081408662
18.184701036643
18.193297691071
18.202294690582
18.211195138673
18.220276148797
18.229372010008
18.238411619541
18.247464088221
18.256426326753
18.265279842240
18.274143874813
18.282949890788
18.291760516584
18.300557859120
18.309286197666
18.317989998606
18.326701683876
18.335354718846
18.344032191493
18.352691251749
18.361298452366
18.369991051158
18.378748202110
18.387711323830
18.397048828555
18.407021310202
18.419261176103
18.458813532651
18.467265639512
18.475964094959
18.547135486657
18.557821450679
18.567396888898
18.576615379741
18.586557448892
18.597382534603
18.607650697436
18.761662939566
18.769710816561
18.778433079910
18.787203225531
18.795971659082
18.804838211788
18.813703358347
18.822305214093
18.830657021500
18.839558979376
18.848331033999
18.857128731498
18.866109535948
18.875026027977
18.883998964902
18.892923959515
18.901956068556
18.910993757019
18.920177729127
18.929376312430
18.939102107536
19.405249661818
19.412798363509
19.421425891659
19.430529828371
19.440050899646
19.622122410788
19.630548028749
19.640022290424
19.649484734869
19.659013227328
19.668640772789
19.678366597186
19.688157071262
19.698122574882
19.708035221383
19.717998324116
19.727876970801
19.737882676608
19.747983481613
19.758192309307
19.768730078907
19.779495139296
19.790464803015
19.801517911000
19.812253659330
19.822680603721
19.833094764884
19.843408666443
19.853411547624
19.863403107796
19.873311417149
19.883331236131
19.893489914125
19.903678147633
19.913866922476
19.924132071674
19.934387239829
19.944752905477
19.955144564548
19.965549701260
19.976040909104
19.986468740770
19.996959362062

