Time_s
0.509048575390
0.515687042595
0.522822728222
0.530145167395
0.537367690443
0.544598318217
0.551687422750
0.558533537162
0.565323299200
0.571980320406
0.578610836881
0.585135094034
0.591417260286
0.597486417584
0.603388388056
0.609236973039
0.615137668171
0.620942630695
0.626721551469
0.632468956472
0.638248027308
0.643960559989
0.649674419263
0.655363461980
0.661059568538
0.666749055106
0.672414097969
0.678065796807
0.683631221867
0.689196425549
0.694733170323
0.700160025050
0.705551836901
0.710823859038
0.716069262520
0.721258400791
0.726441903306
0.731485783072
0.736461580600
0.741405915253
0.746309613474
0.751213512990
0.756600114308
0.938253423009
0.946691816479
0.955401293883
0.963862898247
0.972226567453
0.980731563716
0.989403217660
0.998376072977
1.007273079516
1.016204917781
1.025021908147
1.033834090455
1.042521529639
1.051177549514
1.059727742595
1.068284808419
1.076831301428
1.085189818283
1.093549134512
1.101722625715
1.110113473823
1.118564205341
1.340108930928
1.349582308771
1.359316674347
1.369422741185
1.379871554468
1.390677085144
1.401753446697
1.413129661893
1.424546102834
1.435779861807
1.447200792907
1.457949390812
1.469216041167
1.480987599111
1.492482270164
1.504008324486
1.515517664747
1.526950703911
1.538634687024
1.550926961427
1.562858694505
1.574500761482
1.587042723157
1.598854522859
2.523316607063
2.531918527843
2.540242071435
2.548425116234
2.556562842488
2.564552745768
2.572427370343
2.580229810611
2.587988789102
2.595692936685
2.603259525128
2.610819348922
2.618041980805
2.625201126573
2.632110653233
2.638804511206
2.645304219153
2.651793440070
2.658028559758
2.664580799537
2.815296251286
2.822142820045
2.828699943902
2.835832094104
2.843030402501
2.850326942918
2.857729353657
2.865356533973
2.873007553985
2.880748246679
2.888541300407
2.896251822734
2.903921274680
2.911574779885
2.919113407634
2.926482472112
2.934077371823
2.941818244451
2.949420762242
2.957103427576
2.964831651528
2.972036022216
2.979616650849
2.987397709181
2.995092964639
3.002853942007
3.010655984487
3.018611967121
3.027312318310
3.035689353577
3.044325197232
3.053311171821
3.062753716771
3.072519572433
3.082624535750
3.092908993730
3.103381809366
3.113796335354
3.123116447287
3.132062734280
3.141591893629
3.151073232324
3.160601805428
3.170376190971
3.180358501303
3.190291328908
3.200219048584
3.210269818056
3.220429477924
3.230648039859
3.241024181097
3.251514791185
3.262174236403
3.272775417871
3.283571038084
3.294816263152
3.306173570199
3.317163046984
3.328291691136
3.339294353759
3.349520347892
3.359469265631
3.369139161762
3.378459470850
3.387596364285
3.396558258371
3.405334742940
3.413942790827
3.422360416243
3.430649275956
3.438795496194
3.446851053118
3.454741624197
3.462515239970
3.470266918581
3.478042367285
3.485676908481
3.493090057227
3.500089801296
3.506717207172
3.513604336112
3.703738600323
3.712645559212
3.721992496327
3.731544754932
3.741326168817
3.751413029642
3.761643401534
3.771962981556
3.782299937286
3.792676504914
3.803061912814
3.813399832670
3.823754734161
3.833918870994
3.843809219455
3.853339078627
3.862599429378
3.871691142822
3.880651991586
3.889559641338
3.898452795283
3.907046108361
3.915626781221
3.924501480148
3.933192281168
3.942214123980
3.980063342078
3.989177641956
3.998099222999
4.007404152585
4.016803769768
4.026574561113
4.036594263822
4.046856787037
4.056805695951
4.067358275576
4.077359758788
4.087344539438
4.097209385029
4.106976664443
4.116656856135
4.126337003215
4.135895184739
4.145363954739
4.155057363590
4.164695556362
4.270168223449
4.278481341582
4.287596868167
4.297133166290
4.307209591145
4.317550352750
4.328611315917
4.339585374927
4.350450272604
4.361288382347
4.372506979077
4.383531837686
4.394512386372
4.404814013180
4.524623533302
4.534428905387
4.544944038534
4.555812566711
4.566583786233
4.577426030961
4.588405299300
4.599228326682
4.610176613623
4.621099975949
4.631869507283
4.642575016026
4.653343270990
4.664257117632
4.675036189844
4.686026606809
4.697159147942
4.708475184585
4.720215716891
4.891249370298
4.901307831726
4.911609175018
4.922058194084
4.932787017057
4.943645462619
4.954727288973
4.965759484480
4.977005132771
4.988194460460
4.999391976506
5.010861277689
5.022370448308
5.033481119130
5.044488649998
5.056005984037
5.067245653398
5.078682814398
5.089976241920
5.102881760067
5.116138747711
6.163725065950
6.168317880881
6.173311365927
6.178845183057
6.184087888133
6.189297647279
6.194490460773
6.199618145769
6.204697938322
6.210502757903
6.215775984876
6.220925080335
6.225815358054
6.230900546536
6.236152749357
6.241355020853
6.246494577590
6.499945391547
6.506888462107
6.513434934437
6.520104038445
6.526913371432
6.533796386239
6.540802634818
6.547941678290
6.555262183740
6.562963197225
6.570873019517
6.579002619931
6.587395877342
6.596021106159
6.604834199862
6.613799292319
6.623043113018
6.632322450301
6.641775864567
6.651507139673
6.661244610355
6.671065673334
6.680944220591
6.691064844630
6.701424507760
6.711868651620
6.722427215643
6.733291355321
6.744210830187
6.755420490568
6.767078541766
6.824193139551
6.833872635480
6.844037582004
6.854789547150
6.865556275152
6.876249011430
6.887441716274
6.898336577046
6.909619739614
6.923084034051
7.099646282316
7.109376834246
7.118929121231
7.128613274152
7.138489828561
7.148227792301
7.157867599138
7.167432802491
7.177020728326
7.186366710907
7.195754764631
7.205309057842
7.214909309179
7.224277818987
7.396569602311
7.405596763629
7.414884561242
7.422745645978
7.432059913120
7.441621953448
7.451236465524
7.461019341507
7.471162565580
7.481550448550
7.492057801613
7.502212433104
7.512424945783
7.522483998840
7.532303579222
7.542084630134
7.551879387128
7.561658575941
7.571669359773
7.582295880554
7.592098928359
7.602013036792
7.611995887319
7.672415107004
7.679996375045
7.688432042813
7.697514902564
7.706368901496
7.715301919856
7.724284548703
7.733307699202
7.742492498842
7.751588644663
7.760966050929
7.769792305491
7.779078428573
7.787818515355
7.796781237254
7.805532544950
7.814101115018
7.822613110544
7.831006211065
7.839011569421
7.846989030177
7.854778585296
7.862240395270
7.869661821385
7.876491140597
7.883578370234
7.890618854265
7.896275987132
8.860074554913
8.868176815746
8.876559647199
8.885142957106
8.893737793102
8.902370106933
8.910967440502
8.919540873976
8.928062012571
8.936728080232
8.945330522321
8.953883168361
8.962386355675
8.970819733867
8.979195399828
8.987586907814
8.995926985211
9.004168745525
9.012376705251
9.020441990763
9.028433538060
9.036246197160
9.043981658489
9.051546163621
9.058958071563
9.066236026308
9.073449680632
9.080638206042
9.087976627206
9.095507498896
9.103268835839
9.110851659114
9.118628654509
9.347455710741
9.354925674069
9.362226824925
9.369301419517
9.376613686797
9.384216336036
9.391840507493
9.399175023263
9.406454393407
9.413683282793
9.614034651424
9.621350732877
9.628781952657
9.636299418003
9.643840817724
9.651533410822
9.659529796803
9.667909360921
9.676615449059
9.685648826118
9.694915512026
9.704427330198
9.714201927175
9.724286509982
9.734508135723
9.744888252834
9.755402305678
9.766106374464
9.776870675049
9.787875624076
9.799041013973
9.809533256741
9.819958640812
9.830370722763
9.840920874672
9.851413935096
9.862112747058
9.872636284198
9.883351100705
9.894097123373
9.905607721354
9.916094971729
9.927438316869
9.938098496081
9.949121522009
9.960639509817
9.971769407508
9.982695325876
9.993809587829
10.158322705775
10.167840722187
10.177403270694
10.187252559711
10.197678984559
10.208198463177
10.218880747608
10.229497724456
10.240004702146
10.251432792285
10.262328351078
10.273190613651
10.284507145857
10.296082847089
10.307957360265
10.319832518228
10.331729468836
10.343497525101
10.354850117280
10.373688644420
10.383755487143
10.393466139016
10.403158635608
10.412947726370
10.422478509346
10.431673721506
10.440528194410
10.449093152022
10.457434663998
10.465660773716
10.473803949713
10.481903655429
10.489943053789
10.497964930186
10.506047662309
10.514244221751
10.522569558048
10.531086345432
10.540948473393
10.549732727626
10.680006687950
10.688562510917
10.698732463598
10.709107875728
10.719658209146
10.730489784699
10.741345797828
10.752296004580
10.763193372975
10.774124526791
10.785203466077
10.796067791450
10.806824595737
10.818290958468
10.829861644110
10.841250941306
10.851989195817
10.862155998275
10.872082039478
10.881548257322
10.890585387874
10.899538155690
10.908053905594
10.916386446194
10.924507462835
10.932097958185
11.610433497637
11.615850141517
11.621695101058
11.627305747963
11.633035740061
11.638723310425
11.644196935385
11.649632391091
11.655014104238
11.660333740588
11.665640213827
11.670816605572
11.676021041173
11.681173130499
11.686227348045
11.691172481178
11.696054102450
11.700883230270
11.705575025644
11.710185788698
11.714518599632
11.718912864619
11.723307827552
11.727534636451
11.731709285055
11.735775666033
11.739686006761
11.743372108612
11.746700934670
11.750097818747
11.753566615767
11.757052875457
11.760518783705
11.763997057307
11.767454991956
11.770940931444
11.774468661783
11.777988148753
11.781474054639
11.784963016228
11.788451742511
11.791971271424
11.795524737291
11.799046313918
11.802596577939
11.806180581738
11.809770917236
11.813419169286
11.817086690312
11.820845962960
11.825400978993
11.829658822980
11.833864970154
11.838081220455
11.842458450471
11.847165844889
11.851958610319
11.857024371061
11.861961303979
11.867057371396
11.872324022048
11.877682847132
11.882618901170
11.888267350772
11.893660195517
11.899170803120
11.905020188674
11.911114962360
11.917219573757
11.923441462605
11.929765107388
11.936252070292
11.942998634835
11.950415214695
11.957908041884
11.965750321259
11.975038481793
11.983876268109
11.992921705990
12.002665745074
12.012187619300
12.234607775243
12.242933974407
12.251586769052
12.260240113322
12.268990817207
12.277726144460
12.286435577953
12.294921093425
12.303053156299
12.311412771927
12.319740753271
12.328064438903
12.336302619517
12.344594159134
12.352862204483
12.361159699692
12.369472711511
12.377880182717
12.386470047080
12.395219561130
12.404361546871
12.413805611476
12.423750175457
12.434167888480
12.445417369346
12.455636436822
12.466186755498
12.477156478953
13.070510191774
13.078621800318
13.088263013992
13.098853547517
13.109938415943
13.121816341863
13.133638748567
13.145632599593
13.156934587075
13.167811811279
13.177661948416
13.187656247222
13.198140359916
13.208758180991
13.218704951261
13.229884067600
13.241519216854
13.253529804513
13.264986578694
13.276745313688
13.288376387845
13.299721294512
13.310661892267
13.321604497861
13.332223245880
13.343084859522
13.352433794542
13.362656993130
13.372810992779
13.383012376906
13.392831358614
13.402557619781
13.412285654507
13.421868982755
13.431425223270
13.441052197138
13.451023463930
13.460808883776
13.470703954531
13.480464370724
13.490380418558
13.500482393669
13.510840292062
13.521337948140
13.532134001089
13.543348312716
13.555056200217
13.565809274998
13.576713058135
13.588395800269
13.599392759386
13.610562337505
13.621532174410
13.631890503212
13.642702839820
13.653239409690
13.664513060256
13.675871012013
13.687190155064
13.698061824049
13.707193120688
13.716440963518
13.727116302402
13.737708357698
13.748147314146
13.758690337360
13.769018114389
13.779640780295
13.789995902526
13.800512919017
13.811097057233
13.821740677469
13.832528766443
13.843573124513
13.854799356308
13.866148567536
13.877547382391
13.889148428352
13.900841568416
13.911812874911
13.922485969623
13.932805741314
13.943128703065
13.953240958244
13.963848341973
14.020710351108
14.025742292294
14.030856361599
14.036292768860
15.180771283077
15.189508342269
15.197648026065
15.205268779218
15.212817827148
15.220299264940
15.227688067681
15.234944836484
15.242048241741
15.249008351834
15.255977487141
15.262854994469
15.269655179656
15.276275058630
15.282832507966
15.289619151045
15.296611024754
15.303201630626
15.309572478836
15.315900043561
15.322047086841
15.328106283063
15.334084016186
15.340016136133
15.345766229214
15.351370352062
15.356585763792
15.361819103640
15.366992669402
15.372112826926
15.377008985136
15.382189053273
15.386425616525
15.390552744855
15.393892205255
15.397310828643
15.400575993701
15.403759230827
15.407066459245
15.410087051294
15.413502419534
15.416926995716
15.421041998277
15.424916403462
15.428279649898
15.432138392800
15.435819601680
15.439560804794
15.443269209478
15.447117352041
15.451182052173
15.455360555665
15.575656062101
15.580760553476
15.586355365047
15.592512272989
15.599087341405
15.605765906828
15.612948588225
15.620411153010
15.628204857253
15.636414540462
15.644566131054
15.652839973561
15.661477428463
15.670484790940
15.679609384364
15.688767588487
15.698039865233
15.707310456374
15.716522861263
15.725815332436
15.735191783093
15.744577340119
15.753924053854
15.763237184604
15.772432107271
15.781405066526
15.790283136753
15.799304074246
15.808371768568
15.817823130982
15.827351181054
15.836858787586
15.846892013882
15.857277839724
16.027402595550
16.036360376570
16.045446183990
16.054595449632
16.063811460873
16.072469937646
16.081791270155
16.091150616107
16.100310299767
16.109389600794
16.118305611415
16.127125591810
16.135733280330
16.144283509398
16.152646116326
16.160754899512
16.168732273484
16.176561281974
16.184187354449
16.191666081817
16.198889894235
16.206051300798
16.213235900507
16.220374503880
16.227535069949
16.234668706579
16.241891651973
16.249075195962
16.256278838840
16.264888140270
16.273782296414
16.280889102972
16.288064436569
16.295245801761
16.423969595946
16.432911963894
16.442229783607
16.451855942066
16.461236102164
16.470434644472
16.479601312649
16.488753001956
16.497811330238
16.506689137380
16.515338621783
16.524137095439
16.532675593834
16.540976454501
16.549081237210
16.556967029421
16.564793943600
16.572642703102
16.580409531307
16.588652119771
16.711880604811
16.718089146564
16.724808048555
16.731571975569
16.738972412417
16.746450149721
16.753529966578
16.761712625228
16.768926819637
16.775979333784
16.964771463492
16.972909757087
16.980947241495
16.988757676270
16.997914719265
17.007011832445
17.016771283200
17.027012944779
17.037774110463
17.048641192957
17.059663959939
17.070922050416
17.081982061188
17.093004367738
17.103921569286
17.114699864473
17.125398036157
17.135933102096
17.146080490020
17.156013631631
17.165675579117
17.175658817484
17.186010985579
17.196057710630
17.598026923144
17.607381648242
17.618520661306
17.629607584561
17.640483296068
17.651200186739
17.661620574481
17.672111097694
17.682374926382
17.692769877536
17.703258735983
17.713902272571
17.724822501341
17.736006950416
17.747323368563
17.758822360869
17.770908010149
17.782771405938
17.794450474076
17.805953584700
17.817166685100
17.828206552953
17.838885780442
17.850078328083
17.861398336732
17.872193245930
17.881499239995
17.889018784326
17.897401077744
17.905451071511
17.913312084970
17.921050207478
17.928594079896
17.935903786271
17.942972265215
17.950121843607
17.957488139297
17.965344781073
17.972925560034
17.980217962263
17.987592394898
17.995293925833
18.003097430503
18.010663881116
18.159783884546
18.166802811037
18.174652128528
18.182443539380
18.190280092528
18.198150565160
18.206318494727
18.214597294175
18.222918936609
18.231172010553
18.239424751105
18.247789033958
18.256346977865
18.265092761413
18.274002670927
18.282972817519
18.291861168512
18.300864930226
18.309906300244
18.318973270526
18.327801229245
18.336801419460
18.346637861370
18.356251038784
18.367289986522
18.509336628478
18.517738158459
18.525524558138
18.533329591860
18.540950814151
18.548503311574
18.556013980366
18.563451153958
18.570820978742
18.578264409154
18.585845463223
18.593585470225
18.601443753639
18.609543420646
18.617848725674
18.626397552318
18.635216204559
18.644607567760
18.654513978370
18.664625310029
18.674998323370
18.685179432712
18.695973971961
18.706321937429
18.717450759990
18.728781195418
18.739562846671
18.750633158169
18.762177035803
18.774065410316
18.885482788052
18.895117426708
18.906511220164
18.918174542145
18.929115951106
18.941010132516
18.953336181741
18.978349305345
18.988591034507
18.998831667362
19.182282469615
19.190796029198
19.199424229582
19.208075896976
19.216826472459
19.225731752721
19.234840188723
19.244181157343
19.253748080243
19.264410817855
19.275291411179
19.285895495536
19.296848103326
19.308335597502
19.319992712583
19.331109984995
19.343809767297

