Time_s
0.629877271207
0.635375840610
0.640833587262
0.646154911861
0.651393355339
0.656548375912
0.661575138933
0.666532845328
0.671513215973
0.676440737182
0.681331610916
0.686196490025
0.691020655709
0.695798382073
0.700548228324
0.705246795683
0.709911903071
0.714545058978
0.719166257203
0.723763953814
0.728352192158
0.732947237290
0.737574105210
0.742259415912
0.747011887786
0.751997808989
0.934294828955
0.940170861639
0.946220984835
0.952249056843
0.958282008955
0.964346379275
0.970430130647
0.976582560681
0.982738088749
0.988944776712
0.995264494827
1.001623954520
1.008063971260
1.014555333919
1.021117920957
1.027724960020
1.034330202730
1.040938997898
1.047553956260
1.054145295318
1.060804956446
1.067571553923
1.074694222804
1.082290169776
1.089757389756
1.274445930581
1.279839837678
1.285301223976
1.290851579738
1.296460724421
1.302117611576
1.307841333030
1.313638804500
1.319511696564
1.325494520148
1.331550433057
1.337714902375
1.343945237434
1.350275423501
1.356630490468
1.363087730890
1.369616904411
1.376200737675
1.382806197477
1.389488594509
1.396200814920
1.403014672286
1.409959700838
1.416985257553
1.424191970952
1.435553915002
1.438812101159
1.442122110812
1.445015176375
1.448174211991
1.451308869529
1.454383251950
1.457469369943
1.460481670235
1.463840358431
1.466814913028
1.469897434842
1.473414079987
1.476965329988
1.479933127387
1.482887809471
1.485865240437
1.489457088628
1.492361348813
1.494890985614
1.497841294670
1.500811846067
1.503892529195
1.506792016076
2.029633239070
2.035541427820
2.041547069278
2.047488561060
2.053453385620
2.059389531080
2.065270654452
2.070966826508
2.076530347254
2.082002771429
2.087345872036
2.092564669367
2.097673655723
2.102703345714
2.107712615467
2.112728347606
2.117741581583
2.122768875637
2.297103342114
2.301447861995
2.306069596842
2.310697647392
2.315323204383
2.319993690864
2.324719166115
2.329561553769
2.334596223492
2.340037104081
2.382613973740
2.388548310214
2.394356009611
2.400109827648
2.405867589875
2.411686752451
2.417594127406
2.423588685744
2.533876798196
2.540009183529
2.546195184500
2.552506587417
2.558810039606
2.565147431078
2.571501347742
2.577898404556
2.584309930514
2.590754765591
2.597223609234
2.603729366250
2.610312109972
2.616990240224
2.623720949786
2.630467225571
2.637210488237
2.643839265102
2.650321486042
2.656692616557
2.663084089685
2.669457596453
2.675809793258
2.682175092109
2.688531074627
2.694897432185
2.701281558176
2.707679249592
2.714117157957
2.720687542271
2.727461247945
2.769960826893
2.776823787568
2.783505948753
2.790056843221
2.796507527712
2.802904862690
2.809306820306
2.815740122614
2.822205730472
2.828695509592
2.835169486237
2.841648898631
2.848175136408
2.854731479836
2.861358281301
2.868046080879
2.874767817275
2.881562137429
2.888579153818
3.090908039655
3.097900471333
3.104921198231
3.111986641833
3.119069731962
3.126158423635
3.133219459132
3.140191610981
3.147043220730
3.153773003508
3.160421415038
3.166984354521
3.173514523612
3.179930737725
3.186285828821
3.192570019026
3.198789166491
3.204967976651
3.211137924927
3.217366874385
3.223670022797
3.230361476611
3.349823012372
3.355577891410
3.361979861007
3.368480827662
3.375071746936
3.381770331032
3.388557445150
3.395273884199
3.401948715559
3.408574961550
3.415312389031
3.486814059569
3.492812946031
3.498986624230
3.505216152436
3.511466615160
3.517765421360
3.524100173764
3.530485633979
3.536905772804
3.543353790532
3.549882589685
3.556559403039
3.563676371444
3.674864052230
3.680120355323
3.686297380910
3.692563185091
3.698933266478
3.705486288051
3.712162442599
3.718968620461
3.990716623621
3.995971985769
4.001484851463
4.007077438412
4.012755856091
4.018503651980
4.024249648302
4.030069699181
4.035972888790
4.041944249627
4.048014163494
4.054182320987
4.060433082338
4.066712285107
4.073059640654
4.079471306411
4.085925379829
4.092441707905
4.099002293259
4.105617659164
4.112304860889
4.119063810783
4.125973634540
4.132926845811
4.140000398311
4.147246808238
4.154500998003
4.161785397277
4.169202681441
4.176720394684
4.987773032344
4.992554245512
4.997454691346
5.002301859704
5.007095505267
5.011831942114
5.016543427612
5.021200274026
5.025825544202
5.030348599173
5.034806786289
5.039375110701
5.044327897262
5.049494628083
5.054706442549
5.308359979532
5.314857931764
5.321424401557
5.327979387715
5.334581949866
5.341216819578
5.347911985377
5.354578055995
5.361283557718
5.367979307677
5.374626509698
5.381257783074
5.387839082065
5.394422197393
5.400941356213
5.407402448992
5.413836984376
5.420248546888
5.426611123445
5.432902585557
5.439171869934
5.445367635368
5.451479208546
5.457541760021
5.463590210240
5.469627860777
5.475644742828
5.481643351441
5.487636495160
5.493615079571
5.499581653876
5.505585772155
5.511672387512
5.880223334253
5.886497227020
5.892852186788
5.899284946159
5.905776269066
5.912350138617
5.918929025847
5.925514116995
5.932031888622
5.938628873758
5.945120158098
5.951815981686
5.958323248303
5.964969387691
5.971523598762
5.978096509832
5.984695910593
6.190488592358
6.196180022665
6.201948067670
6.207713909589
6.213488606181
6.219286021849
6.225054358943
6.230777705552
6.236536502998
6.242328486946
6.248153035552
6.254023156505
6.259934027674
6.265901914720
6.271911693619
6.278041754891
6.284221331166
6.290465538905
6.296844037894
6.303379118072
6.310159480931
6.473892135250
6.481515735464
6.489214794913
6.496971687450
6.504773291331
6.512603809269
6.520488640623
6.528372786330
6.536294909144
6.544260935815
6.552266397894
6.560320070893
7.330027215219
7.335649444068
7.341325579845
7.347004103445
7.352746687283
7.358541743784
7.364393690844
7.370265930313
7.376202445335
7.382167014623
7.388130259567
7.394124802857
7.400126202711
7.406104874972
7.412045969896
7.417964393516
7.423809351179
7.429614579361
7.435391117521
7.441098210588
7.446749712094
7.452312662992
7.457836683812
7.463293060734
7.468707848901
7.474083744188
7.479419079488
7.484690028603
7.489917652515
7.495102527666
7.500232340081
7.505268104889
7.510261613064
7.515210906215
7.520127825361
7.525020228085
7.529904064248
7.534815984678
7.539813145740
7.544886909459
7.550057560018
7.555321054964
7.560676114001
7.566024012442
7.571390431397
7.576795677659
7.582347245097
7.587777626927
7.814308552347
7.819516441313
7.824804865477
7.830002301906
7.835183894852
7.840327439969
7.845472008953
7.850681629804
8.083342246737
8.089597331350
8.096015155338
8.102481540377
8.109108763942
8.115839532879
8.122643143025
8.129660492110
8.136772270789
8.143995102060
8.151271686512
8.158578998758
8.165905024252
8.173241547401
8.180539726794
8.187779177178
8.194975542685
8.202128097006
8.209256670705
8.216314998240
8.223335207070
8.230293803362
8.237206896875
8.244009284240
8.250748610848
8.257398488069
8.263984045056
8.270510978764
8.276974623685
8.283376433074
8.289708708487
8.296038370061
8.302377438531
8.308724488588
8.315019975358
8.321273974172
8.677993860879
8.684452479288
8.690862423953
8.697176817706
8.703532148642
8.709940475502
8.716347214399
8.722723920940
8.729062061580
8.735310791747
8.741502273183
8.747546557606
8.753536549146
8.759456473085
8.765256573223
8.770821277206
8.776122051183
8.781441572629
8.786744033198
8.792000394742
8.797285394200
8.802684950821
8.808379308690
8.814035229485
8.992811544286
9.000032185121
9.007337110481
9.014655934031
9.022009940917
9.029393044844
9.036775259420
9.044135634788
9.051436732509
9.058706757619
9.065962222435
9.073228880332
9.080490163757
9.087713372300
9.094905755154
9.102074627645
9.109195786206
9.116296596757
9.123315902646
9.130273983510
9.137231841652
9.144142161420
9.151007433681
9.157795698612
9.164476837320
9.171009389342
9.177376852110
9.183612920781
9.189698005043
9.662764972551
9.669485004405
9.675975709763
9.682645168197
9.689385123923
9.696193192994
9.703064071586
9.710054379966
9.717025841612
9.724170030055
9.731187967684
9.738097958816
9.745011001013
9.751893569831
9.758734815482
9.765508070458
9.772284977567
9.779033583457
9.785725842413
9.791782081759
9.798291288095
9.804796790582
9.811277261185
9.817726644238
9.824077690389
9.830419199917
9.836719519150
9.843063730803
9.849386694646
9.855725213370
9.862157372101
9.931880073565
9.937300480330
9.942815232645
9.948316570248
9.953822247219
9.959293035779
9.964751987749
9.970217076600
9.975680687814
9.981124076587
9.986573787145
9.992049451297
9.997541535972
10.003084021103
10.008673115211
10.014344607934
10.020153976726
10.211115081677
10.217414418848
10.223950949230
10.230642404470
10.237418223781
10.244289749970
10.251256020663
10.258318050348
10.265424617859
10.272565648885
10.279714225027
10.286840790432
10.293901968691
10.300808898257
10.307543163837
10.314168415430
10.320682729370
10.327098743671
10.333500914418
10.339946863240
10.346521729815
10.353162160801
10.551958799687
10.557899324595
10.563942428990
10.570171321927
10.576541726789
10.583073514356
10.589758489281
10.596634671024
10.659182162836
10.665782273815
10.672375416127
10.678910994215
10.685497784948
10.692064200168
10.698675975999
10.705320966886
10.712053927170
10.718896061715
10.725912896384
10.733300183823
10.832367737234
10.839657556006
10.847042794802
10.854509622395
10.861928167830
10.869290022669
10.876625986067
10.883958142424
10.891273746471
10.898687752373
10.906024075364
10.913367518150
10.920754326217
10.928000112519
10.935156606697
10.942110737189
10.949133909240
10.956185107178
10.963155584727
10.970073013692
10.977016226926
10.983935631061
10.990872167386
10.997841008864
11.004796667536
11.011715230547
11.018673755159
11.025731557665
11.033058123966
11.129085716080
11.135277969242
11.141664879368
11.148070848994
11.154509303415
11.160969965848
11.167487204241
11.174036445256
11.180633023787
11.187266162593
11.193970095288
11.200725251264
11.207549122072
11.214385856204
11.221254467430
11.228177270209
11.235166018790
11.242209047999
11.249349417865
11.256506385429
11.263726086716
11.270951153148
11.278229062642
11.285575510789
11.292970450142
11.300408355801
11.307843098633
11.315261944920
11.322658176207
11.330091059827
11.337541213597
11.345034119278
11.352635501353
11.360314317378
12.095576905959
12.102106913034
12.108344816650
12.114706177780
12.121114378087
12.127549887849
12.134097460693
12.140672419097
12.147281222660
12.153862702453
12.160421335291
12.166928833089
12.173322210931
12.179630947144
12.185748563771
12.191808683515
12.197737636139
12.203572382696
12.209272808530
12.214827142259
12.220230804082
12.225632741740
12.230864199336
12.236024785430
12.241119789153
12.246186745781
12.251122636933
12.256048668325
12.260952581119
12.265840732566
12.270715271825
12.275644845722
12.280672424176
12.285916948004
12.291409415669
12.296824399225
12.302263487285
12.415035561104
12.419309426221
12.423594270577
12.428392771141
12.433261680016
12.438241604748
12.443273819580
12.448357398620
12.453501643369
12.458742509427
12.464336019034
12.469896954568
12.475565091813
12.481337462198
12.487067572978
12.492675858620
12.498382279741
12.504155319298
12.509987990143
12.515856897392
12.521733347461
12.527680427038
12.533638352998
12.539614414215
12.545613059946
12.551645310207
12.557709464580
12.563799937933
12.569927427335
12.576065469883
12.582287710115
12.588555469711
12.594852913242
12.601181679197
12.607504282846
12.613862064892
12.620262544629
12.914421428497
12.920334204917
12.926415555806
12.932604769129
12.938846132088
12.945068391380
12.951416170019
12.957804958361
12.964204297885
12.970518534026
12.976777040280
12.982930690749
12.988967367942
12.994940274600
13.000809377741
13.006578451949
13.012212362268
13.017794655449
13.023238471447
13.028619021339
13.033924433701
13.039167048463
13.044386475231
13.049584929020
13.054765424932
13.059949134668
13.065126558916
13.070324373231
13.075602650396
13.081016611775
13.086624998290
13.092342396075
13.097808073057
13.239522036989
13.245422461368
13.251493615778
13.257589683652
13.263771131052
13.270004356291
13.276321211812
13.282696959782
13.289126847052
13.295575269362
13.302065480550
13.308665029610
13.693714429471
13.700676567613
13.707738483165
13.714875052660
13.722063601756
13.729414592311
13.736815214224
13.744255940920
13.751654517293
13.759014681527
13.766346015279
13.773583233359
13.780720840399
13.787832288514
13.794875133441
13.801808986398
13.808630461081
13.815328230735
13.821909079024
13.828347208003
13.834632112444
13.840870902887
13.847185512466
13.853764337813
14.321029791848
14.327990033830
14.335050862485
14.342229417617
14.349606546758
14.356855149107
14.364080321703
14.371362013491
14.378674279300
14.385965869161
14.393242414648
14.400499514856
14.407723329710
14.414919359627
14.422109587618
14.429512829938
14.436667318438
14.571984913765
14.577837923055
14.583712535528
14.589551445379
14.595368108437
14.859764871533
14.865918145685
14.872179364308
14.878533220222
14.884929003169
14.891412886254
14.898009057835
14.904658557049
14.911293061496
14.917966325525
14.924739883436
14.931568471650
14.938444072449
14.945330931076
14.952216413146
14.959118487108
14.965969888117
14.972932676451
14.979938204599
15.150049350962
15.157100752590
15.164348584323
15.171729923781
15.179140216305
15.186586405714
15.194075838913
15.201555993623
15.209054359933
15.216507044497
15.223995930443
15.231417014364
15.238833626248
15.246203099460
15.253566626431
15.260867646176
15.268139142771
15.275328789140
15.282453492751
15.289510908823
15.296491144103
15.303440160008
15.310420286230
15.317396878970
15.324609775589
15.331823679029
15.730522671108
15.736224238640
15.742036146497
15.747873159238
15.753734864366
15.759656109130
15.765626205930
15.771641904058
15.777712497744
15.783840789797
15.790059657940
15.796382214881
15.802826620246
15.809398633384
15.816059088336
15.822867831745
15.829785961423
15.836727187634
15.843803460841
15.851082467904
16.738047310412
16.743416386379
16.748840371509
16.754319487617
16.760100416162
16.836733479529
16.842562049811
16.848452653359
16.854372267068
16.860412953702
16.866560597004
16.872865181193
16.879471206910
16.886305910925
16.893200854236
16.900085267989
16.907133141941
16.914211625064
17.107133645332
17.111394759800
17.116072916413
17.120780639159
17.125463163024
17.130170341174
17.134917769945
17.139647807012
17.144354333854
17.149043756108
17.153727464671
17.158418053740
17.163135447631
17.167871825953
17.172641889331
17.177427065066
17.182259460080
17.187133297872
17.192314970944
17.348741162300
17.352990637337
17.358070402717
17.363287227998
17.368604092232
17.373986523475
17.379438751041
17.384947401737
17.390485871273
17.396049305431
17.401599426226
17.407180025102
17.412796355011
17.418499002628
17.424249643518
17.430067073133
17.435902565039
17.441776545584
17.447669189762
17.454015687731
17.460312845468
17.678700968212
17.685871239572
17.693071548766
17.700772553260
17.708084567277
17.715403694205
17.722705651533
17.729960578294
17.737159945765
17.744298722494
17.751379727948
17.758366116436
17.765315462843
17.772232216204
17.779120582056
17.785929100384
17.792645221554
17.799277723148
17.805861105736
17.812309396633
17.818531238657
17.824726422737
17.830909171890
17.837104670307
17.843343499590
17.849729291661
17.856239374315
17.862963335813
18.047395678030
18.053627671838
18.059941932186
18.066269407428
18.072649398714
18.078974550807
18.085339642915
18.092170012346
18.098734570618
18.105515449566
18.394336426928
18.400645526379
18.407021785320
18.413423332829
18.419860813241
18.426277018299
18.432701184891
18.439105745474
18.445486250362
18.451790608308
18.458026933940
18.464234962751
18.470432145121
18.476580117902
18.482710821993
18.488803473305
18.494841426779
18.500861187314
18.506823756076
18.512785709224
18.518812937401
18.524945922175
18.531189688332
18.537424732707
18.543693625094
18.550004014394
18.556394514220
18.562806388577
18.569243070673
18.575621278815
18.581921578841
18.588273770816
18.594729125389
18.601262098499
18.607874730606
18.614509196162
18.621131826318
18.627733810750
18.634332672463
18.640919968823
18.647515450652
18.654075297766
18.660642246862
18.667166618601
18.673681410495
18.680160053037
18.686615708651
18.693081329132
18.699518181884
18.705890208496
18.712231331746
18.718545304668
18.724948297665
18.862776850731
18.869598620618
18.876456773565
18.883386571615
18.890373668304
18.897442570663
18.904576641458
18.911799987575
18.919071711841
18.926404813872
18.933763015763
18.941130407164
18.948525204929
18.955918628595
18.963292975310
18.970664648980
18.978075122941
18.985497125839
18.992914676770
19.000320414864
19.007697281462
19.015022360829
19.022305521852
19.029518004690
19.036629655019
19.043633427522
19.050597900586
19.057571286806
19.064526237349
19.071867827475
19.078664790816
19.085724162845
19.092912705314
19.714379295479
19.720814073908
19.727844222814
19.734786577927
19.741664993431
19.748582964213
19.755470070612
19.762686873152
19.769701788933
19.776668179028
19.783610760133
19.790496588521
19.797261301635
19.803945710643
19.810627555284
19.817333788428
19.824068010050
19.830866071561
19.837698393328
19.844544313258
19.851380317368
19.858225932182
19.865077270976
19.871984335651
19.879019478935
19.886150437750
19.893165773074
19.900124817093
19.906982493735
19.913775835074
19.920584075551
19.927392123650
19.934221484023
19.941002817201
19.947806706783
19.954655690856
19.961602671226
19.968636955012
19.975851154797
19.983113703336
19.990723147729

