Time_s
0.412690604105
0.417757876229
0.419781399905
0.422238441807
0.424544097692
0.426300736069
1.072749554079
1.077910434910
1.083639350647
1.089934240690
1.096542706827
1.103231046839
1.109631354573
1.116154053262
1.122499024341
1.128658126909
1.134568719579
1.140256541821
1.145722955565
1.151243192829
1.156801788271
1.162406529207
1.168051562308
1.173706034145
1.179393221640
1.185130724648
1.190874168654
1.196560316637
1.202230604670
1.207887033876
1.213526401980
1.219155071442
1.224738483841
1.230320480930
1.235888247024
1.241489521744
1.247126471416
1.252678307951
1.440342361907
1.448136813340
1.456261830908
1.464747757834
1.473371439196
1.482166804299
1.490942988161
1.499428912437
1.507843282351
1.516072152564
1.524149815159
1.532105110167
1.539930749890
1.547666042845
1.555416261012
1.563151196529
1.570992005263
1.843956611091
1.852776911488
1.861545508880
1.870792465605
1.880152884099
1.889742824245
1.899401745869
1.909209613149
1.919307889063
1.929774999997
1.940619895836
1.951813869896
1.962846880817
1.974531113475
1.986750412322
1.999264156774
2.423066459819
2.425128757599
2.427120893249
2.429626604701
2.431279671450
2.433007778780
2.435248449496
2.441046277147
2.442927649613
2.444998357810
2.778102470011
2.787552752055
2.797050546298
2.806376493275
2.815760168995
2.824966519080
2.834133151237
2.843310622590
3.021807259767
3.027698558599
3.034051034952
3.040561639516
3.047171028693
3.054028601728
3.111155368088
3.118416074261
3.125913602518
3.133913455938
3.141953802887
3.150688680326
3.172873749588
3.180492820893
3.187987206364
3.195800182323
3.203690392214
3.211774082904
3.219997390172
3.228394855722
3.236849195613
3.245357273124
3.253941811701
3.262654267117
3.271464138333
3.280319606631
3.289212880629
3.298089698811
3.307213858029
3.316424823253
3.325700467070
3.335499417221
3.345461030615
3.355997290888
3.366351899224
3.376843815581
3.387349957020
3.396701801927
3.405988082352
3.414678321290
3.422844354900
3.430726113307
3.438284445479
3.445525242451
3.452524824577
3.459284504393
3.465898174283
3.472394630956
3.478805050261
3.485081507810
3.491227559108
3.497441523175
3.503169151790
3.509116362891
3.515200922038
3.521355013829
3.527453296440
3.534018681295
3.674555968530
3.680578022570
3.687249936217
3.693952649595
3.700771720779
3.707695946307
3.714503263366
3.721291102104
3.728034718499
3.734747027347
3.741463683168
3.748287543779
3.755137037987
3.762081564075
3.769089474619
3.776234726893
3.783636933884
3.791347580613
3.799390220673
3.901937843904
3.908343699643
3.915176465871
3.922989296358
3.930919800492
3.939016579336
3.947208882556
3.955382894635
3.963351828172
3.971144002157
3.978809523810
3.986270289065
3.993652369858
4.001060939051
4.008515244714
4.016088575008
4.023747433178
4.031731244237
4.039477984874
4.124977743161
4.133603459219
4.142523486313
4.152156499325
4.162432028432
4.172813496857
4.182833210241
4.192461286197
4.202020753306
4.211357327019
4.220675127534
4.230312621763
4.367505632741
4.377355603098
4.387330396742
4.397853495668
4.407739463396
4.417452929530
4.426891391190
4.436450755909
4.446233573666
4.456211490135
4.466340537548
4.476263804229
4.486080536279
4.495942902029
4.506295370171
4.720978325682
4.729927357350
4.738876846194
4.748127897617
4.757602257288
4.767625172596
4.778007285751
4.788557191170
4.799193292451
4.809965439263
4.820569112512
4.831131774940
4.841815645185
4.852627876823
4.863496587935
4.875080221909
5.804409443577
5.812257683442
5.819808597957
5.827049776451
5.834085614215
5.841232755097
5.847853251156
5.854914821294
5.861508177240
6.126006088114
6.133280988392
6.140096794212
6.147391594077
6.154812483159
6.162313241224
6.170152091635
6.178122240815
6.186128665259
6.194262532979
6.202559238225
6.211009860122
6.219593481051
6.228319370736
6.237281628842
6.246471362447
6.255666446455
6.264998398818
6.274377364573
6.283759599065
6.293012118969
6.302191946592
6.311332628850
6.320257834609
6.329015097416
6.337491691553
6.345711822410
6.353722725079
6.361552498681
6.369137503435
6.376462596987
6.383734324541
6.391023996784
6.398969509962
6.676205848853
6.685375957782
6.694867951029
6.704286298836
6.713616973923
6.722792896660
6.731722349215
6.740283239851
6.748429943884
6.756058264077
6.763360916717
6.770456275974
6.777362224638
6.784138603051
6.791181166612
6.798287749379
6.975924168518
6.981837198355
6.988141544779
6.995156991576
7.002674935414
7.010026179851
7.018070208519
7.026161994212
7.034367401739
7.042669474342
7.051028756103
7.059397049710
7.067765892656
7.076110744221
7.084434531459
7.092754335985
7.101054216577
7.109471861122
7.117941347290
7.126032960377
7.134304437645
7.273208184457
7.283829524897
7.294868508187
7.306217768311
7.317861359922
7.329535154270
7.341376661409
7.353471419664
7.366286285258
7.378517317914
7.390400648892
7.402083946363
7.413215272076
7.424205496249
7.435059337087
7.445756464679
7.456363144090
7.466841841327
7.476989919721
7.486698969851
7.537019498689
7.539447456000
7.541718467545
7.544499745176
7.546521551527
7.548810470857
7.551077539946
7.553348827605
7.555891531160
7.558431616235
7.561212435377
7.563745708002
8.134312484019
8.142496600140
8.150791165753
8.159149420900
8.167433808270
8.175732055007
8.183872970059
8.191923568070
8.199771823600
8.207372785330
8.214825617229
8.221960779653
8.228811824002
8.235443555063
8.242035971119
8.248657654306
8.254752855953
8.260848499258
8.266976872353
8.273355476763
8.279281394096
8.422001523268
8.429798747252
8.437714345203
8.445339511279
8.452716953158
8.459877741972
8.466819411378
8.473890860323
8.481031037686
8.489789239180
8.698733848377
8.707000678320
8.715394951744
8.723588831330
8.731799482989
8.740399862672
8.749183795197
8.758101909787
8.767013978479
8.776042047288
8.785069496198
8.794156474079
8.803308583796
8.812494992022
8.821788568658
8.831086616388
8.840292428462
8.849281148735
8.858083836301
8.866684781786
8.875182882735
8.883616184444
8.893778974677
8.997561978352
9.005220695754
9.013111179778
9.021322704947
9.029780090103
9.038460965401
9.047536693752
9.057013753152
9.170880416144
9.180485741810
9.190172011674
9.199986473491
9.209821881858
9.219451527176
9.228393207726
9.237070136378
9.245381731744
9.253544426768
9.261539504687
9.269404131930
9.277032675143
9.284721042040
9.292162942512
9.299572965056
9.306893714073
9.314259409856
9.321679465306
9.329223987377
9.337157356731
9.345211903381
9.353186983833
9.360639068268
9.367790321758
9.518837261187
9.525187092380
9.531797097815
9.538304077581
9.544950550418
9.551654658369
9.558605355699
9.565781667757
9.573340395070
9.581239205812
9.589593606774
9.598111031269
9.607578658994
9.617470039175
9.627621230882
9.638008859179
9.648650026650
9.659319242964
9.670066040638
9.680812318224
9.691504316112
9.702033924837
9.712480258559
9.723099748504
9.733725762216
9.744423323341
9.755220654307
9.765915048692
9.776238710229
9.786017523375
9.843199727671
9.845521290347
9.850362144700
9.853475221939
9.856077034221
9.858661381486
9.861261606554
9.863694676242
9.865685737158
9.868496273090
9.871297367081
9.873547031903
9.875801438403
9.877740892251
9.879970022467
9.882192559450
9.884427163563
9.888809399667
9.890781380186
9.893597086176
9.895842059039
9.897840831281
9.900068246662
9.902041082152
9.904317370758
9.906280798172
9.908867832894
9.910855053057
9.913575127982
9.915883675698
9.973279621544
9.975039627368
9.976716324519
9.978721716406
9.980976611825
9.982628554592
9.984675758294
9.986321138425
9.988826822543
9.990845890143
9.992983030509
9.995448559642
9.997831986985
9.999452956492
10.001103278003
10.004393612352
10.006802697088
10.009158437669
10.011172069568
10.013214239405
10.015106685840
10.357866524821
10.366691843826
10.376351504672
10.386248307770
10.395432879995
10.404784858322
10.413974803117
10.423140853896
10.432230801747
10.441061695189
10.449851080903
10.458344547536
10.466535849361
10.473619619783
10.481460373929
10.489092905087
10.496522845116
10.503799246644
10.510825820897
10.517703864890
10.524329048755
10.530758174353
10.537009322369
10.543140852141
10.549118366021
10.555118549083
10.561660629462
10.567862511272
10.573976523585
10.580235835517
10.586294486225
10.592310607940
10.598728858854
10.604704466099
10.610681812116
10.616716304861
10.622639330865
10.628680724756
10.634839674403
10.641078839519
10.647486848494
10.653915729712
10.660353737285
10.666797952417
10.673196083365
10.679630669564
10.686089261621
10.692544930659
10.699181664380
10.705929170301
10.712792551993
10.719775596807
10.726822251378
10.734252849710
10.890101671407
10.895758461561
10.902332875055
10.909235668475
10.915969400053
10.922408442280
10.929517626274
10.937026948221
10.944672959333
10.952687177180
10.961136497342
10.969924666946
10.979119085299
10.988585491878
10.998278099335
11.008344619012
11.018795588015
11.029560715048
11.040685422019
11.052254254093
11.063882047607
11.095857025673
11.100581684124
11.104712778038
11.108818716051
11.112600892353
11.116473186387
11.120192491464
11.123235674091
11.126589693909
11.219627561541
11.227098706899
11.236178363228
11.245596867777
11.255497450613
11.266047261153
11.277200103137
11.287780225918
11.297664117368
11.306673185538
11.315520879842
11.324412363582
11.333306783402
11.342154406836
11.350933342308
11.359870892315
11.368776639864
11.377670378400
11.456761212477
11.466188521958
11.475696182666
11.485228848230
11.494826332990
11.504416132751
11.554052488719
11.555913088870
11.557791731845
11.559926869773
11.564765281108
11.567254938724
11.569212547598
11.571269040411
11.574137887364
11.576406960620
11.578411942264
11.580579754453
11.583354725625
11.585645224740
11.587692616208
11.590218117026
11.592042686747
11.594446758136
11.596590961225
11.598728757353
11.601116324991
11.602850932691
11.605063584018
11.614205977850
11.616481759037
11.618513134304
11.620533357970
11.625255721573
11.627452620413
11.629901610963
11.632679574762
11.634873565479
11.637097687146
11.639629723635
11.642542008581
11.648649347292
11.650826725140
11.653812860516
11.656629503012
11.660132926530
11.663137607416
11.666754446011
11.670439337866
11.681427685464
11.684368849290
11.687272578751
11.690078496583
11.692244476070
11.694354278053
11.697287936936
11.699973304192
11.701594614130
11.703818969449
11.705853203194
11.707909033248
11.709993413490
11.711728055053
11.713855692568
11.716349449678
11.718089916063
11.719733748391
11.748357380643
11.756819728576
11.765849106198
11.775123447382
11.784652817519
11.794306120769
11.804131025686
11.814078733727
11.824144423607
11.834334868423
11.844595294341
11.855028251393
11.865566603155
11.876430165561
11.887534134885
11.898734679219
11.910047420939
11.921656197723
11.933347589117
11.945271474418
11.957562577075
11.970726400425
11.983571116681
11.997760404167
12.124768731876
12.126894901959
12.129024574796
12.131039912014
12.133287652258
12.135856503215
12.137538275779
12.139268154772
12.140943491323
12.342749397158
12.345912681633
12.348677645587
12.354196796752
12.357227382203
12.360227216215
12.363350663828
12.365749005259
12.884797165024
12.892702984232
12.901507087643
12.910502697460
12.919476714188
12.928542627908
12.937705479386
12.947077588269
12.956732663526
12.966595401042
12.976540073435
12.986133724251
12.995264902375
13.003846945362
13.012510424312
13.021116838233
13.029829003001
13.038891968164
13.048067630510
13.057041136707
13.065805081229
13.074231939605
13.082290077937
13.090010830403
13.097512325019
13.104708157585
13.111695644691
13.118494007302
13.125151995319
13.131671828786
13.138189514337
13.144610350830
13.151422323450
13.273109377481
13.278737240586
13.284725057621
13.290961287154
13.297333940196
13.303816673676
13.310363743454
13.317065851834
13.323891276100
13.330853027462
13.337934896278
13.345145771693
13.352398118416
13.359801925096
13.366776782506
13.374035207236
13.381354177196
13.388839879937
13.396544340667
13.404495131286
13.412532314746
13.421000386278
13.429765488644
13.438693146101
13.447832551268
13.457193618829
13.466765894024
13.476432563182
13.486006539617
13.495777652254
13.505216261727
13.514438104950
13.523512101621
13.532358145028
13.541004812491
13.549404112195
13.557538004300
13.565353837156
13.573487193532
13.581219528136
13.621269306128
13.625057803601
13.628801200154
13.632532110540
13.636161621672
13.639597888001
13.643018296186
13.646381278643
13.649799625308
13.653162443210
13.656388862607
13.659746166697
13.662954213086
13.875124132800
13.881947466402
13.889433418774
13.897909882781
13.906979945260
13.916441175027
13.924854736668
13.934228465463
13.943645824792
13.953105482808
13.962637232873
13.971958329885
13.981131604548
13.990043742076
13.998789906969
14.007212614523
14.015470757572
14.023537661375
14.031299980344
14.038786514423
14.045937036683
14.052760127335
14.059380966026
14.208226579962
14.216791662439
14.225677980365
14.234765255250
14.243983163365
14.253130519006
14.262261323335
14.271331861120
14.280356543076
14.289274281858
14.298151740458
14.306846137900
14.315730911112
14.324355051312
14.332902567983
14.470075594908
14.477153239442
14.484340183854
14.491610561317
14.499306056874
14.507379407974
14.514931889412
14.713396869787
14.719865184098
14.726405054594
14.732443234082
14.739257664438
14.746246206192
14.753390063245
14.760777066629
14.768528257354
14.776629126173
14.785238649000
14.794384650977
14.803967805258
14.813840855357
14.823929579125
14.834112882802
14.844190407657
14.854238861714
14.864206404979
14.874260076422
14.884230323148
14.894163471598
14.903927294829
14.913207433583
14.922090082349
14.930650771902
14.938795659917
14.946828647343
14.954959857142
15.414506157930
15.421237534321
15.429599573795
15.438401168012
15.447545451358
15.456903423501
15.466530054098
15.476927488519
15.486540368203
15.496196780040
15.505470111185
15.515291431580
15.525234358680
15.535301040265
15.546472177907
15.557674839213
15.568720794310
15.579058454019
15.627356587215
15.635190406485
15.642830685767
15.650583917951
15.658059542034
15.665247112027
15.672166741796
15.678774198917
15.703445154285
15.715387387476
15.726984431246
15.738525119375
15.750526014007
15.903425662112
15.910041763012
15.917331523071
15.924865348724
15.932459499509
15.939996161829
15.947370498260
15.954722785844
15.962033802221
15.969375095716
15.976722279542
15.984210835188
15.991681098640
15.999240099791
16.006696119035
16.014136942267
16.021345996522
16.028462257187
16.035321536998
16.041955676291
16.048409908189
16.054685296414
16.060874493542
16.067431983686
16.074160672069
16.081380269547
16.089070657724
16.211737146504
16.218629859291
16.226553378613
16.234759563822
16.242959186218
16.251169507129
16.259508193415
16.268051209931
16.276907480370
16.286187213944
16.295814564635
16.305787520162
16.316165496237
16.326734828864
16.337354230037
16.347999820006
16.358716197500
16.369706905555
16.380658078642
16.391851970618
16.402994133746
16.413492287981
16.423625969138
16.891941092391
16.899746399077
16.907926640523
16.916339712304
16.924869382749
16.933714077305
16.942942498893
16.952645329653
16.962793473664
16.973372056214
16.984220946705
16.995176006389
17.006491088231
17.017850102016
17.029953836317
17.042195542803
17.055184837981
17.066982918802
17.078843845536
17.654595348330
17.657078979847
17.659622415202
17.661687924745
17.663532981439
17.825341266005
17.827107109105
17.828965110543
17.831077097506
17.832853997522
17.835527396153
17.952813611865
17.955818157803
17.958814819585
17.960897651959
17.963025178759
17.965009570400
17.967847440308
17.970576671862
17.973259019331
17.976192769938
17.978173161123
17.982997745730
17.985302703882
17.987243947466
17.989643626825
17.993816029570
17.995771913083
17.997773141323
17.999685498866
18.002008411512
18.004635883029
18.007251109892
18.009800794867
18.012028813013
18.014160057986
18.016765465329
18.018857812351
18.020855522321
18.022809054018
18.025729736367
18.027903455630
18.030801692848
18.033328718688
18.035452515941
18.038013687646
18.040550385689
18.043590536352
18.046439708594
18.224452939896
18.234530949556
18.400399708282
18.405096488066
18.410118197925
18.415677952863
18.421246404845
18.426730465961
18.432159786000
18.437541919379
18.442829732841
18.448048977462
18.453198644913
18.458347831505
18.463441513517
18.468548324589
18.473700478147
18.479519920168
18.485524308657
18.490464644466
18.587300335385
18.593670208091
18.600784886089
18.608566771208
18.616798267265
18.625181896249
18.633686315139
18.642301783824
18.651077354108
18.659953128208
18.668912118177
18.677927736699
18.686965328443
18.696001027384
18.868118993273
18.875772350231
18.884752672073
18.894127815613
18.903642906501
18.913281224709
18.922949669528
18.932743638900
18.942618211816
18.952542871900
18.962669118566
18.972867623359
18.983184796541
18.993562476286
19.003847843948
19.013921980222
19.023747979827
19.033410504491
19.042737773640
19.051844590002
19.060760498961
19.069341354770
19.077776660283
19.085863091979
19.093778461502
19.101449284060
19.109012476194
19.116850350272
19.124824580453
19.311319528364
19.319317900535
19.327699628564
19.336862249944
19.346391311477
19.357124632002
19.433871017022
19.444626373695
19.455674581896
19.467457884842
19.479374731443
19.619212689639
19.626907738200
19.634941191993
19.643035812967
19.651255785725
19.659643911399
19.667542280765
19.675317397878
19.683073467371
19.690275747412
19.697337926500
19.704367666895
19.711410340049
19.718471656470
19.725042256539
19.732103435741
19.739183215407
19.746323504317
19.753694156316
19.761195118279
19.768914855341
19.776768796629
19.784815313917
19.792935277518
19.801018704745
19.809333865064
19.817861908990
19.826459650699
19.835034740022
19.843709391656
19.852376508423
19.860993105525
19.869485977291
19.877897120859
19.886117165754
19.894186819643
19.902011149898
19.909647418933
19.917158750534
19.925156007676
19.961423125441
19.965554920185
19.968964468299
19.973518572781
19.977046350543
19.981183970820
19.984968376811
19.988937873517
19.992732646753
19.996961608179

