Time_s
0.427368268188
0.434217756698
0.441032189073
0.447938440285
0.454787793499
0.461610804832
0.468375267072
0.475049049841
0.481689735136
0.488172101058
0.494535252982
0.500705967504
0.506723449891
0.512553481644
0.518290170154
0.524264418614
0.530437162571
0.667324783077
0.673442714482
0.679507431756
0.685740907836
0.692159845207
0.698802628163
0.705604210591
0.712502086326
0.719554866174
0.726799218422
0.734018233189
0.741323622398
0.748583612973
0.755915735569
0.763337394329
0.770817700733
0.778343134725
0.785939738365
0.793627644378
0.801378581980
0.809516675812
0.817561143089
0.825611752330
0.833897269551
0.989588223890
0.997366249149
1.005642079381
1.014212717047
1.022988629552
1.031944238327
1.041070384171
1.050234417802
1.059473845660
1.068761935366
1.078112084252
1.087541563757
1.097107719020
1.106781448935
1.116384103929
1.126380161760
1.135797185687
1.623824393374
1.631263047308
1.638724711940
1.646189217379
1.653639885084
1.661126666846
1.668566028158
1.675980836116
1.683451509198
1.817562086779
1.823392041321
1.829392590973
1.835419337202
1.841460568451
1.847583086714
1.854416358646
1.860768361066
1.867155353301
1.873567197547
1.880094395316
1.886728430836
1.893240246181
1.899075606371
1.905035480253
1.911150082299
1.917823800344
1.924096875454
1.930490233651
1.936935815780
1.943594634100
1.950422258254
1.957267281910
1.964231608522
1.971268377086
1.978259756790
1.985221749366
1.992155294721
1.998931262038
2.005731482226
2.012067441157
2.018358521984
2.024646368624
2.030904023056
2.037113624894
2.043396328920
2.049676622686
2.055971599313
2.062322946584
2.068654307839
2.075017531135
2.081397075667
2.087828589219
2.094288482825
2.100747962612
2.107163890282
2.113644885006
2.120125504366
2.126578364128
2.133099767293
2.139670649157
2.146237950869
2.152835206096
2.159466277451
2.166112363564
2.172795939156
2.179524308843
2.186220751683
2.192951318238
2.199766858461
2.206569598863
2.213371048907
2.220286026506
2.227312462133
2.234362124312
2.241606229758
2.248932320599
2.256443204897
2.264095187865
2.271938473290
2.279841279680
2.287876974623
2.296097133299
2.304387365488
2.312845502489
2.321392408690
2.329900829778
2.338435780793
2.347017241802
2.355306014514
2.363381417593
2.371354914092
2.379408405162
2.387328173758
2.395130711568
2.402884190884
2.410575354527
2.418234656499
2.425814583812
2.433273641382
2.440718083062
2.448161383784
2.455505441525
2.462836866543
2.470159294278
2.477499790764
2.484977924962
2.492551719306
2.500514961662
2.508322088547
2.667869514596
2.675259596460
2.682718782741
2.690305126974
2.697976384397
2.705712274422
2.713529647723
2.721329366112
2.729175364960
2.737084937754
2.744964736166
2.752897215423
2.760889197392
2.768815098507
2.776793787022
2.784909881558
2.792890316997
2.801050547409
2.809290003476
2.817500504142
2.825810557650
2.834121393682
2.842463974561
2.850962639772
2.859628762342
2.868507730067
2.877623239911
2.953361122365
2.961826266518
2.970352040475
2.978771595442
2.987195662039
2.995743468522
3.004328558698
3.013014973639
3.021765196954
3.030656257063
3.039846381190
3.048816145984
3.057811298399
3.066675444697
3.075431497271
3.084147850954
3.092893702081
3.101710923878
3.110600971544
3.119594935643
3.128620441850
3.137667565660
3.146719590814
3.155796164660
3.164890483499
3.173941371166
3.183047415837
3.192258695126
3.201639025370
3.211156834696
3.220816536511
3.331149301847
3.339169493364
3.347564724958
3.356050717654
3.364460016032
3.372957465100
3.381719856116
3.390555841383
3.399469145525
3.408498786896
3.417691384137
3.427063141140
3.436512727093
3.445839108512
3.455112559523
3.464401714186
3.473792443113
3.483426784890
3.619859052327
3.627635261552
3.635895533066
3.644319336429
3.653083162712
3.661971659403
3.671012347432
3.680181063729
3.689386396714
3.698819147739
3.708235769019
3.717707239949
3.727547454504
3.737331788624
3.747610509346
3.767065347187
3.776466212173
3.786361652822
3.796301975695
4.443336140417
4.449833512784
4.456651446667
4.463326470880
4.469897306666
4.476333213639
4.482689485055
4.488972377356
4.495224734995
4.501715949347
4.508530036261
4.515407702933
4.522486402167
4.729615631127
4.735141855518
4.740941209849
4.747385661553
4.753898938799
4.760495125935
4.767136163112
4.773856688723
4.780610845716
4.787343982714
4.794187799444
4.801177911443
4.808148222163
4.815160033502
4.822226923831
4.829307430315
4.836382836772
4.843504068065
4.850677066917
4.857818981934
4.864994274549
4.872262712290
4.879572056001
4.886843393326
4.894041897431
4.901379879888
4.908781816325
4.916377576070
4.924325433175
4.932587638726
4.940322357898
4.990530848459
4.998314010145
5.006384875878
5.014693681231
5.023421301245
5.032564106090
5.042298400028
5.198000844305
5.205430981519
5.213351444139
5.221325931613
5.229457324228
5.237606853406
5.245735408566
5.253868721816
5.261948626884
5.269960262846
5.278115064053
5.286118487945
5.293925041741
5.302020398997
5.310648007700
5.477109165701
5.483220040762
5.490077005630
5.496989667333
5.504090736557
5.511296759815
5.518575437748
5.526093009420
5.533650864489
5.541010234070
5.548834963764
5.556936453583
5.565197135432
5.573558075806
5.582043499711
5.590587087328
5.599244652490
5.607993084749
5.616886537054
5.625859916777
5.635067397108
5.644578623325
5.654701688129
5.664552894730
5.762782693717
5.771591840285
5.780601798024
5.789724391405
5.799194893951
5.808644230148
5.818253454085
5.827542802857
5.925668619000
5.928439202452
5.930307285618
5.932657875486
5.935509630369
5.938295631370
5.940591605807
5.943107696637
5.945268463827
5.947599512607
5.949598953012
5.953969088470
5.956855563509
6.561362110967
6.569131879785
6.576922119127
6.584700745509
6.592441321482
6.600152017692
6.607806506736
6.615449573401
6.623136011390
6.630776202376
6.638375421699
6.645942275059
6.653495512034
6.661029997181
6.668531602694
6.675887094673
6.683231407254
6.690520057146
6.697923988598
6.705543870746
6.713166312845
6.720846988507
6.728597050971
6.736378694932
6.744123120307
6.751842311235
6.921382903124
6.927003578673
6.933362161051
6.939705449688
6.946151562486
6.952687287396
6.959231830766
6.965695393232
6.972132882522
6.978872476322
7.267572475681
7.274928027353
7.281814899590
7.289060517896
7.296197144731
7.303301462563
7.310413496975
7.317610026273
7.324854033518
7.332221236417
7.339671856050
7.347163691390
7.354676692471
7.362207719094
7.369739299713
7.377288847950
7.384824904523
7.392388567395
7.399929389234
7.407479266427
7.415017628437
7.422549425189
7.430120088780
7.437668541694
7.445213853243
7.452802092231
7.460417122036
7.468014250308
7.475699218396
7.483575947522
7.491990129334
7.500280946674
7.508887653186
7.517442922056
7.525959820098
7.534836396080
7.610512864725
7.618883572623
7.627126709496
7.635273747651
7.643582120350
7.652120514042
7.660453376774
7.668733097417
7.677273746853
7.686098570587
7.694922428536
7.703751176394
7.713018931505
7.722278934421
7.731502743430
7.740850856702
7.750085883791
7.759275534937
7.768083295551
7.776274224172
7.784276701061
7.792535092402
7.800752072438
7.808806609567
7.816839358349
7.824789369155
7.832757397586
7.840688984461
7.848630038742
7.856593143627
7.864590426435
7.872604394897
7.880606231219
7.888627830974
7.896666935381
7.904697647111
7.912761214882
7.920789495090
7.928874573521
7.936974428896
7.945225319729
7.953976972310
7.962493201637
7.970101699533
8.078649035496
8.086507025792
8.095186203354
8.103810113364
8.112565381624
8.121599110001
8.130869485997
8.140354577166
8.149902872419
8.159382346264
8.168862679810
8.178355554054
8.188025657584
8.197755843240
8.207531324019
8.217373890559
8.227263842457
8.237165873524
8.247104990526
8.257052482414
8.267111893870
8.277305239832
8.287398344682
8.814000929192
8.822428250165
8.830431880890
8.838414612829
8.846601575975
8.854500919572
8.862340776890
8.870147595670
8.877945741145
8.885709156300
8.893423163869
8.901130840064
8.908764688253
8.916436869256
8.924122925378
8.931732837535
8.939320435980
8.946875075281
8.954159718205
8.961616967759
8.969094103072
8.976534146672
8.983965125140
8.991383115933
8.998795593777
9.006170976733
9.013532269088
9.020909567561
9.028267933298
9.035614680384
9.042960166987
9.050347645636
9.057883077506
9.065972756279
9.073756769080
9.081427607959
9.089163499775
9.096920141749
9.104756710707
9.112513010218
9.120039511110
9.127463222341
9.134867821163
9.142202997436
9.149526708223
9.156862012214
9.164235012996
9.171662786512
9.179098177141
9.186532081017
9.194006252175
9.201497081873
9.209009821948
9.216554029659
9.224111317290
9.231849931459
9.239772997769
9.248012088095
9.256274407547
9.264987703560
9.424974649457
9.432097807285
9.439296994505
9.446603789195
9.454043559635
9.461513711204
9.469035254257
9.476636778949
9.484351074561
9.492091455897
9.499889868867
9.507732776687
9.515669116894
9.523705238075
9.531900865592
9.540275796652
9.548640223236
9.557700219157
9.717310780114
9.725896061496
9.734443275343
9.743048521445
9.751707304894
9.760351196120
9.768943673213
9.777548519640
9.786163834039
9.794726420326
9.803270533407
9.811779022941
9.820295849638
9.828808812169
9.837313833949
9.845826909384
9.854344578213
9.862873683301
9.871427735454
9.879982043982
9.888592380422
9.897254392397
9.906033804258
9.914997504568
9.924130865027
9.933378577568
9.942758492569
9.952169776116
9.961583706501
9.971092108885
9.980517713558
9.989832633396
9.999234616131
10.008227779424
10.016919300510
10.025402051981
10.033812160504
10.042159493093
10.050529675108
10.058918684136
10.067443726822
10.076115082087
10.084926171443
10.093906467215
10.102982033192
10.112230070165
10.121618261650
10.131039888789
10.140355535345
10.149524358744
10.158507456923
10.167557735068
10.176763573185
10.185992481830
10.195294109956
10.204756170008
10.214559748709
10.224967974192
10.235553413867
10.266250706141
10.276345287907
10.285999365712
10.295064866439
10.303761732194
10.313979262738
10.324239668011
10.334084485144
10.344052329494
10.354043184635
10.363917559859
10.373935046999
10.384148752538
10.394486589057
10.404966040985
10.415618362856
10.426207389123
10.445862984057
10.448725423182
10.451638003347
10.454534932139
10.457529081429
10.460487573805
10.463442861820
10.478089544322
10.480981396802
10.484040618484
10.487051993356
10.490139867693
10.493116667335
11.198123703298
11.206668024447
11.214224703899
11.221999823338
11.229625395288
11.237245892461
11.244788173357
11.252362980952
11.259904681956
11.267400229000
11.274937269766
11.282387526415
11.289789994517
11.297204303218
11.304570433453
11.311907199817
11.319230596702
11.326374003783
11.333541826637
11.340734638525
11.347876860165
11.354963889637
11.361958192116
11.368878812038
11.375684498436
11.382373476957
11.389007349138
11.395606525545
11.402160635314
11.408718610948
11.415272327502
11.421861956645
11.428456274104
11.435153503298
11.441940240627
11.448804411318
11.455756251609
11.462699278430
11.469713698926
11.476678435122
11.483653641128
11.490624239242
11.497537587479
11.504409410743
11.511222652405
11.518013667064
11.524831664304
11.531832882971
11.539314727826
11.546864724359
11.554812259858
11.656744049016
11.662396538309
11.668388990041
11.674827907701
11.681417543636
11.688134619701
11.694999287828
11.701924814003
11.708917080672
11.715937453602
11.723009722674
11.730160413170
11.737310011692
11.744481729223
11.751673997015
11.758931601109
11.766224729438
11.773641669501
11.781093323632
11.788392188163
11.795746418954
11.803162242104
11.810598388264
11.818008178870
11.825461814022
11.832986331971
11.840462931462
11.847942705415
11.855464440556
11.862953605130
11.870438300722
11.877999253666
11.885642021311
11.893260985346
11.900954413492
11.908674843177
11.916424283721
11.924175902034
11.931985937595
11.939798956036
11.947657448836
11.955517434625
11.963359284079
11.971232022030
11.979125223125
11.987002822589
11.994914748153
12.002834775785
12.010726701426
12.018620863940
12.026543124010
12.034452295464
12.042403883918
12.050339137253
12.058266481966
12.066216338578
12.074212519328
12.082232010454
12.090363656345
12.099009271667
12.107969345101
12.116811154348
12.125743187570
12.133884776356
12.147534437894
12.149759893936
12.151854252834
12.153956916100
12.155986125390
12.158057904542
12.160152916263
12.162184053130
12.164104024298
12.238282361098
12.246343316758
12.253837071450
12.261802921150
12.270121846901
12.279464282360
12.389477538030
12.396622196406
12.404089287887
12.411502573854
12.418774509647
12.426252890802
12.433785699405
12.441381723552
12.448961043192
12.456534934116
12.464052531136
12.471549580472
12.479027765602
12.486454773366
12.493939248284
12.501400714821
12.510178173861
12.518719658587
12.527565516063
12.616955049817
12.623079586977
12.629665530981
12.636702840501
12.643617896790
12.650509287390
12.657566053500
12.664739924645
12.671911087320
12.679121481056
12.686334524094
12.693519606319
12.700752242837
12.708050415443
12.715396346076
12.722760249040
12.730203656892
12.737687369021
12.745249589715
12.753047215076
12.760857420456
12.768683163597
12.776621753703
12.784767385904
12.793139205454
12.886343198628
12.888687098591
12.891069196566
12.894091863728
12.896794831012
12.899541693013
12.902039600834
12.906564996749
12.908878538416
12.911627373773
12.914346385865
12.916795880208
13.139123338080
13.146904418224
13.154705278632
13.162924956503
13.171246309199
13.179647836461
13.188179928702
13.196700448569
13.205299380930
13.213942298691
13.222610281502
13.231282260671
13.239977376391
13.248630079529
13.257291015621
13.265988853701
13.274759579359
13.284012124758
13.293448878787
13.302734095916
13.512146763271
13.518450925482
13.526277937819
13.533811175165
13.541724628365
13.549505034555
13.557286800493
13.565464341334
13.573666338154
13.582054677770
13.590644381778
13.599460034847
13.608215684928
13.617168389224
13.626345727458
13.635771872380
13.645308220057
13.731741895186
13.739188848936
13.746695577722
13.754244107674
13.761798291773
13.769401714434
13.777004524281
13.784597901560
13.792179747935
13.799741732077
13.807221050849
13.814653450513
13.822046637195
13.829654493170
13.838093529362
13.846090633007
13.853945022645
13.861778619000
13.869560580177
13.877427101115
13.885234139445
13.893013267719
13.900937073351
13.908859943358
13.916909064531
13.925259995856
13.933476543733
14.468826664609
14.476926335965
14.485214549872
14.493411824666
14.501601616692
14.509791732891
14.517785802178
14.525703161717
14.533505241794
14.541297454389
14.549042062789
14.556813788780
14.564627000810
14.572482877294
14.580335253855
14.588197213759
14.596107715658
14.604034019054
14.611986657535
14.619887969903
14.627746343724
14.635532320247
14.643286633203
14.651022528350
14.658651807891
14.666699615819
14.675270161230
14.683450163338
14.782532275564
14.790129269473
14.797825476307
14.805750973004
14.814017270869
14.822470329100
14.831063987989
14.839831118196
14.848643097877
14.857468961224
14.866343945858
14.875224874231
14.884076469101
14.892926868879
14.901776998359
14.910652795694
14.919569331052
14.928539318761
14.937560162836
14.946615054315
14.955652713362
14.964753701046
14.973844678677
14.983437704010
14.992568839775
15.002199838856
15.011582577193
15.021128636366
15.030733755792
15.040672980094
15.198663230531
15.207795452270
15.216938179696
15.226594946337
15.408752817306
15.417302422129
15.426054200623
15.434787583329
15.443688032882
15.452879240948
15.462470479858
15.472158353626
15.481906441208
15.491927104527
15.502220094793
15.511302766176
16.430952911181
16.438360036147
16.445848949177
16.453506308525
16.461487239593
16.469705094672
16.478044439632
16.486501683492
16.495244722697
16.502822423905
16.510152128534
16.517214862225
16.524328452076
16.531577266374
16.538907576999
16.546317419247
16.553798433730
16.561166500216
16.568540560865
16.575916510162
16.583370963887
16.590850466703
16.598450228110
16.606172384863
16.614003910098
16.622019944654
16.630314371347
16.638752011127
16.647190309809
16.654699411930
16.840846161017
16.847446575644
16.854040809668
16.860639662048
16.867210405728
16.873776017688
16.880329565269
16.886871635768
16.893398566264
16.899889846791
16.906362894472
16.912868528495
16.919324893700
16.925875285319
16.932502823169
16.939104643608
16.945099760636
17.076097489948
17.081234288982
17.087430269353
17.093867756827
17.100434662153
17.107162376475
17.114008727224
17.120920772867
17.127949002334
17.135096964347
17.142324332315
17.149602400958
17.156940014341
17.164312335936
17.171697150162
17.179122223639
17.186619516061
17.194341988543
17.202275803704
17.210129932739
17.218328422044
17.378214376544
17.385751326635
17.393395927132
17.401068404358
17.408846138700
17.416699012989
17.424564777664
17.432473069004
17.440467076163
17.448485836233
17.456602047635
17.464721129221
17.472813514037
17.480939530726
17.489081632653
17.497233624033
17.505383751034
17.513482371770
17.521617250559
17.529782277244
17.537899052608
17.546006724882
17.554141151553
17.562369058020
17.570773340983
17.579373688327
17.588989768771
17.723228721992
17.730347414083
17.738083467574
17.745782727412
17.753320230183
17.761007568428
17.768856745937
17.776828726140
17.784959571659
17.793327963864
17.802124912743
17.810827825946
17.864519390696
17.872517368677
17.880879994795
17.889216187644
17.897778679482
17.906564364296
17.915574716026
17.924443752577
18.065297899493
18.072611044195
18.080293446156
18.087915545839
18.095423852062
18.102915704021
18.110372980097
18.117803336555
18.125198948995
18.132526055264
18.139862415302
18.147147483092
18.154302583738
18.161484216486
18.168591736659
18.175647950966
18.182688159327
18.189725159569
18.196690120904
18.203580633647
18.210499279719
18.217381193668
18.224272186086
18.231215320526
18.238137268195
18.245134330507
18.252146142001
18.259170227682
18.266077438352
18.272817967155
18.279533323098
18.286213632549
18.292868655369
18.299527375247
18.306210285857
18.312893281903
18.319600737248
18.326332675842
18.333052894925
18.339768223725
18.346493370190
18.353209770988
18.359974188531
18.366816651282
18.373549906610
18.381184882815
18.388333327591
18.395978955099
18.403863167409
18.411797853413
18.490395964761
18.498750408560
18.507300015764
18.516011868185
18.524729714407
18.533463688535
18.542199432863
18.550882144464
18.559629448450
18.568361499027
18.577135112204
18.585989970930
18.594946451683
18.603968020061
18.613092087735
18.622306805916
18.631663703838
18.641124193932
18.650718059687
18.660321979936
18.669978905975
18.679655493533
18.689231604719
18.698669856786
18.708011283279
18.717335102561
18.726762007956
18.736406973912
18.746150829314
18.756318001752
18.766259571402
18.775488564369
18.921565055469
18.928259165705
18.936571465153
18.944370249975
18.951957702362
18.959612652630
18.967285491409
18.974954636952
18.982693853782
18.990542092717
18.998347208293
19.006175526614
19.014140884794
19.021974239317
19.029866942487
19.037869825266
19.045797232678
19.053779639909
19.061835297216
19.069797688436
19.077871014769
19.085967089562
19.093947082325
19.102033742979
19.110158946777
19.118284048725
19.126498132419
19.134807903751
19.143197086932
19.151563483953
19.159861883420
19.168168632812
19.176491931592
19.184805566786
19.193088662313
19.201293112766
19.209570862987
19.218084318387
19.226657659788
19.235583876444
19.244624990008
19.253529369497
19.261706448486
19.269553570824
19.277471515683
19.285445345502
19.293472818410
19.301599312703
19.309742086430
19.317881421624
19.326003177842
19.334100154367
19.342167831174
19.350173329763
19.358189201330
19.366200417222
19.374257408729
19.382111491015
19.389864417549
19.397578888366
19.405245346544
19.412921786406
19.420576842283
19.428142759910
19.435770069722
19.443401064081
19.450981432109
19.458606211330
19.466158394343
19.473581418216
19.481194943387
19.488787515626
19.496412679977
19.504076336388
19.511751586298
19.519363365572
19.526969216934
19.534681812678
19.542420746818
19.550318425787
19.558187946664
19.565690453360
19.573316536571
19.580950695393
19.588906909679
19.596818429572
19.604337175963
19.626495906494
19.629499212182
19.632226182234
19.634974063687
19.690926207677
19.699436576135
19.707712002077
19.716299537451
19.725000216516
19.733574270739
19.742265049833
19.751016746750
19.759494018046
19.767914723574
19.776239541603
19.784603468779
19.793016831473
19.801572546590
19.810355577084
19.819308415197
19.828256070120
19.837180536066
19.846123133424
19.855057230543
19.864011811693
19.872947211176
19.881847014059
19.890741462979
19.899632403250
19.908564964337
19.917539494854
19.926524371905
19.935498378173
19.944489048634
19.953532897575
19.962685292477
19.972004332245
19.981158900160

