Time_s
0.648105914500
0.652587320999
0.657904511301
0.662908620188
0.667859248311
0.672764418981
0.677574105873
0.681979398792
0.686587042536
0.691249615581
0.695980210784
0.700698914691
0.705396881160
0.710058329412
0.714628834579
0.719221769489
0.723854671355
0.728615011775
0.733430334476
0.738493999415
0.743740383372
0.749460838658
0.755428593469
0.761646682720
0.768147167294
0.775142645497
0.782296523742
0.790050946984
0.798075087606
0.806401926725
0.815446168164
0.824628112951
0.835151617961
0.967181579487
0.973919257844
0.980749083029
0.988241214138
0.996442617408
1.004698423976
1.012921480623
1.021230702560
1.029670555083
1.038199927910
1.046629153426
1.055208892194
1.063927450763
1.072711422678
1.081666086966
1.090869427938
1.100555812395
1.110236848849
1.120309820436
1.130464427942
1.298198161592
1.306667905573
1.315353615136
1.324101207231
1.332977048143
1.341849786115
1.350417516967
1.358870657843
1.367245608858
1.375512691202
1.383820618659
1.392221772378
1.400657102796
1.409061560518
1.417385145824
1.425660935054
1.433888259128
1.442204476151
1.450337012998
1.458314213641
1.466037291845
1.473606749599
1.481119508253
1.488650508939
1.496119282015
1.503798105927
1.511592775138
1.519503899271
1.527604314190
1.660952621812
1.667145350092
1.673231585870
1.679038355264
1.684638043044
1.690027167854
1.695322189901
1.700479969186
1.705537836916
1.710517220126
1.715451517132
1.720389362264
1.725383697671
1.730529284021
1.735893492735
1.741396672355
1.747299568418
1.753734590625
1.759807458618
1.891796691538
1.899199757460
1.907044544256
1.915215237461
1.923460594058
1.931852505648
1.940271868401
1.948694660621
1.957150037884
1.965677186277
1.974129400688
1.982478588151
1.990753866368
1.998995041648
2.007288701961
2.015773026359
2.024674698582
2.033817048571
2.043366134190
2.052721639821
2.061525231919
2.070452592175
2.079005065884
2.086868470413
2.094478582352
2.101808671671
2.108970378873
2.115956561173
2.122814479635
2.129623761461
2.136372613793
2.143113504165
2.149794743309
2.156468250667
2.163181040487
2.169925866304
2.176726029121
2.183609176184
2.190578713831
2.197688685049
2.205021736301
2.212582543407
2.220256968093
2.228056477039
2.236121264563
2.244396334886
2.253081364733
2.261783880440
2.270411319292
2.278607170922
2.286561846035
2.294312299706
2.301874324126
2.309308128020
2.316633822357
2.323886705436
2.331052644898
2.338176700004
2.345266171539
2.352332116828
2.359471649034
2.366705119183
2.374064910699
2.381561954286
2.389296695369
2.397320632300
2.405550510725
2.414732484517
2.538834195815
2.545480315348
2.552517966987
2.559580411932
2.566642097952
2.573775468381
2.580916227312
2.588081454086
2.595310775864
2.602630877660
2.609982275622
2.617386578501
2.624811461625
2.632308110505
2.639868844846
2.647576090988
2.655458372103
2.663616786235
2.672278065012
2.681473582082
2.690657815039
2.700532261124
2.709834922686
2.718771215371
2.727387514468
2.735798562445
2.744202734189
2.752450013095
2.760614825429
2.768647567076
2.776506094007
2.784241283696
2.791778276392
2.799186273259
2.806422676406
2.813555990804
2.820637126924
2.827707770597
2.834734132317
2.841865359219
2.849111522806
2.856701820927
2.864585271185
2.872505983141
2.880903896990
2.889241957606
2.897615973522
2.905849395773
2.913937965612
2.922103755061
2.930382191645
2.938809108678
2.947270954747
2.955828350201
2.964487668041
2.973956003244
2.984647715012
2.993295437217
3.002138357930
3.010807272848
3.021648344951
3.088903767257
3.096391181564
3.104315033078
3.112509319252
3.120804456308
3.129279120839
3.137880309750
3.146716360749
3.155830248430
3.165643456590
3.175460009349
3.205263262744
3.214357037255
3.223868618877
3.233898468874
3.243839821722
3.253916652314
3.264420237298
3.275138264370
3.285911943696
3.296672509507
3.307672220894
3.457002278550
3.464374401181
3.472013040863
3.479913221921
3.488003685195
3.496263991752
3.504705011614
3.513302041236
3.522020786297
3.530836841589
3.539680374103
3.548698968971
3.557744040503
3.567236459483
3.576848821523
3.586835792603
3.597502891711
3.608700473888
3.620169188336
3.632757016104
3.645523088624
3.658822953048
5.319166003139
5.325805679987
5.332604581612
5.339341363068
5.345772810219
5.351995833513
5.358089874830
5.363936661410
5.369851273587
5.375858103417
5.381973756498
5.388124897432
5.394952636849
5.401352526814
5.407817870823
5.414187412037
5.599300054452
5.605822642312
5.612718970690
5.619614687321
5.626287959351
5.632754796884
5.639168647902
5.645583401102
5.651916800864
5.658225539150
5.664554348251
5.670960766513
5.677167344172
5.683275374670
5.689348251118
5.695442351819
5.701655168961
5.708021886477
5.714587770749
5.721439909297
5.728631952387
5.736117279725
5.744567089549
5.754484174135
5.764108977229
5.774096760749
5.783034202343
5.792333942274
5.801357815530
5.810303637977
5.819463499858
5.829216300238
5.840195371723
5.851225199554
5.967711560750
5.974596443256
5.981789847828
5.989060150628
5.996226859419
6.003375249310
6.010405716669
6.017384117075
6.024327671049
6.031096773931
6.037841046107
6.044601407578
6.051511728430
6.058582367733
6.065569043008
6.072519700839
6.198699862510
6.205895106585
6.213609879655
6.221474415544
6.229327050030
6.237128381687
6.244644419592
6.251992563613
6.259292593693
6.266420920728
6.273434775271
6.280309276089
6.287124443628
6.293950199761
6.300719931390
6.307480904430
6.314277041648
6.321064524068
6.327921903949
6.334846506986
6.341932572724
6.457042455743
6.464720952724
6.471832115937
6.478960296070
6.486139074703
6.493225608334
6.500195193388
6.506956862180
6.513606689582
6.520130625491
6.526597265759
6.533025407645
6.539341815835
6.545654067584
6.551920443276
6.558152438915
6.564379391186
6.570631765450
6.576921535749
6.583234542906
6.589570518089
6.595933034619
6.602305557522
6.608696600124
6.615137531579
6.621683389553
6.628349041447
6.635148288766
6.642034787317
6.648793233813
6.655282184888
6.661911963561
6.668514945977
6.816695264623
6.823425816981
6.830207993708
6.836761689053
6.843863232574
6.850758204005
6.857557813943
6.864232664463
6.870845827600
6.877320354302
6.883672841263
6.889932468108
6.896088734417
6.902165959485
6.908201583660
6.914179603866
6.920213656947
6.926269063715
6.932403090484
6.938592966333
6.944846739863
6.951157902949
6.957554413858
6.964070449820
6.970745068770
6.977404681768
6.984085447170
6.990717057278
6.997349198265
7.003956477808
7.010669254034
7.017645769122
7.024511862990
7.032155372982
7.040170862107
7.048253705296
7.056636283229
7.167921830083
7.173826392263
7.179947230432
7.186378799355
7.192639153497
7.198925250882
7.205086866732
7.211120538198
7.217168845163
7.223249493045
7.229370160688
7.235653779531
7.242316729646
7.447095412804
7.453912801396
7.460937717681
7.468182424862
7.475532049059
7.482916916602
7.490245735416
7.497178022554
7.504011673027
7.510708185578
7.517285816122
7.523773220300
7.530173670697
7.536555260002
7.542926949449
7.549176123249
7.555465741008
7.561720776747
7.567962708621
7.574266674773
7.580610497454
7.586970083213
7.593408407196
7.599913662831
7.606503059765
7.613204593387
7.620002617537
7.626897815142
7.633907040492
7.641202370437
7.648702456251
7.656957790441
7.665221251130
7.673729267629
7.682535647036
7.691374343431
7.700417585904
7.709787560396
7.718899307963
7.728311682581
7.737777973301
7.747225936713
7.756375156089
7.765436753122
7.774453667913
7.783437713555
7.792498372914
7.801698201560
7.811391663872
7.821178814711
7.831668205157
7.842347590311
7.853129583036
7.864000917979
7.874736719354
7.885597258567
7.896308522816
7.906668960193
7.916357945241
7.925173416968
7.932443924710
7.939727559081
7.946841118837
7.953808998100
7.960357459874
7.966762064478
7.973011107419
7.979146068812
7.985167734503
7.991148592502
7.997156199253
8.003155392120
8.009240245839
8.015378535189
8.021618557085
8.027997478845
8.034511216290
8.041112428599
8.047792938314
8.054540009175
8.061373151594
8.068283991120
8.074875649053
8.081629692650
8.088166128385
8.094631479192
8.224621941282
8.231227280808
8.237813584941
8.244353505981
8.250866470574
8.257351745992
8.263821135749
8.270238883335
8.276602030393
8.282914715017
8.289182756514
8.295411035115
8.301627200290
8.307831588003
8.314025069746
8.320220978058
8.326440707747
8.332701640157
8.338963712104
8.345216952633
8.351498119320
8.357786347465
8.364126007097
8.370536109005
8.377052070433
8.383748205905
8.390696519499
8.397753172869
8.404979713385
8.414377792160
8.424033263842
8.433475468480
8.442575541309
8.451363310235
8.460278681321
8.468716152208
8.477105669530
8.485800044893
8.494756196315
8.503936216393
8.513468002614
8.523098329730
8.532869197223
8.543105019471
8.552836332738
8.562527829401
8.572251181281
8.581860432519
8.591401228696
8.600688825721
8.609710742325
8.618420285370
8.626824852801
8.634903681048
8.642299438138
8.649416070802
8.656475928096
8.663391427381
8.670156734314
8.676819319528
8.683357267115
8.689820883283
8.696247946425
8.702665521178
8.709271865628
8.715993022398
8.722857970675
8.729878205847
8.737096053866
8.754831401640
8.764089038014
8.773450094407
8.783290258443
8.792571857322
8.801347980826
8.810711751886
8.819959858184
8.829357449473
8.838780153012
8.848083642960
8.857433965485
8.866686285474
8.876063978000
8.885406586047
8.894873971028
8.904634396404
8.913977245042
9.047341634842
9.055500309300
9.064023206421
9.072080743004
9.080142720958
9.087877888364
9.095815345298
9.103804727997
9.111790283568
9.119762815034
9.127685494766
9.135592306976
9.143212102409
9.150699423984
9.157968812943
9.165320074931
9.172919923022
9.180659901545
9.188735756747
9.354550988558
9.364450189347
9.373774487350
9.382948558107
9.392112457171
9.401571343871
9.411099903961
9.421007397950
9.431324471073
9.441267879435
9.450821601999
9.460153993714
9.469769566155
9.479261088788
9.488538765104
9.497688833179
9.506685207146
9.515737151090
9.525201077877
9.534883545597
9.544267195953
9.554112873442
9.564006503553
9.574060530898
9.583929722711
9.593524246220
9.602598374442
9.610051457865
9.617708161184
9.625414482618
9.633114896609
9.640804656197
9.648476900894
9.656141072786
9.663844127423
9.671584991651
9.679407961815
9.687325819315
9.695305663487
9.703489072970
9.711762162527
9.720108565704
9.728806194903
9.737643714743
9.746274025968
9.754836262282
9.763455022698
9.772218547230
9.781360934106
9.791771168727
9.801054838246
9.810044561710
9.820160841272
9.829335199168
9.838330303673
9.847194633706
9.854527281960
9.861419937846
9.868276339142
9.875138268963
9.881880533314
9.888578309710
9.895293043843
9.902121464308
9.908987472435
9.915926004332
9.923085311073
9.930522941399
9.938182279166
9.946168909674
9.954409578594
9.962997210316
9.971820016365
9.980877547645
9.990224268670
10.000121760079
10.435991612721
10.443561234835
10.450492824874
10.457064700645
10.462994266657
10.468806604040
10.474254986889
10.479513273394
10.484496881033
10.489347766167
10.494112328605
10.498759671377
10.503317081433
10.507824440119
10.512173534737
10.516425822881
10.520661613905
10.524913118479
10.529165296221
10.533417877110
10.537627258705
10.541872799500
10.546136777221
10.550469984106
10.554857486308
10.559302689971
10.563825741394
10.568432909001
10.573100098051
10.577809645756
10.582579023809
10.587394800874
10.592212061562
10.597021786808
10.601834377825
10.606642945657
10.611436062861
10.616205199900
10.620994239338
10.625832615408
10.630718220753
10.635700591557
10.640999349949
10.646095739414
10.651373367250
10.657658454304
10.758924854805
10.764424797732
10.770003932265
10.775635710237
10.781249257968
10.786796742160
10.792455528080
10.798140969420
10.803879989886
10.809654912651
10.815491250026
10.821380012515
10.827135955532
10.832866842384
10.838675139575
10.844409007659
10.850047214709
10.855734579605
10.861500235280
10.867227192665
10.872957784781
10.878662119348
10.884177227361
10.889768457988
10.895367275709
10.900946794826
10.906501482476
10.912093035779
10.917731242500
10.923394866146
10.929122922370
10.934902670451
10.940747959926
10.946623640915
10.952594349491
10.958676847825
10.964971091686
10.971763621214
10.979171451253
10.986418046744
10.994394663779
11.002127588864
11.010267198278
11.018869468058
11.027796356555
11.036794926907
11.045924613733
11.055113110990
11.064576531776
11.074211937422
11.123552350258
11.125911051474
11.128250642383
11.130236734084
11.134226588956
11.136282492732
11.138269945379
11.140258387169
11.142321567050
11.224266459459
11.231487597284
11.239279376614
11.247137660201
11.254769807462
11.262217536100
11.268763475261
11.275304015595
11.281824325221
11.288191855484
11.294482716835
11.300699538558
11.306821097134
11.312819957962
11.318672113236
11.324541727958
11.330332897350
11.336071929321
11.341823664312
11.347615790298
11.353459267645
11.359355531373
11.365269124983
11.371203038487
11.377133938009
11.383084383663
11.389054255384
11.395050563504
11.401056182520
11.407100808469
11.413148328601
11.419212247562
11.425282171098
11.431338063973
11.437401981996
11.443433127865
11.449424108837
11.455412593662
11.461382970867
11.467356993309
11.473337847442
11.479340324582
11.485362246153
11.491439314678
11.497531989039
11.503690059187
11.509998215422
11.516363859707
11.522729070813
11.529199688189
11.670866322728
11.677893245197
11.684846317011
11.691805035429
11.698694856663
11.705597024912
11.712462300147
11.719255828933
11.726087346974
11.732702325479
11.739216515822
11.745649051217
11.752397093821
11.759421878675
11.766421586326
11.773532166031
11.780700840147
11.787845567027
11.794952247307
11.803010724236
11.901896496968
11.910776697360
11.920406017226
11.931024422371
12.097927142543
12.105764759256
12.114109983832
12.122207456010
12.130341057145
12.138344475765
12.146322361710
12.154547174710
12.162853859931
12.171153743970
12.179602591694
12.188064597356
12.196236685452
12.204353271839
12.212501392945
12.220751300199
12.228824909624
12.236989984427
12.245068931559
12.253128122338
12.261156617552
12.269126030165
12.276982518227
12.284789470071
12.292540045921
12.300312554286
12.308245835239
12.316268621984
12.406886310436
12.416018982703
12.425186326021
12.435252571194
12.445359973390
12.455587473758
12.466218655065
12.476430446434
12.486599653037
12.496656957704
12.506555907313
12.517404986247
12.528403826615
12.540178909201
12.550472138234
12.560730197836
12.570592173677
12.580391226079
12.590062314000
12.599609106206
12.608714295760
12.616661215621
12.623670628399
12.631107873433
12.638617654522
12.646080117129
12.653548461635
12.661179747783
12.669283094422
12.677755628462
12.687256049863
12.697567860325
12.707613376964
12.849984168456
12.858068609052
12.866463909959
12.874465722393
12.882279523252
12.890318155979
12.898126681418
12.905945353877
12.913814811601
12.921694171726
12.929634406190
12.937665390760
12.945782196905
12.954109206431
12.962463820200
12.971138623977
12.979629389437
12.988466618180
12.997252609245
13.006175756543
13.015155644279
13.032576969651
13.035045787826
13.037012538482
13.039236435661
13.041461613451
13.043703830111
13.045971211202
13.048154938020
13.050083192858
13.052330222710
13.054566363187
13.157196588279
13.164789548531
13.172698875481
13.180700790204
13.188722879441
13.197089412735
13.205840668336
13.214592538087
13.223676779417
13.232833093442
13.242093121418
13.251399280100
13.260546681444
13.269610091954
13.278630967446
13.287653906658
13.296631018193
13.305595452206
13.314390524915
13.323250359886
13.332232758966
13.341352865447
13.350624152658
13.359574253577
13.368658407407
13.377919124606
13.388235974623
13.493428222688
13.502402112987
13.512205637961
13.521606641463
13.531092242688
13.540673450703
13.550229393847
13.559858697926
13.569710966652
13.579770853750
13.589681135117
13.599578175462
13.608788509661
13.617966547522
13.627555176491
13.637140281582
13.646557561015
13.655857817535
13.665126761542
13.812514824244
13.818642344033
13.824899067575
13.831139514257
13.837410757501
13.843741628661
13.850128442319
13.856645138008
13.863374681680
13.870327104192
13.877371572342
13.884884566934
13.893098123078
13.901973887851
13.911719293408
13.921380311197
13.931733360296
13.941753131386
13.953269111931
13.964241749702
13.975813293584
13.987026288225
13.999239057386
15.196230804013
15.202766486183
15.209754589150
15.217143465495
15.224651620448
15.232352152809
15.240229495015
15.248152488047
15.256235989814
15.264607933313
15.363107880534
15.371797405786
15.380197018191
15.388957340388
15.397905942700
15.407184295550
15.416891289351
15.426785043307
15.436136450583
15.445197394169
15.454657975623
15.464224831136
15.644881988296
15.650806113153
15.657531600203
15.664815571211
15.672350456030
15.679878112543
15.687304360831
15.694649593317
15.701937268973
15.709162886301
15.716356036859
15.723584392199
15.730884719167
15.738721557003
15.746962349423
15.832038272949
15.841110786688
15.850601757905
15.859790633664
15.868066338954
15.876296505047
15.884079953488
15.891889070332
15.899473025746
15.906897062347
15.914202543207
15.921417233560
15.928577458811
15.935662478732
15.942801751034
15.950023137065
15.957378357573
15.964868087248
15.972549465013
15.980465998811
15.988644882861
15.997267440731
16.006509482391
16.146597507652
16.154657833456
16.162626840271
16.170578551629
16.178613486171
16.186546831991
16.194418088070
16.202304688186
16.210044199753
16.217739692591
16.225366316337
16.233036822329
16.240626835661
16.248186974341
16.255788698743
16.263408397537
16.271100752807
16.278792050332
16.286538082760
16.294355799863
16.302326993231
16.310407214618
16.318845401172
16.327743961758
16.336912079126
16.346901170486
16.357335137212
16.367582522929
16.378802371853
16.388948762623
16.398038840602
16.406829988789
16.415834828929
16.425017306753
16.434651904863
16.444447444853
16.454561023952
16.464817924760
16.474882852087
16.484498262357
16.494105069040
16.503994055963
16.514130985364
16.524486420284
16.533951544967
16.560193930275
16.569413613715
16.579012831639
16.588389780589
16.597865626988
16.607471803220
16.617146705680
16.627026066761
16.637105184295
16.647230958563
16.657457766561
16.668274487256
16.678589540394
16.790024329217
16.797169056259
16.804601009160
16.811844496968
16.819052023198
16.826138787152
16.833139618214
16.840027609754
16.846798312958
16.853473495667
16.860038621277
16.866524587318
16.872968937985
16.879371395903
16.885715838024
16.892030677657
16.898357115146
16.904695283689
16.911071856395
16.917573326794
16.924106810269
16.930677120770
16.937283672266
16.943934852642
16.950688378449
16.957429862240
16.964247131776
16.971171883148
16.978231539232
16.985388039910
16.992648238282
17.000024916158
17.007134809017
17.014143503142
17.021166962494
17.028080855320
17.035066969767
17.042044910922
17.049119172752
17.056250202801
17.063501559143
17.070892426872
17.078625716185
17.087101114173
17.123445684171
17.136971999424
17.147866183163
17.157167150124
17.165765276798
17.173767802403
17.182019318520
17.190115870318
17.198115012534
17.205848676545
17.213265763539
17.220686540061
17.227791529732
17.234900838110
17.241666955086
17.248406537700
17.255151347522
17.261691710733
17.268204670045
17.274701546379
17.281153466685
17.287593457584
17.294082242056
17.300751529711
17.307533353314
17.314420922481
17.320930239479
17.334346410102
17.343191025573
17.351841322524
17.361263649591
17.370656631731
17.380088891693
17.389497430461
17.398699820915
17.457603873354
17.464390490132
17.471500964078
17.478767993262
17.485903827227
17.493091649808
17.500182217221
17.507305169225
17.514352522280
17.521381209194
17.528327718560
17.535230675734
17.542057368565
17.548798618420
17.555501028356
17.562118381602
17.568620465300
17.575076228821
17.581522401507
17.587914230899
17.594231245338
17.600525961831
17.606843843849
17.613140638727
17.619440019445
17.625734993454
17.631947367906
17.638202936560
17.644613515331
17.651250105582
17.658134833342
17.665298517648
17.672952370644
17.681789688472
17.688408913456
17.694886398759
17.728329369096
17.736681982137
17.745189255340
17.753851528021
17.762916145648
17.772172793996
17.781749642998
17.791179918989
17.800631765094
17.810086558714
17.819456650605
17.828919860592
17.838071027180
17.847039926638
17.855995979671
17.864765084599
17.873012293561
17.880946916772
17.888622776680
17.896036315303
17.903337439641
17.910482923195
17.917553992803
17.924523992342
17.931438752838
17.938358483355
17.945382233315
17.952466176042
17.959626784715
17.966960303713
17.974565725538
17.982490137643
17.990737329567
17.999204593690
18.007785401366
18.016521619840
18.025355036694
18.034181455055
18.043058584219
18.051906723107
18.060828127585
18.069763603814
18.078853397626
18.088083982618
18.097515910907
18.107087354780
18.116553873435
18.126073180488
18.135187853751
18.144379242756
18.152407313631
18.160590268569
18.168366398803
18.176163994648
18.183892905828
18.191541055147
18.199164416898
18.206763456655
18.214258728560
18.221762727628
18.229182555439
18.236578591203
18.243934972541
18.251282362743
18.258538543552
18.265710323938
18.272982637012
18.280232125321
18.287564861513
18.294990031266
18.303915573883
18.311711650704
18.319531327868
18.327183073529
18.334663371351
18.342437973755
18.351028808590
18.354368029250
18.357693845692
18.361410566170
18.364785060801
18.368229630010
18.371436001608
18.374586406585
18.920832095077
18.930631658967
18.940591029272
18.949764436975
18.957158194579
18.964256176847
18.971230970813
18.978502338250
18.985764281824
18.992813134643
18.999851887989
19.006825156400
19.013810386193
19.020754777430
19.027683520048
19.034608498629
19.041605495458
19.048787760302
19.056383158054
19.063980909492
19.071483012820
19.079056656991
19.086782467096
19.094585144619
19.102361734818
19.110128049607
19.117785285262
19.124969210041
19.131795155617
19.138613631537
19.145225869817
19.151688352220
19.158011387018
19.164225735238
19.170378421791
19.176506736693
19.182691556754
19.188934077216
19.195284133011
19.201691457985
19.208218810332
19.214851862837
19.221619617217
19.228587584060
19.235676273289
19.249458650037
19.257652736522
19.265622569226
19.273442291522
19.281167042198
19.288733316434
19.296199510801
19.303584801250
19.310907433941
19.318126254711
19.325224887898
19.332176351264
19.339012739111
19.345847819585
19.352711050084
19.359889049151
19.367201508384

