Time_s
0.765699976893
0.772327163276
0.779074294019
0.785669634361
0.792187974392
0.798659256010
0.805064055043
0.811444954620
0.817748228233
0.823924948100
0.830038545017
0.836081834162
0.842021542222
0.847752249870
0.853276037252
0.858664758439
0.864040799994
0.869661207578
0.875643542346
1.049849310282
1.055127726444
1.061128727209
1.067258046966
1.073580653421
1.080021796996
1.086705664869
1.093646585993
1.100701863278
1.107839323762
1.115049551239
1.122253004944
1.129471695799
1.136692697223
1.143938849530
1.151173021408
1.158296746497
1.165690223132
1.173648369139
1.373168069331
1.380896132577
1.388941252243
1.397201836369
1.405560688375
1.414034824441
1.422800552106
1.431731898495
1.440693116398
1.449846431002
1.459218024899
1.468809735254
1.478575327422
1.488346406531
1.498224987383
1.508102809616
1.518188844671
1.528325021636
1.538766504901
1.549320095987
1.560063234663
1.570686291681
1.581553798812
1.592765759534
1.603912793120
1.616736447425
1.627724724010
1.638842008922
1.649727181622
1.659927120402
2.084060178767
2.091735493598
2.100498289727
2.108815869631
2.117045148882
2.125182997394
2.132954733682
2.140527767077
2.147837295469
2.154914665148
2.161860614586
2.168777650639
2.175675526677
2.182972885088
2.190056818753
2.317250593093
2.323430471337
2.329497962201
2.335878702559
2.342208765394
2.348447155487
2.355110619625
2.361903741529
2.368752790499
2.375735430880
2.382681641728
2.389174196125
2.396391530997
2.403585384422
2.410855154636
2.418721337958
2.427142388884
2.435409145800
2.443776424532
2.452343886713
2.460962936578
2.496066037751
2.503155995508
2.510886386649
2.518407064981
2.525926492647
2.533523572617
2.541190306101
2.548710656458
2.556213364629
2.563756595724
2.571284391797
2.578765212029
2.586234773363
2.593647560473
2.600991792139
2.608304071519
2.615656861022
2.623039140665
2.630462930957
2.637893020829
2.645387693427
2.652841895229
2.660279320243
2.667690846018
2.675138387155
2.682676623729
2.690216589802
2.697673696657
2.705087184337
2.712452476842
2.719822563312
2.727201351786
2.734683373691
2.742231980905
2.749972591827
2.758053851822
2.906051464609
2.913526431714
2.921185986963
2.928994053973
2.936950357143
2.945024666641
2.953172342370
2.961366078771
2.969601880742
2.977770588966
2.985875455918
2.993986364759
3.002120998339
3.010357226441
3.018732882330
3.027536163668
3.036815806466
3.083928639656
3.092680341644
3.101533446677
3.110470435419
3.119555801933
3.128721887974
3.138145113135
3.195945657530
3.203123410432
3.211066667569
3.219105745334
3.227354079186
3.235792585828
3.244508348244
3.253421163399
3.262822120126
3.346815364675
3.355662225082
3.363569989337
3.372038146908
3.380516874057
3.389117670314
3.397826218167
3.406678039464
3.415625750093
3.424547927788
3.433419569625
3.442234047775
3.451078739518
3.460034406989
3.469300072390
3.476694488703
3.680233720856
3.688695223580
3.697565498902
3.706715107170
3.716387298586
3.726358310242
3.736772779579
3.747333911185
3.758053159414
3.768612411185
3.779303245678
3.790116327120
3.801238737121
3.806330042550
3.808634466244
3.810800946406
3.813287107054
3.815475804691
3.817647230033
3.819768711143
3.824297052154
3.826453875034
3.828534485575
3.830616094126
3.832619144409
3.838107758380
3.840110213022
4.413741611239
4.420334747636
4.426950175440
4.433474145663
4.439973802203
4.446889494036
4.652360127276
4.659554576555
4.666819794277
4.674012941748
4.681169136041
4.688327617596
4.695490838734
4.702620144271
4.709765337915
4.716801714018
4.723762711941
4.730661056253
4.737471425536
4.744218872281
4.750853543544
4.757388377796
4.763881770052
4.770369774697
4.776900094009
4.783499677453
4.790184158008
4.798078950284
4.840853335852
4.847131394578
4.853296395893
4.859556306498
4.865954874626
4.872503538638
4.879278564561
4.886292710137
4.893747525332
5.035249808929
5.042312504622
5.049463640734
5.056719445941
5.064055188125
5.071407503098
5.078720436216
5.085976663693
5.093138500651
5.100154799051
5.107120941752
5.114337977231
5.121610900635
5.291299817262
5.299681625101
5.307530107811
5.315949085694
5.324626943696
5.333417320970
5.342354907182
5.351311665413
5.360393682511
5.369468586214
5.378553596053
5.387676361276
5.396790556331
5.406055281315
5.415864813423
5.426196269054
5.554935523823
5.564130711150
5.573636686368
5.583336473063
5.592863532685
5.602480649209
5.612129245035
5.621752430415
5.631184184881
5.640591199621
5.649888061443
5.659008777993
5.668062015239
5.676891298217
5.685619403678
5.694257645577
5.702876950006
5.711398758030
5.719956473096
5.974384111571
5.981276818133
5.989224161871
5.997317872938
6.005480776724
6.013688633284
6.021956318028
6.030156333530
6.038346037691
6.046481722659
6.054569185071
6.062510619820
6.070417960662
6.078210639647
6.085852749356
6.093285672496
6.100558748079
6.107769510525
6.115021893102
6.122678926194
6.130461405547
6.245585575834
6.251458028639
6.258525685778
6.265662557596
6.272933758617
6.280233916670
6.287760603408
6.295231695984
6.482088974659
6.488775304803
6.496371074294
6.504319333813
6.512433665654
6.520450897942
6.528782904452
6.537203914454
6.545642949107
6.554121391364
6.562695395439
6.571186825951
6.579706397293
6.588208159706
6.596690874042
6.605093980311
6.613496241652
6.740914762470
6.747864995777
6.754764863527
6.761987837842
6.769373633646
6.776804222459
6.784183415172
6.791712192239
6.889815673433
6.898188173852
6.906830499833
6.915657909680
6.924580467718
6.933239653694
6.942360060492
6.951718372214
6.961096971545
6.970590568565
6.980161086573
6.989791853341
6.999579753023
7.009473229058
7.019316350962
7.029399822898
7.040090304909
7.130266711614
7.132635917528
7.135020735883
7.137836526344
7.140644315978
7.143450220514
7.145777811990
7.178176334088
7.187896099096
7.197570493839
7.207417675430
7.217237203506
7.227070758197
7.236917291917
7.246701231581
7.256493893375
7.266247657583
7.276106564692
7.286061295333
7.295944983904
7.305743225500
7.315321076128
7.324826362237
7.334137159912
7.343406573099
7.352610441714
7.743670377682
7.753215965963
7.763392241788
7.773311321033
7.783451607446
7.793360573323
7.803186151608
7.812905611614
7.822668995842
7.832268557988
7.841883052554
7.851313371897
7.860749866523
7.869761156658
7.878816972809
7.887977521475
7.897084502898
7.906151678526
7.915187266554
7.924176699697
7.932984583643
7.941771355972
7.950572833179
7.959353956146
7.968202289886
7.977416426287
7.985974866317
7.994500470999
8.002829974384
8.010977981360
8.018991670254
8.026926191340
8.034812565493
8.042703247110
8.050562875032
8.058398249757
8.065842300899
8.073568299991
8.081310050836
8.254681471343
8.263000577464
8.271684052185
8.280111144929
8.289158589067
8.298532333600
8.308019025359
8.317568039929
8.327190950734
8.336775200984
8.346227112255
8.355509305096
8.364635071861
8.373587558099
8.382432498814
8.530356004753
8.538228808834
8.547221613130
8.556445052452
8.565862028663
8.575299269218
8.584609554825
8.593745095618
8.602634519487
8.611388640515
8.620009076195
8.628519448198
8.637029625279
8.645539680230
8.654334329285
8.663607910981
8.672570407669
8.681830904903
8.691370467475
8.736186268694
8.745228586465
8.754404170989
8.763702577367
8.773068936914
8.782522467005
8.792031876013
8.801445541129
8.810919980149
8.820467937525
8.830112492330
8.840094567978
8.849645301957
8.859310916241
8.869078194790
8.878093950674
8.886680278108
8.895304088674
8.903984395800
8.912757089004
8.921636659495
8.930549834466
8.939956074324
8.949330096535
8.958695440463
9.006628238746
9.015529634689
9.024707506651
9.034376829611
9.044377814722
9.054260017599
9.064256050750
9.074204279294
9.084346192818
9.094561801168
9.104858087631
9.115336392926
9.125999860352
9.136991104171
9.148357341198
9.161110541273
9.175682548953
9.191524910071
9.205538031467
9.218562566277
9.231280411853
9.744317000487
9.753584826848
9.763071633473
9.772239345673
9.781367081126
9.790323233449
9.799103620627
9.807587584898
9.815966961971
9.824207475609
9.832385436023
9.840510322666
9.848559156926
9.856529509931
9.864361654291
9.872171290730
9.879840903738
9.887356113277
9.894611143557
9.901850749260
9.908980619753
9.916056272723
9.922985938259
9.930620150346
9.937833321286
10.036935531253
10.042465059667
10.048578065823
10.054763058523
10.061004522118
10.067365680408
10.073876996602
10.080497225445
10.087250627529
10.094454814190
10.101135763736
10.107928000224
10.114802798593
10.121705818650
10.128618735382
10.135489856562
10.142372387211
10.149427125498
10.156460140043
10.163487993417
10.170501537350
10.177535706850
10.184635412555
10.191774048447
10.198965011224
10.206224462934
10.213605857872
10.221409126398
10.229714873196
10.238254940793
10.246711123026
10.255121105329
10.263589970138
10.272220802747
10.280901566077
10.289832648199
10.299018710995
10.438061572520
10.445463665769
10.454167543288
10.462852300049
10.471576205470
10.480325545972
10.488091486581
10.496871553581
10.505698224677
10.514486369203
10.523173780930
10.531754926093
10.540225079651
10.548532463316
10.556739377117
10.564837544061
10.572714961339
10.580581213477
10.588656727442
10.597119012869
10.680960110984
10.687339763587
10.694165448048
10.701098750295
10.708138305307
10.715510035556
10.723263213721
10.731171275898
10.739157842464
10.747192838164
10.755265457177
10.763320654684
10.771296241265
10.779158957093
10.786849994387
10.794443718820
10.802076430280
10.809795392409
10.817323747257
10.927944622990
10.934645723161
10.941292084810
10.947970274440
10.954817551259
11.160878887892
11.169126280518
11.177807776256
11.186854277852
11.196183796000
11.205457049123
11.214647294450
11.223776974984
11.232843465867
11.241849368253
11.250712193256
11.259446327778
11.268065559453
11.276578709403
11.356304450163
11.364401120529
11.372877983947
11.382482377933
11.391201360750
11.400340697667
11.409634322055
11.419161770280
11.428500472770
11.437595836898
11.447532762107
11.458236605752
11.468518378009
11.478969749522
11.551762534463
11.560707856681
11.569829418964
11.578817123051
11.587697200508
11.596398164223
11.604903778505
11.613346538467
11.622135701944
11.797033519910
11.804676098383
11.812941813248
11.821477039694
11.830059014711
11.838619638989
11.847117846987
11.855543206196
11.863925708746
11.872460317460
11.880912388059
11.889260748255
11.897524899768
11.905637318612
11.913532664505
11.921326446522
11.929398973165
11.937429480242
12.072523112337
12.080990122108
12.090012614138
12.099318745950
12.108912201151
12.118506376010
12.128115218855
12.137758163686
12.147457143919
12.157284078805
12.167191028890
12.177015124572
12.186818776898
12.196419072492
12.205921901941
12.215369612714
12.224673604959
12.233870637266
12.243102094211
12.253066214195
12.262433715465
12.271903885070
12.387848567388
12.395978280608
12.404615814169
12.413377943640
12.422515873618
12.431510720405
12.440942037027
12.450691534566
12.460478887597
12.647588746020
12.656754315803
12.666384779486
12.676319518829
12.685974399069
12.695984432598
12.706344647996
12.717234169244
12.728643267539
12.731870918061
12.733856463846
12.735861389204
12.737884090174
12.739984523260
12.742005287619
12.744004480633
12.745999533716
12.747992328044
12.749985663280
12.751977058635
12.753794466989
12.755815302905
12.757834340989
12.759862986416
12.761905175699
12.763940657942
12.766009115354
12.767966834755
12.769994813769
12.772048616806
12.774547144624
12.777024392168
13.616391419115
13.624307250058
13.632421624298
13.640580233700
13.648717827976
13.656601655034
13.664911507337
13.673423264605
13.839636364185
13.845773919652
13.852212329518
13.858688776755
13.864969097886
13.871021631194
13.877043215878
13.883059264980
13.889001100668
13.894822233815
13.900476950025
13.906051223803
13.911610244721
13.918115119348
13.924100239737
13.930062394158
14.034118869734
14.042190694170
14.050679046967
14.059392473978
14.068084485198
14.076825377085
14.085567622679
14.094364945989
14.103303044034
14.112424966565
14.268476811265
14.276910702206
14.285465160360
14.294064675844
14.302635950909
14.311159460644
14.319713420475
14.328244923137
14.336682046269
14.345103122239
14.353658587676
14.362308807789
14.371381350225
14.458173005862
14.467833114832
14.476817134742
14.486111779282
14.495538610047
14.505085179762
14.514894279026
14.524873015731
14.534555671162
14.543214986914
14.552575709008
14.562201032208
14.572114711043
14.693319574023
14.701885055852
14.710542896888
14.718847763401
14.726853545839
14.734622311129
14.742245440280
14.749721955611
14.757138472370
14.764474985940
14.771756400019
14.779062825939
14.786316575510
14.793525317552
14.800734931028
14.807893866276
14.814982287277
14.822061108333
14.829087307237
14.836119362948
14.843235016588
14.850429281870
14.857711237362
14.865068561602
14.872393818585
14.879778111420
14.887219351909
14.894723517746
14.902342495637
14.909939823034
14.917548710603
14.925103651788
14.932575910629
14.939964141183
14.947277304364
14.954538908024
14.961751297044
14.968856378702
14.975848705439
14.983628872369
14.990623435026
14.997619539207
15.005299372340
15.012608260303
15.020318913785
15.095602583024
15.105039819351
15.114332013706
15.124251254455
15.134238122737
15.144118380707
15.154055796129
15.163907496274
15.173843439144
15.183872621850
15.194054381929
15.204030358543
15.214089756725
15.224117316125
15.234222146994
15.244405441937
15.254500677683
15.264382994816
15.274451049734
15.284342680284
15.294127730381
15.303808849328
15.443716823631
15.452740798037
15.462122032973
15.471471564732
15.480880255215
15.490292719976
15.499741590675
15.509193623373
15.518558433977
15.527931943763
15.537311549572
15.546794218940
15.556307197745
15.565819673735
15.575409984908
15.585010174767
15.594479475917
15.603885427680
15.613257899619
15.622609785968
15.632044664767
15.641440574673
15.651435828475
15.718901538534
15.727590835903
15.736291547714
15.745137267825
15.753908660022
15.762597979152
15.771263091404
15.779852168161
15.788403615579
15.796885713784
15.805398938050
15.813975660067
15.822678125368
15.832062084647
15.840692551839
15.849366985305
15.858078840525
15.866918418854
15.875885357071
15.884930266015
15.894001174617
15.902736664944
15.911768310371
15.920802900075
15.929858861276
15.938875046284
15.947816467051
15.956793818558
15.965738642062
15.974827081817
16.004545442340
16.013693864287
16.022805013842
16.031823153751
16.040906374738
16.049983267935
16.058995020175
16.068066615030
16.077337887681
16.086540625220
16.095764133153
16.104994242778
16.114297555903
16.123603396590
16.132978078789
16.142302716373
16.151542282632
16.160808603029
16.170372264982
16.179996622133
16.189551485739
16.199101174561
16.208586542549
16.217995093164
16.227406899704
16.236850990353
16.246749133109
16.255836276746
16.264934226108
16.273977634165
16.282992117325
16.292444678798
16.432902175283
16.441859327590
16.450926643707
16.460139855092
16.469600802580
16.479027908857
16.488651414669
16.498071677457
16.507545099959
16.516970543130
16.526377619632
16.535852355004
16.545158684983
16.554592739400
16.777165407034
16.785175894497
16.793414677680
16.801847328874
16.810423494167
16.819251546234
16.828234459002
16.837348244250
16.846394536627
16.855594741277
16.864860056023
16.874162770461
16.883504610122
16.892861407936
16.902428366887
16.911979330440
16.921414840972
16.930939908199
16.940541018189
16.950138236738
16.959679588360
17.088078382153
17.090496594768
17.095477231959
17.097915142503
17.100318957027
17.102684378966
17.107551568803
17.110008962460
17.112427729430
17.114793867047
17.116897071275
17.118953176808
17.121008174649
17.123358678336
17.125525174444
17.127770324860
17.129904294652
17.132017849189
17.134520044329
17.136997283500
17.148944451216
17.161757596459
17.173998096786
17.185935707148
17.196118500460
17.206741437278

