Time_s
0.703542524331
0.710855556380
0.718256504229
0.725834778525
0.733002600419
0.739885387005
0.746270171698
0.752349132987
0.758543218795
0.764739575412
0.770903294122
0.777117392848
0.783317620329
0.789531575728
0.795725513363
0.801927600504
0.808103167393
0.814280304646
0.820491541389
0.826792363796
0.833046695005
0.839785621541
0.846443736344
0.852664766919
1.038968667729
1.044605990092
1.051529396015
1.058440179618
1.065368459409
1.072362383381
1.079462496442
1.086665752514
1.093943471553
1.101233473291
1.108616819737
1.116076672687
1.123674031562
1.131302125258
1.138974788800
1.146638059439
1.154256690825
1.161889395661
1.169518015155
1.177166603781
1.184887608231
1.192607207620
1.200384437953
1.438730747372
1.446374732820
1.454092800333
1.462135047996
1.470247620630
1.478366682340
1.486533934092
1.494692598804
1.502806418768
1.510974535914
1.519119718623
1.527413453850
1.535843723606
1.544342472926
1.552921856022
1.561878692295
1.570991000199
1.580221575498
1.589549502630
1.598775702261
1.608267828222
1.618037406094
1.628120118754
1.638298037411
1.648703188144
1.659370043594
1.670189882303
1.681151475720
1.692327049018
1.703603041363
1.714837491454
1.726179444131
1.737494673886
1.748776546114
1.760063452299
1.771343794022
2.281023964210
2.289029275000
2.298024935783
2.306419078016
2.314624575155
2.322669983370
2.330629858295
2.338464612636
2.346110414188
2.353748186193
2.361392721939
2.369022659537
2.376664789895
2.384321329151
2.392051359768
2.399775605247
2.569959282366
2.575921671421
2.582283974364
2.588870175763
2.595538182989
2.602255268331
2.609174780425
2.615056255253
2.622380156969
2.629646440729
2.637017094044
2.644368756293
2.651633421012
2.658834595212
2.666042247665
2.673265325362
2.680513156788
2.687854438001
2.695342304311
2.703014778336
2.710949154555
2.719142352271
2.727014741408
2.734855889883
2.742480928238
2.750325183229
2.786306779160
2.793657970003
2.801498916581
2.809226897919
2.816912567679
2.824521618495
2.832092369843
2.839639406181
2.847160003429
2.854647850026
2.862178425151
2.869700431848
2.877259368520
2.884866989414
2.892503384922
2.900203532300
2.907905995199
2.915618795493
2.923303183047
2.930968826618
2.938580692354
2.946229800309
2.953882606493
2.961563876228
2.969290957692
2.977031501177
2.984782932746
2.992563065164
3.000346205298
3.008104612290
3.015883204158
3.023575241895
3.031350780264
3.039089361385
3.046826553111
3.054559647964
3.062285484296
3.069971831907
3.077653751782
3.085349498504
3.093038475727
3.100734761406
3.108419080313
3.116106571428
3.123803380575
3.131517500830
3.139228108950
3.330226872796
3.337674911253
3.345050941017
3.352480175031
3.359986470613
3.367559944654
3.375089073121
3.382638343920
3.390197346789
3.397809857039
3.405426444785
3.412982146775
3.420502658685
3.428004104752
3.435534310825
3.443153700727
3.450839353588
3.458504924573
3.466466258596
3.474529171717
3.482903705934
3.491334368356
3.499923796340
3.508740009739
3.517223731392
3.525402176863
3.533598132034
3.541820656892
3.549999443237
3.558136643498
3.566258567048
3.574474080165
3.582715341777
3.591069693530
3.599629852456
3.741534442023
3.748043815009
3.755575744629
3.763238158605
3.770885353847
3.778518917075
3.786187994655
3.793880562749
3.801591208753
3.809316690781
3.817038193007
3.824739030595
3.832410691780
3.840133869116
3.847821355779
3.855562896262
3.863338720986
3.871206722402
3.879225516653
3.887361480891
3.895615464169
3.903380048028
3.911154799850
4.019641224882
4.027851560387
4.036155787867
4.044571510593
4.053107881634
4.061587015030
4.070345422449
4.079049800190
4.087865206712
4.096774389470
4.105762685421
4.114800811750
4.123997954623
4.133276188814
4.142636728541
4.151651312419
4.160986960812
4.170546318773
4.180190800366
4.190022485282
4.413148299941
4.421002243683
4.428538624378
4.436180323926
4.443721548554
4.451425614383
4.459112003110
4.466835723518
4.474623930470
4.482515738188
4.490451249252
4.498523073842
4.506706184836
4.515025093634
4.523549566630
4.532446071876
4.541698058052
4.551228197307
4.561142355001
4.571614663252
4.582711262306
4.594093949417
4.607787856660
4.620013397575
4.632392626443
4.644592033529
4.657025609338
4.669337004266
4.682141624166
4.695082804965
4.708391034391
4.721576259857
4.734650355296
5.361478128897
5.368124292077
5.374975314538
5.381776930542
5.388486052162
5.395024587747
5.401473085659
5.407891756488
5.414243313055
5.420937204026
5.427623281800
5.434398305960
5.658535199928
5.665700198434
5.672820350980
5.679919025147
5.687073570840
5.694335853247
5.701677983095
5.709061472080
5.716463244141
5.723890668747
5.731250643500
5.738575413300
5.745934095417
5.753255515414
5.760573759994
5.767877747862
5.775176111071
5.782482778716
5.789797756428
5.797133575514
5.804510507531
5.811914258405
5.819316842337
5.826685131021
5.834073485055
5.841515690879
5.848989231801
5.856606569966
5.864381665588
5.872184026430
5.880160751330
5.922785154992
5.930821840425
5.938709046589
5.946615000155
5.954708186793
5.962918810837
5.971133335806
6.108491661711
6.116872908394
6.124568594635
6.132359626330
6.140328998415
6.148505802681
6.156735747896
6.165006613283
6.173307443833
6.181624349716
6.190015188810
6.198383382166
6.206673338476
6.213305672986
6.379632854713
6.386810301419
6.394928718300
6.402538700299
6.410557676577
6.418689027450
6.426871659223
6.435071291127
6.443276271459
6.451477390803
6.459662442395
6.467834365461
6.476005462626
6.484168541414
6.492328944454
6.500483759891
6.508635707843
6.516770935576
6.525002755998
6.533565516277
6.660784446083
6.667042458060
6.674434626112
6.681593791826
6.688795530398
6.696006596386
6.703313575827
6.710661823965
6.718078262985
6.725545262214
6.733000414119
6.740447918836
6.747915287221
6.755418020762
6.762939806163
6.770554487098
6.778185572475
6.785850333935
6.793522649038
6.801237181686
6.808921963024
6.816619879829
6.824330696161
6.831998370258
6.839651832133
6.847345485251
6.855032459762
6.862774174754
6.870599588102
6.878524283887
6.886428754886
6.894425592073
6.902493695863
6.910564330663
7.424812335391
7.431266724953
7.439185715112
7.447021528340
7.455000870109
7.463078018479
7.471203086244
7.479324339146
7.487438451877
7.495504667906
7.503582627835
7.511586145530
7.519629311988
7.527587583013
7.535515999471
7.543361201263
7.551146466978
7.558929307887
7.566707176049
7.574480321111
7.582494155560
7.590655056026
7.598919842437
7.606802749223
7.614699828347
7.622577130839
7.630453721946
7.734041996499
7.741394974227
7.748494046702
7.755684563155
7.762941576370
7.770183084506
7.777498408469
7.784967183470
7.792838142484
7.801645903989
7.809274360246
7.816779943004
7.824155375035
7.831511387680
7.838785322092
7.990013681364
7.996885456147
8.004959456696
8.012989856387
8.021117418381
8.029275947381
8.037510452731
8.045784141931
8.054088386271
8.062452347973
8.070908266739
8.079389004214
8.087888129451
8.096407393726
8.104921249862
8.113466687774
8.122029481913
8.130624423838
8.139225030146
8.147857193955
8.156431646042
8.164994339764
8.173535503137
8.182060537212
8.190541735130
8.199040531762
8.209057287660
8.217551631203
8.226027915732
8.234582404690
8.243150954251
8.251676648606
8.260167732800
8.268730051862
8.301788434151
8.310457915835
8.319041428926
8.327816908723
8.336728125383
8.345590988200
8.354479308596
8.363351988284
8.372335434678
8.381502980582
8.390858404407
8.400534956415
8.410195257833
8.419981485822
8.429439377203
8.438805439799
8.562296322851
8.570855423913
8.579251740701
8.587648785657
8.596052538857
8.604055075858
8.612024923841
8.619930391493
8.627811799204
8.635573269838
8.643156242798
8.650670369657
8.657958684549
8.665120758420
8.672228395140
8.679287475116
8.686289179170
8.693203248443
8.700143676707
8.707122506752
8.713905207535
8.721321640765
8.728726516138
8.735838279186
8.743088260625
8.898180259019
8.905334926894
8.912015066138
8.918840943971
8.925592397086
8.932386938868
8.939193080284
8.946039514719
8.952891052082
8.959750152195
8.966618886531
8.973439266198
8.980275611799
8.987108901233
8.993942318505
9.000774501989
9.007591863717
9.014337815360
9.021082595693
9.027817619494
9.034535381031
9.041213807278
9.047832720277
9.054398988905
9.060918262820
9.067443203877
9.073912299003
9.080330067700
9.086719547874
9.093024881348
9.099310038340
9.105593559747
9.111843214074
9.118077269991
9.124283746321
9.130474214708
9.136670136795
9.142854289543
9.149014307554
9.155401224334
9.162010848275
9.168414930883
9.175011261384
9.573486736417
9.583236823737
9.592598389910
9.602030055710
9.611069172965
9.620042059069
9.628909362330
9.637753895143
9.646559465845
9.655363513390
9.664206275322
9.672962107465
9.681245537663
9.689614476621
9.698064788473
9.706534309866
9.714944068124
9.723304228000
9.731608852714
9.739849650889
9.748041641996
9.756201598008
9.764396376250
9.772659841454
9.781179542618
9.789877733223
9.797881615524
9.805827981146
9.813771822562
9.821627093495
9.829464966566
9.837649579849
9.844967025622
9.852298155660
9.859764287632
9.867207377957
9.874710075278
9.882299487434
9.889931116958
9.897553206356
9.905229086773
9.912999487027
9.920908437408
9.929183869474
10.120860278370
10.129340402319
10.137445778918
10.145046173383
10.153480179991
10.161923626854
10.170362062942
10.178811382917
10.187261046052
10.195692915450
10.204152393365
10.212585612366
10.221008187554
10.229367352975
10.237640513410
10.245812203303
10.253889929335
10.261795100145
10.269552612193
10.277040218605
10.284391733304
10.291564233387
10.298725847299
10.305849219338
10.312016025698
10.319140811681
10.491663803550
10.499555047486
10.507283442869
10.515205791275
10.523324324852
10.531653207498
10.539941094361
10.582487979794
10.590306531402
10.598259383409
10.606363609295
10.614643680622
10.623155051622
10.632416819694
10.641190449769
10.649594217329
10.706719603503
10.714468351610
10.722742020451
10.731141600488
10.739651503553
10.748284493556
10.756993101343
10.765714712661
10.774642375152
10.783601311206
10.792584081583
10.799950071124
10.809514228123
10.818816958074
10.827887307961
10.836849631665
10.853362160635
10.861965535397
10.870739807825
10.879610627405
10.888589665097
10.897610967684
10.906692609123
10.915856028939
10.925128031008
10.934439152193
10.944078900182
10.953850667403
10.962990441688
10.972275961708
11.048769302346
11.056986621591
11.065470085042
11.073999780903
11.082597212050
11.091215166760
11.099863121586
11.108503287050
11.117085311196
11.125656845046
11.134200113532
11.142793684153
11.151490737258
11.160344663984
11.169434306931
11.178758438334
11.220791442476
11.232253718025
11.243942255321
11.255833268295
11.267992907051
11.280125868163
11.292316394724
11.304553637075
11.326137811463
11.329476515726
11.332715514960
11.336174425483
11.339495145750
11.342854622294
11.346191757648
12.103368074106
12.110797403708
12.119040008562
12.127158563870
12.135226506580
12.143221030697
12.151154118133
12.158966824884
12.166687652972
12.174362594738
12.182010151381
12.189636360372
12.197267963779
12.205240882520
12.211153503486
12.215504627950
12.219498924651
12.223190285709
12.226771911841
12.230369622261
12.233962454951
12.237374444468
12.240359499626
12.243637151481
12.247048435695
12.260336132459
12.268425502603
12.276295961221
12.284162428347
12.291872621732
12.299576874223
12.307117959690
12.314689659367
12.322077713005
12.329422865272
12.336691324822
12.343877168496
12.350851507901
12.357620606842
12.364352855308
12.370992261900
12.377647938134
12.384306005244
12.390927131532
12.397445017847
12.404001819987
12.526905550271
12.533213354071
12.539596326065
12.546030539910
12.552585807615
12.559188978551
12.565873445483
12.572610886752
12.579389480698
12.586246532796
12.593216298214
12.600271484286
12.607392629804
12.614624450333
12.621896325408
12.629250270155
12.636781324292
12.644307218100
12.651802089367
12.659308707339
12.666857570341
12.674521627013
12.682209821484
12.690032340348
12.697941394463
12.705927983901
12.713819660106
12.721904509788
12.730027901444
12.738210013499
12.746410969607
12.754666407714
12.762933350294
12.771225406424
12.779553470939
12.787878572863
12.796191593347
12.804504911903
12.812812646115
12.821108153852
12.829410463490
12.837712665411
12.846032589157
12.854345308036
12.862840792221
12.871898815436
12.880961976432
12.889615987493
12.898100243057
12.907169124757
12.916336034625
12.925547602241
12.934720197366
12.943855138122
13.116013075535
13.124106049181
13.131835585307
13.139735402352
13.146994492240
13.155036679951
13.163309199901
13.171622963890
13.179966646586
13.188371938757
13.196804792475
13.205265182953
13.213750499294
13.222235951587
13.230681216860
13.239124326805
13.247539158402
13.255924401428
13.264266710396
13.272584080482
13.280833757005
13.289048873429
13.297356235532
13.305617775056
13.313891840481
13.322150514047
13.330426944930
13.338700911702
13.347049250740
13.355331490298
13.446481107534
13.453735799252
13.461296804029
13.468902057538
13.476706778291
13.484643257344
13.492764473797
13.500982974138
13.509324187510
13.517687531542
13.526072042530
13.534469317966
13.542849030335
13.551228066966
13.559534216862
13.567839908872
13.576246401780
13.584547615728
13.593004616113
13.601290546863
13.737348030569
13.746145899747
13.754890310212
13.763721111684
13.772738583372
13.782176304463
13.979762390762
13.987908938109
13.995808083718
14.003954156817
14.012210325450
14.020217933524
14.028557423324
14.036919128833
14.045307625813
14.053693558225
14.062117730145
14.070497679116
14.078862496067
14.087180835814
14.095476087327
14.103727609031
14.111877528330
14.120010764912
14.128124885744
14.136124381438
14.144091325897
14.152002959600
14.159867884706
14.167781407476
14.176116231016
14.184803984780
14.193074321728
14.201195831190
14.357773801789
14.367489933080
14.375923734634
14.384532169447
14.393115884574
14.401957882361
14.410567752313
14.419220752930
14.428010424664
14.436625535045
14.445640866931
14.454774072362
14.463968780970
14.473217540398
14.482519124740
14.492179492405
14.501738860348
14.511168212191
14.520404553614
14.529604184909
14.538868311733
14.590983115274
14.598959244837
14.606917850145
14.614925098413
14.622931428112
14.630927289636
14.638813655778
14.646732037157
14.654643465439
14.662765817910
14.671261929038
14.679579689687
14.687588903588
14.695584791487
14.703839627488
14.711757775043
14.719670591252
14.895096035482
14.902918917352
14.910452331824
14.917910923931
14.925535948982
14.933175117123
14.940929750304
14.948702679377
14.956544404253
14.964407780448
14.972331962412
14.980321224380
14.988475011008
14.996743340896
15.005039149639
15.013355886606
15.021704506987
15.030021663366
15.038403179372
15.046850096090
15.055413431512
15.204534820213
15.212889073643
15.221171671143
15.229557529506
15.238017042665
15.248221079065
15.257100363118
15.266115881042
15.275193181644
15.284320453774
15.293501610872
15.302675996491
15.311814156993
15.320940499767
15.330084640903
15.339183997806
15.348251151760
15.357292279248
15.366267226002
15.375199149947
15.384106913767
15.392955501256
15.401803045409
15.410566273340
15.419270909078
15.427878789277
15.436617747293
15.445380385064
15.454187003886
15.462926884692
15.471628111662
15.623538120350
15.632721147098
15.641844988870
15.651650487441
15.661351695169
15.671268111932
15.681923638381
15.692460751459
15.702868305205
15.712923736202
15.723118034267
15.733361311810
15.744211298049
15.755477703161
15.766822870165
15.923182746942
15.931055089390
15.939269301802
15.947715480050
15.956236393048
15.964830434564
15.973540682458
15.982255344591
15.990930940944
15.999555980830
16.008038554350
16.016422922994
16.024690258705
16.032747898885
16.040640669150
16.048300449832
16.056657944373
16.064019587148
16.071638622107
16.079075104570
16.086343488274
16.093674829967
16.100866691628
16.108278481552
16.115885632016
16.935498440882
16.943100262323
16.950452904105
16.957721836359
16.965090699902
16.972837223950
16.980510551625
16.986940678302
16.994285542665
17.001958757044
17.062344642895
17.070106863755
17.078219520282
17.086648168550
17.095345170319
17.104091259008
17.112731281744
17.121482249341
17.130490038837
17.139625778903
17.148849258851
17.330704633619
17.336917883341
17.344269163638
17.351333774598
17.358364041032
17.365370227244
17.372397285800
17.379440354447
17.386532232421
17.393987180207
17.401579295184
17.408873005490
17.415973674368
17.423358910781
17.430687853067
17.437757042732
17.444774225060
17.452121021332
17.549705441853
17.557726521186
17.565395426353
17.573038215885
17.580674519491
17.588312267470
17.595985183721
17.603694255762
17.611393842070
17.619054280742
17.626643881443
17.634248432569
17.641925105190
17.845077354462
17.852606605555
17.859912674891
17.867324328564
17.874791326424
17.882282579355
17.889805245998
17.897359118947
17.904919105166
17.912471512450
17.919996398629
17.927542489041
17.935114499719
17.942694078961
17.950283710328
17.957857330439
17.965434729705
17.972990137249
17.980556235822
17.988120123081
17.995676563145
18.003222103487
18.010738160877
18.018258665533
18.025779740158
18.033216072324
18.040726506454
18.048227062732
18.055821579711
18.063564396790
18.071451356576
18.177036630374
18.183169760783
18.189145952386
18.194963725922
18.201046978540
18.209812034563
18.218413753786
18.227107443892
18.235880223532
18.245041071076
18.254081596990
18.263122842959
18.272267778690
18.281458596904
18.290933754667
18.300720991962
18.310473483634
18.319767896691
18.328695183213
18.338050488727
18.347447461422
18.356917514336
18.366644156502
18.376417016780
18.521352030239
18.529478118612
18.537581058457
18.545669328064
18.553768881282
18.561907956610
18.569928801129
18.577883831680
18.585789304658
18.593648092444
18.601459453005
18.609215969271
18.616974909547
18.624676742790
18.632179727642
18.639549601341
18.646815275797
18.654001681140
18.661158360181
18.668169756437
18.675111190882
18.682092894167
18.689053878930
18.695981388898
18.702937803655
18.709838405156
18.716810781552
18.723773218528
18.730755180342
18.737761819201
18.744886790212
18.752151965177
18.759466700394
18.766873878280
18.774314820156
18.781770621395
18.789286775097
18.796818449394
18.804396001902
18.812011813950
18.819669413314
18.827340131739
18.835061962944
18.842865846556
18.850761819311
18.858640390823
18.866466427474
18.874282844322
18.882083021125
18.889949079786
18.897839351812
18.905759359294
18.915222376540
18.922921013879
18.930713360391
18.938586747032
18.946417247973
19.030240110104
19.040491180597
19.050808536257
19.061296912973
19.070592724230
19.079947155416
19.089386065011
19.098911673412
19.108498451401
19.118159820662
19.127846449915
19.137565701104
19.147313690970
19.157072383953
19.166902145322
19.176632471907
19.186342034212
19.196010996428
19.205674558681
19.215304594351
19.224867752573
19.234400893346
19.243967670741
19.253459354982
19.262892125038
19.272506559368
19.282246103421
19.292104366183
19.848520163078
19.857567908013
19.866861461405
19.876207385370
19.885213129890
19.894056384928
19.902615304897
19.911425209331
19.920297283291
19.929196669169
19.938194794515
19.947184792503
19.956235389291
19.965303565363
19.974368052133
19.983393883543
19.992376075382

