Time_s
0.526408204466
0.532251097577
0.537753495043
0.544048121049
0.550233766821
0.556508950271
0.562645947001
0.568595689629
0.574792919576
0.580572492756
0.586414822941
0.592266053211
0.598132189252
0.603970098177
0.609846193350
0.615653433622
0.621453732723
0.627130375517
0.632721171019
0.638302772637
0.643777058629
0.649254018931
0.654676806014
0.660020790659
0.665352540972
0.670799505842
0.676211894860
0.681652221974
0.845826086451
0.853073845462
0.860307674998
0.868133402917
0.876070643862
0.884229864855
0.892486486944
0.900778356542
0.909179413162
0.917658958484
0.926305904189
0.934994117498
0.943660355668
0.952352355467
0.961050762453
0.969657217468
0.978369060842
0.986924304243
0.995382604340
1.003819212639
1.012272454720
1.020867298393
1.029411248285
1.223693144364
1.230056700254
1.237645234472
1.245540573139
1.253864132618
1.262353553443
1.271084828530
1.280053268480
1.289283278978
1.298737857276
1.308459624224
1.318308563475
1.328496920935
1.338874613566
1.349526477519
1.360439489590
1.371691281705
1.383015425841
1.394130480998
1.405963534457
1.418094358325
1.430485296345
1.442837359234
1.455029808500
1.467342995733
1.479600336099
1.490985030833
1.502506550477
1.513012830954
1.522148656757
2.107211225282
2.114253302419
2.121623057835
2.129046149528
2.136419414937
2.143757375945
2.151096677275
2.158272923370
2.165277354503
2.172108191296
2.178745373642
2.185192371086
2.191484903740
2.197571031654
2.203481876931
2.209306829399
2.214867289300
2.220606814195
2.226398985197
2.232272337210
2.355140435914
2.359495575249
2.363519179419
2.368008317276
2.372454651642
2.377048307734
2.381796249978
2.386611497288
2.391538630949
2.396584021787
2.401803145276
2.407143490066
2.412536988344
2.418154724063
2.423773685989
2.429350682747
2.434983689221
2.440742657675
2.446382240518
2.452157497717
2.458019635062
2.464020715889
2.471114060098
2.477369058076
2.483779155085
2.490204230235
2.496917041617
2.503551144395
2.510024148822
2.516556186399
2.522191946363
2.528532733684
2.535125131913
2.541748627191
2.548365910361
2.555048066812
2.561917487316
2.568830953798
2.575782906917
2.582749624973
2.589796525943
2.596897337742
2.604023152884
2.611110565022
2.618210979977
2.625314122982
2.632335934916
2.639485801419
2.646614893080
2.653920489850
2.661096891205
2.668335006360
2.675607428030
2.682918072651
2.690399713742
2.698010828807
2.705799925903
2.713647078922
2.721707561623
2.729523433780
2.737037380782
2.744352349106
2.751607135163
2.758939071996
2.766293349337
2.773676676433
2.781032290792
2.788389949472
2.795682059235
2.802984661577
2.810206775274
2.817354502773
2.824425006014
2.831456969959
2.838451293930
2.845461463826
2.852414702973
2.859521919159
2.867022761907
3.025150497259
3.031725258807
3.038676853942
3.046607387752
3.054661725060
3.062848663314
3.071031586880
3.079247501349
3.087572945773
3.095912548448
3.104293412059
3.112701205617
3.121075585281
3.129435879700
3.137846247627
3.146287877201
3.154622282086
3.162904837038
3.171164998988
3.179439619925
3.187703482301
3.196178374551
3.204656166117
3.213380660686
3.346461416770
3.355957459760
3.365491760439
3.374982409083
3.384402494262
3.394013314777
3.405645278732
3.460118910423
3.467947746938
3.476073677708
3.484946614569
3.493864059667
3.502836776954
3.511891634101
3.521197649897
3.530576436486
3.540244846350
3.550241638192
3.654451627471
3.663502904603
3.673104742127
3.683457254731
3.693375206418
3.703413710445
3.713549854612
3.723643469699
3.733847758565
3.744039138438
3.754180810209
3.764529361902
3.774563510023
3.784124408970
3.793931140091
3.804012913268
3.814142299859
3.990320443803
3.996915265893
4.003676337099
4.011347286454
4.019232422652
4.027304727297
4.035607018317
4.044141842678
4.052870275896
4.061789154586
4.071205254825
4.080782961905
4.090589369784
4.100930825263
4.111642769192
4.122861424762
4.134377806530
4.146127189252
4.158141140146
4.170355629746
4.182669257464
4.195239419677
4.207667970191
4.219939165263
4.232134490559
4.243992146926
4.917324928001
4.923098055968
4.928786207149
4.934969350238
4.940908025074
4.946861695524
4.953028204341
4.959833523886
4.965934704111
5.194545917669
5.200724696420
5.206933142537
5.213283435333
5.219695043422
5.226301193563
5.232878836401
5.239514346515
5.246207559509
5.252921894020
5.259633888936
5.266400806238
5.273156483602
5.279920714072
5.286758768329
5.293555607629
5.300387006835
5.307151565645
5.313948681405
5.320787568397
5.327601851370
5.334397649631
5.341198460211
5.348039068820
5.354893514734
5.361735776386
5.368789767218
5.375658168499
5.382519212046
5.389553618042
5.396706650101
5.404047049447
5.411445282666
5.418694873998
5.425317554361
5.431847970678
5.439069551328
5.445308597921
5.451892188442
5.458554572104
5.465490981916
5.472374248335
5.479579869595
5.487080408999
5.494253333384
5.656795356157
5.663880568204
5.671272155617
5.678778944000
5.686286566545
5.693718502341
5.701180703587
5.708516598737
5.715830473173
5.723028251418
5.730160905691
5.737249623863
5.744168448831
5.751247264140
5.758593652314
5.947755413383
5.956414106571
5.965496004287
5.974860487610
5.984465095393
5.994418879749
6.004588741059
6.014985283227
6.025478001205
6.036008822928
6.046557200442
6.057007274474
6.067610579094
6.078169010474
6.088606435525
6.099189239084
6.109825728057
6.120650374091
6.185938010502
6.188742474595
6.190788308399
6.196048030254
6.198152292770
6.200275516686
6.203356111731
6.206425847289
6.221281296306
6.230721709102
6.240425607395
6.250514595240
6.260718010036
6.271008235218
6.281361274768
6.291766053317
6.302296940583
6.312752683422
6.323219795090
6.333656559772
6.344264130602
6.354950662153
6.365767124038
6.376589296671
6.387347341157
6.397960466664
6.408418875138
6.418787197813
6.429075278613
6.439690710141
6.928172729206
6.937921102477
6.947358718526
6.956837036069
6.966329667771
6.975708187058
6.984743616866
6.993494233035
7.001848913644
7.010066670550
7.017996295541
7.025706116747
7.033235192997
7.040544963825
7.047611454093
7.054534997965
7.061245473254
7.067773354621
7.074316238063
7.080941663506
7.087832028017
7.094602741640
7.101431342949
7.198397202861
7.204097145474
7.210568369648
7.217613194435
7.224540530307
7.231540122432
7.238599791457
7.245570794385
7.252497911988
7.259362322053
7.266186084596
7.273516503562
7.281073235908
7.463171716869
7.469204298238
7.476738421677
7.483939975300
7.491548398281
7.499196121068
7.506939510939
7.514764062004
7.522804022255
7.530857907879
7.538975464381
7.547221563278
7.555464486706
7.563748513430
7.572105568555
7.580431430906
7.588713427664
7.597002680453
7.605243641716
7.613566042396
7.621784770004
7.630071535485
7.638361139992
7.646635512372
7.654913968541
7.663113188012
7.671372520292
7.679994989566
7.689588863528
7.697911658641
7.706474524726
7.715074349764
7.723560660314
7.800586096874
7.810328507787
7.819909808956
7.830004035764
7.840420038933
7.850927605703
7.861761811442
7.871885726559
7.944004523999
7.952643716821
7.960995365399
7.969444089712
7.977855368300
7.986156445754
7.994389706080
8.002270906284
8.010034659296
8.017761289634
8.025480301459
8.033176276620
8.040822740186
8.048485081125
8.056154266076
8.063833053470
8.071531473809
8.079339729084
8.087147565127
8.095064172545
8.103059471627
8.111098175133
8.119169505689
8.127411780519
8.135288667434
8.262640737638
8.273575604909
8.284760923974
8.308555188964
8.320448145827
8.332538008268
8.344590718352
8.356695130209
8.368860054098
8.380973917860
8.392825359200
8.404606995133
8.416250134332
8.427654474534
8.438876717700
8.638926692952
8.648549733288
8.657612627668
8.667346745849
8.676994416453
8.686777229833
8.697495006784
8.707593793872
8.717555204950
8.727604536594
8.737517592133
8.747345715522
8.757133989593
8.766817789625
8.775884712615
8.784918194093
8.793832793261
8.802590055328
8.811194480590
8.819674105624
8.827820111270
8.835716438340
8.843570077691
8.851343324120
8.859044132427
8.867242792051
8.875561816437
8.883551914388
8.891438457225
8.899285478133
8.906898563945
8.913835895049
8.919630050040
8.926591337100
8.933262221571
8.939941723684
8.946659878984
8.953363579536
8.959999743484
8.966627169817
8.973155416513
8.979677875747
8.986176070759
8.992735241671
8.999050280976
9.005496303505
9.011906455800
9.018420744524
9.024935357936
9.031688485471
9.038449821006
9.155839118847
9.162835337460
9.170243196249
9.178657796150
9.187359034496
9.196522641560
9.205845258305
9.215370253852
9.224981116003
9.234669911129
9.244442430405
9.254314968932
9.264178576186
9.273945091614
9.283606480712
9.293297448890
9.302981953892
9.312704141290
9.426643884161
9.434362073224
9.442321941222
9.451403675905
9.460654546696
9.470144311818
9.479184490585
9.488478557255
9.498410193535
9.508118562945
9.518052834003
9.527659100872
9.535962376157
9.544552872017
9.551861747206
9.559668943035
9.567575425068
9.575838370857
9.584351098808
9.593296645963
9.603354032076
9.613584895244
9.672482106058
9.682709461423
9.693831685016
9.705130393893
9.716770781224
9.728621867176
9.740686272454
9.752835170361
9.765071238684
9.777019574715
9.788572975325
9.799769704540
9.811126886288
9.822646783554
9.834069389318
9.845564990347
9.857086649974
9.868610031207
9.880764616405
9.973425374082
9.983622597846
9.993658362933
10.003729195781
10.013848942361
10.024154590073
10.034714971894
10.045509550248
10.056565141777
10.068241714875
10.080291550693
10.092635518491
10.105507418907
10.119110317510
10.132718409326
10.146125473081
10.963699161675
10.973272536642
10.982658554732
10.992049913697
11.001467165484
11.010441766555
11.019075354663
11.027692203750
11.035966812693
11.043950536497
11.051689694568
11.059242730896
11.066613508296
11.073842571337
11.080753122510
11.087404095260
11.093753991011
11.099908016918
11.105884271420
11.111724416872
11.117428237905
11.123048159833
11.128461289623
11.133811208952
11.139050006613
11.144195718321
11.149212408800
11.154178947855
11.159070946630
11.163928432836
11.168801190240
11.173700626417
11.179072737381
11.184454670163
11.190660159189
11.314173282605
11.322637265370
11.331853189961
11.341633632147
11.351570710292
11.361701218439
11.371966268718
11.382147742603
11.392391136550
11.402703439593
11.412933120054
11.423162928298
11.433860032337
11.444141803461
11.454374297470
11.464642137262
11.474533631939
11.484698670012
11.494863945578
11.505101834260
11.515429165743
11.525744291865
11.536097176727
11.546402740864
11.556681832036
11.566800435175
11.576889512223
11.586835095170
11.596642833700
11.606888013658
11.617722269821
11.627563118851
11.636761650224
11.646417134470
11.656302331518
11.666604408184
11.676789939199
11.855392454957
11.863971267265
11.872516420796
11.880649371703
11.889157156848
11.897743235351
11.906272260816
11.914786043316
11.923178913663
11.931508264802
11.939682184102
11.947625881962
11.955467055696
11.963250882490
11.970930313986
11.978453984128
11.985848362750
11.993063662092
12.000036117876
12.006835691871
12.013519835239
12.020119426904
12.026598453758
12.032969612607
12.039202768300
12.045420368751
12.052539646484
12.058712721557
12.136381413425
12.138299236795
12.141145124717
12.143156574993
12.145656513504
12.168451104175
12.175369617772
12.182090971421
12.189054146124
12.196069097153
12.203072142135
12.210205765895
12.217378280827
12.224535046832
12.231858363128
12.239163578227
12.246497962290
12.253862180122
12.261047486752
12.268358845695
12.275778303498
12.283340576847
12.291279955741
12.396730025896
12.401935990778
12.408199760230
12.415071567260
12.422062001357
12.429897799495
12.590570932798
12.597054896289
12.604565385561
12.612883473207
12.621203810222
12.630078456284
12.639230170436
12.648506224983
12.658012122979
12.667631339649
12.677261321935
12.686891882496
12.696553563021
12.706079813677
12.715512602297
12.724876676638
12.734104994514
12.743317846743
12.752609563176
12.762078383372
12.771611618788
12.828841820362
12.837232315463
12.847122746923
12.857363067749
12.867497077385
12.877703146448
12.887760895096
12.898393670576
12.909225864568
12.920128284343
12.930255796831
12.941791894263
12.953258866888
13.035057271633
13.042893709216
13.050833079700
13.058759790100
13.066611910243
13.074282304496
13.081807575863
13.089179106671
13.096407343236
13.103347271692
13.110131286813
13.116828105721
13.123561533989
13.130894329963
13.137780495953
13.144466936077
13.151115460583
13.157676317081
13.164647599668
13.171454805180
13.314168088684
13.322120104512
13.329919756571
13.337823146363
13.345838421509
13.353955758601
13.362077567772
13.370303364660
13.378518727477
13.386833130800
13.395161559331
13.403415044057
13.411718094125
13.420064008220
13.428385841609
13.436681131145
13.445032614388
13.453503690938
13.462310104040
13.581236027499
13.590887293835
13.600665480826
13.610757893064
13.620996710889
13.631345343147
13.641744090009
13.652352028729
13.662861856984
13.673471572649
13.684062939992
13.694593661715
13.705102028076
13.715689576362
13.726016972478
13.736297762386
13.746569421018
13.757645584876
13.768373666034
13.778909914609
13.897282525130
13.908185211411
13.919345130672
14.127924407187
14.134686708547
14.143060376437
14.151702298476
14.160750657428
14.170133614932
14.179863308590
14.190060935792
14.200818648987
14.212066500047
14.223696099552
14.236017920680
14.248605728993
14.261608514525
14.274538764996
14.287397545713
14.300019279641
14.312727755189
14.325219469729
14.337879516345
14.350213448615
14.966562814715
14.974305257754
14.982184911903
14.990224692687
15.068952245149
15.076950614012
15.085595842498
15.094633211208
15.103587330975
15.112658690950
15.122025707728
15.269995076318
15.274988940926
15.280694580371
15.286659840591
15.292633567720
15.298562662331
15.304436375673
15.310272429428
15.316129280742
15.321985770369
15.327758760018
15.333485133247
15.339025236657
15.344804442184
15.350646112732
15.356624256544
15.362541740312
15.446854804981
15.454156663651
15.460456053137
15.467026296530
15.473776085341
15.480580570104
15.487547179630
15.494540802791
15.501766176479
15.509073686342
15.516525933375
15.524021204110
15.531732075208
15.539747385849
15.547932911198
15.686833173603
15.694509400418
15.702152798790
15.709861837319
15.717722627519
15.725622993723
15.733552585419
15.741531185319
15.749532507832
15.757459677842
15.765397055646
15.773309206112
15.781172164478
15.789083834296
15.796968079219
15.804863679315
15.812745581025
15.820525536301
15.828311514892
15.836040070527
15.843708173605
15.851357427344
15.859006543853
15.866764284868
15.874577387513
15.882670335258
15.890873015873
15.899068015610
15.907360949153
15.915596796059
15.923784726670
15.932022375472
15.940479709798
15.949159522507
15.958078551677
15.967365838414
15.976999704188
15.986992086234
15.997231605561
16.007448589398
16.017715940363
16.027855528473
16.037932339272
16.048100827715
16.058173377769
16.068129478733
16.078274869550
16.088399587299
16.098475236241
16.240577249517
16.247388367345
16.255042732706
16.262602201300
16.270155704506
16.277664521432
16.285199754323
16.292621480480
16.300040168987
16.307379784051
16.314679057074
16.321877024343
16.329016004549
16.336100802175
16.343127132846
16.350102441259
16.357110387289
16.364056349770
16.371091763971
16.378089959472
16.385216882781
16.392216170861
16.399390899240
16.406601554125
16.413729975576
16.420740392122
16.427951090311
16.435088434946
16.442262894169
16.449537882361
16.456896662967
16.464369769119
16.471835875918
16.479390754350
16.486978934581
16.494540199898
16.502119133887
16.509670220389
16.517216614707
16.524729053284
16.532269774658
16.539776579329
16.547278873787
16.554803200733
16.562455938785
16.571185731708
16.578700636953
16.586473644357
16.594394093384
16.602348852214
16.610393056084
16.618479877254
16.626540301805
16.634478486593
16.691373216283
16.700541459762
16.709620734402
16.718855262343
16.728099382394
16.737518639139
16.746993363332
16.756450195255
16.766024900286
16.775660488184
16.785420193803
16.795290947246
16.805303440155
16.815314459875
16.825435650923
16.835423264025
16.845523088046
16.855623365699
16.865727061944
16.875687713408
16.885609567933
16.895354162389
16.905171576262
16.914768850277
16.924239373163
16.933531309603
16.943420607481
16.953290463366
16.963000547390
16.972601815365
16.981898758399
16.991133350136
17.000429901464
17.108499828984
17.117893056107
17.127439198483
17.136486552143
17.145930776309
17.155558202688
17.165184301829
17.175098372655
17.185072963300
17.195104735123
17.205195625309
17.215227526529
17.225252153251
17.235149991236
17.244875141684
17.254582116754
17.264364755525
17.274160399637
17.284028262727
17.293955760431
17.304026252234
17.314371546517
17.325158451834
17.335530542519
17.345388492276
17.354986124649
17.364419984338
17.373984253908
17.383598697932
17.393101082484
17.403091663608
17.413187864532
17.423288247629
17.433353901387
17.443544757205
17.453771784936
17.491587657209
17.500273449543
17.508779327850
17.517241979423
17.525729067807
17.534119974317
17.542352449076
17.550438710050
17.558392806606
17.566282503613
17.574101635065
17.581813733279
17.589557211631
17.597127452206
17.604867252790
17.612540686058
17.619902274723
17.627241401520
17.634558560979
17.642009733725
17.649489187942
17.657069721762
17.664393338875
17.672151604105
17.680017714042
17.688056608858
17.696153690832
17.704391470028
17.712762038112
17.721205356029
17.729646925505
17.738081869424
17.746569179732
17.755056240419
17.763501778885
17.772065851786
17.780642583767
17.788446555456
17.797343125181
17.805418301577
17.813626797189
17.822477849731
17.830083407292
17.838174505299
17.846291928559
17.854491898220
17.862788372487
17.871006640234
17.879255370359
17.887579910699
17.895951975924
17.904464737842
17.913011654572
17.921668229284
17.930398928539
17.939070299116
17.947672849508
17.956316698563
17.964968469644
17.973612900516
17.982145597929
17.990824379197
17.999367461868
18.401596799741
18.409605193955
18.418238570103
18.427020958748
18.435669596965
18.444479064309
18.453225297016
18.461928931474
18.470598191501
18.479241828165
18.487873353185
18.496622278784
18.505292634353
18.513886254799
18.522682058807
18.531450083154
18.540248133172
18.549163536949
18.558034682256
18.567005455123
18.576100667507
18.585102357416
18.594327858541
18.603669520373
18.613113395211
18.622778174174
18.632477758343
18.642229380129
18.652040071694
18.661913914610
18.672128734459
18.682206231152
18.692256327329
18.702480989185
18.712904468162
18.723235416119
18.733765490385
18.743895316059
18.754171848455
18.836101784605
18.846044642372
18.856427381096
18.866864293634
18.877427718647
18.887949885626
18.898531194804
18.909027545847
18.919467203162
18.929965124757
18.940433993343
18.950653367643
18.960940008566
18.971163239046
18.982416473466
19.209839187383
19.218723467540
19.228286540784
19.238174630967
19.248319886616
19.258759074942
19.269310850363
19.280132697502
19.291201161515
19.302294437098
19.313480339065
19.324894712225
19.336076049835
19.347414363625
19.358911354583
19.510250893850
19.520892370169
19.534197005701
19.546327127234
19.580551502240
19.593672688436
19.606168827397
19.618102085426
19.628227340765
19.762413092219
19.773345138499
19.785618863736
19.797783316100
19.810337942370
19.822690655256
19.835485249414
19.848109957571
19.861005475433
19.873540449734
19.885794473555
19.897639497715

