Time_s
0.497832743571
0.511758938906
0.519367295203
0.527095600376
0.534913257426
0.542576928891
0.550265259092
0.558092339829
0.565939117340
0.573804657735
0.581640496713
0.589563463394
0.597565976992
0.605515983759
0.613509826556
0.621541604618
0.629488764873
0.637509910017
0.645516432528
0.653447737413
0.661392324019
0.669357261531
0.677374607812
0.685384436735
0.693396601950
0.701402896786
0.709452744034
0.717492729945
0.725540963990
0.733682097353
0.741768216390
0.749909222574
0.758253333477
0.766469567204
0.774498010828
0.917567612477
0.925242637561
0.931608811109
0.938543204847
0.945400311056
0.952271987617
0.959055329254
0.965867977792
0.972691171385
0.979361526582
0.985940413817
0.992471264989
0.999010240351
1.005515678766
1.011958077935
1.018385929697
1.024745109014
1.031062987716
1.037346881501
1.043598936266
1.049837728567
1.056079690154
1.062269498835
1.068468968361
1.074655695820
1.080896668833
1.087130569842
1.093430727589
1.099824402787
1.106480881143
1.113081977862
1.119684299287
1.310271232839
1.318919108001
1.327851149217
1.337016117428
1.346205022703
1.355566823381
1.365002248058
1.374346585650
1.383689410721
1.393233312090
1.402972866158
1.412702353124
1.422738307589
1.433036347808
1.443675042629
1.453831201449
1.464531895789
1.475163884676
1.485665384136
1.496435121903
1.506731793063
1.517494253359
1.526970747472
1.537611818036
1.547698805841
1.558733621370
1.799138848813
1.808001788348
1.815901797204
1.824653901838
1.833339743547
1.841941734111
1.850349496765
1.858801051312
1.867079789930
1.875405995621
1.883502111793
1.891562993431
1.899509558385
1.907348291782
1.915063757521
1.922706999477
1.930236587969
1.937842067938
1.945456718055
1.952872277785
2.037431136449
2.044028676456
2.050431640897
2.057275519694
2.064322632426
2.071496163993
2.078753250604
2.086569220540
2.093970732622
2.101041817428
2.216910952878
2.223571933597
2.231118423114
2.239065660908
2.247332770301
2.255743260900
2.264218862505
2.273098695010
2.281984494549
2.290872397207
2.299826710603
2.309246190875
2.318603055191
2.347489999656
2.356105890506
2.366333788026
2.374812671965
2.383703343239
2.392464585946
2.401279218615
2.410106186318
2.418861542404
2.427606003040
2.436338466262
2.445011984106
2.453531294101
2.462007128355
2.470490250888
2.478771117750
2.486987602861
2.495202091346
2.503470895155
2.511813908032
2.520023495340
2.528574115076
2.537122138865
2.545872540867
2.554760293916
2.563645982792
2.572598990730
2.581553164269
2.589019437150
2.597837759876
2.605307074682
2.613519118920
2.622275377294
2.630879009697
2.639502461200
2.648122863399
2.656730501089
2.665342218716
2.673896084641
2.682441064727
2.690920004766
2.699062959792
2.707206296027
2.715686822992
2.870740439850
2.879564226835
2.888413197465
2.897349064255
2.906448376333
2.915580180922
2.924815274788
2.934039068738
2.943194440798
2.952308437207
2.961385497474
2.970203327322
2.979288179085
2.988119230210
2.996742834989
3.005154238439
3.013726910954
3.022349520362
3.031023337940
3.039704688951
3.048522630078
3.057620181291
3.093661150825
3.102278095793
3.111432466022
3.120455682466
3.129544357455
3.138634468778
3.147384597551
3.156206020220
3.164968682947
3.173810233475
3.182675733866
3.191630773248
3.200701059650
3.209717186474
3.218845406759
3.227905434422
3.236788393508
3.245926026049
3.254814800128
3.263292884680
3.271976721670
3.331955493017
3.340843688043
3.349604697593
3.358223209311
3.366646317602
3.375217647277
3.383834015400
3.392588350854
3.401782290116
3.411088798499
3.420471742951
3.429952013142
3.439487921643
3.449057169670
3.458613698238
3.467982096937
3.477428361648
3.487061229343
3.496618455309
3.569964219098
3.576225331585
3.582755006096
3.589425320790
3.629207859195
3.637814936145
3.646698486759
3.655723605294
3.664932108716
3.674227151623
3.683511457943
3.692800684579
3.702086055303
3.711374442503
3.720590950928
3.729609648487
3.738698564400
3.747858806775
3.757276633028
3.766772035530
3.775722886549
3.784803273962
3.794152839083
3.803582112994
3.812942945415
3.822230533119
3.831773945154
3.841254958125
3.850409834622
4.018991516443
4.025653754957
4.033640911861
4.041649377446
4.049668815381
4.057781833955
4.065865684652
4.074019587359
4.082222349961
4.090543099116
4.098909333000
4.107349102744
4.115920386410
4.124494266354
4.133235841743
4.142105052234
4.151208230865
4.160636588882
4.170718463245
4.173864309366
4.176092602428
4.177909899744
4.180597718593
4.182724980743
4.184837204663
4.186979114724
4.189075599547
4.192781428431
4.814733883457
4.822728517570
4.830744728932
4.838714483070
4.846593724245
4.854431320468
4.862231657788
4.870137484114
4.878168405000
4.886230290921
4.894437994982
4.901239235791
5.099915181824
5.107787453237
5.115113781580
5.122743817987
5.130481690595
5.138234601016
5.146040290651
5.153911147002
5.161807759111
5.169722842279
5.177661361736
5.185494376127
5.193290250211
5.201120482221
5.208915301017
5.216680467306
5.224501269841
5.232309159658
5.240111477321
5.247920662909
5.255715695808
5.263575920132
5.271383740168
5.279255755881
5.287119022375
5.295006392385
5.302818004218
5.310634758629
5.318430328242
5.326308586360
5.334185679834
5.342192146686
5.350479622196
5.358672502413
5.365485015340
5.374615383121
5.381486861308
5.388299844147
5.395150541702
5.401878343029
5.516436847966
5.524557996959
5.532739836377
5.540823136404
5.549168806213
5.557722563010
5.566452479211
5.575267869546
5.584156507605
5.594114440234
5.735170683614
5.742155067052
5.750786969265
5.759381603630
5.768050510491
5.776686521591
5.785429267607
5.794124446464
5.802814431810
5.811506161261
5.820160549231
5.828889562231
5.837515415818
5.846067150031
5.854617928850
5.863173099303
5.871983491865
5.880467257858
5.996030779789
6.002828264649
6.010223308417
6.018704001184
6.027380314317
6.036059198148
6.044884684644
6.053768991718
6.062172351332
6.070932210981
6.079800066661
6.088633438162
6.097408033905
6.106329679414
6.115313640871
6.124409588957
6.133512213813
6.142612067258
6.151769499597
6.160909052384
6.170000221468
6.179150030401
6.188372973485
6.197536962440
6.206696070302
6.215851539479
6.225005241340
6.234157493380
6.243245160143
6.368235583507
6.374695311616
6.381701806901
6.389370632373
6.397266772308
6.405323615264
6.413328635555
6.421406092869
6.429541622056
6.437688665695
6.445919243631
6.454259206828
6.462712320421
6.471191254346
6.479736015359
6.488418517018
6.497152612886
6.505966915092
6.514795663119
6.523720202367
6.532662244876
6.541341769572
6.549960936888
6.558511957419
6.566919047104
6.575124193401
6.583136990466
6.590804927775
6.598343835962
6.605480162664
7.031372811977
7.040095851834
7.048969556543
7.057984158092
7.067008226583
7.075979218219
7.084948292333
7.093813141508
7.102637706074
7.111384933098
7.120078992297
7.128893597983
7.137636832496
7.146315976353
7.155039362022
7.163763031152
7.172438709033
7.181078181047
7.189765221013
7.198508442112
7.207389286187
7.216205950792
7.224962024586
7.233307028665
7.353095124571
7.361194365166
7.369554399997
7.377985911299
7.386454303397
7.394995340920
7.403520563568
7.412204726923
7.421017224642
7.429840043105
7.438658441825
7.447277785783
7.456232364964
7.464443137471
7.473199098744
7.481340726102
7.568817001073
7.577024440242
7.584825962093
7.593707356802
7.602123465662
7.610673766811
7.619151808290
7.627560012443
7.636103798419
7.644714143276
7.653265267503
7.662013518792
7.670683686917
7.679298116470
7.687929881291
7.696510495069
7.705400089981
7.713942371762
7.751944801282
7.759286542833
7.767766375564
7.776380440622
7.784794499266
7.793680530819
7.802635215841
7.811655344287
7.820674223623
7.830755896733
7.839573551070
7.848593572522
7.912287146590
7.920835083616
7.928842379965
7.938064250745
7.946814711500
7.955363758046
7.963777564965
7.972498953613
7.981098677219
7.989844385056
7.998597212049
8.007284263480
8.015902760865
8.024595641786
8.033277966913
8.041961356128
8.050576593532
8.059329359532
8.068148104319
8.076831495721
8.220014580214
8.227285536243
8.235224928328
8.243303449219
8.251252761699
8.259275594979
8.267254695711
8.275289590667
8.283364941677
8.291499383011
8.299620034028
8.307768086140
8.315924379365
8.324140810630
8.332377832973
8.340714967498
8.349058656645
8.357510639548
8.365918185207
8.374433542176
8.382946440478
8.391388831494
8.399728855049
8.407795683087
8.415799877877
8.423658186105
8.430998653769
8.899790670534
8.908954078281
8.917521150544
8.926165907392
8.934828160303
8.943611836321
8.952434616301
8.961251827352
8.969871495231
8.978481677726
8.987089755270
8.995703253057
9.004180280556
9.012720548273
9.021139877733
9.029624435424
9.038172815738
9.046656261324
9.055004981364
9.063260173252
9.071469334962
9.079575280196
9.087250820761
9.095116337489
9.102937586490
9.110570738216
9.118122972355
9.125615698907
9.133079325398
9.140447849803
9.147782405501
9.155022151328
9.162244702260
9.169468420697
9.176649326901
9.183790992500
9.190939315509
9.198041521303
9.205144918797
9.212192721727
9.219210530491
9.226227280094
9.233249065757
9.240308073945
9.247322191357
9.254256161885
9.261152657503
9.267984765500
9.274754661527
9.281454125137
9.288207789781
9.294920170861
9.301689893886
9.308511014336
9.315341638481
9.322170181185
9.329093733099
9.336148080636
9.343231026487
9.350428945566
9.357620225759
9.364900696080
9.456604497059
9.462191356001
9.469069937560
9.476544342813
9.483694126988
9.491007602734
9.498405870216
9.505728546376
9.513109322805
9.520415276401
9.527780906741
9.535103327759
9.542437020497
9.549794046183
9.557166505663
9.564678173589
9.572109809840
9.579599495919
9.586948648451
9.595092899626
9.601959464529
9.686422316641
9.692882667115
9.699745150036
9.707252704992
9.714838600733
9.722449325804
9.730077556792
9.737751489779
9.745350721488
9.753032335285
9.760839161962
9.768711774881
9.776454207105
9.784046333072
9.791789505441
9.799464748458
9.807247298553
9.814722419545
9.822389067153
9.830239899102
9.838136372665
9.846262265285
9.854414813829
9.862663215064
9.870916264807
9.879192988678
9.887743677033
9.896495562339
9.904975621806
9.913186506526
9.921667164111
9.930350645561
9.938763272870
9.947041542598
9.955588618747
9.963864834991
9.972277646199
9.980687256473
9.988898527960
9.997104930160
10.005399025372
10.013677694003
10.022097279308
10.030571046347
10.039093656468
10.047687656758
10.056551117130
10.065398658689
10.074241752250
10.083111996403
10.091995108513
10.100826683716
10.109766491609
10.118687107574
10.127686540793
10.136781417633
10.146069687417
10.155690707664
10.164981474428
10.174137262724
10.183023456875
10.191706934049
10.200249018367
10.209002911514
10.217761642199
10.226655474908
10.235562586880
10.244449523425
10.253478228928
10.263167522217
10.366700327247
10.373848484383
10.381335700791
10.388770697093
10.396368828365
10.404048217447
10.411938159478
10.419901660420
10.427907410321
10.435974154280
10.444093791913
10.452324972197
10.460572065771
10.469008424082
10.477596676163
10.486254517163
10.495007611071
10.503907716343
10.513135739879
10.523228117018
11.189497026662
11.198718533850
11.207334742691
11.216222218167
11.224907820989
11.233649367126
11.242400080616
11.251273360615
11.260090962145
11.268894049204
11.277713608497
11.286594013334
11.295281154028
11.303892623660
11.312551033630
11.321094952476
11.329571049105
11.338180591983
11.346888678329
11.355578326214
11.364193117139
11.372815878878
11.381481341921
11.390132539124
11.398716271107
11.407329184853
11.415940206142
11.424535830566
11.433218992120
11.441831833583
11.450498308659
11.459285621823
11.468241493707
11.477064824818
11.580095523764
11.587714951749
11.596059075974
11.604585760354
11.613129738119
11.621706491248
11.630316337223
11.639198989424
11.647948634108
11.656494485410
11.664908124352
11.673313833214
11.681799136646
11.690204851614
11.698622122213
11.706690650139
11.714971685010
11.723294931190
11.731625000958
11.739960851070
11.748306360422
11.756698454654
11.764970112382
11.773390359066
11.781661316937
11.789976677140
11.798459130324
11.806863508854
11.815335299902
11.823826861786
11.832498712432
11.841306829848
11.850171283941
11.859166717647
11.868303028416
11.877368348900
11.886539787066
11.895678964774
11.904972485513
11.913051965578
11.999964112404
12.007101769015
12.015311895152
12.023788895159
12.032193586297
12.040720060551
12.049199719194
12.057684661364
12.066096940532
12.074566176829
12.082985829471
12.091388383027
12.099821945638
12.108121639773
12.116331513560
12.124484822434
12.132592500654
12.140677632482
12.148687012365
12.156709613626
12.164673828860
12.172723882884
12.180907116736
12.189659221776
12.198880147523
12.312760108519
12.321089434623
12.329356995666
12.337430158400
12.345706718235
12.354206285320
12.362693320048
12.371185487083
12.379628911704
12.388077945732
12.396634175433
12.405153220218
12.413637342404
12.422254580156
12.430865619753
12.439484235491
12.447824728989
12.541280257504
12.548268706515
12.556527335581
12.564760158456
12.572975324192
12.581316269449
12.589725690369
12.598273333629
12.606890445218
12.754613179500
12.763025584788
12.771235828849
12.779420464948
12.787818283944
12.796200015199
12.804608547841
12.813022485017
12.821471770781
12.830017553259
12.838595368516
12.847186739482
12.855707188191
12.864272862657
12.872813048020
12.881280654914
12.889749513069
12.898225915607
12.906682192503
12.915183845126
12.923660626985
12.932160737696
12.940665332816
12.949103247331
12.957521018995
12.966059297817
12.975347818191
13.080156292443
13.088758619505
13.096489236454
13.104643059985
13.112624378898
13.120715105652
13.128988370505
13.137265617248
13.145675565560
13.154497502310
13.163514382487
13.172134305622
13.180754031060
13.189704293801
13.198450442842
13.207261069267
13.215802331937
13.224738286102
13.233814578663
13.242915161933
13.252132713162
13.261512487905
13.270976324467
13.280450102798
13.289868766294
13.299274214528
13.308890358318
13.318850594539
13.328812448832
13.338635429342
13.348256175509
13.358147558495
13.367835955757
13.377525221530
13.387148212476
13.412520326603
13.423019332966
13.431906321129
13.441463548991
13.451084245040
13.460443124716
13.469930775742
13.479420833007
13.488711250686
13.498001244209
13.507757767119
13.573717733064
13.581619118993
13.590042334540
13.598299163595
13.606523268908
13.614680131731
13.622739351571
13.630635323284
13.638398752255
13.646080731070
13.653630072803
13.661116841338
13.668517255386
13.675874073351
13.683191615483
13.690505380067
13.697780673258
13.705038265079
13.712325503608
13.719464739985
13.726798941910
13.734393476881
13.741794178702
13.938190320693
13.945592457118
13.953317276411
13.961296934622
13.969430375911
13.977674781901
13.986058598713
13.994436694238
14.002810747296
14.011070217441
14.019371154346
14.027587865889
14.035781915920
14.044008804309
14.052343948019
14.060637974216
14.068947402412
14.077354422447
14.085632206345
14.094113070199
14.102526911138
14.256958866623
14.264623910456
14.272738316326
14.281193360049
14.289729487442
14.298249517152
14.306754880436
14.315299295405
14.323779273312
14.332411708017
14.340984916125
14.349593161001
14.358205213307
14.366809661507
14.375381666717
14.384063965761
14.392678467367
14.401361877655
14.539603130344
14.547139803895
14.555832406877
14.564450862214
14.573110279173
14.581777235689
14.590387907126
14.599083035162
14.607736478679
14.616425325528
14.625248477255
14.635071429261
14.644227082203
14.653247327055
14.662132612992
14.671154081842
14.680176173966
14.712885474609
14.722036788856
14.730894492697
14.739778085181
14.748597174211
14.757750900879
14.908832350818
14.914823286555
14.921962851067
14.929701615119
14.937705528923
14.945719964020
14.953724730553
14.961669253587
14.969675215784
14.977741483339
14.985819575706
14.994165064521
15.779198651959
15.787149352070
15.795289388448
15.803418683951
15.811556554583
15.819643880738
15.827817955942
15.835765156302
15.843751161255
15.851738937740
15.859646925883
15.867645787879
15.875726215033
15.883870418450
15.892218311362
15.898895226335
15.985919130137
15.993167875191
16.001307994047
16.009619272478
16.017916719092
16.026407729822
16.034811781118
16.043151521349
16.051692624695
16.059969483629
16.068583827649
16.077334289810
16.086362401353
16.094304114538
16.245511326010
16.253115885837
16.260180600631
16.268053814516
16.276015850230
16.284088565435
16.292030376734
16.300042501453
16.307980783128
16.315844166419
16.323512506528
16.331119274795
16.338600054352
16.345795597590
16.353001279167
16.360131693349
16.367129999123
16.374132322006
16.380931774505
16.388069647479
16.470746305688
16.478283186152
16.486279949593
16.494565865648
16.502767803939
16.511065916735
16.519414875722
16.527730579064
16.535970582618
16.544100492155
16.552299613992
16.560419615938
16.568486621978
16.576567222631
16.584643845369
16.592581213185
16.745300751938
16.753585221936
16.761792088994
16.769932621844
16.778166171616
16.786306674650
16.794401894449
16.802472875918
16.810516627729
16.818489733321
16.826577156861
16.834542016832
16.842608292533
16.850675448782
16.858682005773
16.866894518523
16.875083333188
16.882610046580
16.950889301656
16.960984415392
16.971342510543
16.980544673506
16.988503384858
16.996258615926
17.004006317103
17.011881492766
17.020011441278
17.028280883277
17.036828441545
17.045376370923
17.054260717559
17.063151212088
17.072504492601
17.082754222233
17.091903745831
17.099640875067
17.107647788182
17.116533613093
17.125486355335
17.134548584020
17.143680306503
17.152979917889
17.162278839106
17.171643216324
17.181113548620
17.190583395416
17.200000422025
17.209354971591
17.323614853110
17.332638784241
17.341458146904
17.350274585610
17.359157832861
17.367904354317
17.376586993260
17.385261407763
17.393750158650
17.402171222857
17.410593333960
17.418864330816
17.427185849625
17.435321986801
17.443342658417
17.451265738970
17.459077861686
17.466790525983
17.474392671210
17.481904204886
17.489331914166
17.496715405218
17.504092470698
17.511461846517
17.518853240002
17.525853748794
17.667166986263
17.676254446992
17.685139309847
17.693957824134
17.702778266664
17.711593062436
17.720274732283
17.728876104202
17.737419792625
17.745928355388
17.754464442073
17.763132807900
17.771801360787
17.780540847067
17.789139895688
17.797671103410
17.806191114103
17.814658568624
17.823019208147
17.831487869638
17.839981667180
17.848428204528
17.856840004786
18.010137687268
18.019181098300
18.028420493496
18.037697981322
18.047000604935
18.056321658330
18.065825739645
18.075413146619
18.085123938136
18.094834911298
18.104576344296
18.114325929039
18.124120726497
18.133896591669
18.143883989649
18.153976243015
18.163937035548
18.173828271169
18.183786195005
18.691194213501
18.699038684890
18.707249068127
18.715393063372
18.723447121642
18.731500607062
18.739515257350
18.747450345382
18.755455286055
18.763449624803
18.771544597140
18.779713704367
18.787989809267
18.796474343831
18.804958434919
18.813301270173
18.821374523458
18.829317240464
18.837122747768
18.845053366748
18.852799744041
18.860463946753
18.868067771808
18.875675690530
18.883149581230
18.890572644949
18.897917650902
18.905183671098
18.912518467252
18.919794391172
18.926991242219
18.934172834257
18.941369112398
18.948625434656
18.956014631872
18.963361754662
18.970893661064
18.978301088862
18.985651195258
18.992984301725
19.000236882310
19.007550880783
19.014934284410
19.022247249133
19.029510225969
19.036788899585
19.044182321275
19.051736276506
19.059209336132
19.066628049733
19.074041553081
19.081496360211
19.088903722947
19.096236180513
19.103591319572
19.110908874863
19.118289965716
19.125765712361
19.133639831671
19.141510612070
19.149046286881
19.156116442995
19.163517376870
19.170589795628
19.178250548148
19.185715887847
19.193302074697
19.200929564237
19.208544191760
19.216189880230
19.223949665974
19.231723213993
19.239616570421
19.247503461161
19.255574467529
19.263580263337
19.271456840374
19.279393972023
19.287133000847
19.294934653686
19.302674351652
19.310541104376
19.318282222545
19.326149137193
19.334018737663
19.341829032738
19.349629518882
19.357439915730
19.365111203213
19.372775427818
19.380643391122
19.388187528895
19.395848384188
19.403591056069
19.411206887746
19.418866308188
19.426463240571
19.434125641170
19.441807986023
19.449343722758
19.457007709201
19.464702106486
19.472567373030
19.480449499460
19.488514888065
19.496455418811
19.505070913451
19.512669977227
19.521425071805
19.529908350792
19.539048947988
19.547860099925
19.556811038565
19.564953330048
19.574178648940
19.581785610229
19.589522780142
19.597599070961
19.605742436005
19.613995298842
19.622189501829
19.630461534517
19.638655177506
19.646874035038
19.655145216106
19.663322198874
19.671453524042
19.679596127482
19.687724291062
19.695786876463
19.704032080793
19.712381884898
19.720252381079
19.728122591708
19.735653441671
19.814885181228
19.823231010804
19.831916218737
19.840530073517
19.849481034933
19.858436601820
19.867456358432
19.876411156644
19.885363798171
19.894316027848
19.903071019895
19.911693814643
19.920240491802
19.928889027163
19.937365920203
19.945863179210
19.954487855723
19.963002522108
19.971692303501
19.980442347804
19.989026706222
19.997639545751

