Time_s
0.634185468935
0.643691885130
0.652976238469
0.662369158595
0.671669400577
0.680876815473
0.690027100537
0.699075395220
0.708081637085
0.717036857074
0.725956616016
0.734853129761
0.743771630569
0.752730504857
0.761710457469
0.770739042494
0.779873933047
0.945222235102
0.951166080772
0.957218621727
0.963122552983
0.968978705040
0.974744161529
0.980365075644
0.985771805262
0.991117829461
0.996497727227
1.002086801761
1.007280651855
1.012015455133
1.017126427388
1.022234625910
1.027312782788
1.032277692597
1.037269352023
1.042216936443
1.047233693430
1.052071527463
1.056996346247
1.061942175369
1.066905038615
1.071828909399
1.076820715319
1.081829057389
1.255982685151
1.261582187520
1.267686655100
1.273659565055
1.279942324785
1.286094476439
1.292367610039
1.298713965713
1.305102771003
1.311686810725
1.318307488876
1.325054831509
1.331928372584
1.338863452802
1.346173130586
1.353955101651
1.533978951797
1.541950454624
1.550465300765
1.558990437533
1.567659067855
1.576776677874
1.585786998243
1.594907902299
1.604253480295
1.624572836328
1.635245681222
1.646235216378
1.657263671105
1.668334529495
1.679257234884
1.690354162149
1.701501840900
1.712098669006
1.722188709408
1.731872856961
1.740354196049
1.749244339929
1.757018067708
1.764922346065
1.771978947859
1.779024150189
1.785667217540
1.792290589550
1.798570806985
1.804471807621
1.810298418863
1.816046097167
1.821496804033
1.826920630408
1.832489273675
1.837833878433
1.843074970668
1.847851852835
1.852724262024
1.858002572174
1.863115016861
1.868154679973
1.873502469481
1.879266142569
1.884673536410
2.347405509321
2.357071861198
2.366649487384
2.381911871694
2.389342340975
2.397236163322
2.404702656839
2.412077634063
2.419278926783
2.426331892432
2.433251520829
2.440025725675
2.446666480040
2.453137039971
2.459475020293
2.465729977917
2.471682979765
2.477792257925
2.483778807955
2.489755236774
2.495407907843
2.501181731293
2.506758762264
2.512416089214
2.518082546156
2.523866257457
2.651403519455
2.656907230459
2.662507087268
2.668157158128
2.673897408653
2.679703133846
2.685608234388
2.691665244708
2.697848436841
2.704119189510
2.710524261726
2.724226619562
2.731230065629
2.738163266399
2.745232227239
2.752194513180
2.759162966460
2.766203185855
2.774159837971
2.781906869015
2.791033970790
2.798772667464
2.854449362887
2.861371138500
2.868974128605
2.876214423650
2.883495093622
2.890786296843
2.898093083696
2.905432050894
2.912801478773
2.920204444448
2.927679426380
2.935126307042
2.942679029703
2.950244894271
2.957836026642
2.965459549923
2.973076499974
2.980697339787
2.988317645541
2.996060480622
3.003864528932
3.011756831463
3.019677031410
3.027746062519
3.035879668323
3.044146400339
3.052481242550
3.060903921972
3.069680017476
3.078662788028
3.088042331651
3.097307639111
3.106936254774
3.116291167271
3.124864143446
3.133423066614
3.141600876914
3.149670671036
3.157564376073
3.165281569826
3.173008558039
3.180686483606
3.188388020190
3.196082058168
3.203779464497
3.211468652545
3.219183844247
3.226915183545
3.234691400072
3.242508421219
3.250402733881
3.258398904479
3.266469336489
3.274691448122
3.283137094806
3.291441720039
3.456848441519
3.464782286540
3.472250122641
3.479885892714
3.487494620524
3.495097937900
3.502642877096
3.510199697027
3.517769890069
3.525352864254
3.532952464304
3.540555967802
3.548155091765
3.555778133649
3.563429855916
3.571199644574
3.579051501373
3.587215756832
3.595462772616
3.603882986412
3.612606929533
3.620426099068
3.629346964739
3.638408866659
3.647369001356
3.655531039818
3.663973184080
3.672604795117
3.681364484945
3.690164513482
3.699071824992
3.708073519917
3.819680063754
3.826813515174
3.834474516947
3.842095230006
3.850837760144
3.859674488109
3.868700147911
3.877712651093
3.886702243355
3.895743652727
3.904778000759
3.913761094735
3.922728591939
3.931603714731
3.940597935956
3.949524269902
3.958527660004
3.967808756702
3.976717584413
3.985761468118
3.994925512885
4.087472150420
4.096498650323
4.105191351848
4.114462551910
4.123665369523
4.133100985952
4.142544657908
4.152090372881
4.161370566093
4.170726171096
4.180107971844
4.189470238907
4.198785984800
4.208044518517
4.217408628376
4.226718918286
4.236140584973
4.245192640432
4.254569667172
4.264189730332
4.274354764164
4.283856965689
4.293512564117
4.447149169510
4.455662917436
4.463999065285
4.472537246715
4.481267993900
4.490261471270
4.499542263429
4.508936942630
4.518715089176
4.528869988914
4.539397014770
4.551005347303
4.562723265884
4.574314516402
4.624586564491
4.626706005687
4.629038851329
4.631332098196
4.633474386776
4.635842227157
4.637814065169
4.640099731949
4.642510736862
4.645357288130
4.647684272908
4.649812136632
4.651980221427
4.654148673155
4.656192204590
4.658356007582
4.660573098297
4.662478919104
4.664787630680
4.667332617783
5.361619691001
5.367591544021
5.372963005139
5.378322744572
5.383598127191
5.388781759547
5.393909192087
5.398951613820
5.403946926753
5.408960316994
5.413942090324
5.418935935121
5.424068173857
5.429131340602
5.434094076180
5.438624738615
5.443776156710
5.913441401228
5.920779664086
5.928116140081
5.935494679408
5.942937136854
5.950280704021
5.957570675089
5.964837262724
5.972103548369
5.979339010136
5.986588049124
5.993933200424
6.001281517200
6.008589172630
6.015893308942
6.023156348467
6.030433766673
6.037700549421
6.044916963565
6.052130370809
6.059308996236
6.066433347903
6.073461435583
6.080487219659
6.087429938033
6.094321474481
6.101167720770
6.107925247138
6.114599799592
6.121183682026
6.127710129553
6.134153801699
6.140593615268
6.147028431369
6.153328283955
6.159586571323
6.165819296954
6.171989077455
6.178038543812
6.184068276552
6.190023701286
6.195876354221
6.201813400657
6.207621726585
6.213635483129
6.219476061518
6.225531214153
6.231570991033
6.237656269318
6.243665258079
6.249665842734
6.255754517358
6.261899227934
6.268054742101
6.274576692054
6.280723764589
6.485556695569
6.495377180432
6.504630048249
6.514233685170
6.523940318577
6.534099381841
6.544258356440
6.553869871905
6.563674584371
6.573314930832
6.749814624150
6.756555451981
6.764760993076
6.772717841887
6.780748630251
6.788813905502
6.796841027007
6.804801249942
6.812731123764
6.820630834429
6.828600319741
6.836704634718
6.845045920489
6.853086914490
6.861262171797
6.869585962914
6.877661850372
7.322209919521
7.331430450034
7.340375014366
7.349332873712
7.357760730515
7.366465141506
7.375323001602
7.384241103971
7.393137799276
7.402024297556
7.410975594001
7.419946548616
7.428914376059
7.437857959595
7.446871375550
7.456035700116
7.465289984814
7.474499238839
7.483881623398
7.494107190206
7.504348829976
7.514258957076
7.523897841411
7.533013588887
7.616397100332
7.624267779555
7.632768544764
7.643031543203
7.652375828468
7.662653342444
7.672823116417
7.683146178416
7.693789243801
7.704602367984
7.715449607067
7.726096060928
7.736955129954
7.747814580821
7.758450324676
7.768830192954
7.794080290088
7.802332397529
7.810633839939
7.817544414138
7.824356384655
7.831088140234
7.837580434231
7.843693354625
7.849519928214
7.854859967297
7.859962190109
7.865272893351
7.870402121769
7.875276041694
7.880113692819
7.885088219058
7.890010584606
7.894813909518
7.899090238307
7.903449127671
7.907710472380
8.581382189904
8.590551967569
8.599456405879
8.608511150471
8.617718295122
8.670007517090
8.677973314147
8.686003153999
8.693833967061
8.701473752051
8.708935323545
8.716172834986
8.723409902296
8.730451965651
8.737443518442
8.744367699940
8.751057465346
8.757764090642
8.764277147390
8.770831876441
8.777243417040
8.783619017077
8.790009839411
8.796348386262
8.802638048858
8.808943112762
8.815246891156
8.821579721593
8.827943581843
8.834363959587
8.840937923565
8.847717725037
8.854671449222
8.861538859754
8.868361822375
8.874892338359
8.881682505566
8.888425076087
8.894989851297
8.901344226180
9.174091124266
9.180658868622
9.187493326065
9.194181144042
9.200746709217
9.207413059133
9.214116606860
9.220865946810
9.250415264900
9.256253708346
9.262344103998
9.268622100170
9.275596012905
9.282310475686
9.731207153702
9.739856139902
9.748180621811
9.756395134407
9.764759017747
9.773227985107
9.781724363743
9.790306671405
9.798924932826
9.807595949779
9.816331835686
9.825083394320
9.833929903217
9.842688038094
9.851497658010
9.860328940149
9.869076389492
9.877832883479
9.886536958570
9.895216800201
9.903789351012
9.912376821726
9.920860619392
9.929415395217
9.938032365087
9.946673691229
9.955640377348
9.964556282804
9.973170729420
9.982359014293
9.991024086630
10.000022431770
10.008561047305
10.017830597901
10.188228381759
10.198390421463
10.208224100163
10.218714166693
10.229833347293
10.241210915080
10.383410192463
10.392031232372
10.400912795151
10.409542013468
10.418075674992
10.426440800710
10.434846103111
10.443190725986
10.451583035211
10.460011368302
10.468552465643
10.477172793557
10.485953768712
10.494874491648
10.503954281305
10.521712965992
10.530490313773
10.539182927668
10.664322760302
10.675483367464
10.686484127248
10.697950066865
10.706685760330
10.794418147209
10.803521894211
10.811419980288
10.819877310034
10.827052648309
10.834069260118
10.840535579367
10.854141804773
10.859830701064
10.865901719724
10.871439457123
10.876912203083
10.882984594851
10.888262403747
10.893806937674
10.899753154535
10.905332423519
10.910935838844
10.916827944526
10.922665850468
10.928260998955
10.933340426826
10.938901515659
10.944871929307
10.950629213531
11.345626754795
11.356903765520
11.366889241187
11.377301842115
11.387919363118
11.398262232781
11.408534892361
11.418633383427
11.428752066847
11.438692954074
11.448468578000
11.458108010405
11.467571082995
11.476797340881
11.485821427484
11.494676774440
11.502665474943
11.511116841655
11.519435354347
11.527618583917
11.535736512822
11.543770581781
11.551574367445
11.559126893273
11.566711938496
11.574183276720
11.581530242261
11.588875247632
11.596054278031
11.603272066876
11.610697660165
11.618347499552
11.625767360583
11.633285727610
11.640905818519
11.648562937735
11.656098368599
11.663654321530
11.671247330590
11.678823771739
11.686525576952
11.694380066470
11.702439368494
11.710312095979
11.718945016612
11.989931253232
11.997544751812
12.005362144148
12.013065147215
12.020634563726
12.028136372158
12.035627730607
12.043104603292
12.050602772015
12.058092875416
12.065628133010
12.073184656539
12.080785528339
12.088486103269
12.096292103312
12.104198255678
12.112177107202
12.120516373118
12.128832569747
12.137754699483
12.146823206834
12.369371989621
12.379981409601
12.390614589680
12.400950521433
12.410926111083
12.420781273509
12.430588754743
12.440356333043
12.450078284113
12.459924708354
12.469967656790
12.479890562086
12.489754773789
12.537459708300
12.545207439914
12.552153672835
12.559348141444
12.565991705658
12.572796831311
12.578442333416
12.603587375610
12.611765766052
12.621621884803
12.630009039603
12.640218108152
12.769385543442
12.778841338373
12.789126225494
12.799327357008
12.809783047275
12.820118056731
12.830319566701
12.839834006510
12.848315952364
12.857025654374
12.866221024635
12.875426013014
12.884569006012
12.893712053421
12.902823346556
12.911968700984
12.921253329765
12.930492744968
12.939849601162
12.949292450632
12.958974595748
12.969330492814
12.980138561049
12.991603255136
13.003371439887
13.015234249184
13.025639197859
13.759191333879
13.769268977263
13.779615307770
13.789678320147
13.799084520614
13.807723070854
13.816290242902
13.824597413227
13.832714296501
13.840633584454
13.848204601275
13.855635638259
13.862990663904
13.870154371843
13.876952673644
13.883183070564
13.889453968693
13.895230759777
13.901045549038
13.906646086879
13.912239232402
13.917795246743
13.923437294142
13.929089207671
13.934675872402
13.940321462228
13.945990647553
13.951758632677
14.038006036148
14.043834870866
14.049737915238
14.055751560432
14.062046850895
14.068491296210
14.075086697798
14.081959525018
14.089186384152
14.096639142949
14.104375445189
14.112425779624
14.120890161466
14.129084078303
14.137527103482
14.145967325207
14.154579461922
14.163066737245
14.171581930001
14.179961219785
14.188283010744
14.196450298687
14.204689213891
14.212902408665
14.221087604434
14.229347174273
14.237565719761
14.245837681885
14.253975577738
14.262130036289
14.270190710230
14.278201447168
14.286026872167
14.293696341198
14.301203312608
14.308684178257
14.316530548421
14.324109987902
14.331427975579
14.555784355536
14.566303088650
14.575050448018
14.584911983321
14.592993716008
14.602078583286
14.610592695837
14.619008158598
14.627194640622
14.635020548042
14.641975134039
14.649649918040
14.668817897022
14.681754181920
14.694500134029
14.706898664449
14.719634545622
14.731954606604
14.744307078197
14.756597985185
14.769207781249
14.914646948180
14.922444282423
14.930173716771
14.938275911570
14.946369411580
14.954483738168
14.962710395783
14.971043666042
14.979396583801
14.987840566311
14.995885242798
15.444994343483
15.455762505674
15.465977290799
15.476113833480
15.485777739576
15.516284685233
15.523132954527
15.529437663711
15.536009618391
15.541587519325
15.547514864115
15.558482585011
15.789361091709
15.796978566997
15.804681609587
15.813063870458
15.822571560068
15.831651739624
15.841493280750
15.851583086825
15.861525475976
15.871251648277
15.880773822431
15.889837159809
15.898925867458
15.908218785859
15.917486609749
15.926881707005
15.936991198761
15.946939965574
15.957047490166
15.967263611328
15.976908433981
15.986652366493
15.995636921330
16.005615664540
16.014823956969
16.023101922532
16.054641404019
16.057827613819
16.060362991399
16.062668814621
16.065467694438
16.071241475130
16.073707482993
16.076191707127
16.078427711378
16.081202634441
16.084039218818
16.087140494128
16.089775369303
16.092008658804
16.129668505895
16.141953024852
16.154280101801
16.166771093275
16.179243061517
16.192110715485
16.205454949030
16.487058504346
16.495495469080
16.502836823868
16.510451748098
16.518206285504
16.734077999083
16.737816352926
16.741458582460
16.745037132085
16.748758847162
16.752504060665
16.756385295010
16.760030785245
16.763587654772
16.992565706565
16.999044998630
17.006729217907
17.012847320822
17.019137258633
17.025415912879
17.031421087827
17.038211698750
17.044434227272
17.121438391243
17.133299514532
17.145031864361
17.156604780344
17.163296810055
17.165902667232
17.168645370785
17.170695034781
17.172866883734
17.174952569303
17.179344304809
17.181205627328
17.183157071014
17.185571869417
17.187708039718
17.190230794516
17.192290198101
17.194591425762
17.196733911525
17.199216551095
17.201648135160
17.204486784270
17.210733130246
17.213493764111
17.216061061909
17.218352550082
17.220615074057
17.223179459571
17.225645002646
17.228710502970
17.231081970460
17.233552088052
18.130179425765
18.143131281478
18.152837136792
18.159387627012
18.165422666067
18.171313564468
18.177152863544
18.183072589508
18.189654311076
18.195869308476
18.202002438582
18.207954376758
18.213385471568
18.219283154818
18.225149402085
18.282425774094
18.287472139868
18.293782602874
18.300046645160
18.306670244573
18.313024961295
18.319708196630
18.326738184822
18.333638949978
18.340774471483
18.347995910953
18.355175992623
18.362421406327
18.369768511119
18.377137722626
18.384676610359
18.392267407274
18.399933890583
18.407516568587
18.415669190909
18.423918758740
18.432458195424
18.440988657057
18.715724990367
18.721578544296
18.727001128095
18.732288443241
18.737517774861
18.742616547293
18.747424333152
18.752383068278
18.757298706342
18.762045105498
18.766610506537
18.770762522214
18.775407873502
18.779406196428
18.783527131168
18.787759156109
18.792078512894
18.796318692769
18.801083164398
18.804750326616
18.808817260742
18.813679146473
18.818095762522
18.822343111947
18.893939569649
18.899480390460
18.905576321287
18.911864173703
18.918152162989
18.924998858822
18.931238871527
18.937625597139
18.944032686225
18.950740201174
18.957539471646
18.964258444378
18.971059731047
18.977887961832
18.984819119005
18.991677146632
18.998512983424
19.005545706369
19.012667120218
19.019797961977
19.027083605107
19.034513787687
19.042090705066
19.050490193584
19.058347616560
19.066578533866
19.217879923325
19.225282767305
19.232475046795
19.239959369598
19.247146952091
19.254860101419
19.262185944878
19.270280015149
19.277746644259
19.286198213052
19.294182692171
19.302537848571
19.310881935775
19.319557260539
19.328214987649
19.337137448999
19.346223693709
19.355225466802
19.364270373139
19.373557892884
19.382721268560
19.391690356835
19.400944783469
19.410016993033
19.419235372130
19.428218927632
19.437003648659
19.446394115144
19.455459452219
19.464675865002
19.474028634576
19.631783809921
19.641561895820
19.650734594883
19.660358048014
19.670194459164
19.679943310658
19.689980486596
19.700366994072
19.710774524987
19.749496868124
19.759129397754
19.769167971604
19.778959962049
19.789255828054
19.799698566227
19.810104535254
19.820233168933
19.829826882263

