Time_s
1.005362808717
1.009594696647
1.013250217389
1.017043469355
1.020957724462
1.024781703654
1.028706425489
1.032732201272
1.036563592757
1.040372502384
1.044110923799
1.047856870376
1.051631225780
1.055393713870
1.059180620062
1.063004988691
1.066814146199
1.070633452276
1.074501567130
1.078441986766
1.082451883775
1.086560597080
1.090647030106
1.094685145720
1.098650869357
1.102718693630
1.106547373083
1.110434294543
1.114235171369
1.118209561554
1.122300695516
1.126647321494
1.130993910690
1.134779897782
1.165758526844
1.169675683018
1.173590322219
1.177498730634
1.181228335630
1.185011629594
1.188437359921
1.192549746607
1.196027580621
1.269795194074
1.273698533706
1.277749942090
1.281853919185
1.285861572507
1.289904651430
1.294041999332
1.298241698588
1.302542695817
1.306940645184
1.311412451415
1.315898117180
1.320360799298
1.324823839256
1.329284475814
1.333802170896
1.338349574290
1.342905397688
1.347466754561
1.352024568374
1.356606003714
1.361189142168
1.365747607001
1.370526058240
1.375224083080
1.380169738301
1.385054214545
1.390018919312
1.395089563960
1.400233276212
1.405242997936
1.410147873603
1.415027302780
1.420305266452
1.426387119780
1.432649397402
1.439096343822
1.445113958846
1.450980783774
1.598501105199
1.602431314269
1.606429640958
1.610682686716
1.615299174652
1.620107715487
1.624863901036
1.630148319385
1.635460185027
1.640748404546
1.646033506987
1.651285315303
1.656620429966
1.661948915239
1.667339836714
1.672748051299
1.678238823089
1.683755463963
1.689277088278
1.694850757363
1.700554636477
1.706353267537
1.712128105101
1.717986999915
1.723798219482
1.729917525195
1.736316523701
1.742636957516
1.749138225608
1.755751240918
1.762430801759
1.769307202722
1.776045972021
1.782834644056
1.789356563737
1.796017171068
1.802681803818
1.809362549241
1.816184570109
1.822913744214
1.829799295241
1.836674718363
1.843617689986
1.850649321692
1.857825452465
1.865020119528
1.872218303812
1.879379698242
1.886519031765
1.893658368374
1.900688747644
1.907498939477
1.914361616372
1.921032600176
1.927685474924
1.934292515254
1.940885908983
1.947416935752
1.954224441174
1.961063003696
1.967660114997
1.977421568447
2.453915605835
2.458448460059
2.463065120555
2.467733414824
2.472391195398
2.477096190051
2.481825516305
2.486621304384
2.491459544213
2.496300008765
2.501257592481
2.506302629309
2.511611680131
2.517032494322
2.522216706004
2.527214677895
2.532156783761
2.667332087150
2.671022239513
2.675359335259
2.679407063487
2.684104659013
2.688851300667
2.693486909243
2.698141355085
2.702881842835
2.707726897763
2.712582182377
2.717519289350
2.722534255974
2.727637865280
2.732769172715
2.737951955405
2.743235204851
2.748624312526
2.754301608881
2.760029235366
2.765970796769
2.771926023934
2.778850498183
2.784241087463
2.790060439891
2.795569816320
2.801237755668
2.806627744891
2.877838174357
2.881558675411
2.885390027703
2.889611373601
2.893942117604
2.898418574343
2.903590850631
2.908936828423
2.914550993144
2.920518171081
2.925925413625
2.931314666361
2.936948939196
2.942361160291
2.949145895309
2.955174972060
2.960569046958
2.985011589854
2.990461260826
2.994283729218
2.998942529811
3.003277480200
3.007752819770
3.012529324148
3.017784018742
3.023023631148
3.028346280309
3.033624186150
3.038945519789
3.044252325844
3.049606174385
3.055006011480
3.060349536738
3.065674492248
3.071057957407
3.076405302940
3.081716231564
3.087132724917
3.092453839832
3.097784867710
3.103187547703
3.108569569692
3.114027891316
3.119470235408
3.124981894260
3.130503419846
3.136022186020
3.141573559842
3.147159995630
3.152756933893
3.158433194916
3.164210053200
3.170167766359
3.176188697701
3.182471289098
3.188266236988
3.194112625009
3.200090200084
3.205604079167
3.211862786411
3.218446557216
3.232080977902
3.236619198705
3.242186676482
3.247832944517
3.253516536261
3.259280959720
3.265074104003
3.270959188574
3.276950113379
3.283119382003
3.289342623115
3.295442993116
3.301279690768
3.307127151432
3.313250450962
3.319243746136
3.324972659701
3.466734785638
3.470945315024
3.475535078460
3.480171297955
3.485214758471
3.490597521250
3.495768037378
3.501064615970
3.506371705288
3.511765796694
3.517249834679
3.522829629309
3.528420022210
3.534053928111
3.539713665217
3.545436737381
3.551083561409
3.556832595515
3.562519074123
3.568249087415
3.573960615960
3.579667835213
3.585327398176
3.591021926770
3.596722432966
3.602483498757
3.608339094813
3.614319785179
3.620429251563
3.626638988501
3.632591378772
3.638838660970
3.644916797425
3.651008070236
3.751436559488
3.755683171311
3.760280707788
3.765475925662
3.770967849343
3.776698430840
3.782427451035
3.788229914229
3.794109577198
3.800041165537
3.806142602653
3.812302453836
3.818530062601
3.824783797795
3.831929510930
3.929148672114
3.935759987728
3.941849261912
3.947920084333
3.954041880429
3.960184619618
3.966303616511
3.972490458851
3.978711095713
3.984983374224
3.991325979292
3.997711431639
4.004161671556
4.010693763424
4.017289412779
4.023945500300
4.030679082364
4.037477443337
4.044405459875
4.051300644122
4.057751041963
4.064506338760
4.071028782321
4.077600942037
4.084549519282
4.090787057713
4.097242956443
4.103725469124
4.110362288764
4.116817047233
4.123347772572
4.155132801809
4.159472730413
4.165289150069
4.169910408766
4.174528474637
4.179438716813
4.184756739226
4.190270684559
4.196091757859
4.202067085206
4.208046772387
4.214045911141
4.220095347707
4.226314596786
4.232551993582
4.238817048264
4.245274900027
4.251659049902
4.258131526809
4.264632592430
4.271130893279
4.277637657251
4.284126941643
4.290630996730
4.297135281424
4.303707946005
4.310275589066
4.316855447526
4.323502970321
4.330219424693
4.336957241480
4.343794993514
4.350352798831
4.356995137219
4.363696238205
4.370349526548
4.376802479819
4.383646612124
4.390323033387
4.397068163981
4.404015859352
4.410398390583
4.417356576139
4.424277376311
4.430968846206
4.588351658173
4.593598778088
4.598535589357
4.603796348352
4.609316769831
4.615105536375
4.621065330061
4.627104652295
4.633166791634
4.639277526529
4.645428961163
4.651601366131
4.657816856456
4.664128119175
4.670478658455
4.676930135215
4.683382172573
4.689918089885
4.696485073863
4.703128787243
4.709796384121
4.716509641619
4.723243956733
4.729983287575
4.736724509196
4.743452181685
4.750247054336
4.757040107788
4.763920818700
4.770790540284
4.777766002592
4.784626980322
4.791579271873
4.798390152408
4.805194773028
4.811801123527
4.818785405367
4.825760529579
5.459974460991
5.465213539622
5.468835112917
5.472937337745
5.477318385647
5.481924214767
5.486782627988
5.492038067149
5.496991710566
5.502682791907
5.508372834960
5.513126877735
5.517485637908
5.522466612768
5.527519261684
5.532436593645
5.537165800400
5.541099653235
5.546056456294
5.551007118271
5.796433124431
5.800501844346
5.804935614634
5.809450795892
5.814650730053
5.819996523618
5.825426670284
5.830831404645
5.836308720825
5.841721375434
5.847251100574
5.852668678979
5.858047518796
5.863526051949
5.868915404712
5.874381243855
5.879868354465
5.885351739883
5.890950842772
5.896564407167
5.902298209035
5.908106299516
5.914040369583
5.920760308153
5.926698523852
5.932589209131
5.938747117201
5.944547317348
5.950057789789
6.035555550652
6.040588479846
6.045764543677
6.050969805784
6.056378425555
6.061949714496
6.067685604493
6.073759102477
6.079838348105
6.085898175735
6.092331049294
6.098555688370
6.104472942293
6.110196608163
6.115512548200
6.267339594533
6.271390151877
6.275781280281
6.280445761610
6.285809387628
6.291354599531
6.297011865494
6.302776232784
6.308561363648
6.314391581834
6.320293564716
6.326272400351
6.332365750431
6.338486339720
6.344635458930
6.350752654212
6.356812918423
6.363020959961
6.368742888935
6.374900279598
6.507631624861
6.512957833526
6.518502234600
6.524003715302
6.530404268405
6.536528451673
6.542635555275
6.548708114465
6.554661587898
6.560733378956
6.566810462820
6.572923897868
6.579033161916
6.585083544619
6.591219690186
6.597380387937
6.603585202282
6.609803710831
6.616055473589
6.622273546566
6.628550278203
6.634785835544
6.641094036882
6.647302192522
6.653635275337
6.659955784711
6.666355823707
6.672944001089
6.679695073964
6.744245614093
6.750408396213
6.756743252254
6.762673519665
6.768565678985
6.826610374028
6.830884837064
6.834991657172
6.839349735788
6.843772891575
6.848571765728
6.853627151897
6.858370381026
6.863092470513
6.868042387426
6.872931886805
6.877964607690
6.882807070407
6.887735374715
6.892654585127
6.897575606442
6.902478033506
6.907361909385
6.912240206660
6.917141272714
6.921998179185
6.926871503452
6.931706081778
6.936485131096
6.941283289188
6.946073419892
6.950861530465
6.955636851557
6.960377760797
6.965128211773
6.969873757155
6.974673261422
6.979469689219
6.984241690253
6.989046764287
6.993794933330
6.998605853331
7.003433447428
7.008177200080
7.013011806749
7.017802788834
7.022610524382
7.027373948947
7.031996969734
7.036794222662
7.041657296239
7.046410904811
7.051286202935
7.056153400767
7.061038108893
7.065972508482
7.070982597856
7.076086187519
7.081169953909
7.086020897193
7.090911791428
7.095654335787
7.100727863004
7.548110987071
7.552725727852
7.557667414190
7.562726746776
7.568096696037
7.573495737096
7.578952931765
7.584610141812
7.590356481552
7.596109070234
7.601896956711
7.607707038443
7.613513477629
7.619300703296
7.625112010053
7.630910915697
7.636711233120
7.642515342385
7.648333518991
7.654163130627
7.660000179734
7.665812649350
7.671620670086
7.677418635793
7.683215499858
7.689017222870
7.694828109378
7.700657205777
7.706490969703
7.712323181319
7.718159830861
7.724013964659
7.730047344941
7.736152867769
7.742226076971
7.748441565827
7.754518911506
7.760463742928
7.766447629835
7.772272530785
7.778214525614
7.784110204441
7.995460707721
8.001156551979
8.005965654352
8.010886530991
8.016262736208
8.022064333091
8.028032955823
8.034104635570
8.040347176778
8.046522236214
8.052719921592
8.058853952046
8.064718775496
8.070457140585
8.077349200428
8.276443720522
8.280425083185
8.284383044792
8.288921644747
8.293658291982
8.299135321521
8.304915259361
8.310808829897
8.316740457381
8.322705887566
8.328726443107
8.334801377716
8.340950871445
8.347135297004
8.353321241439
8.359562391560
8.365855765346
8.372070623641
8.378193120584
8.384338470572
8.390449437576
8.396533226119
8.402603791954
8.408655643398
8.414688101350
8.420712715263
8.426717420805
8.432694193812
8.438647140278
8.444584527129
8.450459750363
8.456264057540
8.462002605185
8.467748716809
8.473440903700
8.479075306530
8.484718643087
8.490341663328
8.496008405491
8.501758463839
8.507555893443
8.513288310792
8.518992909885
8.524586925615
8.530221688445
8.536111923028
8.541573966367
8.547318873527
8.553134079002
8.650538906259
8.654793068721
8.658473999015
8.662678194402
8.667035527844
8.671325177353
8.676957138481
8.681550983487
8.686304184909
8.691166390347
8.696238144417
8.701664772384
8.707070161014
8.712768063523
8.718795507539
8.730624221492
8.736915702323
8.743756984151
8.749118313770
8.877046187475
8.880737472041
8.885159155721
8.889797265063
8.895041790680
8.900314953335
8.905549088206
8.910931182384
8.916523430197
8.922388071697
8.928494098659
8.934639656580
8.940709580473
8.946757917952
8.952915961388
8.958886921512
8.965014593426
8.971150604596
8.977287632064
8.983407802679
8.989537834803
8.995675518608
9.001823557706
9.008036631755
9.014267576519
9.020575431757
9.026703209211
9.032588628429
9.038946274083
9.045040697099
9.207351248495
9.211174575535
9.214885640498
9.219317948244
9.224266443230
9.229445467364
9.235127375089
9.240801341444
9.246486890586
9.252194671949
9.258069617536
9.263857997269
9.269674479551
9.275599216676
9.281564483532
9.287446084173
9.293305790293
9.299202276075
9.304978369244
9.310767334362
9.316348573067
9.321827880516
9.327379866624
9.332664399093
9.337897797701
9.342973928924
9.348186991690
9.353270861272
9.358402709689
9.363352643216
9.368313020170
9.373301245920
9.378353583401
9.383154745434
9.387960299733
9.392792124649
9.397470441553
9.402358176030
9.407164063881
9.412180524379
9.416987450429
9.421953168843
9.426890852664
9.431988793301
9.437023944655
9.442000121075
9.447156772886
9.451942196099
10.046369280679
10.050007984918
10.053769815118
10.057793811625
10.063061418063
10.067654902897
10.072786498447
10.077531517060
10.082510509358
10.087457187720
10.092505305976
10.097466929113
10.102441763450
10.107488949069
10.112773992744
10.118187366481
10.123527283709
10.128908526251
10.134285807390
10.139617945010
10.144913373756
10.150220999315
10.155523432496
10.160810787769
10.166159438538
10.171633017381
10.176930992073
10.182232874894
10.187567906729
10.192941313776
10.198340349819
10.203782722214
10.209194790158
10.214731049323
10.220144757897
10.225503486007
10.230904852424
10.236261392656
10.241666695185
10.247067062283
10.252416034636
10.257853111141
10.263250186549
10.268609451228
10.274001828215
10.279402954977
10.284799124089
10.290208903543
10.295584422155
10.301013010035
10.306394487275
10.311638719995
10.317050161415
10.322446872124
10.327719339326
10.332978156209
10.338187368935
10.343376472547
10.348537393855
10.353681364092
10.358799327559
10.363886987390
10.368974527674
10.374007861043
10.379024523604
10.384031449370
10.389004905281
10.393950512523
10.398905174037
10.403775996435
10.408647039535
10.413495087621
10.418373197279
10.423294655224
10.428166202135
10.433021327492
10.437894350501
10.442779137843
10.448064814406
10.453149352275
10.458289309866
10.463186224567
10.468202866506
10.473219168578
10.478270588525
10.483741370992
10.490188553317
10.496181518654
10.502094746929
10.507965731019
10.513641627327
10.519518286690
10.525734127448
10.532020322766
10.537830211030
10.543779562830
10.549598333871
10.554040173702
10.557932536785
10.562669436762
10.567845615046
10.573419038820
10.578792858220
10.584395628504
10.589954886681
10.595522360133
10.601163297238
10.606729641146
10.612318582179
10.617952566817
10.623606469538
10.629209504465
10.634769856419
10.640325282318
10.645845819510
10.651260778874
10.656634463489
10.661904930667
10.667062280164
10.672215936705
10.677366061495
10.682599998516
10.687510659229
10.692666784093
10.697776459278
10.702804516666
10.707466015313
10.712091542878
10.716696083015
10.720949251257
10.725540258242
10.729998349211
10.734410319970
10.738755823729
10.743113460217
10.747683874466
10.752028549311
10.756338336142
10.760708239890
10.765142543209
10.769522644679
10.773942165643
10.778238604093
10.782586948192
10.786972895688
10.791278738632
10.795502300092
10.800158949368
10.803995973497
10.808424121441
10.812695428783
10.816427523395
11.028810535920
11.034544820304
11.040410864342
11.046117585274
11.051549105846
11.056975837509
11.062400014779
11.067825508567
11.073314093639
11.078930859328
11.084735829921
11.090764460974
11.096504985845
11.103603940355
11.109328784706
11.114927574417
11.120643404182
11.126554159105
11.133731842058
11.139897352387
11.145414038169
11.150954511151
11.156482929954
11.161895073845
11.236254798809
11.244634421788
11.248399725845
11.252767755227
11.257332719555
11.262219098046
11.267363789469
11.272720315789
11.278036281841
11.283470740712
11.288884466156
11.294290553182
11.299878333730
11.305274859724
11.310553242445
11.316213149719
11.321860032001
11.327542496997
11.333270857789
11.339009821625
11.344741170360
11.350458739093
11.356190230302
11.361894363893
11.367551040584
11.373157767079
11.378710630126
11.384256213767
11.389751176240
11.395223437689
11.400636050105
11.406052048050
11.411527520276
11.417165303095
11.422879527447
11.428549147868
11.434260573306
11.439699043565
11.445260831845
11.450615855949
11.456283196939
11.462087940018
11.467484966262
11.472944251033
11.478668003126
11.644749217867
11.649209828406
11.654044538761
11.659429448005
11.664900590578
11.670535994603
11.676334211767
11.682147585191
11.688015095857
11.693915777357
11.699856340851
11.705865225294
11.711881581295
11.717992808134
11.724149121120
11.730362511018
11.736542878610
11.742911515456
11.750003636748
11.782738042770
11.790749206508
11.798462881261
11.805780979608
11.812762470551
11.819478595750
11.825932961411
11.832140105337
11.838302053451
11.844518834057
11.850781720476
11.857121274834
11.863515006775
11.870069107206
11.876704043400
11.883365218662
11.890046366709
11.896771794122
11.903637406861
11.910541960733
11.916923431986
11.923886581905
11.930655615087
11.937321893111
11.944013767176
11.950541694545
11.957391920193
11.963779662458
12.013310299625
12.018794023241
12.024201142883
12.029664250364
12.035324993493
12.041022392912
12.046738652755
12.052502314595
12.058326018255
12.064356507646
12.070505981652
12.076645193246
12.082745324763
12.088880035916
12.095025470465
12.101117924317
12.107213652737
12.113314535045
12.119411677000
12.125502743668
12.131591937601
12.137646426482
12.143745954612
12.149901058021
12.156089068935
12.162335954098
12.168767663169
12.175218404463
12.181748720255
12.188265306122
12.194944585785
12.201459499915
12.207686650203
12.213770625011
12.219753277326
12.225701473451
12.231632576865
12.237567174649
12.243548894370
12.249631337523
12.255809306108
12.262041631884
12.268270580312
12.274579866493
12.280832888507
12.287462143351
12.294087803454
12.300764436380
12.307424568450
12.313839050159
12.320584958622
12.327096564004
12.333905421350
12.340481257428
12.347255219352
12.353688298143
12.360421826047
12.399836143435
12.404914989038
12.410395720310
12.416258735634
12.422343886510
12.428480902802
12.434700112184
12.441162792413
12.447610720937
12.454324654482
12.461062384245
12.467932156008
12.474841322184
12.481673826425
12.488551197948
12.495469707891
12.502299702179
12.509120847363
12.515963813016
12.522680558068
12.529340134237
12.535892178898
12.542233072426
12.548456947934
12.554550228795
12.560523273882
12.566419212124
12.572220411427
12.577960428361
12.583861839763
12.589647585779
12.600962986165
12.606925686479
12.612765595718
13.375711479753
13.380537526175
13.385398657599
13.390434002892
13.395458018346
13.400594624841
13.405607619856
13.410819990737
13.416075027096
13.421353131623
13.426622865641
13.431837506359
13.436998430370
13.442379543498
13.447718505819
13.452994494383
13.458210275656
13.463330779306
13.468352819785
13.473341963351
13.478328818138
13.483333510671
13.488289834451
13.493219199242
13.498050408286
13.502611326197
13.507087113774
13.511714717767
13.516320154323
13.520823073450
13.525270411891
13.529747114548
13.534152831078
13.538502679863
13.543630638441
13.548019964647
13.552394590076
13.556787701083
13.561303204196
13.565893808072
13.570412753307
13.574967862558
13.579586469270
13.584122664191
13.588316575340
13.592480465554
13.597089964068
13.601664926940
13.606236051776
13.610705367676
13.615513406363
13.620090122178
13.624547145512
13.628993265857
13.633212328764
13.698062175696
13.702251856857
13.706558437015
13.710698263233
13.714865214853
13.719054946265
13.723321269705
13.727786146417
13.732395134451
13.737065018564
13.741737517374
13.746418630888
13.751139522502
13.756929501421
13.761731437212
13.766625149551
13.771486602792
13.776400873425
13.781372691180
13.786377065714
13.791388521896
13.796496152620
13.801562130534
13.806667655245
13.811773911893
13.816941256189
13.822054965492
13.827231558506
13.832463997976
13.837607709751
13.842829283781
13.847968739321
13.853172890496
13.858367356575
13.863536229454
13.868806377206
13.874010615815
13.879284921491
13.884545913871
13.889831934709
13.895142838475
13.900454110462
13.905838905430
13.911208468171
13.916689520977
13.922300775785
13.927820545678
13.933442534642
13.939211668689
13.944714783958
13.950336323416
13.956066153250
13.961823137066
13.967465918708
13.973232581137
14.022549390717
14.026401111887
14.030421401130
14.034503946380
14.038978479605
14.043416985914
14.048678488354
14.053014115095
14.057302473837
14.062283758503
14.066582407967
14.071089950636
14.075794990827
14.080561251650
14.085340813809
14.090187477001
14.095259313113
14.100455137653
14.105970745859
14.111669602118
14.117668888839
14.124095698495
14.129595360790
14.134615925263
14.297231528919
14.303320881532
14.308255957440
14.313111917104
14.318068345519
14.323057964898
14.328111383295
14.333287856480
14.338420256437
14.343506702589
14.348589298294
14.353609078473
14.358608607031
14.363537107971
14.368520367790
14.373422687843
14.378293984213
14.383116736877
14.387923520906
14.392676514817
14.397394091276
14.402128510324
14.406749274860
14.411367002426
14.415917289961
14.420421742146
14.424950985118
14.429490136995
14.434070074480
14.438655090514
14.443234097247
14.447884316193
14.452448574708
14.457082031194
14.461804305521
14.466547034385
14.471277596431
14.476075311733
14.480950716381
14.486298697982
14.491218427670
14.496120811636
14.500959671003
14.505592144096
14.510360875141
14.515195254174
14.520008144114
14.524495601858
14.529322007585
14.534264381113
14.619407899659
14.623922847209
14.628801317514
14.633467833999
14.638238480035
14.643494018177
14.648842937922
14.654166950464
14.659679208794
14.665206520722
14.670739226022
14.676334994661
14.681956783566
14.687636050817
14.693382876447
14.699252011075
14.705375867885
14.711447396652
14.717706584505
14.723585859106
14.729556202713
14.735287050709
14.741286022431
14.868847623303
14.872774695405
14.877815724482
14.882579155097
14.887561988286
14.892994361968
14.898608466059
14.904361232791
14.910223766860
14.916261226472
14.922310962216
14.928400269507
14.934584710541
14.940663075383
14.946655402599
14.952635881843
14.958793489294
14.964115942443
15.093233688562
15.097044947743
15.102072314378
15.105929667446
15.109900462401
15.114766191823
15.119521867531
15.124654234497
15.130014356971
15.135524823315
15.141147364247
15.146897517687
15.152565947856
15.158579111351
15.164501493125
15.170545155822
15.176679080666
15.182742731576
15.188904265590
15.195089939349
15.201473898413
15.207821345239
15.214381394298
15.220947569546
15.227671296604
15.234337395279
15.241071151967
15.247727843947
15.254539903514
15.261367565072
15.268235718993
15.275274872954
15.305219972537
15.312362254871
15.318906491564
15.326123931523
15.332591925958
15.562820796526
15.567713353554
15.571534584072
15.575476150788
15.579730041052
15.584085314984
15.588572621682
15.593254815501
15.598202140213
15.602989422853
15.608035163226
15.613078970965
15.618356583969
15.623554369493
15.628773944652
15.634019868306
15.639334383906
15.644713984597
15.650059909944
15.655533683197
15.661145060969
15.666947000221
15.672922733466
15.678857617047
15.684795195883
15.690759821824
15.696846089781
15.702873400170
15.708913127799
15.714935620327
15.720910072329
15.726932463642
15.732980734253
15.739056148783
15.745139792547
15.751232059519
15.757299262051
15.763371225541
15.769427673579
15.775502958899
15.781571824504
15.787618199838
15.793662748567
15.799612741629
15.805538741941
15.811503173281
15.817542295426
15.823567216865
15.829558865660
15.835546986684
15.841536598328
15.847534838008
15.853570575283
15.859593761178
15.865614920939
15.871642038368
15.877717759353
15.883727782383
15.889792356177
15.895857251600
15.901924243924
15.907959648320
15.914033697101
15.920071616545
15.926158212505
15.932280341773
15.938422847485
15.944547231569
15.950710658683
15.956885409279
15.963096946723
15.969287276876
15.975474637880
15.981639372464
15.987823881160
15.994029303375
16.000182172464
16.006459564846
16.012688229944
16.018915965383
16.025182020297
16.031384078161
16.037531723040
16.043732439866
16.049932783054
16.056223967450
16.062446600832
16.068790029842
16.075103594352
16.081250618496
16.087613050481
16.094182114476
16.267921438879
16.271367747021
16.275316885326
16.279507438435
16.284203165027
16.289020995527
16.294098220576
16.299048583165
16.304052269360
16.309260966032
16.314568780575
16.320060818360
16.325658247315
16.331341724253
16.337094566292
16.342840146365
16.348528953727
16.354145541095
16.359927116788
16.366066097286
16.371768846586
16.377915030085
16.383801216680
16.389571210464
16.395020557269
16.400597408783
16.405736102897
16.411334423785
16.416814203253
16.422100563965
16.473865793000
16.478820740834
16.483889203742
16.487685135872
16.491710373428
16.495609556184
16.500236329170
16.504997032856
16.509999570986
16.514831743459
16.519807432056
16.524932402682
16.530125990030
16.535313024294
16.540421469830
16.545373847122
16.550379358110
16.555318957507
16.560580951712
16.565900662503
16.571312053330
16.576690089901
16.581905873039
16.587414885418
16.592649580050
16.597689741048
16.602535969471
16.607710645837
16.612874603973
16.618258792646
16.623666775522
16.629049802175
16.634471231344
16.639746305654
16.644686373729
17.411676139255
17.415882414097
17.420325370020
17.424649126724
17.429368146833
17.433826830914
17.438783921925
17.443607820919
17.448514169700
17.453543531475
17.458823178443
17.464147488737
17.469537893821
17.474952180136
17.480391135282
17.485850936260
17.491263326795
17.496714467754
17.502198177523
17.507603259369
17.512944880903
17.518341214660
17.523732932405
17.529123087789
17.534498123083
17.539880192820
17.545239387265
17.550609377844
17.556014347340
17.561416217707
17.566813497599
17.572204997870
17.577625054922
17.583076524219
17.588568886642
17.594096885642
17.599640877585
17.605270309611
17.611082974143
17.616913882012
17.622677277654
17.629731544215
17.635544558813
17.641489659673
17.647656914296
17.653599481589
17.658935904665
17.664510676281
17.670231795074
17.675840928154
17.681547250874
17.687543125814
17.694129270035
17.700568141895
17.706928233212
17.713208135217
17.719458464975
17.724100417526
17.728634600987
17.733671809503
17.738773041022
17.743853982733
17.748941174070
17.753986109719
17.758955637201
17.763900273208
17.768852992121
17.773800520133
17.778819939697
17.783862341854
17.788988153325
17.794139522561
17.799293621702
17.804068135709
17.808800148033
17.813547682216
17.818413438285
17.823295842542
17.828438011946
17.833436497839
17.838680533568
17.844931365893
17.969055546658
17.974018033115
17.978798283373
17.984149878549
17.989364545763
17.994653362573
18.000047210717
18.005478483192
18.010983398295
18.016525719972
18.022092333371
18.027671025343
18.033250383003
18.038860205967
18.044508377564
18.050166078611
18.055827146594
18.061496950753
18.067191870730
18.072891107881
18.078598732810
18.084314425573
18.090043866092
18.095783251613
18.101549227909
18.107339928166
18.113151597385
18.118986136891
18.124807600534
18.130629436091
18.136445287941
18.142271605013
18.148106780183
18.153924521805
18.159748048713
18.165593725501
18.171436292890
18.177289236846
18.183141315594
18.189007772670
18.194899425647
18.200810068489
18.206743397942
18.212689359831
18.218635385056
18.224598303380
18.230566583119
18.236560081185
18.242546070271
18.248563588226
18.254583011610
18.260593228568
18.266608231896
18.272628564017
18.278666313981
18.284725350563
18.290829700143
18.296903057684
18.303023506357
18.309101803127
18.315212855717
18.321343041278
18.327448524754
18.333554775352
18.339706167996
18.345846814745
18.351984641818
18.358104067502
18.364222239746
18.370365713623
18.376531724020
18.382730695641
18.388984399461
18.395272744688
18.401660821715
18.408249912068
18.414113155693
18.420459287223
18.675318713351
18.680531445445
18.685778937408
18.691084331567
18.696323198402
18.701575120527
18.706829880450
18.712066320716
18.717299345931
18.722515228148
18.727708009685
18.732905833370
18.738063639145
18.743214121578
18.748362061611
18.753520215483
18.758677377185
18.763855342446
18.769060308166
18.774298843335
18.779591371380
18.785003344738
18.790497249601
18.795958627245
18.801123480912
18.806480006828
18.811902226041
18.817221752894
18.822725352177
18.828199055022
18.833511709064
18.839049611478
18.844206282727
18.849576474648
18.854729152945
18.860204135703
18.865481418485
18.870997590892
18.876450725334
18.881646271024
18.886891627223
18.892222043983
19.095913777066
19.104026976208
19.108330128158
19.113111612354
19.118100797354
19.123417567155
19.128817675735
19.134335130616
19.139980355422
19.145663501533
19.151371161067
19.157151875399
19.163002952462
19.168941285094
19.175093273779
19.181283437344
19.187500482287
19.193732034402
19.200284624231
19.207086518472
19.213933343509
19.220972045865
19.227703777150
19.234363667554
19.240568281138
19.246650563797
19.252738139550
19.258911656280
19.265191212482
19.271477633876
19.278065501166
19.284266940551
19.290716509404
19.297160040351
19.304387601280
19.311007863964
19.317756365163
19.324227539821
19.330599146577
19.400704830137
19.404907289290
19.409945151996
19.415035809743
19.420589230722
19.426329291591
19.432150331977
19.438044175713
19.444050152880
19.450084928052
19.456133022885
19.462287810172
19.468454618368
19.474608640586
19.480888572240
19.487189332091
19.493494890380
19.499811664865

