Time_s
0.597839340548
0.602386717518
0.606341076923
0.610114877159
0.614121963338
0.618309256946
0.622506573404
0.626769653770
0.631100259036
0.635413734747
0.639821382217
0.644225444866
0.648636047252
0.653030141054
0.657426535424
0.661817700430
0.666313972450
0.670774037429
0.675215138644
0.679667161144
0.684140514912
0.688597497282
0.693074728786
0.697580341526
0.702076777475
0.706597336378
0.711124891430
0.715738447759
0.720394992461
0.725125767293
0.730757697296
0.735538781283
0.740087124665
0.744642848407
0.749080063618
0.753669199513
0.758105517572
0.898482868707
0.903104449207
0.907388369950
0.911454783838
0.915883903784
0.920297691223
0.924709498490
0.929180336178
0.933673028621
0.938158790273
0.942637705253
0.947148511513
0.951613750245
0.956077427333
0.960505670225
0.964846321403
0.969174472445
0.973385554306
0.977579143986
0.981738254947
0.985909893502
0.990100019578
0.994396846395
0.998614829369
1.002786762254
1.006890886260
1.010989156065
1.015011621771
1.018973875965
1.023013114157
1.027072867151
1.031054232799
1.034967265347
1.038953769693
1.042908766630
1.046896476041
1.050706791267
1.054595120309
1.058402684624
1.062243693459
1.066121114245
1.070047589428
1.073900417318
1.077822069209
1.081932330216
1.086013022160
1.089954922217
1.094073955815
1.097991121854
1.101958586441
1.299618800502
1.303748595035
1.307933417055
1.312666146425
1.317458280189
1.322315388953
1.327161650334
1.332052081198
1.337097270908
1.342155146900
1.347279347284
1.352466661181
1.357603724437
1.362883631673
1.368123754580
1.373538522327
1.378752426599
1.384169085170
1.389371014846
1.394778002002
1.400064379552
1.405624426798
1.411120054696
1.416719302854
1.422148469193
1.427781246585
1.433316941970
1.438975627060
1.444540649029
1.450187244260
1.455929435726
1.461667108767
1.467419842758
1.473217516647
1.479057353480
1.484941170101
1.490593076553
1.496320466167
1.502089118427
1.507832299140
1.513640110740
1.519476704758
1.525333622089
1.531307716113
1.537204471242
1.543270620356
1.549192888950
1.555318721778
1.561314393430
1.567406916180
1.573384407699
1.579572319695
1.585530502478
1.591355249258
1.597365818341
1.603154638191
1.609033620772
1.614877208389
1.620627888617
1.626421362758
1.632164315732
1.637836891742
1.643463532010
1.648814014234
1.654142985904
1.659656534254
2.044924813757
2.049848510179
2.054696709715
2.059559623676
2.064351207607
2.069064774676
2.073771745318
2.078437852533
2.083028642316
2.087592981316
2.092091958196
2.096596419653
2.101050187111
2.105460884639
2.109849308922
2.114257306612
2.118628567981
2.123007240291
2.127427753815
2.131855052573
2.136312991438
2.140756205607
2.145115800037
2.149613507698
2.154058881956
2.158402860669
2.162792144463
2.167153661931
2.171430081904
2.324598213357
2.328798070971
2.333032685424
2.337167100835
2.341225481869
2.345483953050
2.349738647117
2.354050536883
2.358379096132
2.362801561848
2.367209371855
2.371679671567
2.376161284489
2.380791977150
2.385511664804
2.390301453308
2.394618848968
2.398828808748
2.403312703021
2.407673448016
2.412076640252
2.416525683749
2.421007509803
2.425450840804
2.429850131189
2.434215250525
2.525423664358
2.530219843635
2.534475582406
2.538843869879
2.543370459130
2.547943307716
2.552649484144
2.557447146182
2.562371580602
2.567426303855
2.572663460757
2.577870022144
2.583649721773
2.588341588316
2.593057013884
2.597908673603
2.602319423811
2.607321520023
2.612080007957
2.666719904297
2.672146564969
2.677202166355
2.682317665894
2.687542511452
2.692738698866
2.697875235470
2.703002263092
2.708108088584
2.713167933840
2.718196410348
2.723256076215
2.728319244882
2.733358043825
2.738419749452
2.743472309049
2.748528003083
2.753585827982
2.758641520862
2.763711715081
2.768799877559
2.773915868090
2.779030924269
2.784160621532
2.789323849240
2.794529170363
2.799723446772
2.804934771991
2.810171720270
2.815412180813
2.820681580389
2.826001759859
2.831302683965
2.836648808631
2.841995869437
2.847249780653
2.852550811060
2.857746663754
2.863050092065
2.868221906589
2.873562383101
2.878675786637
2.883994357394
2.889117304337
2.894404573339
2.899462503870
2.904747024742
2.909781999761
2.915121235685
2.920204873773
2.925566567778
2.930844060027
2.936094121342
2.941223411368
2.946342263279
2.951421618846
3.059910647657
3.064856028546
3.070015576965
3.074756260107
3.079765199383
3.084729468367
3.089677442093
3.094647885374
3.099602828018
3.104558732414
3.109540218680
3.114461863953
3.119352793031
3.124216576893
3.129111668156
3.133969142217
3.138764165048
3.143517174340
3.148207734749
3.152913868138
3.157516126107
3.162117957611
3.166782261200
3.171439016234
3.176110855664
3.180825724574
3.185798359625
3.190871964338
3.195865161231
3.200809755872
3.206012864728
3.210823454437
3.215570003190
3.220350365418
3.225156735716
3.397362327432
3.401736338290
3.405801755012
3.410296736969
3.414775315608
3.419351644039
3.423923103971
3.428540842756
3.433141363944
3.437814486876
3.442459302602
3.447179173646
3.451929275698
3.456699996087
3.461561196124
3.466374282062
3.471220735830
3.476095942428
3.481013759128
3.486003167701
3.490988196965
3.496002339811
3.501019822269
3.506062379295
3.511115039766
3.516206475307
3.521365006705
3.526465790912
3.531590638544
3.536695845366
3.541878135620
3.547053738612
3.552235696318
3.557462943845
3.562591555475
3.567723669770
3.572822119668
3.577949856464
3.583058017409
3.588145572772
3.593258738710
3.598324765801
3.603461399632
3.608506675573
3.613638324596
3.618695602035
3.623812069744
3.628935402827
3.633965944663
3.639125293859
3.644214060741
3.649198941763
3.654251167253
3.659202947815
3.663860591964
4.138079435714
4.143128414260
4.148516701020
4.153801057748
4.159070415248
4.164203995565
4.169440818738
4.174573461879
4.179661365610
4.184774911625
4.190014411304
4.195142158934
4.200326791755
4.205442612555
4.210671429063
4.215691477989
4.276491359082
4.281530675934
4.286956786712
4.292597458643
4.298280553311
4.304113868293
4.309712314454
4.315289428609
4.320717072924
4.326111042085
4.331227886674
4.336086981296
4.341243800846
4.346423542527
4.351584327908
4.356786935438
4.362006990164
4.367311562202
4.372645966359
4.378005198100
4.383389011398
4.388777208980
4.394188059150
4.399680333651
4.405220864528
4.410839793833
4.416433892511
4.422143423021
4.427768070824
4.433171282361
4.438562355321
4.444005941895
4.449394400113
4.602061597504
4.606833809917
4.612248008604
4.617431668014
4.622760205373
4.628134683233
4.633548027957
4.639083094148
4.644689559527
4.650264131282
4.655862129146
4.661470159613
4.667104979907
4.672771846910
4.678380939509
4.684001058842
4.689697270596
4.695444046071
4.701274004490
4.707079654343
4.712897042273
4.718715260799
4.724521043470
4.730335316914
4.736253065236
4.742220848163
4.748440575381
4.754488653052
4.790601138639
4.796274626892
4.801924690489
4.807614929749
4.813481094207
4.819499317387
4.825514877763
4.831487563981
5.035865331754
5.046532784653
5.057325054544
5.796579882038
5.800402169595
5.803946715699
5.808217292534
5.811883779708
5.815870830127
5.819665394287
5.823700892575
5.827756592040
5.832154020374
5.835982068823
5.839987804730
5.844074897235
6.165186105284
6.169490421154
6.173781662144
6.178117411910
6.182894646464
6.188133885604
6.193294519671
6.198449777278
6.203748621186
6.209111485427
6.214393503243
6.219828771639
6.225277489817
6.230513285959
6.235658708716
6.240767605594
6.245886865109
6.250957399847
6.256064994586
6.261154774585
6.266252357834
6.271332150894
6.276374659821
6.281468635854
6.286566576928
6.291620301726
6.296665841220
6.301694114286
6.306724458134
6.311721114177
6.316647960453
6.321614743893
6.326558661398
6.331445970461
6.336355398373
6.341221279789
6.346099471270
6.351041978423
6.355997768159
6.360932688435
6.365841433864
6.370842894399
6.375746697607
6.380649548736
6.385589953919
6.390566101360
6.395555153369
6.400768346764
6.405928175645
6.411213205208
6.416317716199
6.421231429023
6.426663585889
6.431721734947
6.436766391235
6.441548865816
6.446444143692
6.505633613544
6.508018492619
6.510101034980
6.512725021085
6.515069453409
6.517182893023
6.519163627832
6.520870854296
6.522793173299
6.524989985445
6.601351200885
6.607221487309
6.612607804538
6.618042601440
6.623485380156
6.629242508101
6.634721605953
6.640195129029
6.645882071669
6.877769329215
6.882272808140
6.887338857499
6.892815210086
6.898069644203
6.903236118960
6.908429436564
6.913554568940
6.918729927725
6.923877785843
6.929083550579
6.934369262666
6.939635187454
6.944975117847
6.950274945715
6.955598441063
6.960914125398
6.966217218310
6.971469316776
6.976633663913
6.981771424458
6.986837674784
6.991883478506
6.996830792087
7.001745563051
7.006686662408
7.011731560384
7.016815606126
7.021978350602
7.026992373872
7.032073258108
7.258709028630
7.263156665499
7.267163527347
7.271362278399
7.275758930224
7.279957863234
7.284284007880
7.288649696433
7.293069749244
7.297550544085
7.302063528463
7.306611021882
7.311279475856
7.315867983005
7.320429844240
7.324878291021
7.329487904400
7.334163555091
7.338832803221
7.343515766573
7.348270571082
7.352991324770
7.357723971969
7.362461386377
7.367255963882
7.372015835551
7.376814626388
7.381589317437
7.386378567300
7.391148102746
7.395993174685
7.400727480929
7.405596007534
7.410492684675
7.415332304351
7.420142500677
7.424982436809
7.579498887471
7.584118942495
7.588293475373
7.592536875769
7.597180892006
7.601879007672
7.606561520713
7.611323301265
7.616174244587
7.621127334557
7.626048438698
7.631071763132
7.636256471353
7.641353660835
7.646584097547
7.651723866151
7.657011641497
7.662301939141
7.667726950710
7.673052451046
7.678565852437
7.683923263199
7.689550617247
7.694888356955
7.700460094016
7.705923941866
7.711425328399
7.717010196525
7.722591289730
7.728134253905
7.733596552836
7.739120910528
7.744606755711
7.750053018135
7.755447320155
7.760870004460
7.766187092872
7.771655822771
7.777093912779
7.782593510248
7.788016983669
7.793445954260
7.798873823662
7.804297125731
7.809710121318
7.815189123902
8.675740292846
8.680258187761
8.684846991052
8.689482340863
8.694089017575
8.698699206805
8.703290780051
8.707890795118
8.712454840634
8.716984180459
8.721461474744
8.725894610916
8.730281754764
8.734634024684
8.738943241368
8.743210257451
8.747421839801
8.751544409208
8.755708056685
8.759834348627
8.763953388650
8.768052363478
8.772101066972
8.776086671546
8.780029802794
8.784002312542
8.787938675185
8.791915299510
8.795941306951
8.800006934602
8.804100559889
8.808289902008
8.812391470486
8.816331847702
8.820231574612
8.824373947493
8.828574908750
8.832673795711
8.836749528887
8.840931921842
8.845159630406
8.849333800173
8.853463710231
8.857663377211
8.861896419098
9.105085270858
9.109306724417
9.113632726602
9.118007909490
9.122412324413
9.126922004069
9.131515997300
9.136162492557
9.140921687660
9.145709862896
9.150556027010
9.155490899244
9.160419524508
9.165336826261
9.170292587640
9.175328477180
9.180310182501
9.185361494282
9.190334292681
9.195368477599
9.200360319356
9.205414636161
9.210513620191
9.215749857696
9.220762432902
9.225773852767
9.231570523457
9.236612035094
9.241600124648
9.246572615468
9.251562196262
9.256589214558
9.261509527283
9.266501263206
9.271513431324
9.276480725327
9.281466739930
9.286513610238
9.291609294481
9.296579133899
9.301560018579
10.135728189242
10.140287906997
10.144978367605
10.149984792977
10.154956059202
10.159900585904
10.164964319524
10.169917831853
10.174958321147
10.180136219427
10.185304967305
10.190542984398
10.195813544236
10.201168773392
10.206478993219
10.211759362802
10.217035349373
10.222270641272
10.227488656980
10.253679571717
10.258786653187
10.264177794572
10.269216822470
10.274218253776
10.279398982219
10.284446504649
10.289448949269
10.294453256261
10.299446955598
10.304387199985
10.309281310870
10.314112825543
10.319013155989
10.323841679947
10.328621171786
10.333407060852
10.338185769487
10.342936336991
10.347658951129
10.352384366028
10.357084610397
10.361744657588
10.366424827688
10.371058362428
10.375666372643
10.380271382811
10.384865650684
10.389450866774
10.394054069009
10.398696106523
10.403329839171
10.407950288344
10.412585340687
10.417182131949
10.421823704390
10.426480542123
10.431144336418
10.435821539674
10.440409687632
10.445031607585
10.449657285572
10.454302982464
10.458942530676
10.463575070721
10.946488467895
10.951575316172
10.956789942535
10.962073275063
10.967416195079
10.972707350597
10.978091369418
10.983456460399
10.988982153483
10.994660870258
11.000229159879
11.005684226694
11.011111103490
11.017268255200
11.022697166983
11.028038036631
11.033291316665
11.038588862432
11.143205147896
11.149579626680
11.155921921612
11.162435752451
11.168951511873
11.175479404006
11.182004994466
11.188009638592
11.193745012536
11.199686944054
11.205444843550
11.211081080500
11.216768238639
11.222361785699
11.227843528259
11.233378290695
11.238830924849
11.244195671319
11.249245420487
11.254289274722
11.259233854374
11.264188627076
11.269096989109
11.273883021655
11.278642187129
11.283265401677
11.287866567864
11.292351319883
11.296808794787
11.301098434611
11.305342670668
11.309553701224
11.313760512457
11.317906378275
11.321959276328
11.326063107985
11.330404815554
11.334861019010
11.338682493327
11.342611926176
11.346897046787
11.351494409098
11.515824469020
11.521685145111
11.526871220870
11.531735934869
11.537055803305
11.542383818120
11.547796164815
11.553350878963
11.558958004906
11.564498561185
11.570018696688
11.575532290153
11.580990199238
11.586368222028
11.591817608961
11.597248836277
11.602683049392
11.608058880917
11.613485796538
11.618911534500
11.624309424309
11.629752112256
11.635160256479
11.640589959442
11.646033626494
11.651400584382
11.656776571485
11.662117834039
11.667493098157
11.672873097054
11.678276817818
11.683645559831
11.689061294734
11.694616206013
11.700163320699
11.705757789125
11.711380383338
11.716842906150
11.868525450025
11.873795389826
11.879437291771
11.884911083733
11.890391782220
11.895937066340
11.901484687903
11.907053255544
11.912803177562
11.918256800607
11.923677059971
11.929017177350
11.934354503556
11.939733081699
11.945129754537
11.950543878593
11.956005333215
11.961447174674
11.966863446216
11.972219814458
11.977549344872
11.982877486865
11.988144368377
11.993502736555
11.998837682933
12.004158023769
12.009461967510
12.014804716286
12.020140626627
12.025401785245
12.030690357043
12.035908069609
12.041075149173
12.046321374414
12.051581140686
12.056867804957
12.062139362558
12.067436720679
12.072769561133
12.078131181903
12.083482517373
12.088814309573
12.094186192761
12.099521145459
12.104856177137
12.110175828981
12.115496396401
12.120809629060
12.126096725772
12.131355850854
12.136626711189
12.141880777512
12.147146496396
12.152407759757
12.157599707349
12.162865101267
12.168110421324
12.173287847559
12.178859828473
12.184799906297
12.190688813045
12.196469113913
12.202448466389
12.208339561044
12.214332463423
12.220050422720
12.236116973818
12.241130187567
12.243300143044
12.245770959046
12.248324068919
12.250873408682
12.253378136961
12.255895550059
12.258434656526
12.260969204722
12.263513938631
12.266050016118
12.268641318087
12.271181304339
12.273802309485
12.276328015287
12.278937063194
12.281504138811
12.284073572056
12.286609798628
12.289248119967
12.291755299332
12.294626130738
12.297216662587
12.299802673826
12.301938591411
12.306102823833
12.308529971412
12.310781734677
12.312731914003
12.316574631609
12.318740728237
12.320708726880
12.322590431280
12.324640675922
12.326791035122
12.349822198362
12.361985833371
12.372848143352
12.570206459884
12.575811508505
12.580665591667
12.586239592245
12.591307596901
12.597064346105
12.602775578443
12.608549270249
12.614445659277
12.620283715424
12.626264651615
12.632141975482
12.638102003160
12.644052864418
12.649960564472
12.655885816542
12.667495321346
12.679246566345
12.690905707112
12.702082119946
12.713657177506
12.725317947413
12.736960645248
12.748577553048
12.760428918790
12.772185987345
12.784047519359
12.795884447984
13.023408236676
13.027819070912
13.033154947132
13.038526421324
13.044000270228
13.049575567365
13.055190728709
13.060822225511
13.066471010512
13.072142857143
13.077850100822
13.083630790434
13.089487455586
13.095333615858
13.101224912951
13.107317481463
13.113231327347
13.119016327965
13.124874700255
13.130767389204
13.151103138580
13.157422206536
13.163443703695
13.169683171237
13.175990606815
13.182092426713
13.187932304723
13.193784519845
13.199438032502
13.204926557349
13.210373191589
13.215990723646
13.221682539982
13.227482564503
13.233298052847
13.239150608749
13.245083326538
13.250982048710
13.256907287334
13.262873454932
13.268830967762
13.274807606870
13.280775614383
13.286788161091
13.292780368313
13.298813594801
13.304862856132
13.311014845089
13.317227361082
13.329405710189
13.455823464728
13.460930831100
13.466222921179
13.471751349627
13.477480970193
13.483275318165
13.489070763349
13.494847698509
13.500653355587
13.506438026503
13.512306291753
13.518108636549
13.524019603181
13.529920746989
13.535878697324
13.541760373239
13.547661055017
13.553570003587
13.559466106537
13.565381084159
13.571317612260
13.577271992293
13.583340971693
13.589296617703
13.595167570132
13.601223924848
13.607491736480
13.613625549860
13.619972686922
13.626246333025
13.632428853472
13.638338923984
13.644097552542
13.649895415621
13.655871962725
13.661808470592
13.667769978355
13.673729262629
13.679697999902
13.685644564379
13.691571711507
13.697591086730
13.703582461223
13.709622230059
13.715616725426
13.721663426764
13.727753542665
13.733921222700
13.740117607239
13.746256408206
13.752372392684
13.758427639957
13.764491361515
13.770537868593
13.776620137286
13.782751069402
13.788956843348
13.795100501397
13.801278422851
13.807488901072
13.813767755030
13.820011134848
13.826287227452
13.832670698097
13.839083573301
13.845491829998
13.851947383956
13.858392268591
13.864827850579
13.871332184596
13.877859343102
13.884400110678
13.890914577580
13.897389821159
13.904059993657
13.909157839500
13.914623598181
13.920485698147
13.926339360304
13.932359529618
13.938382450535
13.944435727287
13.950478470665
13.956553810721
13.962665206885
13.968783363975
13.974945829423
13.981121361816
13.987280428411
13.993446599624
13.999594882164
14.005719610515
14.011825184233
14.017925936264
14.024065767357
14.030237553354
14.036529661662
14.042973577078
14.049613237977
14.056592941636
14.063371149221
14.070342450567
14.098341361918
14.105445057910
14.111944882448
14.118679172648
14.125217452872
14.132014283934
14.811498299253
14.815530154756
14.819863697249
14.824960640243
14.829758805023
14.834301202534
14.838829825847
14.843345999427
14.847842033424
14.852312993877
14.856748338845
14.861258963744
14.865758143813
14.870356938223
14.875007331693
14.877512717394
14.879826966908
14.882228389167
14.884677750539
14.887113750555
14.889648754355
14.894169385852
14.896384084451
14.898548915862
14.900654411434
14.902715339357
14.904472594259
14.963358586979
14.968072394418
14.972651349781
14.977133932423
14.981550963980
14.985975958476
14.990295447380
14.994577941049
14.998776599179
15.002933170546
15.007055153123
15.011179212927
15.015201403783
15.019096114296
15.022978553632
15.026818169078
15.030650163077
15.034412582848
15.038114750121
15.041893424036
15.045648192288
15.049342201325
15.053085330999
15.056781580482
15.060495526889
15.064237580206
15.067999731863
15.071757280287
15.075510469688
15.079342194942
15.083083543435
15.086827654740
15.090517989349
15.094351831576
15.098121389891
15.101798480559
15.105492029797
15.109313878032
15.112994642495
15.223158153406
15.226896259116
15.230435772543
15.234462721016
15.238024256684
15.241327058984
15.244950467434
15.248529517085
15.252151042875
15.255787485221
15.259464944924
15.263196154595
15.266907744086
15.270622120759
15.274409835995
15.278235228261
15.282038862512
15.285871730872
15.289712986082
15.293612397049
15.297496295658
15.301440782847
15.305889292530
15.309833657715
15.313880969594
15.318286672665
15.322172041836
15.326120657114
15.330070617860
15.334110255417
15.338121642154
15.342182959891
15.346193951148
15.350252447684
15.354306265201
15.358397001016
15.362491411680
15.366641182774
15.370774490875
15.374974425589
15.379201566776
15.383428186345
15.387683501153
15.391893952093
15.396190311957
15.400506957486
15.404790787739
15.409139559031
15.413455199706
15.417809216447
15.422136297485
15.426502963824
15.430901207357
15.435303533287
15.439780196728
15.444234919801
15.448689985698
15.453199233944
15.457672197216
15.462232821274
15.466726775523
15.471237313699
15.475782041833
15.480329406915
15.484897385472
15.489452743671
15.494024553738
15.498630056807
15.503232118115
15.507853947291
15.512451640208
15.517037949715
15.521650453874
15.526286517065
15.531009946883
15.536268523613
15.541259543235
15.546164919554
15.551220875373
15.556165076338
15.561013262375
15.565655628501
15.570035987873
15.574615248744
15.579471194538
15.604151980474
15.606479736820
15.608752123415
15.610574824116
15.613038862564
15.614915405437
15.617319040915
15.619503689624
15.621655143505
15.623710214472
15.625627448400
15.627447668283
15.629630800453
15.631714930084
15.633784072935
15.635673111803
15.637708511310
15.639817392506
15.643516882453
15.645519967823
15.647406367676
15.649289842129
15.651451836470
15.653739365764
15.655616594720
15.664307960225
15.669399282265
15.674558278595
15.679854494431
15.685200770760
15.690322603865
15.695450693335
15.700576810870
15.858300849441
15.863179216918
15.867609696081
15.872240030507
15.877032422743
15.881904203042
15.886774337799
15.891635782046
15.896553404929
15.901480766813
15.905934841019
15.910779766224
15.915665702789
15.920603436106
15.925549897647
15.930543670659
15.935540544730
15.940547984497
15.945588265969
15.950620694672
15.955670891472
15.960710140520
15.965709398114
15.970718571110
15.975687276609
15.980605445282
15.985396930924
15.989938508957
15.994595097013
15.999239831335
16.003769608882
16.008218635055
16.012702842033
16.017182370768
16.021624399381
16.026020318106
16.030429161850
16.034902019798
16.039382940668
16.043786584779
16.048168074969
16.052454456992
16.056600479679
16.060814721473
16.065093634464
16.069212224652
16.073430832528
16.077843773856
16.082357305912
16.086744310799
16.198105637009
16.202336097812
16.206195675859
16.210533322186
16.215167290665
16.220027743852
16.224905297703
16.229790009143
16.234719635356
16.239359712055
16.244268201312
16.249077830505
16.254071800229
16.258937000293
16.263976753663
16.268856804253
16.273888094942
16.278763240441
16.283819075308
16.288695001540
16.293700912198
16.298621233041
16.303570764266
16.308527968137
16.313433154379
16.318431598937
16.323485392727
16.328523141842
16.333536419949
16.338485762523
16.343465177724
16.348483005064
16.353487126555
16.358440867216
16.363430442235
16.368433825014
16.469158682345
16.473290704296
16.477916125479
16.482685000839
16.487537574815
16.492508024704
16.497608652366
16.502843527522
16.507989473903
16.513319606369
16.518112706197
16.522768183791
16.527296400576
16.715365166292
16.720049202201
16.724614422434
16.729716577970
16.734789673757
16.739939826256
16.745166685142
16.750412040555
16.755651665781
16.760838489169
16.766180796885
16.771548648304
16.776964336952
16.782395403036
16.787855683516
16.793404081249
16.798989492928
16.804637339816
16.810231586341
16.815860727989
16.821488175370
16.827100563528
16.832672858121
16.838323681189
16.843897835355
16.849550792891
16.855195946923
16.860860663283
16.866528719285
16.872145639340
16.877783703266
16.883473336440
16.889152850597
16.894769870670
16.900360062096
16.905945855230
16.911465932244
16.916992385892
16.922493695395
16.927920610829
16.933350268326
16.938721488465
16.944170128988
16.949544974651
16.955004746490
17.141291022729
17.152593780750
17.163793010943
17.174884794690
17.194304426596
17.199886337692
17.205512090591
17.211082293945
17.216686975559
17.222394980138
17.227902548054
17.233421950863
17.238983278582
17.244509778574
17.250014350614
17.255569955862
17.261102538696
17.266665994943
17.272243566486
17.278047638191
17.283803740974
17.289527132899
17.294724840892
17.300382912676
17.306334815214
17.314573934691
17.325084967036
17.335871643960
17.346796981660
17.360820666897
17.367131869695
17.373497208958
17.379965014726
17.386401946420
17.392551503212
17.398758028954
17.404911355688
17.411013356811
17.417180587911
17.423354496934
17.429586551348
17.435970721579
17.442311210021
17.448597747012
17.486333481523
17.491378295929
17.496051981065
17.501166216052
17.506398796631
17.511651745733
17.516777758620
17.521857603558
17.527077791631
17.532175877700
17.537409672134
17.542596678391
17.547770796875
17.552920319073
17.558036180332
17.563336818534
17.568394592475
17.573676085821
17.578722928481
17.583894712810
17.588959878566
17.594093465207
17.599125805737
17.604207991477
17.609197248560
17.614234575621
17.619233653732
17.624199044762
17.629244635908
17.634270558986
17.639532200281
17.644611667963
17.649643866889
17.654773125026
17.659850493333
17.703662144625
17.706110525438
17.708683096365
17.711090024757
17.713591617145
18.297912196175
18.302237097828
18.306582372882
18.311004170811
18.315627302358
18.320251867252
18.324826576057
18.329383270897
18.333962581068
18.338564571103
18.343168365511
18.347785894398
18.352402210129
18.357021756034
18.361651781779
18.366225894928
18.370781348229
18.375290356423
18.379769757568
18.384230752097
18.388639491197
18.393041201420
18.397396836820
18.401691561505
18.405923825415
18.410073807735
18.414231094424
18.418395405848
18.422531253627
18.426634153561
18.430713593141
18.434769447782
18.438780581731
18.442730803220
18.446639923140
18.450529363112
18.454402985705
18.458176842179
18.461886933840
18.465662085513
18.469306884895
18.473103871334
18.476800206112
18.480450368094
18.484167775490
18.487951662510
18.491963439445
18.496069615309
18.499903304171
18.504018383458
18.508227222750
18.512142391416
18.515726407843
18.519699731508
18.528621111747
18.532301785397
18.536434847473
18.688412559121
18.693004229161
18.697195805064
18.701475230259
18.705951307292
18.710687526195
18.715428459285
18.720326948890
18.725362894708
18.730405710994
18.735547889247
18.740662553838
18.745901464597
18.751280546993
18.756553903287
18.762033522628
18.767421280114
18.772965776485
18.778470625266
18.784094081681
18.789644411003
18.795247463657
18.800867494160
18.806452326431
18.812020309549
18.817622676494
18.823191176160
18.828754479290
18.834303738946
18.839879745027
18.845466029843
18.850994360959
18.856480238882
18.862040889080
18.867525875106
18.872957431023
18.878348332459
18.883692010913
18.889111081238
18.894418909657
18.899759661766
18.905011650032
18.910262229552
18.915471938976
18.920812152673
18.926139057436
18.931726639892
18.937073813691
18.942506834991
18.947849950620
19.365232870888
19.369270627122
19.374144959517
19.379341842734
19.384408478788
19.389546561198
19.394655314026
19.399758890681
19.404844032739
19.410002877410
19.415240096078
19.420519930077
19.425560124698
19.430712819523
19.435914523502
19.441196506389
19.446283007623
19.451770988679
19.456905257078
19.462052316169
19.467683763369
19.473035468357
19.478241656252
19.483858267656
19.489684945697
19.495375169537
19.500748768589
19.506234237370
19.511740224148
19.517029927306
19.522261868089
19.527605765856
19.532828280949
19.706227287751
19.709184120058
19.712316136922
19.715029805325
19.717492470531
19.719845120344
19.722302012707
19.724951436318
19.727902993604

