Time_s
0.778103666244
0.782135915573
0.786318598455
0.790675494692
0.794779692595
0.798996271081
0.803597905724
0.808462629704
0.813192275454
0.817873465043
0.822721418402
0.827586064519
0.832525083344
0.837303148615
0.842096929549
0.846880060615
0.851481585422
0.856013327667
0.860538258399
0.865036963388
0.869518570692
0.874002822640
0.878459541961
0.882954015743
0.887359044554
0.891725141691
0.896056446497
0.900411287885
0.904772828437
0.909137041517
0.913506931594
0.917900634934
0.922293139542
0.926744416104
0.931096089945
0.935373861290
0.939627471318
0.943853267096
0.948031419140
0.952028732141
0.955912187830
0.959886607036
0.963859099242
0.967901701725
0.972009077766
0.976115186611
0.980031324933
0.983478289432
0.987279856024
0.991114604515
0.994850269194
0.998525671796
1.002397191077
1.006454813099
1.010910493655
1.014772508399
1.018588082032
1.022559742610
1.026323908175
1.030422538439
1.034774427266
1.039059480152
1.043161136913
1.047500102776
1.051783370310
1.094294205929
1.098150988325
1.107126451717
1.110963983046
1.115030178472
1.118672636093
1.129588399678
1.133512747114
1.137524282189
1.141755868181
1.146175984814
1.227186885562
1.230743528585
1.234338039049
1.237953818315
1.241975251333
1.246103393285
1.250399403102
1.254651174191
1.258965566775
1.263351013845
1.267751666178
1.272030402330
1.276326426035
1.280668151804
1.284964719635
1.289244269594
1.293540047921
1.297850195018
1.302157153800
1.306433281831
1.310732957442
1.315005495179
1.319278943432
1.323540477219
1.327789934366
1.332041124067
1.336288960335
1.340535568262
1.344793965796
1.349054728269
1.353311188464
1.357544024605
1.361788486431
1.366031578653
1.370270019589
1.374490010135
1.378707365116
1.382932892433
1.387194857811
1.391435760959
1.395707033491
1.400024746674
1.404257169205
1.408424820800
1.412640058806
1.416904812392
1.421120921584
1.425402228687
1.429680602525
1.433975496402
1.438252306075
1.442542714243
1.446794533260
1.451006062758
1.455280666812
1.459505962800
1.463692094766
1.467948779644
1.472164400552
1.476359710708
1.480579864443
1.484806080607
1.489071601790
1.493353126610
1.497558773196
1.501803190796
1.506131405297
1.510337568715
1.514569610036
1.518793792746
1.522952929832
1.527148583588
1.531393066894
1.535620783154
1.539913578468
1.544110168753
1.548343388918
1.552631936750
1.556835126519
1.635824883045
1.639625975311
1.643495998315
1.646866705202
1.650271687327
1.653794238694
1.657563450516
1.661414320216
1.665316538093
1.669291386026
1.673375837769
1.677449730168
1.681507617230
1.685579149611
1.689648885722
1.693698178889
1.697750809810
1.701814864522
1.705875468947
1.709969791321
1.714037745880
1.718078976132
1.722080271077
1.726061463808
1.730045191706
1.734015958864
1.738019617383
1.742061732552
1.746104809399
1.750060959299
1.753972396659
1.757807294952
1.761539244992
1.765164790631
1.768830631234
1.772631669277
1.776529449322
1.780429534414
1.784261965161
1.788047502990
1.791837096155
1.795705570068
1.799462363597
1.803173540132
1.807005646581
1.810886971993
1.814821602429
1.818801290524
1.822798742656
1.826941469285
1.830931215146
1.835133782604
1.839482560796
1.844033614632
1.848657542250
1.853289332349
1.858173249441
1.863309656203
1.868417628599
1.873907628063
1.879353042601
1.884876939515
1.890422585366
1.896030329875
1.901744326196
1.907430601732
1.913168008735
1.918873391494
1.924638089299
1.930309235638
1.936092217726
1.941837408656
1.947500021327
1.953136885863
1.958881045470
1.964617114483
1.970285242414
1.975976150510
1.981595964869
1.987209071827
1.992975347123
1.998656536011
2.004273961626
2.009943389856
2.015564132781
2.021083269980
2.026734990799
2.032307999396
2.037966018069
2.043502733644
2.049182840273
2.054873418300
2.060588365495
2.066227918854
2.071911505880
2.077706762578
2.083397543656
2.089051064662
2.094740797921
2.100407384590
2.106032094697
2.111729486365
2.117439140544
2.122969373377
2.128713335383
2.134270299313
2.139818002771
2.718684948525
2.723644256035
2.728228797747
2.733094757541
2.737851559820
2.742477635274
2.747117619940
2.751698762557
2.756284550624
2.760812175385
2.765313848512
2.769764854854
2.774175208780
2.778581295186
2.782930211381
2.787023447867
2.791291923745
2.795358818517
2.799440758040
2.803367996200
2.821515651394
2.825139910906
2.828705451484
2.832154961146
2.835447690420
2.838813170536
2.842514088442
2.845629287468
2.848659340425
2.852046346045
2.855327973790
2.858340702625
2.861760227559
2.868050645510
3.049999785894
3.053736284913
3.057780029660
3.061741574644
3.065677608558
3.069586501596
3.073583248660
3.077679121897
3.081770366266
3.085868180485
3.089971509414
3.094121770674
3.098260501728
3.102453164447
3.106621642819
3.110802835622
3.114987977643
3.119180289787
3.123395379474
3.127655565142
3.131950871779
3.136246334121
3.140573782431
3.144881396836
3.149181335750
3.153442528972
3.157692137954
3.161929126621
3.166165374658
3.170379466168
3.174583179163
3.178781849419
3.182969418278
3.187133893430
3.191247865818
3.195368211957
3.199453837327
3.203467663640
3.207589030780
3.211805571518
3.216006074590
3.220214986955
3.224449776004
3.228712209697
3.232950718214
3.237201880935
3.241491810821
3.245801667594
3.250014985181
3.254159913011
3.258350928463
3.262556877090
3.266783138609
3.271009045194
3.275244978635
3.279474946714
3.283735028304
3.287966497940
3.292234595619
3.296436146530
3.300677362918
3.304961977741
3.309184899959
3.313415475750
3.317656818246
3.322386387161
3.326820142513
3.330864869270
3.335081899846
3.339434170367
3.344012716814
3.348707803596
3.353447812384
3.358112372043
3.363000589815
3.368107061908
3.373236380800
3.378399397289
3.383511717680
3.388332355541
3.392569161169
3.397559205212
3.402405508241
3.412464462626
3.417487589110
3.422857862227
3.429076295685
3.434220723574
3.439318169544
3.444519704111
3.448948874172
3.454018507570
3.459043578420
3.465358911937
3.470316428946
3.475601886037
3.481052693202
3.486426797155
3.491541643271
3.496632290803
3.501755320139
3.506846779699
3.511846999801
3.516839729764
3.521802665081
3.526697508120
3.531593409502
3.536481012847
3.541353189108
3.546228066963
3.551132400207
3.556018282455
3.560908976356
3.565820274375
3.570748739359
3.575691099514
3.580662197878
3.585615845945
3.590584453264
3.595553907606
3.600528802970
3.605500699715
3.610461964177
3.615403117001
3.620302538492
3.625190181266
3.630062160564
3.634895532217
3.639693065318
3.644478453108
3.649231721268
3.653954156557
3.658628957320
3.663252061542
3.667815026476
3.672317098784
3.676795793743
3.681300223028
3.685838945213
3.690339221558
3.694722320609
3.699014231152
3.703373755267
3.707707202456
3.712018538246
3.716301198403
3.720585902441
3.724916688252
3.729182287389
3.733426469514
3.737533232699
3.741559823029
3.745610120365
3.749659468541
3.753514899243
3.757467119417
3.761502435251
3.765578987095
3.769666650858
3.773703801291
3.777686724105
3.781677236359
3.785657468676
3.789678466084
3.793584635843
3.797426315625
3.801433371387
3.805537230771
3.809640145622
3.813861548249
3.818073922403
3.822214132777
3.826413752519
3.830854511566
3.835087044149
3.839253918597
3.843247838553
3.847404016506
3.851845673481
3.856119339085
3.860216542140
3.864426758294
3.868352565042
3.873067316505
3.877483401462
3.881750777226
3.886059280848
3.890397151397
3.894761831111
3.898571698098
3.903138184578
3.907508008776
3.912360934190
3.916491209845
3.919533561755
3.922356045467
3.925938950206
3.929503721218
3.932360962779
3.935594986958
3.938448307547
3.942024119121
3.945447228207
3.948311117066
3.951784911387
3.955325939199
3.958437555494
3.961841634101
3.965435584191
3.969100827701
3.971946592002
3.978458865885
3.981966697535
4.046445171477
4.051429251116
4.056267009590
4.061337941707
4.066943133829
4.072471956325
4.077936265182
4.083273039408
4.088423937507
4.093422071847
4.098338799956
4.103143231647
4.107927200758
4.112714240920
4.117456451140
4.122238709357
4.127043662563
4.131848930981
4.136643066779
4.141463971810
4.146264943519
4.151102340382
4.155952099635
4.160817628287
4.165681831970
4.170540610536
4.175388569844
4.180231589350
4.185066064357
4.189877823077
4.194709137071
4.199526812152
4.204316519228
4.209067374575
4.213794931471
4.218509293320
4.223195355430
4.227853704174
4.232491814617
4.237103250028
4.241702349299
4.246302620351
4.250871018220
4.255392310243
4.259879184521
4.264346728431
4.268791939565
4.273220110321
4.277582662331
4.281909391374
4.286267361936
4.290628017592
4.294944666908
4.299148065887
4.303316667885
4.307580981662
4.311865245595
4.316115964905
4.320325218869
4.324518410927
4.328792937818
4.333124183380
4.337479831086
4.341850780559
4.346185976504
4.350544711126
4.355004357414
4.359362100227
4.363710506492
4.368133873932
4.372423661722
4.376910718818
4.381122893224
4.385396991476
4.389759417645
4.394101541576
4.398426741600
4.402746057531
4.406943469161
4.411254865298
4.415565741292
4.419861623270
4.424189711469
4.428561592119
4.432939413248
4.437273679709
4.441799286955
4.446157032830
4.450483646040
4.454769449301
4.459105854510
4.463504246591
4.467850784215
4.472217970173
4.476661370359
4.481079466764
4.485364170633
4.489835499621
4.494297705898
4.498472293764
4.502852890497
4.507212510001
4.511727187538
4.516208722588
4.520582311158
4.524816027657
4.529181705831
4.533608323525
4.537847679352
4.587673356309
4.591748868436
4.595313274201
4.599487488015
4.604003720525
4.608868501524
4.613843093745
4.618940572371
4.624081656772
4.629336693331
4.634589022042
4.639889852846
4.645197580417
4.650503638498
4.655763636774
4.661015898714
4.666245867922
4.671459905561
4.676657720537
4.681809760237
4.686978402388
4.692087250765
4.697148774701
4.702178651801
4.707113975695
4.712010527555
4.716873341529
4.721718995187
4.726553222777
4.731379569567
4.736131697192
4.740790519884
4.745366781366
4.749901010588
4.754432023396
4.758825486294
4.763212666796
4.767673017896
4.771895359808
4.776084933377
4.780351591313
4.784549767212
4.788681471330
4.792858066576
4.797061341113
4.801306652574
4.805504363028
4.809780320399
4.814076218978
4.818257646717
4.822628890610
4.826949389538
4.831216359310
4.835315354135
4.839416237077
4.843637114504
4.847858311721
4.852062690028
4.856233596196
4.860381818181
4.864656642176
4.868962571543
4.873264028766
4.877464586450
4.881836713299
4.886058304030
4.890350997851
4.894745844665
4.898932407891
4.903239674037
4.907707715790
4.911924320243
5.028711527894
5.032706954596
5.036662389897
5.040530446120
5.044345753251
5.132605182894
5.141411476910
5.156032748006
5.160975451831
5.165896680260
5.170399985476
5.174864522668
5.179442659759
5.183954952785
5.188569188177
5.193165187731
5.197735098990
5.202435692809
5.207118911868
5.211801577700
5.216543341675
5.221267032978
5.225965533987
5.230675401133
5.235388503430
5.240074394602
5.244737269707
5.249391995739
5.254028080024
5.258630907646
5.263215093480
5.267821877901
5.272582786505
5.277401153360
5.282027328352
5.286742814157
5.291598014866
5.296303792800
5.300974867628
5.305614688914
5.310242649638
5.314956583334
5.319711914332
5.324427981124
5.329066052428
5.333720756084
5.338387272450
5.343050884975
5.347504679357
5.351870291459
5.355850235813
5.362735446808
5.369737859686
5.376669959642
5.383604099705
5.390633958978
5.397566758741
5.404751692458
5.415840563209
5.420025553630
5.422896751148
5.426125960417
5.429586018361
5.432894048020
5.436350825005
5.439761435166
5.443264368778
5.446757282936
5.450340396790
5.453893646390
5.457556115881
5.461319986044
5.465170332177
5.469124461953
5.473231056488
5.477375028641
5.481666177843
5.486032821490
5.490681528094
5.495433180811
5.500254018312
5.505235513216
5.510446747018
5.515766704535
5.521274704798
5.526879842847
5.532515725278
5.538333355614
5.544199563795
5.550117400765
5.556174556884
5.562268038816
5.568370343815
5.574342389346
5.580378342401
5.586406001734
5.592436769520
5.598417451332
5.604489144841
5.610409081835
5.616337217339
5.622268195358
5.628127415694
5.633913382682
5.639928184680
5.645843476332
5.651711737707
5.657433119357
5.663298961760
5.669193545441
5.674957132090
5.679670496678
5.685618492866
5.691421550823
5.697399218721
5.703482674654
5.709494271501
5.715567490603
5.721526546458
5.727441994060
5.733443267263
5.739399485414
5.745410248410
5.751297571720
5.757097221407
5.763122685042
5.768640749011
5.774610476316
5.780627435100
5.786402927151
5.792172880851
5.798050729694
5.803780471981
5.809689796616
5.815548040044
5.821395200670
5.827291728311
5.833167162720
5.838597817282
5.844084069138
6.167411555507
6.171176002601
6.175069918852
6.179564320348
6.184327746874
6.188996044582
6.193672837507
6.198314840956
6.202935831728
6.207556819086
6.212164385692
6.216753534166
6.221350115777
6.225948219972
6.230568584124
6.235193052383
6.239843719567
6.244509344520
6.249189053514
6.253877770358
6.258591687394
6.263304354868
6.268027620390
6.272748092980
6.277463654958
6.282171256159
6.286853057705
6.291510734981
6.296141687305
6.300728790319
6.305277581562
6.309822862542
6.314382432226
6.318939295241
6.323533833662
6.328085562201
6.332627131195
6.337094619679
6.341524472355
6.345933667210
6.350336473159
6.354651949335
6.358907620696
6.363200726839
6.367559445294
6.371946971727
6.376354615997
6.380765514713
6.385237712204
6.389795338292
6.394358179743
6.398879549314
6.403381424190
6.407885820174
6.412304411027
6.416701083432
6.420886477906
6.425300364897
6.429702653728
6.433995984507
6.438254338898
6.442507482608
6.446763511968
6.451031548391
6.455305033327
6.459564379508
6.463809925612
6.468055992991
6.472270351428
6.476455129410
6.480655300692
6.484851356118
6.489033865987
6.493265754314
6.497548660538
6.501848584327
6.506175604722
6.510530105714
6.514899297515
6.519176973711
6.523391658129
6.527629631065
6.531833842423
6.536031543557
6.540248819236
6.544478294427
6.548705129975
6.552951787237
6.557159600979
6.561371182247
6.565519347700
6.569817301369
6.573883762389
6.578140861466
6.582395945531
6.586841442374
6.591117541960
6.595417666240
6.599758776897
6.604111124359
6.608395856656
6.612661737140
6.616960270669
6.621370169729
6.625748391623
6.630057846702
6.634307669257
6.638460740107
6.642568793578
6.646726546619
6.650992205137
6.679854514281
6.682454480172
6.685679917425
6.688459436659
6.691269716258
6.694090553967
6.696917188791
6.699841759265
6.702787474705
6.705704715676
6.708631309384
6.711560286766
6.714471296570
6.717373588630
6.720253210479
6.723144628240
6.726040333514
6.728941625575
6.731807285746
6.734694831372
6.737565228973
6.740423017025
6.743274481630
6.746161608836
6.749026507803
6.751891924812
6.754742618604
6.757613381230
6.760475810515
6.763349449394
6.766252586376
6.769141050351
6.772053591597
6.774971045385
6.777905654615
6.780869385344
6.783813140008
6.786777095749
6.789770374040
6.792789545362
6.795880360976
6.798985487952
6.802181276328
6.805673208076
6.809119244427
6.812749596993
6.816426912387
6.820264637274
6.824188832929
6.828268684010
6.832496972941
6.836804522911
6.841319659207
6.845924685520
6.850631077328
6.855384520476
6.860216080028
6.865281459561
6.870350300821
6.875576149738
6.880854406789
6.886177416094
6.891661807114
6.897174661062
6.902655065054
6.908328942150
6.914065733044
6.919757080134
6.925506180817
6.931128421252
6.936672852692
6.942152481547
6.947817272456
6.953617974075
6.959109339518
6.964878574151
6.970622435562
6.976290059154
6.981854030740
6.987597681166
6.993394726932
6.998938674224
7.004626069891
7.010287015237
7.015817925021
7.021565882924
7.027266178672
7.032765347254
7.038386633580
7.043920814961
7.049582550058
7.055126560214
7.060833149892
7.066369579721
7.071891186085
7.077914101806
7.083654631913
7.089282412195
7.095200803451
7.100814527931
7.106356020781
7.112016138410
7.117829996129
7.123591339400
7.129086900115
7.134991801741
7.140547535864
7.146054903936
7.151824772022
7.157633335036
7.163059623954
7.168985861789
7.174905360348
7.180264014257
7.185966599725
7.192100907489
7.197568770635
7.765702685733
7.770998200217
7.774559552935
7.778709018503
7.783030959772
7.787409298371
7.791816598908
7.796231770431
7.800720686176
7.805243393164
7.809796422834
7.814385143796
7.818945270217
7.823486183028
7.827968919764
7.832429780835
7.836691167589
7.840694581075
7.844728054957
7.848661167075
7.852566774251
7.856518347918
7.860805485198
7.865225573248
7.869563539555
7.873383701981
7.877312688735
7.881232879296
7.885575370901
7.889987855335
7.894647986753
7.899191276676
7.903698465895
7.908184986701
7.912595223649
7.916852483961
7.921067845520
7.925462934615
7.929870615695
7.934312677939
8.178043289285
8.181016152928
8.185042091606
8.188244259780
8.191767561519
8.195044011684
8.198886238741
8.202725619938
8.206674547285
8.210671908188
8.214735692200
8.218844776322
8.223002030763
8.227196152857
8.231399401958
8.235660670364
8.239882687400
8.244208080445
8.248535995815
8.252844881650
8.257159490499
8.261474715917
8.265788500383
8.270095090311
8.274433578290
8.278706502501
8.283001874117
8.287306959075
8.291602317961
8.295849011924
8.300093967659
8.304338365693
8.308572242034
8.312795447132
8.316990408673
8.321137706042
8.325260658006
8.329336379202
8.333357006837
8.337332842270
8.341353715422
8.345381681780
8.349400638077
8.353369120041
8.357251297671
8.361118630250
8.364973331992
8.368789007070
8.372561921487
8.376290632670
8.380061169717
8.383844227589
8.387573308670
8.391206276291
8.394799935739
8.398384922371
8.401938053492
8.405511424045
8.409032804226
8.412555240946
8.416138887944
8.419692973052
8.423219936644
8.426738542564
8.430222158477
8.433682391049
8.437160854940
8.440629682898
8.444012847474
8.447392467576
8.450774233578
8.454058117030
8.457422577998
8.460587919125
8.463410148045
8.466288061498
8.469526600180
8.472664712519
8.475849690039
8.478917315559
8.482035405531
8.484921640084
8.487886303440
8.490714646918
8.493756657581
8.496665667072
8.499639880014
8.502656986123
8.505438978511
8.508585862928
8.511760424051
8.514944630738
8.518005317540
8.521018625982
8.526572718628
8.529679493483
8.532764811273
8.535905888307
8.538868393824
8.541661601679
8.544324458302
8.547297409382
8.550287113975
8.553478873605
8.556652902729
8.560275859660
8.563493909171
8.567434669929
8.570540789716
8.573586157027
8.576760334343
8.579775420869
8.582990644746
8.585648560332
8.589049012662
8.592561846614
8.595794463095
8.599047650975
8.602122420801
8.604899122113
8.608095668847
8.610541291841
8.613550797034
8.616752197528
8.748695262139
8.753382313960
8.758109412101
8.763127348429
8.767636186131
8.772244517945
8.776788429609
8.781315908142
8.785873352158
8.790399463592
8.794951436789
8.799510162646
8.804032692317
8.808571036291
8.813099134417
8.817599111830
8.822096346711
8.826553057980
8.830970222117
8.835372101946
8.839743959831
8.844120720563
8.848460085566
8.852664107736
8.856897528314
8.861134693555
8.865325803646
8.869544785625
8.873878601016
8.878259849385
8.882642943853
8.887041364779
8.891385720635
8.895690217199
8.900008266232
8.904373295705
8.908753652049
8.913106274632
8.917402771490
8.921780688390
8.926157567218
8.930578562643
8.935022445374
8.939433175430
8.943820274957
8.948242529519
8.952653439305
8.957090049915
8.961517646620
8.965960841144
8.970405304009
8.974861464918
8.979339766203
8.983691322129
8.988143144513
8.992425089069
8.996888207893
9.001290815491
9.005653867305
9.009990744353
9.014422999688
9.018833640278
9.023253337592
9.027591993314
9.032033836834
9.036487054930
9.040921568918
9.045379367348
9.049813029749
9.054275701321
9.108299947544
9.112652315842
9.117068910921
9.121137292033
9.125358896128
9.129777266614
9.134262316886
9.138761672996
9.143265405638
9.147778263888
9.152285209329
9.156836191798
9.161414082061
9.165986442739
9.170581555164
9.175216275459
9.179896368124
9.184604536932
9.189341384256
9.194079999635
9.198806410774
9.203535397808
9.208230088349
9.212941138635
9.217638309533
9.222322710139
9.226990156533
9.231644304290
9.236272398775
9.240892206643
9.245483778206
9.250048922865
9.254584979512
9.259095600344
9.263515998417
9.267869569124
9.272164915504
9.276493220567
9.280788649693
9.284942541194
9.289004102618
9.293095924464
9.297291179164
9.301465606495
9.305601031293
9.309849633074
9.314289792148
9.318768626315
9.323095133471
9.327394722513
9.331759377015
9.336125688600
9.340255119724
9.344569652418
9.348683958202
9.352796672564
9.357201582825
9.361661162319
9.366177373072
9.486067277836
9.490480274615
9.494595475545
9.498813351443
9.503460714246
9.507615066677
9.511900885112
9.516193854831
9.520424569388
9.524682833076
9.529010702495
9.533418617412
9.537855048076
9.542315307595
9.546863287122
9.551421551752
9.555961936140
9.560540270400
9.565163134502
9.569799173777
9.574428435747
9.579150962967
9.584023958696
9.589080418035
9.593876549732
9.598437037006
9.602958766383
9.607444413515
9.611887111437
9.615758638998
9.620420898754
9.624793551805
9.629571126414
9.634183916465
9.638039503405
9.642472434922
9.646765521184
9.651042357239
9.655599234993
9.659980322102
9.664537116773
9.803856534630
9.808527827999
9.812798206260
9.817216183178
9.821501336267
9.825800553873
9.830279506078
9.834847618276
9.839434801644
9.844069775240
9.848739922479
9.853355850214
9.857939700417
9.862495113138
9.867084841978
9.871705362270
9.876362722027
9.881038173699
9.885746177756
9.890476285403
9.895235347312
9.900011060960
9.904784544122
9.909570296326
9.914366628341
9.919163671562
9.923955594309
9.928749619195
9.933549463445
9.938364529938
9.943194148080
9.948027818920
9.952874514160
9.957719078368
9.962538728855
9.967362188999
9.972174370109
9.976967738572
9.981749755793
9.986526630111
9.991294708930
9.996048996141
10.000773794005
10.005460576932
10.010131376933
10.014802124677
10.019454820730
10.024095806127
10.028706065536
10.033318740259
10.037911019230
10.042481406038
10.047038338099
10.051592105557
10.056116586046
10.060599066324
10.065028166305
10.069446136571
10.073853812377
10.078259538758
10.082611896344
10.086909459252
10.091155276453
10.095366250319
10.099580043134
10.103796702458
10.107934801134
10.112019775882
10.116159954775
10.120296301077
10.124381569443
10.128293340771
10.132269458651
10.136298997545
10.140338321217
10.144390520244
10.148548676601
10.152773531699
10.156937895998
10.161128943896
10.165340556402
10.169525427218
10.173624341453
10.177802860194
10.182135564390
10.186598298917
10.190908158917
10.195147716497
10.199385916980
10.203682001845
10.207985546816
10.212210603517
10.216434756558
10.220608148835
10.224763389922
10.228936582526
10.233035714033
10.237310350800
10.241580272044
10.245787391732
10.249958431023
10.254228661400
10.258474505701
10.262588389056
10.266696781414
10.270839199637
10.274979950310
10.279029748276
10.283010659680
10.287106574934
10.291196953801
10.295343360881
10.299351597795
10.303462098630
10.307616699092
10.402482130845
10.407586325743
10.412013425653
10.416711039182
10.421350540744
10.426039524683
10.430660425797
10.435316218634
10.439945749337
10.444499806475
10.449301767135
10.453840290860
10.458474961144
10.463085599629
10.467640650859
10.472225468437
10.476801788430
10.481328099673
10.485935945987
10.490510323018
10.495092310316
10.499695206086
10.504288029338
10.508874606162
10.513495845702
10.518027270543
10.522640926698
10.527206636680
10.531687931465
10.536175210288
10.540627607975
10.545050601197
10.549426719840
10.553803328327
10.558132191660
10.562406807421
10.566666237090
10.570892886112
10.575095312249
10.579268560586
10.583395771373
10.587514787019
10.591609857882
10.595684634094
10.599704398006
10.603639760367
10.607503318947
10.611432000134
10.615354988439
10.619165518588
10.622922621849
10.626678120907
10.630409093280
10.634086251528
10.637769964973
10.641264204339
10.644712324088
10.648126132067
10.651504564816
10.654948130213
10.658287940213
10.661687543752
10.664827902044
10.668080358879
10.671102764901
10.674120575431
10.677249255252
10.680509691825
10.683556488102
10.686620074791
10.689692736281
10.692500775048
10.695386486551
10.698236472126
10.701093780572
10.704053923469
10.706982850240
10.709784243892
10.712661543042
10.715565571911
10.718493939745
10.720996649209
10.723632703062
10.726542290390
10.729065117666
10.731897224876
10.734949019126
10.737869932602
10.740863845036
10.743769781486
10.746624384632
10.749435909942
10.752268031493
10.755204899476
10.758052541970
10.760926686671
10.763425332545
10.766265556608
10.769151907909
10.772079677586
10.774732027048
10.777062865394
10.780244272532
10.783460197684
10.786040059871
10.788901553256
10.791682236004
10.794546333219
10.797360422695
10.800279317989
10.803206993150
10.806086749561
10.808915540571
10.811869959036
10.814571494731
10.817429091068
10.820310868073
10.823236820923
10.826143227606
10.829051632854
10.831860655498
10.834753874383
10.837638655851
10.840473188952
10.843687156147
10.862492195519
10.871159675383
10.879395934826
10.887537279414
10.895930783591
10.904364019445
10.912740330798
10.921383633485
11.785542009411
11.793752466601
11.798222908710
11.801725834141
11.805438755332
11.809444587154
11.813550859767
11.817752608411
11.822003225845
11.826253033059
11.830525433221
11.834827575332
11.839154383440
11.843500288172
11.847869456074
11.852231479937
11.856626903587
11.861020546346
11.865397972159
11.869791582816
11.874179049730
11.878561771175
11.882959817288
11.887354912432
11.891755842211
11.896164973481
11.900579541396
11.904987477117
11.909391634719
11.913789818117
11.918183174274
11.922566447851
11.926922835500
11.931278251758
11.935628163938
11.939977513357
11.944315120248
11.948640181992
11.952968179560
11.957277292960
11.961565831898
11.965841050647
11.970123924324
11.974397143704
11.978638910726
11.982874862892
11.987112660992
11.991347804021
11.995583447792
11.999807073842
12.004017892524
12.008210470328
12.012391535949
12.016577348489
12.020761493993
12.024947245076
12.029121984976
12.033299774694
12.037485377237
12.041647990984
12.045786559416
12.049916689446
12.054041856071
12.058164617553
12.062286569015
12.066400153075
12.070503801634
12.074603426500
12.078697941127
12.082749359628
12.086772020000
12.090789500955
12.094820823970
12.098854967302
12.102874102078
12.106900130343
12.110938047997
12.114975919901
12.118983970641
12.122967622845
12.126945074176
12.130917079570
12.134878802045
12.138836930168
12.142799271419
12.146758320303
12.150705060619
12.154633254582
12.158540069449
12.162444410473
12.166338107835
12.170202278448
12.174051770139
12.177894738301
12.181761919389
12.185616505562
12.189474128308
12.193338747137
12.197185301823
12.201004661044
12.204819470778
12.208639661556
12.212465716045
12.216289625589
12.220114500547
12.223937031521
12.227742891220
12.231557977293
12.235378858489
12.239230357902
12.243102421128
12.246975485160
12.250864571552
12.254732545686
12.258630655404
12.262543834230
12.266534139559
12.270579722475
12.274610231390
12.278637267176
12.282633635817
12.286635463783
12.290591720103
12.294513822962
12.298488793810
12.302405371948
12.306205731443
12.310145422899
12.314266321638
12.318172421681
12.322143877995
12.326095504816
12.329949425303
12.333950293066
12.337880930692
12.341784540886
12.345771619560
12.349612882250
12.353605220229
12.357489193171
12.361352681340
12.364847381335
12.368841152951
12.549260529380
12.554124648271
12.558985162070
12.563554663791
12.568106460080
12.573018065879
12.577488854727
12.582259203283
12.587004131978
12.591752392664
12.596538867646
12.601366054150
12.606191673667
12.611008619722
12.615848642253
12.620696690672
12.625581705351
12.630494568879
12.635420589189
12.640358572479
12.645282771456
12.650190852094
12.655102167509
12.660012092849
12.664927026925
12.669866507637
12.674790667738
12.679727892007
12.684631240504
12.689544283605
12.694450426927
12.699359226419
12.704260610133
12.709181238707
12.714089306013
12.719013617054
12.723932422525
12.728860967310
12.733794263148
12.738721010278
12.743655958322
12.748584456283
12.753516614335
12.758458264687
12.763399489274
12.768374874482
12.773357350051
12.778360598618
12.783341951331
12.788306877353
12.793219162312
12.798161924971
12.803095097241
12.808062580665
12.813105581853
12.818137853256
12.823091851978
12.828110749559
12.833062473346
12.838036989263
12.842940753459
12.847904615456
12.852910305340
12.857876469500
12.862781784585
12.867666521822
12.872494152315
12.877452205262
12.882355141114
12.887357022650
12.892424203582
12.897417781650
12.902142793566
12.906456834082
12.910005530538
12.914244746286
12.917773636353
12.921672935783
12.925715750365
12.929774343425
12.933847667904
12.937970958139
12.942119753320
12.946285358666
12.950467967123
12.954680956152
12.958907117501
12.963183821750
12.967476473986
12.971778063334
12.976018167858
12.980236201064
12.984402090691
12.988481029636
12.992511085052
12.996508439666
13.000432584848
13.004336287238
13.008243418217
13.012383966447
13.016661158484
13.020923465422
13.025080465711
13.029073287699
13.033002377015
13.036946844645
13.041044087079
13.045240831503
13.049492807137
13.053750949526
13.058000941573
13.062230302052
13.066459201830
13.070663796579
13.074938398126
13.079233577520
13.083574224238
13.087801876096
13.092001560621
13.096130407591
13.100315803170
13.104516966957
13.108791535718
13.112979532210
13.117264392320
13.121199174560
13.125470079510
13.129421081302
13.133407193567
13.137631272424
13.141694969474
13.145771915071
13.149969260259
13.154049209009
13.158006665914
13.162271625431
13.166564234532
13.509783227403
13.514514424948
13.519608946093
13.524543477676
13.529585038263
13.534533133162
13.539518481229
13.544507422534
13.549442141659
13.554421098091
13.559418671148
13.564412416589
13.569384724123
13.574508290150
13.579529655627
13.584566965975
13.589595846925
13.594594074991
13.599617800941
13.604652896597
13.609668200844
13.614660452521
13.619627453473
13.624664432027
13.629661932498
13.634770684013
13.639835498793
13.644888056161
13.650107696011
13.654945771376
13.660001988332
13.816945037365
13.825861336365
13.830239590034
13.834271909421
13.838511932075
13.842943154580
13.847544806556
13.852159835897
13.856827152248
13.861485756881
13.866137206949
13.870821884354
13.875543094499
13.880260542212
13.884791817137
13.889389803641
13.894084348558
13.898814471283
13.903564206142
13.908315600544
13.913093744622
13.917886594083
13.922710684111
13.927513581257
13.932323252583
13.937099113714
13.941872960073
13.946618331267
13.951364504994
13.956064638241
13.960761499236
13.965433649112
13.970081769774
13.974727451229
13.979345212332
13.983966114217
13.988537602644
13.993102545140
13.997641322826
14.002167423264
14.006648505794
14.011086728216
14.015525559303
14.019949682938
14.024307124631
14.028629669318
14.032945064373
14.037136021129
14.041367814959
14.045620840067
14.049739912875
14.053864401176
14.057962928071
14.062102611265
14.066228247859
14.070298454140
14.074308110603
14.078293812335
14.082267632789
14.086239172270
14.090203915748
14.094096698331
14.097944754957
14.101803512914
14.105605459661
14.109346734812
14.113138484537
14.116777691321
14.120502820137
14.124102855539
14.127730175690
14.131282499293
14.134842896491
14.138338436146
14.141828473302
14.145298854875
14.148752673522
14.152134975238
14.155553350078
14.158935615404
14.162328497956
14.165683450757
14.169098028022
14.172444976833
14.175929470149
14.179311770643
14.182880735687
14.186324083870
14.189836902319
14.193284051139
14.196709573238
14.200080740090
14.203446460215
14.206975976944
14.210404595287
14.213825768150
14.217405359175
14.220781356800
14.224421694514
14.228028913461
14.231517963076
14.234963215675
14.238309807590
14.241660848635
14.245115612179
14.248539387166
14.251919167929
14.255291627798
14.258686683816
14.262492813425
14.265868732825
14.269484561077
14.273175184929
14.276484948005
14.279780380957
14.283113505071
14.433990500439
14.436104571696
14.438257037436
14.440573051201
14.442879567671
14.449736342776
14.451955495650
14.453951646459
14.456027576345
14.457942447242
14.459915750468
14.461801330800
14.463525555008
14.554685940161
14.559807318974
14.564650698452
14.569535439433
14.574351943239
14.579207611393
14.583937634391
14.588739096503
14.593516887363
14.598254283143
14.602975951120
14.607742117947
14.612467686728
14.617204122882
14.621994302039
14.626803825238
14.631600727433
14.636280056444
14.640870206751
14.645656161798
14.650452463747
14.655223811761
14.659911250457
14.664701324265
14.669386176308
14.674085440723
14.678812143999
14.683528403393
14.688329385158
14.693094038465
14.697936299336
14.702714451281
14.707460366892
14.712297422741
14.717173057336
14.721927589472
14.726669645361
14.731445612920
14.736286824571
14.741053670127
14.745820621836
14.750605476649
14.809048569775
14.813682931496
14.818561363794
14.823654592662
14.828824034934
14.833899042428
14.839200058250
14.844533632382
14.850106700605
14.855574286498
14.861320437947
14.867102684137
14.872768171670
14.878337633124
14.883111561585
14.888090226043
14.893046515681
14.898057485716
14.903005504242
14.907922533340
14.912830658384
14.917758796066
14.922646425461
14.927583300915
14.932594322031
14.937649377187
14.942702195951
14.947835098325
14.952775919535
14.957600942357
14.962324311435
14.966946473884
14.971516904657
14.976088572172
14.980643610684
14.985191206857
14.989701343130
14.994221123898
14.998754327887
15.003252955220
15.007707587279
15.012146443252
15.016590868019
15.021065442938
15.025557024876
15.030038874273
15.034518107999
15.038978145363
15.043445003252
15.047897751284
15.052311717929
15.056702144111
15.061083089153
15.065476864491
15.069886435554
15.074288182174
15.078670457444
15.083058001565
15.087451932366
15.091827422027
15.096193896657
15.100565781813
15.104930507530
15.109291762922
15.113642050072
15.117957833509
15.122280400028
15.126675846724
15.131116037592
15.135594539372
15.140077924132
15.144585338605
15.149100256510
15.153581193606
15.157982088206
15.162307223263
15.166634316728
15.170894181825
15.175200982425
15.179569056009
15.183913046041
15.188255091407
15.192578244054
15.196909991511
15.201237735477
15.205642372503
15.210015007073
15.214431526632
15.218836078171
15.223200165707
15.227522493355
15.231986715501
15.236361741779
15.240759444721
15.245122803486
15.249511044110
15.253798289192
15.257882637279
15.262529977854
15.266344284711
15.271520793905
15.276126302120
15.280579745961
15.285454718121
15.289539285643
15.294133015093
15.298733009681
15.303082796940
15.307666994122
15.311844927764
15.316192022548
15.320372483445
15.324727838975
15.637308613042
15.640907676378
15.644853612656
15.648951359318
15.653303866791
15.657807022795
15.662256290540
15.666773862745
15.671270713045
15.675815101096
15.680350586033
15.684904538398
15.689487198851
15.694093401827
15.698720043761
15.703340008663
15.707993348786
15.712649527432
15.717309604278
15.721989000224
15.726652209043
15.731303612436
15.735963758802
15.740558722701
15.745166523025
15.749719861355
15.754276305365
15.758794835485
15.763281874758
15.767741285550
15.772148374322
15.776543578022
15.780913411416
15.785233235944
15.789541724882
15.793811305506
15.798036107619
15.802249362068
15.806429848973
15.810613707368
15.814760917585
15.818846238610
15.822957309446
15.827035252661
15.831029294159
15.834945211494
15.838897728289
15.842886862108
15.846812244626
15.850645156484
15.854415353751
15.858226068199
15.861995331917
15.865697526126
15.869427862246
15.873229106216
15.876328896672
15.880010142818
15.883445229370
15.886925053725
15.890496922325
15.893782015350
15.897271234651
15.900647183725
15.903974460464
15.907353899800
15.910302045777
15.913687464978
15.916541925987
15.919565665086
15.922722251302
15.925955507001
15.929011834743
15.932139222812
15.935238449325
15.938418849687
15.941245145599
15.944235269418
15.947203790734
15.950196633301
15.953270383303
15.956423195953
15.959449824956
15.962373247027
15.965455166843
15.968740517845
15.971384822126
15.975126875762
15.981438925608
15.984603598946
15.987676953273
15.990920600094
15.994049806787
15.996888556688
15.999927099680
16.002991478837
16.006061655752
16.009198107225
16.012494887148
16.015540494645
16.018791924813
16.021791913170
16.024480397047
16.027339145108
16.030800243112
16.034153799753
16.037048877986
16.040284235058
16.043162343437
16.045901324690
16.049117537990
16.052500886587
16.055702153896
16.058670499637
16.061805722868
16.065120291732
16.658725033593
16.663794258246
16.668687826159
16.673536281426
16.678379316155
16.683208199876
16.687986053877
16.692761572300
16.697509905287
16.702267939240
16.706990888037
16.711716897259
16.716429683350
16.721145699331
16.725862542231
16.730585186950
16.735306054009
16.740025339638
16.744766658458
16.749484950142
16.754213701222
16.758952005610
16.763685516850
16.768426568604
16.773163146196
16.777901729872
16.782661540404
16.787444622154
16.792274617606
16.797105478384
16.801841472038
16.806560110144
16.811349736002
16.816132268999
16.820954641470
16.825814125902
16.830695781637
16.835655254838
16.840646853299
16.845756158398
16.850813487639
16.855851001620
16.860776400265
16.866480533423
16.871401475567
16.876059822508
16.880858117580
16.885680595406
16.891010799954
16.896199805338
16.902025274646
16.906954206202
16.911921506032
16.916727286863
16.921503243888
16.926283494187
16.930956061191
16.935610423366
16.940261510875
16.944882167036
16.949479198437
16.954082640230
16.958691027911
16.963314825831
16.967946660279
16.972565886589
16.977204399116
16.981820814380
16.986336299752
16.990819948365
16.995452291176
17.000105370673
17.004716778761
17.009324396754
17.013919374698
17.018506573038
17.023079131828
17.027609245646
17.032107779396
17.036589835339
17.041007166838
17.045416701254
17.049808422823
17.054196270808
17.058561130728
17.062885232913
17.067168586780
17.071425202888
17.075647150785
17.079872473135
17.084105112345
17.088308469312
17.092446197315
17.096590937430
17.100756303005
17.104920898959
17.109043655778
17.113073988671
17.117062550991
17.121082465962
17.125127996985
17.129180807205
17.133223059230
17.137236058076
17.141197242767
17.145193133759
17.149379156912
17.153650590873
17.157884407933
17.162064046793
17.166132658657
17.170325269251
17.174680931634
17.179321496833
17.183823963893
17.188181027268
17.192642476770
17.197141132766
17.201677685396
17.205902533949
17.214261854012
17.218701939915
17.222994224243
17.227411164572
17.231357888623
17.235325379892
17.239397267232
17.243458025407
17.247510201509
17.251544011057
17.255556177415
17.259582804634
17.263606718669
17.267628984898
17.271667859874
17.275708941177
17.279738813394
17.283775473618
17.287824046318
17.291873182779
17.295921567202
17.299976311044
17.304042586280
17.308111422481
17.312181956973
17.316251243529
17.320320309608
17.324387716215
17.328458177070
17.332525305196
17.336589006077
17.340647294774
17.344700623127
17.348746749288
17.352780441219
17.356803149947
17.360825216498
17.364834297706
17.368848258337
17.372844525492
17.376842604506
17.380845932195
17.384843407939
17.388849609611
17.392859192447
17.396886080807
17.400923760939
17.404986419182
17.409097481407
17.413226168547
17.417365351199
17.421708705832
17.425383968288
17.438182336272
17.446421394836
17.454480469067
17.520434578837
17.525786920748
17.531318677739
17.536693773732
17.541781291403
17.546803079115
17.551707707627
17.556681009848
17.561639709298
17.566582180270
17.571545075324
17.576570507122
17.581551362857
17.586564862402
17.591608122504
17.596560150317
17.601620462556
17.606703713103
17.611827635560
17.616958274369
17.621958413919
17.626895587492
17.631968101813
17.637061120424
17.642305725856
17.647405396427
17.652367675365
17.657353529699
17.662450115081
17.667494547410
17.672381356404
17.677389081764
17.682332726036
17.687635953737
17.692694745075
17.776421337462
17.782452552438
17.787601146900
17.792963984660
17.797245598959
17.801430372411
17.805838441450
17.810380355850
17.814937692953
17.819511624807
17.824061854180
17.828612942504
17.833192159192
17.837783447361
17.842357231372
17.846993348025
17.851663377939
17.856351815938
17.861043603959
17.865743961863
17.870435668118
17.875141502632
17.879840495237
17.884548586572
17.889256768203
17.893977409436
17.898697684546
17.903411005702
17.908124643425
17.912833610290
17.917531573717
17.922222695918
17.926918294626
17.931616534505
17.936301840982
17.940964500036
17.945623956621
17.950276072587
17.954908735496
17.959505409492
17.964082417074
17.968656585769
17.973225967255
17.977770528439
17.982304006258
17.986805507726
17.991286272490
17.995742209318
18.000183370625
18.004606602210
18.009030334861
18.013448360984
18.017859575227
18.022285736799
18.026704842428
18.031168485340
18.035716949758
18.040284257981
18.044675807257
18.049089928106
18.053505599410
18.057904242307
18.062336817326
18.066751017142
18.071209803981
18.075659635820
18.080143559904
18.084622156846
18.089088099203
18.093567244239
18.098004948505
18.102493889462
18.106946602328
18.111353936542
18.115815232493
18.120271084439
18.124785351623
18.129307666277
18.133887094690
18.138430773809
18.142993219948
18.147495150022
18.152172717732
18.156671376560
18.161122364097
18.165319617714
18.169479255914
18.173920240228
18.178427614174
18.182877068266
18.187290052985
18.191705701572
18.196374962682
18.200649475558
18.205359890650
18.209203325719
18.213078135735
18.217677137799
18.221991793405
18.226396806911
18.230045212986
18.234518230875
18.238886841835
18.243177307781
18.247272734899
18.251487734137
18.256078973947
18.260771255877
18.265561115531
18.270337443668
18.275187493898
18.280049148512
18.284941474520
18.289838033013
18.294741648932
18.299674604755
18.304636700529
18.309555107345
18.314502255771
18.319452368670
18.324393929661
18.329314368250
18.334219067276
18.339095715236
18.343966026964
18.348830470179
18.353710138890
18.358601037167
18.363471003277
18.368331580997
18.373177794383
18.377999338961
18.382831647016
18.387639218189
18.392370405668
18.397103813399
18.401753456577
18.406396218831
18.411035276417
18.415718186145
18.420386405510
18.425123034967
18.429900019219
18.434721252939
18.439520336866
18.444346397775
18.449191115276
18.454080639548
18.459041805117
18.464018089384
18.468981701958
18.473964085130
18.478905323913
18.483905091654
18.488960072634
18.494009411085
18.499131982583
18.504193071205
18.509157253311
18.514126373303
18.519028664372
18.523916517082
18.528759356985
18.533610897546
18.538503602363
18.543430406447
18.548447945256
18.553523691218
18.558626095868
18.563731015707
18.568853666214
18.573982843727
18.579096201878
18.584177057610
18.589256847955
18.594299904932
18.599300262979
18.604321167159
18.609267654585
18.614177146461
18.619092721236
18.623949484095
18.628762916148
18.633568492961
18.638346919573
18.643076209994
18.647781342202
18.652453705286
18.657097889705
18.661698978081
18.666250894548
18.670851484455
18.675567305480
18.680375419878
18.685180889154
18.690001428426
18.694803541964
18.699542924459
18.704252500495
18.708948353092
18.713727540963
18.718553317342
18.723435638600
18.728148605282
18.732882465518
18.737585545911
18.742231572633
18.746889937852
18.751463419523
18.755465623583
18.760274240417
18.765052719300
18.769737140243
18.774484008790
18.779613441909
18.784031167389
18.787588798194
18.791390425947
18.795158566344
18.798991378142
18.802770964619
18.806509683518
18.810241144334
18.813941828304
18.817648582531
18.821331193124
18.825036163124
18.828716964966
18.832393501630
18.836052931065
18.839703844275
18.843354138486
18.847001951708
18.850631600732
18.854249583905
18.857858862568
18.861449664009
18.865029250833
18.868593737930
18.872138238904
18.875677372549
18.879220853287
18.882754308972
18.886285937207
18.889807201097
18.893322486205
18.896818349304
18.900317223940
18.903820590278
18.907337181591
18.910845142765
18.914365209166
18.917898923228
18.921470093402
18.925137294796
18.928851046330
18.932459995847
18.935984221452
18.939526837262
18.943075793230
18.946677114220
18.950315545076
18.953832033982
18.957316593703
18.960866885367
18.964439738782
18.968017631707
18.971623880934
18.975200575935
18.978837411289
18.982503099713
18.986220096036
18.990054761559
18.993956967239
18.997935112227
19.001980125778
19.006142498227
19.010542924620
19.014958843814
19.019463181626
19.024149767509
19.028809606078
19.033499361823
19.038229449043
19.043010278431
19.047862222066
19.052730856604
19.057511271350
19.062295513155
19.067106311136
19.071936943511
19.076769484014
19.081555373297
19.086343079846
19.092131446472
19.096866008042
19.101508676515
19.106540025983
19.111240475339
19.116000299000
19.120966809352
19.125728789247
19.130290203539
19.134927863218
19.139785385313
19.144348937503
19.148656311895
19.159273410318
19.164081638579
19.168867525307
19.173527693695
19.178386962610
19.183191483232
19.187986154118
19.192806807046
19.197642028129
19.202344067885
19.207037096371
19.211846079087
19.215849485668
19.219058281280
19.222375635038
19.225267298587
19.228199045346
19.231667608738
19.235028162592
19.238448371084
19.241867254088
19.245299862674
19.248723352677
19.252165344826
19.255631178633
19.259077801611
19.262554578620
19.266056114045
19.269597356144
19.273194887386
19.276856940276
19.280508434337
19.284188721630
19.287935085898
19.291805553531
19.295767952542
19.299802126907
19.303971618613
19.308230140370
19.312663433396
19.317243985970

