Time_s
0.730545372605
0.739569791068
0.748645693291
0.757297382705
0.766241844941
0.775168408521
0.784063272653
0.792765143546
0.801302425825
0.809212595834
0.817416928017
0.825364782125
0.833189169262
0.840964916415
0.848626649296
0.856199307772
0.863738973318
0.871028894664
0.878437324047
0.885717548675
0.893016099714
0.900257009724
0.907409658125
0.914597275054
0.921765452591
0.929002807141
0.936208465917
0.943139531616
0.950444360807
0.957668965611
0.964560387881
0.971722236669
0.978991152680
0.986369311050
0.993691169415
1.001076165806
1.008391277809
1.015865115132
1.023251737003
1.030681464602
1.037671202350
1.045238899179
1.052683541278
1.060344403557
1.068221211497
1.075814371655
1.083898432270
1.092264525820
1.100076284289
1.108317713700
1.116718525970
1.124940825150
1.133240148468
1.141684279802
1.149997288633
1.158514949900
1.167065133447
1.175661381553
1.184310092959
1.193053188436
1.201848210225
1.210763381877
1.219729753133
1.228848722667
1.238219661565
1.247361644322
1.256760308475
1.266334393446
1.275745391583
1.285186350290
1.293987562918
1.303577569781
1.313085087980
1.322691626596
1.332201082942
1.341890164403
1.351488425596
1.361104026665
1.370815281783
1.380591941053
1.390297277736
1.400066447603
1.409847979233
1.419654630566
1.429556396452
1.439348943431
1.449207940348
1.459059021352
1.469046188801
1.478922227418
1.488863844954
1.498793954547
1.508677880104
1.518599386297
1.528456314951
1.538348434762
1.548245615566
1.558248426421
1.568272575481
1.578125686103
1.587982618977
1.597936179691
1.607845669948
1.617875298085
1.627724013456
1.637522253215
1.647541834384
1.657373949534
1.667121937979
1.677179801415
1.733399224715
1.742198413474
1.750626949254
1.759432545161
1.768209642990
1.777016251532
1.785783410373
1.794616887451
1.803475587406
1.812372390746
1.821211831819
1.830138854352
1.839002007264
1.847963430860
1.857038688344
1.866043142905
1.874983181119
1.883916288907
1.892899385028
1.901890242914
1.911017599082
1.920200398047
1.929595650783
1.939014502726
1.948437473963
1.957787918152
1.967343846431
1.977275990434
1.987129468238
1.997162942691
2.007024488123
2.016862552773
2.027569519849
2.036952688745
2.046160647507
2.054912484076
2.064820274570
2.074759096054
2.084790264167
2.094672128254
2.104826658840
2.114198640569
2.124541964446
2.134731512632
2.144616149883
2.154302782503
2.164942724344
2.197113623912
2.206382277941
2.215575375066
2.224870345382
2.234201766704
2.243651722116
2.253110355816
2.262588330034
2.272003806857
2.281274938517
2.290339418712
2.299272765393
2.308060390809
2.316484946296
2.324681294234
2.332746305246
2.340574377756
2.348239785858
2.355760102454
2.363327182815
2.370283682755
2.378139527617
2.385473774039
2.392781346734
2.400146931159
2.406868619156
2.413621641200
2.420179475215
2.427282993846
2.434174772448
2.440839833879
2.447810324161
2.453545142313
2.459909317015
2.467003919315
2.474024314886
2.480276397692
2.487480470284
2.494841603279
2.502100143633
2.509509230414
2.516303267982
2.523472903877
2.530694307403
2.538167388368
2.545461482443
2.552191027831
2.559021465659
2.565846467086
2.572824965378
2.578557273318
2.584883493909
3.096008504689
3.104398339810
3.112457442881
3.120429137843
3.128502583296
3.137073343316
3.145521189375
3.154084295209
3.162228354855
3.170681858602
3.178914498790
3.187235020001
3.195617218811
3.203961898550
3.212335978374
3.220727843822
3.229081087558
3.266927444450
3.275275551772
3.283647922558
3.291976517817
3.300407511759
3.308884141100
3.317282829228
3.325598216685
3.333803294790
3.342106712795
3.422467526432
3.429257994950
3.436862913038
3.444030543835
3.451731746982
3.459794533678
3.467952179129
3.475960891327
3.483953458763
3.491894522958
3.499813484760
3.507697659571
3.515520114678
3.523269422074
3.531364125002
3.538979191152
3.547110902134
3.555045491486
3.563194250237
3.571354309014
3.579612937889
3.587346101613
3.595876934699
3.604524317629
3.613553591675
3.622438829912
3.630941884877
3.639347980705
3.647443549674
3.655573510342
3.664211353070
3.750956038357
3.759410874891
3.767564576822
3.775086195921
3.898133675026
3.905657576084
3.914596802685
3.923438875310
3.932427310913
3.941405519175
3.950418254372
3.959408173763
3.968409024023
3.977361047386
3.986279347574
3.995160681445
4.003978664844
4.012727897721
4.021353503066
4.029907937808
4.038510657156
4.047017272447
4.055472604546
4.063548557029
4.091975106951
4.096623305191
4.100369914055
4.104615760402
4.108804537183
4.113925382575
4.117795637431
4.122063134247
4.126359962180
4.162004980887
4.170466430986
4.179095295426
4.187360197705
4.314901688420
4.325609075937
4.336513669881
4.415994417484
4.425176658830
4.434041837727
4.442894415636
4.451184108973
4.460010205432
4.468853969341
4.477906694694
4.486982283092
4.496222089150
4.505574652148
4.514967055029
4.524513511664
4.534265875452
4.544006917551
4.553984590247
4.563860158970
4.573957693832
4.583674526784
4.595178786770
4.644083444218
4.653436701708
4.661289463774
4.670056523520
4.680862725350
4.689795542709
4.698196390422
4.709500564462
4.720311070947
4.728923522651
4.738945882306
4.748068469805
4.756914321147
4.767279976157
4.777897166616
4.787723639961
4.797185020431
4.808747180050
4.817318690793
4.826181294144
5.676112806404
5.686106029249
5.695935210133
5.705295830458
5.714974727069
5.725803907901
5.734601741859
5.743204818411
5.751986126510
5.760543199858
5.769099354021
5.777643200135
5.786350606997
5.794827002533
5.803277884930
5.811683473598
5.819990500043
5.828232542746
5.836389351355
5.844377125123
5.852232088612
5.860268633651
5.868424567633
5.876671867744
5.885068919331
5.893670623719
5.901937763018
5.910053982390
5.918327600408
5.926588674885
5.934596064035
5.943026473898
5.951031698618
6.038261028565
6.046013386294
6.053440650307
6.060969913618
6.068312612554
6.086683597135
6.097351371634
6.105812388947
6.116022456996
6.125756221532
6.136098837740
6.146001094869
6.156246354621
6.166362148831
6.176681997969
6.187092133257
6.197542210262
6.207889859126
6.218176243519
6.228526468882
6.238818902404
6.249359668785
6.259892678704
6.270408276599
6.281015083187
6.291574773872
6.302130613785
6.312760776587
6.323426794448
6.334123673886
6.344914191099
6.355660295042
6.366364549351
6.377098770179
6.387819056077
6.398475807141
6.409170298039
6.419795247016
6.430397037487
6.440990231784
6.451627865855
6.462298946025
6.472969514917
6.483585639438
6.494243124353
6.504875404359
6.515495534474
6.526269655113
6.536837469085
6.572340931125
6.581254238662
6.590898146437
6.600129258335
6.609742132866
6.618413451266
6.628008667816
6.634272005365
6.637814979708
6.641211913955
6.644839017365
6.648493576280
6.652376020799
6.660592613371
6.664129157008
6.667591564642
6.671326272318
6.675067765396
6.679032806231
6.683497478548
6.687203477392
6.801453434194
6.808345299479
6.816114140470
6.823301592948
6.831652129496
6.838302078148
6.846004979498
6.853551552853
6.861531394932
6.868626201194
6.876539902057
6.883759763718
6.891842503720
6.899014889819
6.905880905528
6.913482497373
6.921538587307
6.928540739390
6.935585971274
6.943541439646
6.951470965484
8.074301506267
8.079421005530
8.085198067780
8.091551992928
8.098360197238
8.105000325384
8.148168509464
8.157942096718
8.167774541119
8.177734337197
8.187757603235
8.197824162054
8.207985320881
8.218213177159
8.228532337316
8.238911789651
8.249260803001
8.259604109773
8.269931847613
8.280270894018
8.290661633564
8.300937698037
8.311082049561
8.320917416520
8.330166240561
8.339179182352
8.347827566961
8.355660951236
8.363567305680
8.371107044579
8.378427397011
8.385590173993
8.392591454881
8.399788535258
8.406856156514
8.413854610132
8.420932418656
8.428097772556
8.435089482833
8.442247939676
8.449182909300
8.456449973021
8.463576553736
8.471061186029
8.478258168662
8.485544942343
8.492765054602
8.499755772455
8.506885456284
8.513840342560
8.520977878575
8.528017328895
8.535132836087
8.542767565852
8.559078480255
8.567972562531
8.577479837844
8.586869502088
8.596110974395
8.605647047666
8.614857505567
8.624274551246
8.633523195300
8.643096053305
8.652187330210
8.662219561249
8.672017335415
8.681886563306
8.691870323327
8.701734129000
8.711350716689
8.720749279764
8.729946097007
8.739196663354
8.748081003770
8.756893360633
8.765597387348
8.774172756598
8.782683307815
8.791185368363
8.799677877286
8.808031158315
8.816313291006
8.824659716029
8.833109083078
8.841119610295
8.849642535781
8.858079895323
8.866201957476
8.874788980274
8.882800157293
8.891476976144
8.899781915286
8.907325068285
8.915409737221
8.924119916819
8.932389376287
8.940838780581
8.949253274482
8.957855285802
8.966277272430
8.974575936102
8.982934941945
8.991132672189
9.155483231881
9.164405303005
9.173563289853
9.182625611255
9.191913323082
9.201149999976
9.210503434216
9.219818237910
9.229085285639
9.238323359506
9.247535295748
9.256779312656
9.265980510658
9.275144636262
9.284314265325
9.293400595770
9.302398354442
9.311380461623
9.320364887823
9.329364471303
9.338359076061
9.347233489976
9.356202794228
9.364709981187
9.418519524055
9.431471703680
9.443964726377
9.552630999193
9.564702938049
9.576474283713
9.588566867103
9.600538887472
9.606391813986
9.612432169508
9.618339700092
9.624327668965
9.630065736240
9.636010727957
9.641968450581
9.648001220860
9.654069710440
9.660335916313
9.666665914242
9.673433341938
9.680322904431
9.687204497357
9.699396097106
9.711414433319
9.722308941015
9.733175714330
9.743195446262
9.752865476675
9.762355849628
9.771756706469
9.781082447712
9.790825183502
9.800138353351
9.810149177064
9.819718641424
9.828762206506
9.838119958307
9.847010804541
9.856219957559
9.865503494815
9.874955891578
9.884666727572
9.894263400355
9.904302444111
9.914147343199
9.924220084848
9.934072254177
9.944287581345
9.954144727083
9.965708982526
9.973647407049
9.985393955279
9.993733795108
10.004166941231
10.013690529498
10.023595978000
10.033423301331
10.043447872609
10.053032783414
10.062966693814
10.073271520224
10.084031914048
10.093727144460
10.103626449713
10.113423801612
10.123548124486
10.133334791229
10.143304819125
10.153351522712
10.163084208085
10.173091050008
10.183726722143
10.216993742050
10.225946075225
10.234968787394
10.244170572707
10.253458629082
10.262961315151
10.272776116561
10.282638200219
10.292606028080
10.302742021438
10.312995790799
10.323340536537
10.333825585118
10.344321525836
10.354859910996
10.365400013855
10.374446164715
10.383308811417
10.393676100527
10.404184211700
10.414646980251
10.426775594032
10.447466219069
10.458187459261
10.468662504899
10.479265620428
10.489062075081
10.501239833708
10.512101475785
10.522542114827
10.532907189019
10.543370304490
10.554450170262
10.564871022330
11.612188965742
11.619691094505
11.627106274904
11.635432536563
11.643347598389
11.650778697081
11.658171532429
11.665540506855
11.672971955431
11.680040972374
11.688347436675
11.695861246480
11.703275350088
11.710700757088
11.718719941531
11.726113266557
11.733519478577
11.741094968489
11.887227637326
11.895565237408
11.905000351806
11.914270903390
11.923921778095
11.933340691414
11.943094156090
11.952989336314
11.962977083807
11.972800032057
11.982889448394
11.992866797902
12.002969587323
12.013167621502
12.023407905895
12.033718552894
12.044171763376
12.054653151667
12.065077219514
12.075558812469
12.086179099790
12.096745889938
12.107350370503
12.118013424776
12.128732232907
12.139399956573
12.150078563518
12.160695453955
12.171269051636
12.181827212158
12.192273276720
12.203084627157
12.213837458513
12.224425350827
12.235127383754
12.245724542439
12.256548317273
12.267189162295
12.277828316816
12.288530210501
12.299197460426
12.376895936264
12.383745502138
12.390619836162
12.398050899950
12.405428467496
12.412634565808
12.424137243447
12.431333050932
12.438747896998
12.488648946310
12.497675167956
12.506529895330
12.515587915050
12.524628904386
12.533710281363
12.542796509930
12.551908250292
12.561009410116
12.570110864572
12.579175097743
12.588247644987
12.597315232777
12.606331605105
12.615375791162
12.624302111037
12.633064303294
12.641784918504
12.650627289135
12.658915972509
12.667115751889
12.675225750927
12.683078687363
12.690905054770
12.698804397850
12.706947143020
12.715008837597
12.722552797742
12.730116009209
12.738135328700
12.745944260363
12.753622892365
12.761417035107
12.769187361859
12.777391833020
12.785466982797
12.793022143152
12.801041497629
12.809196790798
12.817144863281
12.824911417729
12.832198802104
12.840045629597
12.847705405696
12.855510318689
12.863352198450
12.871125386722
12.878950949943
12.886975387846
12.894485581678
13.824375892524
13.833882933001
13.842484124157
13.851757265567
13.860704123799
14.072866467796
14.080889168976
14.090794068313
14.100361883632
14.110215442724
14.120101256760
14.130110290717
14.140133545912
14.150267084313
14.160507523539
14.170865371699
14.181306830270
14.191733627402
14.202133930771
14.212577631901
14.223114666896
14.233657325502
14.244228267993
14.254878477030
14.265486435144
14.276068421028
14.286691657758
14.297288054625
14.307930115302
14.318544331506
14.329215973047
14.339903700111
14.350538188377
14.361292889542
14.371914676039
14.382653162869
14.393371859816
14.404088126423
14.414831877847
14.425555679053
14.436049543510
14.446749869048
14.457460247533
14.468048654630
14.478672045810
14.489336339251
14.500113123754
14.510712828107
14.521333720793
14.532188697847
14.542865038895
14.568786625669
14.577730055939
14.587136980827
14.596693604206
14.605271014730
14.614584385139
14.623471167265
14.632735462808
14.641612473726
14.650600962839
14.659428494639
14.668334666317
14.676694854390
14.685387188931
14.693810659937
14.701980217108
14.710268739357
14.718721727527
14.727154267829
14.735594879079
14.744037585802
14.752466644622
14.760402881504
14.768870528212
14.777378207761
15.037852308746
15.044145698197
15.049971816110
15.055880738123
15.062193145902
15.067568708151
15.531372095525
15.540594261782
15.549461118396
15.558629407254
15.567669776778
15.576850757605
15.585904000220
15.594927591016
15.603641459027
15.612693773200
15.621852753788
15.631096112974
15.640390476726
15.649837896533
15.659390835898
15.669131752959
15.679019081976
15.689071384135
15.699222333789
15.709431648718
15.719994001612
15.730660010172
15.741346573550
15.752187214046
15.763304963490
15.774556622260
15.785798162960
15.814097477683
15.825375215506
15.836633263892
15.847366095392
15.858060418867
15.868795055889
15.879494739938
15.889451165407
15.899422936092
15.910076811270
15.920869210681
15.931609208794
15.942564471962
15.952976252580
16.854609734181
16.858200358522
16.861532182191
16.865139333071
16.868798499409
16.872484215452
16.876136047854
16.879678514419
16.883463708426
16.887330067574
16.891071761000
16.894926683319
16.898956274910
16.902832878847
16.906830735073
16.910682412144
16.914531827042
16.918362575309
16.922123791704
16.925931231415
16.929781939507
16.933447171912
16.937058230726
16.974022687033
16.977361183256
16.981061183867
16.984628325615
16.988304134824
16.992098906790
16.995852006298
16.999603114348
17.003267693819
17.006995687773
17.010835313883
17.014895398974
17.019000166239
17.023288576611
17.027570166759
17.031829931005
17.052482821911
17.063895903644
17.076802745769
17.099553523662
17.111818468022
17.122903490853
17.135048425603
17.147274237791
17.158430101908
17.170460288900
17.181925224628
17.193361697757
17.212002195858
17.221044785936
17.230139050231
17.239252412794
17.248345419542
17.257564363131
17.266859428889
17.276295068242
17.285910247143
17.295713150224
17.305620222542
17.315678611520
17.325831906414
17.336065544923
17.346462258788
17.356787883761
17.367453512492
17.377880900858
17.388387452410
17.399032407539
17.409655203958
17.420195404806
17.430528024051
17.441034066293
17.451541009692
17.462031042237
17.472531051715
17.482966408649
17.493640576933
17.504157686446
17.514894815545
17.525228696543
17.535621993473
17.546063338189
17.556713521369
17.566983238509
17.577381153699
18.508735099736
18.515919027382
18.524936847192
18.533606781723
18.542302990337
18.550895591525
18.559345696779
18.567963286689
18.576302560196
18.584739800033
18.593111580583
18.601429377658
18.609760409998
18.617915896101
18.626151292014
18.634577857459
18.642896213514
18.651180723411
18.659733146169
18.668057740783
18.676336477841
18.684744808413
18.693565482805
18.701824356658
18.710307473377
18.718594008948
18.727178035658
18.735552208887
18.743985005916
18.752321152893
18.760952685972
18.769242605304
18.777697023333
18.786203144170
18.794549303384
18.802897161854
18.811182706840
18.819517585896
18.827444380678
18.834679994262
18.842544730176
18.877628682554
18.887318728100
18.896525729030
18.906212520258
18.915682421320
18.925550853237
18.935074454300
18.944938202018
18.954759478642
18.964608867189
18.974504961091
18.984393815425
18.994195333483
19.004134954820
19.014067898254
19.024017393372
19.034035252471
19.043727929752
19.053804359902
19.063605027961
19.073682547098
19.083683511408
19.093714380668
19.103828683394
19.114008294786
19.124227747772
19.134546698543
19.145008063359
19.155357937747
19.165640956564
19.175964121654
19.186316949036
19.196780004190
19.207232675917
19.217642975362
19.228069402092
19.238558046110
19.249028496212
19.259502846551
19.269941564982
19.280315110141
19.290724611727
19.301154987903
19.311590876334
19.322036119084
19.332411130200
19.342788412612
19.353157687307
19.363481557789
19.373724139156
19.383944378142
19.394176211487
19.404459788267
19.414707681550
19.425025386388
19.435373658143
19.445797988164
19.456130831778
19.466443292454
19.476876548963
19.486920681790
19.496626674187
19.506932843131
19.517345160967
19.527594725304
19.537909952415
19.548289605932
19.558577686273
19.568411419676
19.578685109428
19.589156716722
19.599494959347
19.655053943681
19.658857850593
19.662655330522
19.666281359995
19.670010417107
19.673816232524
19.678015742577
19.681741316121
19.685118990088
19.688817472887
19.692952812012
19.696698190406
19.700279722291
19.703892865316
19.707471686258
19.711524508745
19.715425301683
19.719044351247
19.722734825140
19.726200226230
19.823838601384
19.832521578674
19.840739052155
19.849069779882
19.857750649700
19.872937420783
19.880869522411
19.888759742914
19.897248269301
19.905662003550
19.913902947590
19.922580334706
19.930435740554
19.939327673171

