Time_s
0.387430726422
0.393449727751
0.399582196456
0.406319830673
0.413243217911
0.420176851859
0.427075915425
0.434018584192
0.440839274159
0.447870606986
0.454946864138
0.461950567107
0.468880725917
0.475856191284
0.482804295081
0.489754377894
0.496734291221
0.503704564409
0.510683115026
0.517554070869
0.524491077040
0.531442458636
0.538311241396
0.545321576836
0.552316391309
0.559497577817
0.566864833701
0.574223553700
0.738726061668
0.746220040027
0.753700119982
0.761331502207
0.769005458738
0.776729808244
0.784526620985
0.792285182334
0.800104423985
0.807980395081
0.815909431438
0.823881237338
0.831799840706
0.839714945605
0.847639112147
0.855605948816
0.863606379492
0.871616047822
0.879563090663
0.887529086193
0.895508375908
0.903467760060
0.911381043576
0.919374084700
0.927711974536
0.935788440010
0.943970096517
0.952050130549
0.959990049234
1.140572260485
1.148366004498
1.156127398653
1.164131654132
1.172241628562
1.180459370160
1.188787132464
1.197244325027
1.205798848974
1.214360090283
1.223142854693
1.232019104738
1.241172653280
1.250433274903
1.259862423028
1.269482255984
1.279278943340
1.289294329270
1.299728817514
1.310333428194
1.321161521965
1.332051771328
1.342582575083
1.353102333633
2.132633177118
2.139162248994
2.146530887680
2.154042385665
2.161692562207
2.169328222447
2.176974926382
2.184621020665
2.192286056826
2.199947590811
2.207564591500
2.379713640301
2.385528125130
2.391166901896
2.397250690013
2.403424629462
2.409726546341
2.416104300982
2.422530545951
2.429060186835
2.435693357055
2.442460540878
2.449569244286
2.457454036549
2.464936238095
2.474100138874
2.482081787188
2.489990372148
2.497883033174
2.506158207146
2.513891663420
2.556017176314
2.563963821658
2.571947744071
2.580144099578
2.588224258838
2.596263803724
2.604459696479
2.612586850859
2.620868046952
2.629132314908
2.637527921550
2.645917404547
2.654335349947
2.662811418435
2.671110622155
2.679563469369
2.687872642038
2.696034122543
2.703885402310
2.711723722037
2.719792316687
2.727762986599
2.736143728901
2.744080317305
2.752253177019
2.760399268089
2.768619654899
2.776480109435
2.784470531928
2.792465615957
2.800485695458
2.808587279915
2.816455994411
2.824339330979
2.832223093182
2.840138225258
2.848094159037
2.856127310493
2.864032205935
2.872009404671
2.879872328667
2.887805232723
2.895712049400
2.903592618014
2.911620647603
2.919550852312
2.927568284248
2.935516084951
2.943706657693
2.951493478442
2.959680400429
2.967897607406
2.975875367835
2.984165318829
2.992365706516
3.000624360479
3.008833182398
3.017610379875
3.025544838905
3.033435462702
3.041465869522
3.049354333762
3.224466394974
3.232017063400
3.239652572988
3.247590865997
3.255653310628
3.264005420957
3.272426043750
3.280871041740
3.289257742904
3.297603285473
3.305763271061
3.314087437152
3.322339665146
3.330622959012
3.338835310817
3.346984451112
3.355229622406
3.363443989158
3.371564821136
3.379721827885
3.387883184149
3.395998274417
3.404016973459
3.412232651322
3.420407136367
3.428542224687
3.436926045526
3.445175044225
3.453743388433
3.461910756400
3.470478359899
3.478727939359
3.487213417398
3.495511138977
3.504159925057
3.512556585936
3.521031185075
3.529696258861
3.538340645056
3.546912739434
3.555457378931
3.563880320253
3.572313305803
3.580664957952
3.588917545076
3.597078004792
3.605173177969
3.613179489363
3.621154498864
3.629230840771
3.637309647459
3.645547688635
3.653764477853
3.662104657406
3.670176552805
3.678486118110
3.686704486607
3.694556607441
3.702528838248
3.710867163684
3.719189909768
3.726919733552
3.735866636343
3.743376016674
3.751137549228
3.758619422042
3.766054098363
3.773676110382
3.781252749320
3.788955465476
3.796891535735
3.804906678569
3.813047210022
3.821040095726
3.829220555005
3.837614414850
3.845429378619
3.853734276843
3.861807034257
3.870130471249
3.878496467523
3.886336094432
3.894408822236
3.902415195995
3.911023861079
3.918507338891
3.926339386934
3.934277628408
3.942533361462
3.948654959493
3.955716528460
3.963729753569
3.971639728255
3.979965346927
3.988395730894
3.996145206135
4.005327743633
4.013628298381
4.022410147253
4.031221444300
4.040146099682
4.049087173491
4.067149488601
4.076223502715
4.085117293916
4.094485396850
4.103684840742
4.112881344476
4.121496589127
4.130469953636
4.370705605668
4.378163231166
4.386497302504
4.394917080530
4.403491778961
4.412149828333
4.421089194802
4.430342507190
4.439877608727
4.449516592941
4.459258540087
4.469144638885
4.479332715884
4.489220619559
4.499988029781
5.401564393628
5.409006743858
5.415990130637
5.423392631613
5.430710886764
5.438036464518
5.445379667428
5.453220101791
5.460914516974
5.746879415945
5.752789240815
5.759038590053
5.766163530152
5.773221621769
5.780343382337
5.787448943111
5.794585115688
5.801726277383
5.808915791250
5.816153181626
5.823277918849
5.830488555815
5.837772854641
5.845733527113
5.853556450081
5.861264131554
5.869131990496
5.876819108248
5.884957979634
5.892943495941
5.972699350375
5.980316600311
5.988520765921
5.996498386845
6.004911817073
6.012754762536
6.021045736873
6.028842043769
6.036943797056
6.045455898057
6.053714697629
6.061164123434
6.069742927316
6.078273073458
6.216407999541
6.223941408150
6.231944242984
6.240317696108
6.248706658346
6.257030136336
6.265557225546
6.274272656370
6.282743111730
6.291263903677
6.299832398841
6.308172733105
6.316505943234
6.324872061971
6.332942299622
6.341180599808
6.349294383991
6.357540049989
6.365876173854
6.374226975591
6.525395034587
6.533372795361
6.541403539785
6.549510889334
6.557792132190
6.565800042485
6.574239275903
6.582703914302
6.591303967988
6.599786148110
6.608467843908
6.617303330744
6.626159495472
6.634521640821
6.643172870461
6.651749369210
6.660292142911
6.668810940370
6.677273045334
6.685912030609
6.694415012439
6.702947586775
6.711073498993
6.719583892292
6.727811198951
6.735362344644
6.744317991860
6.751865950429
6.849103683171
6.857277026069
6.865739295350
6.874646626711
6.883544559676
6.892336747028
6.901402301236
6.910382339520
6.919447526837
6.928480079726
6.937483521480
6.946514528387
6.955504126149
6.964129139502
6.973361752111
6.982229855924
6.991121913845
6.999973461407
7.008781968242
7.017589315354
7.026396628435
7.035254020286
7.044144276092
7.052996409297
7.068010794831
7.077066319622
7.085629906241
7.094182021771
7.102415146931
7.110899573138
7.119329989084
7.127235998058
7.135670703298
7.143633669930
7.151847605620
7.159540915146
7.168269100457
7.176298920798
7.184421926153
7.192194441945
7.200495699897
7.974065992000
7.981853814598
7.989344064581
7.996986953000
8.004614344249
8.012193544492
8.019719432796
8.027235525344
8.034701488589
8.042103833744
8.049479701429
8.056811694237
8.064184201098
8.071556105948
8.078907198876
8.086299878413
8.093709030591
8.101159321379
8.108852375597
8.116679428449
8.125084715452
8.132992477414
8.141312425504
8.149566582040
8.157638755989
8.165983477921
8.174334141184
8.182873073716
8.190836745789
8.198773284673
8.207258026147
8.216032276201
8.269846256381
8.276808162989
8.284104313913
8.291717293720
8.299289732244
8.306857493018
8.314459275677
8.322419715979
8.330422463899
8.338409493615
8.346259808412
8.354241721079
8.362615527752
8.370410407343
8.378353739009
8.386270187272
8.536415903679
8.543312460462
8.550987985989
8.558648919732
8.566472991806
8.574334058582
8.582351595407
8.590386521673
8.598469378912
8.606585955273
8.614730517878
8.622974547500
8.631279475713
8.639687467613
8.648046352251
8.656413366521
8.664631420178
8.672829289162
8.681168108085
8.689739913767
8.698045445274
8.706310582657
8.714662154877
8.722921635245
8.731072314888
8.825212643328
8.833098318993
8.841196129531
8.849572541062
8.858191275665
8.866233972155
8.874817042834
8.882965826988
8.891489011927
8.899652504389
8.908071895013
8.916344862019
8.925192245579
8.933461565442
8.941890598154
8.949777847582
8.958564746150
8.966168498250
8.974876835550
8.982696031045
8.991166673585
8.999884560811
9.007188411901
9.015106361399
9.021540667875
9.029276365964
9.037051654559
9.045065330638
9.053075905647
9.061167676129
9.069214923395
9.077216735041
9.084999801022
9.092914297235
9.100851355906
9.108868859839
9.116807444932
9.124834370067
9.132793530220
9.140754012477
9.148898723069
9.156846277808
9.164886382756
9.172871611839
9.181175685157
9.189080027963
9.197387977910
9.205645645382
9.213926471821
9.221678026013
9.340447179884
9.348604947892
9.357101517615
9.365462404691
9.373914776270
9.382452456113
9.390921716004
9.399494296991
9.408120510041
9.416642965001
9.425260759042
9.433744901489
9.442266481920
9.450744777891
9.459186927515
9.467669349879
9.476074413095
9.484628325662
9.493190214549
9.501537419161
9.510193672302
9.518666456328
10.339535419925
10.347365884887
10.355659317725
10.363659976181
10.372196777509
10.380230273418
10.388647618345
10.396937721367
10.405350695170
10.413712916831
10.421994390027
10.430598765476
10.438877430827
10.447531937904
10.455709512176
10.464223073368
10.472616018734
10.481058957533
10.489473798324
10.497866829039
10.506216419870
10.514507860173
10.522651159878
10.530633808931
10.538778120996
10.546761771761
10.554665038943
10.562591528623
10.570993060054
10.579048489947
10.587390508055
10.595362727287
10.603481535501
10.611842807641
10.619929557631
10.628140177090
10.636105259281
10.644657572097
10.652695204938
10.660625801875
10.668695025155
10.676160237991
10.683880634726
10.691800273536
10.699767664913
10.707766316054
10.715907455294
10.724306456734
10.732822204490
10.741322184315
10.749883446000
10.758048686333
10.766110703893
10.774545649618
10.910041789078
10.917180902555
10.924430402271
10.931956282372
10.939342594113
10.946971733190
10.954778516148
10.962626215900
10.970439797248
10.978384764153
10.986279398102
10.994206094642
11.002166542569
11.010095955866
11.018047136727
11.026017839364
11.034019811535
11.041995903069
11.049971074880
11.057958699947
11.065931457287
11.073981343479
11.081992126374
11.090514007039
11.098789631584
11.106976536520
11.114900284575
11.123292434397
11.131640078259
11.139985680856
11.147564070823
11.247529852493
11.255200678689
11.263073893351
11.271048338895
11.279512062688
11.287967776104
11.296718544840
11.305461829796
11.313955143817
11.323117859738
11.331074641215
11.340676710900
11.348680150497
11.358231261468
11.367008705093
11.376164529969
11.385179360594
11.394835254915
11.403149179724
11.412277169898
11.421230960262
11.430339330148
11.438954926308
11.447802605489
11.456262054541
11.465193132586
11.473786934358
11.482664545868
11.491015668655
11.500256149637
11.508543501645
11.517236070485
11.525174411016
11.533222720262
11.541214732876
11.548030850644
11.555027674628
11.563031759026
11.571075814919
11.579194370863
11.587354158749
11.595523916973
11.603660122588
11.611806109672
11.619922133624
11.628031929568
11.636242942089
11.644422806877
11.652638907301
11.660862378983
11.669032384103
11.677486143601
11.685873921457
11.694216940576
11.702520126459
11.710726454756
11.718986859413
11.727343700951
11.735653042597
11.743909609104
11.752164978846
11.760523189140
11.768982252321
11.777428343248
11.785783216377
11.794394610042
11.802820943709
11.811406586942
11.819956130933
11.828362036504
11.836849380332
11.845342513707
11.854032587348
11.862653883003
11.870572072740
11.878700095573
11.887031539243
11.895082483376
11.903101570388
11.910667414351
11.918517230652
11.925504461207
11.934756832283
11.944006217220
11.953286073160
11.962634217770
11.971881620950
11.981370690445
11.990793296276
12.000274011860
12.009610635871
12.019421868061
12.028816219820
12.038446936984
12.048089107823
12.653040604979
12.655711449076
12.658308567760
12.660989517641
12.663684655289
12.666337868481
12.668998763581
12.671658876389
12.676903519358
12.679518509642
12.682174935595
12.684905004799
13.038955292916
13.045525847164
13.051064262522
13.057204227910
13.064956619507
13.072465424652
13.080123650763
13.087777495141
13.095439032882
13.103015792266
13.110764913110
13.118421587932
13.126094272219
13.133805672119
13.141451321381
13.149103224770
13.156716248619
13.164321406234
13.172120269382
13.179593298138
13.187232060198
13.194595745593
13.285830192348
13.291749004245
13.298450231744
13.305587697981
13.312779290324
13.319971835228
13.327605519201
13.334919864168
13.342581428683
13.350368364175
13.357939184152
13.365680345643
13.373380895934
13.381092768251
13.388689130382
13.396496328140
13.404219112526
13.411995505264
13.419823186150
13.427623556763
13.435417237851
13.443205258124
13.451030306685
13.458895226071
13.466855387059
13.474928628091
13.483067721357
13.491182115436
13.499450967220
13.507752648912
13.516082808750
13.524509487590
13.532963151744
13.541415038483
13.549916585664
13.558167476861
13.566559662812
13.574494065933
13.709092884034
13.715041726635
13.722006362554
13.729258218053
13.736971803133
13.744191966356
13.751776113157
13.759244131033
13.766792694709
13.774355281895
13.781913440005
13.789515135369
13.797170300895
13.804835700409
13.812528590827
13.820215612535
13.827983561564
13.835948943138
13.844100642493
13.852133443014
13.860060097968
13.868254555164
13.876278435363
13.884996952600
13.893041384211
13.901552525904
13.909211464097
13.917904156786
13.926065519077
13.934685063169
13.943251382144
13.967446924719
13.974722572867
13.982448707700
13.990019896950
13.997844573724
14.005535200552
14.013349556003
14.021161399772
14.028956846008
14.036806155541
14.044792053284
14.052832056033
14.060817267222
14.068721397561
14.076559298898
14.084630089634
14.092392733979
14.100612289805
14.108273125136
14.116577001737
14.124871916129
14.133280198712
14.141122436700
14.149519263472
14.157636472246
14.166082742136
14.446365594333
14.452345632277
14.459639779524
14.467528546359
14.475341548514
14.483399604147
14.491655910421
14.499775953789
14.508153407704
14.516570749967
14.524934351600
14.533379425357
14.541783799932
14.550208455481
14.558520410501
14.566845479180
14.575168212771
14.583500180731
14.591805973032
14.600018431482
14.608174814435
14.616351477445
14.624557064849
14.632634334309
14.640619879934
14.648931384532
14.657103727460
14.665218075283
14.673443592769
14.681591647456
14.689943223837
14.698072298125
14.706329591184
14.714376810961
14.722725786313
14.730893842119
14.738686550676
14.747192909227
14.755221256300
14.763579020319
15.154785783410
15.160861242989
15.167606582573
15.174792486224
15.182686755151
15.190282862054
15.198441486868
15.206494227265
15.214667284385
15.222628779576
15.230966892744
15.239472360356
15.248081329921
15.256804263352
15.265429872457
15.274183313859
15.282772563352
15.291563895941
15.300423884741
15.309186504374
15.318029533714
15.326882189451
15.335927948240
15.344404223572
15.353500694856
15.361663764437
15.370014724492
15.377764768100
15.386024457084
15.392815522974
15.399885026352
15.407513384840
15.415054229786
15.422622700787
15.430105612676
15.437644527051
15.445155154589
15.452675049270
15.460468960526
15.468472274925
15.476390092201
15.484297920252
15.492300781671
15.500306676734
15.508333090537
15.516226229472
15.524180230896
15.532532183866
15.541990714165
15.550316910093
15.558005996582
15.566405421545
15.574995001913
15.678016567416
15.685423537248
15.693225632398
15.700981329495
15.708738986502
15.716647616288
15.724414538028
15.732219569810
15.739993744180
15.747830157758
15.755431179345
15.763436599947
15.771495958281
15.779389503267
15.787374469763
15.795304225546
15.803509488521
15.811787731429
15.820306278938
15.828453274885
15.836714897274
15.844561909505
15.852688895425
15.860409117710
15.868990186604
15.949857271666
15.957414421490
15.965096582223
15.972869119250
15.980859490021
15.988850485040
15.997008368340
16.005073094575
16.013220008736
16.021381354155
16.029514721276
16.037698370941
16.045900983055
16.054028390536
16.062151642187
16.070590703976
16.079030209401
16.087059369378
16.095378713819
16.103519092815
16.112087131271
16.119865189968
16.128061020078
16.136405803465
16.145057119710
16.152684240794
16.160740188566
16.223480301704
16.231018482172
16.239380696944
16.247822687127
16.256660525461
16.265647021627
16.275444374290
16.284848848041
16.294333372729
16.519743044138
16.529628671750
16.539394509766
16.549628304918
16.560171110542
16.570921257917
16.582110897771
16.592998198626
16.604173957243
16.615856524786
17.710029307145
17.717254841751
17.724747255481
17.732661135809
17.740979262725
17.748877604536
17.756801903329
17.764805467915
17.773993083607
17.781194163892
17.788399156492
17.796107610765
17.803822307572
17.811676372184
17.819559449513
17.827659103590
17.835644005913
17.843871348600
17.852018508558
17.860546018170
17.868709103336
17.877168650576
17.885341457150
17.893678171194
17.901798901215
17.957833538686
17.965901013287
17.973838454081
17.982164502016
17.990531025274
17.999060176208
18.072931766093
18.079053089474
18.085051377974
18.091588793572
18.098301252274
18.105004575661
18.111697516758
18.118417072276
18.125184752262
18.132142318453
18.139732991765
18.146949556696
18.153870164731
18.160764912434
18.167895557407
18.175049165826
18.182703312487
18.189674047171
18.196613719317
18.203989960394
18.211420720242
18.219093003181
18.226812313507
18.260427296397
18.267946896961
18.274983909540
18.282821504321
18.290802434877
18.332957772243
18.335316070529
18.337349860442
18.339986678038
18.342387528737
18.345196555012
18.348008500890
18.350408407066
18.352990345948
18.354988978529
18.356985221098
18.359159896105
18.361881925459
18.364782364109
18.494597008608
18.500916286462
18.508134420905
18.515103997696
18.522220634348
18.529334365769
18.536482393335
18.543637215447
18.550798604901
18.557924387791
18.565093468603
18.572278508184
18.579472475927
18.586621584596
18.593776015777
18.600965396109
18.608134991238
18.615267631265
18.622363227157
18.629476267291
18.636612404142
18.643738394045
18.650791160765
18.657835664437
18.665086880797
18.672712957177
18.680308720020
18.688604285142
18.696313831918
18.704288941889
18.712264786729
18.720568343621
18.728865755990
18.737074769778
18.744331185467
18.753489898829
18.761350382926
18.771081528324
18.779130936883
18.788807464835
18.797011253742
18.805219800454
18.813051192126
18.820678563971
18.828291052083
18.835914234732
18.843406450096
18.850849036353
18.858146685991
18.865585080387
18.872942224914
18.880607287594
18.888244765975
18.895932204629
18.903574024253
18.911372736371
18.919328667922
18.927321817465
18.935364412527
18.943332387960
18.951443039655
18.959390457898
18.967151461910
18.975001776886
18.984154376845
18.991850373622
19.188847726536
19.195453187449
19.202151496440
19.209253737465
19.216771088924
19.224291219757
19.231535781720
19.238729936252
19.246151359046
19.253387649333
19.260652845172
19.268003984543
19.275224791069
19.282582741249
19.289773836207
19.297141847623
19.304418943571
19.311767580789
19.318796631661
19.326344463355
19.333716531086
19.341377254449
19.348767017721
19.356341332829
19.364029361995
19.371623639342
19.379300310839
19.386965767510
19.394521268819
19.402322443263
19.410104595782
19.417775469817
19.425610362294
19.433391647590
19.441317531613
19.449119830714
19.457097266200
19.464914625260
19.472824937619
19.480795554334
19.488874547898
19.497377141331
19.505782960235
19.514020333472
19.522144744305
19.530430978111
19.538697584875
19.547110262385
19.555470880601
19.563975788148
19.572450010465
19.580929536666
19.589470732086
19.598133462200
19.606728918598
19.614798165903
19.622614267559
19.631350785085
19.640079110051
19.648897332524
19.657578500985
19.666642534308
19.675343908831
19.683894817958
19.692775237664
19.701301664523
19.710016784354
19.718657363211
19.727171284117
19.735661347605
19.744133896187
19.752642618090
19.761275794568
19.769765676804
19.778132286961
19.786339741655
19.794383772340
19.802600149738
19.810832557315
19.818846970277
19.826621215534
19.834505126125
19.842474550280
19.850362180405
19.858288165546
19.866099434346
19.873955767465
19.881648083969
19.889573215349
19.897303597990

