Time_s
0.760540604697
0.769592722074
0.780208333161
0.790209570402
0.800223124050
0.810152526442
0.820158725191
0.830225706682
0.840165331196
0.850252844408
0.860334989868
0.870627082190
0.880882026802
0.891117682702
0.901275235872
0.911365533024
0.921332651626
0.931124319568
0.940885959567
0.950455082997
0.959827701329
0.968952214624
0.977854913742
0.986588089718
0.995184151837
1.003719038648
1.012397914026
1.021151552748
1.029832799890
1.036889713450
1.260628947488
1.271787498286
1.282512965271
1.292619858210
1.303626660330
1.312633250938
1.323855565922
1.349504955721
1.360315668324
1.369573832726
1.378929720215
1.388658643028
1.398683400959
1.408429003200
1.418673855887
1.428933267141
1.655589603188
1.664082326738
1.673237955517
1.682462985708
1.691794023974
1.701328058053
1.711078507719
1.720945030001
1.730968103281
1.741354109121
1.751970493773
1.762396977352
1.772909738232
1.783653314860
1.794302959608
1.804809843790
1.815295394953
1.825689496945
1.847828562959
1.854652122301
1.862117916063
1.870034509271
1.877649938401
1.884603911319
1.891633368148
1.925235248026
1.931964759278
1.938921381504
1.945326289601
2.282433650086
2.288799365490
2.295749312835
2.302008768703
2.309569103655
2.317505940841
2.325251813723
2.332870702598
2.340523631088
2.348015920453
2.355498073865
2.363065726924
2.370691720662
2.377913646378
2.385333748102
2.392592595085
2.400012833755
2.407506733906
2.415491535289
2.424012422498
2.433808471483
2.657858085752
2.665517587101
2.674504595097
2.684013184984
2.694454815776
2.722057956492
2.728823351454
2.735212846899
2.741638242069
2.748157259701
2.754805794685
2.760814148191
2.766792733072
2.773542168596
2.780589687292
2.922038502323
2.931923316137
2.942370274428
2.952899950658
2.963194900557
2.972946165126
2.982581765285
2.990440596176
2.998585271931
3.006612285996
3.014798826627
3.022135189267
3.029419513889
3.037601875348
3.046022799519
3.054685306514
3.063722006462
3.073840604142
3.084334619276
3.094248651242
3.104094020761
3.114000295598
3.123888865954
3.133834595048
3.143659819918
3.153688973350
3.162977070070
3.173455050494
3.181963634635
3.192619493206
3.202146262790
3.212994308132
3.223935661699
3.235122621624
3.246031768402
3.255971621570
3.265491610495
3.275990105387
3.286013894410
3.295661858054
3.305368631208
3.315131078393
3.324741872312
3.334351407987
3.343827502153
3.353211111569
3.362570375028
3.371803700968
3.381579788625
3.391788941279
3.400468558604
3.589225113668
3.599584700820
3.608820784563
3.617661211003
3.632624156275
3.649846342586
3.658176345711
3.667349854638
3.674294823013
3.682362730357
3.690341416467
3.699316385341
3.707532785935
3.717490891670
3.727029622254
3.736836147853
3.746511513824
3.756268862342
3.765689409357
3.775040647973
3.783347043542
3.791583096016
3.800015636986
3.807869439214
3.816009586292
3.823859167023
3.830978307195
3.838005045918
3.845725556870
3.854608312226
3.860793464431
3.866954158227
3.873620625113
3.878888128833
3.884365302609
3.889469428610
4.080879159801
4.087152531848
4.093609845877
4.100151631132
4.106941013117
4.115223001403
4.124459493725
4.133931463977
4.143561778495
4.153253079915
4.163032971680
4.172904929504
4.182821198565
4.192757213874
4.202943755749
4.213342294915
4.224071575676
4.235021072684
4.246445662034
4.258195944955
4.269780573192
4.281033509808
4.291751897647
4.302166565719
4.313546352714
4.324437395810
4.334784034219
4.347169212929
4.356897332674
4.367487815515
4.378152607785
4.388413333371
4.398795490372
4.409397958975
4.419972141084
4.430695519526
4.441470384340
4.451708088529
4.461933591890
4.482357997598
4.491721720746
4.500199059659
4.519794517566
4.529072991315
4.539016552400
4.548930982526
4.558055747065
4.567514046347
4.576654900540
4.585934164994
4.595243882740
4.604532000049
4.613374641502
4.621748105086
4.629821285101
4.637511397999
4.645838720929
4.653110022116
4.660768108455
4.669513966709
4.678226175158
4.846206976311
4.855588417971
4.865617103573
4.876611902719
4.886911159147
4.897344441596
4.907903870809
4.918510726654
4.929353741497
4.940722470986
4.952213480521
4.964049778272
4.974203841748
4.984145755609
4.994194061796
5.004352671518
5.014623289761
5.255895832970
5.261506348810
5.267325529300
5.273521989648
5.280144288384
5.287081083398
5.296371818242
5.307008518073
5.313095238095
5.319167010490
5.340722332730
5.347525319743
5.354015762740
5.360649897400
5.369847797437
5.378717756989
5.387675950640
5.395981281218
5.403788862983
5.411415109018
5.419334649583
5.427002335917
6.635902024352
6.638589099375
6.640621055478
6.643259746511
6.645946826684
6.648103813254
6.652157572386
6.653968760424
6.656257942569
6.667005805229
6.675717366852
6.685042932970
6.694462514367
6.703943626463
6.713470766699
6.723029794516
6.732639549678
6.742176830799
6.751738259682
6.761245084522
6.770719051846
6.780160752851
6.789544931765
6.798967362152
6.808291835607
6.817613060548
6.826817128737
6.836021948065
6.845102819546
6.854189841312
6.863263898081
6.872228448178
6.881108573422
6.889986645666
6.898933499293
6.907875694683
6.916988838949
6.926400995597
6.935596189032
7.131722524075
7.139597346889
7.148490101463
7.157493412849
7.167269073880
7.177077816420
7.187084154758
7.396519175294
7.406286074886
7.414222073398
7.423673172964
7.432839454994
7.442361110323
7.451728969880
7.461182623620
7.470773250214
7.480355726798
7.489928507441
7.499392494450
7.508230595278
7.798539102770
7.807436572778
7.815703647223
7.823059077477
7.831793063368
7.841380861904
7.851203236293
7.861233701102
7.871379093012
7.881760221942
7.892092058894
7.902035740857
7.911954521432
7.922348098162
7.932025693586
7.942436303338
7.950595398770
7.960455114414
7.971085954853
7.979769137957
7.990525323725
7.999426542637
8.010328500426
8.018948108049
8.029848575899
8.039310902316
8.049695682449
8.060700736009
8.071067240989
8.302639362208
8.308958771232
8.315454282517
8.322191142117
8.331589893892
8.340738781186
8.349391796031
8.359199635101
8.373871596658
8.379855502984
8.386197231990
8.393360582441
8.432006697518
8.438252124555
8.444016445340
8.449909700184
8.456430549405
8.463540427988
8.470731508993
8.478795557367
8.487861246832
8.497006191707
8.506544357860
8.516338149662
8.526182088029
8.536044380477
8.544117872796
8.552239130769
8.559880165127
8.568724905347
8.577568170858
8.595558736481
8.598133496056
8.600415337753
8.604676930367
8.606410277137
8.608148552455
8.610349284195
8.612310583946
8.614728471675
8.616435727130
8.618182015700
8.619848519278
8.625083397923
9.099836389977
9.108295680044
9.116971578070
9.125644698181
9.134315344847
9.142939957228
9.151529714750
9.160081095694
9.168707205568
9.177319032953
9.185838407969
9.194545896111
9.203293202501
9.212086058531
9.220684819469
9.229295434128
9.237896836117
9.476761998645
9.485380949324
9.494086632846
9.500720418124
9.507048770109
9.514895774255
9.521759632729
9.530705709401
9.537674306789
9.544361365244
9.551210477491
9.560552307758
9.569124981624
9.577856209705
9.965718283564
9.973713284877
9.982709387094
9.991552428045
10.000922400853
10.010179532913
10.019692801380
10.030959368341
10.039963878393
10.050604846971
10.061170383113
10.071770441102
10.082587911805
10.093397417472
10.104242554449
10.114523398540
10.124990729544
10.238036831220
10.246938519270
10.255076589360
10.264324489966
10.274254935889
10.281907940768
10.294403798660
10.305118099786
10.312748199817
10.321372546347
10.329813854889
10.339074151103
10.347349348005
10.579826561921
10.588316431380
10.597845184202
10.613376247321
10.615369424793
10.617269448479
10.619285343154
10.621829319248
10.624092037168
10.625758614048
10.627447882656
10.630820652402
10.632602004137
10.634333930919
10.636022962087
10.736002264612
10.742517405247
10.748608623965
10.755321829038
10.763182637610
10.772144832116
10.781959133664
10.791941555357
10.802116072608
10.812498371784
10.821677389554
10.830264206355
10.840570611026
10.850804745614
10.860340191987
10.894981040962
10.905089781130
10.915112799001
10.925149552649
11.198604705304
11.203990046606
11.210021747901
11.216951567136
11.225847897546
11.236018056932
11.253839180786
11.259933723273
11.266221490296
11.278870910614
11.287809545227
11.297207213711
11.306703830568
11.316207564609
11.325805457640
11.335326249010
11.344986895466
11.354636952374
11.362344669030
11.370052624494
11.378363601293
11.386110037446
11.394178394951
11.402750944540
11.496436696639
11.498152447105
11.500321478434
11.502086665558
11.504016279001
11.506096571072
11.507740499310
11.509481126795
11.513527753030
11.515567005249
12.207637990901
12.215326491410
12.223948578519
12.232556235892
12.242542183097
12.252420094625
12.262234499222
12.272221161650
12.282083769177
12.292810608343
12.302773148358
12.312464163020
12.322791139520
12.332908260926
12.343230747199
12.353291237072
12.363563062941
12.373652009398
12.383575894084
12.393295140067
12.411233160403
12.420565130933
12.429721690955
12.438599383319
12.447365209039
12.456002402177
12.464643687045
12.473427529700
12.482152591369
12.491021282783
12.500660223990
12.509851936388
12.518757937592
12.527626180867
12.536517562173
12.545350545039
12.554177668002
12.563027271413
12.571992302781
12.581124035899
12.590537281389
12.599889103392
12.609349737487
12.618768800339
12.628491275657
12.639244561330
12.650269253696
12.815313269440
12.824556757970
12.835173100077
12.845771642047
12.856145492747
12.866493163765
12.877140133391
12.887880256079
12.898673081233
12.909467138533
12.920120108784
12.930836987862
12.941389355004
12.951986643215
12.962538298837
12.972975810228
12.983214196787
12.993350069139
13.003609590981
13.013558865132
13.023621486479
13.033810901565
13.043879272687
13.054103814335
13.062233304545
13.419206521471
13.428102345090
13.438950054288
13.450147300479
13.460922166557
13.471676111579
13.482673534539
13.493015499617
13.503855673385
13.515196279330
13.525915979891
13.536255943902
13.546480171077
13.557300193893
13.567358972535
13.576674805336
13.587049899680
13.597802267180
13.608707349450
13.619776790202
13.630864519432
13.639822563697
13.650965731806
13.661966268157
13.673054695115
13.684960959754
13.694551826662
13.703936241080
13.765890275554
13.776741971673
13.787576551216
13.798333321990
13.809190538164
13.820251902133
13.831521531632
13.842702025354
13.853721121306
13.864866460257
13.875828512593
13.886903079540
13.897833036462
13.908464296019
13.919075354313
13.929267428766
13.939218407758
13.949037964449
13.958809912282
13.968463061210
13.978007240410
13.987429445565
13.996855578304
14.007360483009
14.016866263943
14.026333665809
14.035867978514
14.045541474538
14.055281970953
14.064854798910
14.074341328296
14.083786629341
14.093123535623
14.102486402076
14.119623886105
14.129762666344
14.139316388478
14.148350223639
14.157462620610
14.166587513839
14.175695978214
14.184721427186
14.193463911899
14.293449485942
14.306753924815
14.312709961695
14.319323210015
14.326299605998
14.333084970911
14.340329823897
14.346967923462
14.352832685548
14.360098996789
14.367333783124
14.374673768058
14.381344661826
14.388816166829
14.396334351710
14.912926475426
14.920923594107
14.928922902494
14.936935273127
14.952168937966
14.961562656545
14.971759084391
14.981478338980
14.991014602211
15.000001227463
15.042019078659
15.045412530119
15.048264601593
15.051041692116
15.053694154087
15.056239801506
15.058776250285
15.061305108527
15.063634508795
15.066071299281
15.098295808346
15.104730673025
15.110851461793
15.117150731986
15.123624163216
15.131026493361
15.138836216833
15.147422365849
15.156328720654
15.165668984046
15.175080558270
15.184390412540
15.193757748232
15.203243255077
15.212987139156
15.223141677227
15.233414367111
15.397464824959
15.406701917367
15.417271958297
15.427477742919
15.438313346466
15.449020948929
15.459790753222
15.470563422096
15.481080160583
15.491423198612
15.502033967812
15.512554467623
15.523094195944
15.533683739044
15.544098675563
15.554659911545
15.565377533056
15.576747929244
15.588838037075
15.821867806016
15.831406718552
15.841572681093
15.851921955433
15.862420657926
15.872555760437
15.882988998892
15.893558057259
15.903961846431
15.914302458707
15.924661061293
15.934936484703
15.945139097142
15.955245355091
15.965441970200
15.975626104513
15.986102473002
15.996481557348
16.154545566437
16.164277461852
16.173414711829
16.182429436101
16.191452195930
16.200345687938
16.209132845436
16.217863982357
16.226635940995
16.235542750213
16.244501911682
16.253512821478
16.262662810938
16.271966533946
16.281525828465
16.291001967265
16.300858243777
16.309827049900
16.641900115143
16.653052468027
16.663349743799
16.675712163746
16.685085264901
16.696714199116
16.707198573236
16.717551324564
16.728212495130
16.739010557796
16.749762861236
16.760371008486
16.771227520700
16.781988251289
16.792932115536
16.803877121256
16.814852037281
16.826061938095
16.837438540922
16.849080234646
16.860938381066
16.872236785461
16.883823319922
16.894786407246
16.905587816286
16.916072648231
16.926486090180
16.936777006616
16.947098281721
16.956746830589
17.791658619104
17.799679936055
17.808484177375
17.818448564983
17.828533076954
17.838397466301
17.848448144389
17.858437368124
17.868506191867
17.878790448755
17.889246636263
17.899921996671
17.911058104956
17.921551307246
17.932057751403
17.942550350098
17.952955842318
17.962952290013
17.973477761282
17.984037160553
17.994587646763
18.004997241866
18.011884468055
18.018440108961
18.025061816493
18.280487801462
18.289677218036
18.299699195359
18.310016064614
18.320383575422
18.330805300668
18.341286361001
18.351569871325
18.361832243043
18.371928043046
18.381930278781
18.391825098018
18.401655383208
18.411373205957
18.421120458442
18.430790722829
18.440465416626
18.450090423204
18.459742664129
18.469552488703
18.479287311919
18.489170633065
18.498823073930
18.508440973057
18.516370756117
18.677712821978
18.688075541552
18.697083561354
18.706993216367
18.716041923058
18.726487190718
18.736549165328
18.746629868336
18.757061781388
18.767713194987
18.777989527498
18.788690782146
18.799569482785
18.810045988392
18.820423431375
18.830633201436
18.840630328763
18.849204162054
18.870739914447
18.880362295446
18.888544620242
18.898035413931
18.905620900711
18.913073625342
18.969907905317
18.972018099941
18.976354278116
19.310597338638
19.319007396527
19.328895576164
19.339145366924
19.349515393553
19.359959578943
19.370527719198
19.472066913272
19.482135071241
19.492150238405
19.583748173045
19.586172651727
19.588430756005
19.590257181699
19.595022451601
19.596829943640
19.599261237425
19.601224080479
19.603209476220
19.605692423949
19.631260914348
19.641502183235
19.651946592492
19.660288858906

