Time_s
0.596844886799
0.602803924627
0.609293956668
0.615939702170
0.622812574787
0.629865540520
0.636879264745
0.643867511320
0.650794219027
0.657638671615
0.664391642497
0.671002141208
0.677556664733
0.684025118859
0.690439592410
0.696790029910
0.703041410632
0.709231280691
0.715327916288
0.721387923530
0.727386894322
0.733250762237
0.739069308292
0.744820591346
0.750639820241
0.756332363443
0.762080367642
0.768017934987
0.773890808860
0.779654657171
0.785306398901
0.791180751756
0.796816320070
0.802482876431
0.835068685014
0.840992374281
0.846581978816
0.852940120108
0.858972674219
0.864783033328
0.870657833234
0.876562354906
0.882609109820
1.013677491454
1.020351957335
1.027209561885
1.034217291185
1.041370684463
1.048680752712
1.056017694455
1.063438803913
1.071067641708
1.078777630025
1.086594797824
1.094458237215
1.102407835744
1.110497962278
1.118666106886
1.127010495969
1.135277645489
1.143657424181
1.152050406143
1.160450783163
1.168834482008
1.177269024946
1.185690473715
1.193925463512
1.202018006392
1.210260386430
1.375442533248
1.383684282960
1.392101542011
1.400805965676
1.409764450905
1.419032236706
1.428474731799
1.438076042709
1.447837489177
1.457537040965
1.467319302100
1.477126372543
1.486898621337
1.496780251409
1.506573525976
1.516425788727
1.526640106733
1.537030583990
1.647498961089
1.656095870960
1.664183082171
1.672433963694
1.680615599915
2.251574771685
2.260308489941
2.268598517187
2.276719902716
2.284737117021
2.292474491814
2.300211322917
2.307741035040
2.315142205160
2.322356682093
2.329454511246
2.336363542995
2.343148698672
2.349939615590
2.356676230644
2.363416436531
2.370322044175
2.559412562458
2.566632585063
2.574245172744
2.582064665684
2.590171526829
2.598443726862
2.606938810481
2.615507125213
2.624061561990
2.632669192079
2.641306866306
2.650013498029
2.658843605843
2.705888073503
2.718404150427
2.778574428389
2.785876663521
2.794383928754
2.802917596843
2.820953202255
2.829903179243
2.838700134000
2.847606564788
2.857375324675
2.866728016234
2.875871579662
2.884826522257
2.894060892882
2.903494020613
2.912704885384
2.935363370468
2.942960569845
2.950915182268
2.959006086673
2.967079456023
2.974983801339
2.982760333760
2.990428006325
2.997934079491
3.005355737466
3.012667714350
3.020027587979
3.027388675497
3.034636736342
3.041813619617
3.048998386857
3.056124469115
3.063048812169
3.069919204145
3.076778253827
3.083702781544
3.090569797858
3.097401481064
3.104160541774
3.111019845616
3.117835309374
3.124692633815
3.131549533115
3.138347102325
3.145178629616
3.152088633514
3.158977061027
3.165971160556
3.173121053394
3.180360644438
3.187735271201
3.195216531426
3.202438297541
3.209894095309
3.217034854495
3.224142702587
3.230774278543
3.237718872633
3.281276472895
3.289039223498
3.297048132533
3.305019052795
3.312994666084
3.321063657115
3.329067571525
3.337060717970
3.345078355396
3.353107973640
3.361136771447
3.369206930056
3.377318268112
3.385466304883
3.393736803177
3.402087474747
3.410587419212
3.418724494756
3.426920928568
3.434940148175
3.443212504886
3.451308444861
3.459690013916
3.467899255853
3.628964827021
3.637544421859
3.646063255169
3.654586050731
3.663219166500
3.671866819582
3.680392432768
3.689102465537
3.697857357071
3.706644139472
3.715488591673
3.724299380986
3.733234739033
3.742205311503
3.751236045176
3.760169995067
3.769047438829
3.778054096368
3.787052355842
3.796027944317
3.804968589973
3.814020784490
3.823062504479
3.832135008288
3.841204804481
3.850072314215
3.859159205056
4.044999367442
4.055377142440
4.064147052864
4.073582019445
4.082966511428
4.092381648676
4.101698790809
4.110973047797
4.120394786634
4.129989558314
4.297817197631
4.307572495446
4.317078316807
4.326848305702
4.336759565237
4.346817101008
4.356730382726
4.366699524647
4.376549579727
4.386447577571
4.396276907822
4.406089333822
4.415835211489
4.425707853605
4.435397061426
4.445045149328
4.454825582731
4.464594412820
4.653778786408
4.662133102457
4.671186548250
4.680315540180
4.689594241070
4.698944942582
4.708507185912
4.718334946924
4.728350177704
4.737797853030
4.747304915365
4.756876560515
4.766319187958
4.775898684542
4.785445262666
4.795175007002
4.805050743915
4.815197659049
4.824519731731
4.833464403253
4.842954591498
4.852948665009
4.862313132850
4.871914791559
4.881567331461
4.891471027441
5.099327246833
5.107663997615
5.115937333040
5.124323912005
5.132823871869
5.141502314039
5.150429035714
5.159442401078
5.168544101528
5.177786471616
5.187113091551
5.196689272499
5.206189572311
5.215879063739
5.225765959611
5.235949763693
5.246026361561
5.256495271788
6.374476196039
6.381212870422
6.387531064029
6.393704392454
6.399799113367
6.405760981259
6.411626437713
6.417427594257
6.423208484881
6.428973075145
6.434566624224
6.440388061320
6.446156302840
6.452031156526
6.458000358389
6.463962206149
6.469911196112
6.765523138691
6.772269098750
6.779003238566
6.785841762536
6.792771356075
6.799741381296
6.806812410317
6.813951223177
6.821197038582
6.828495485131
6.835811025675
6.843155682004
6.850548878377
6.858043233233
6.865547886694
6.873051066496
6.880497808402
6.888041125434
6.895665198516
6.903253893123
6.910855510806
6.918525523893
6.926245662024
6.934030622989
6.942103791136
6.950700560558
7.023061442584
7.031338261314
7.039742868399
7.048378762937
7.057357250697
7.066599695359
7.076035904222
7.363811422573
7.370038241691
7.377463300575
7.384979844683
7.392455388871
7.399827597550
7.407152318379
7.414462232690
7.421717934121
7.428872354525
7.435843897686
7.442668606671
7.449381188881
7.456021685687
7.462568093034
7.468915556585
7.475415989438
7.481946364315
7.488005072803
7.494291181792
7.500407680326
7.506988173793
7.512914842437
7.657082157772
7.659232068429
7.661000270236
7.662718415906
7.664499715133
7.666613541460
7.668704559056
7.671098904308
7.673549752604
7.675955501197
7.678303468078
7.680660205321
7.682751083597
7.684869050321
7.687377375801
7.689146999512
7.690932265887
7.692720545476
7.695127853094
7.697572780460
7.699994329928
7.702392501609
7.704512860901
8.146266304879
8.153183428624
8.160853247671
8.168666152152
8.176579965088
8.184322216651
8.192142423855
8.200034356543
8.208012938950
8.216037781351
8.224119135496
8.232260713216
8.240430135359
8.248640586777
8.256833409925
8.265038135298
8.273247556756
8.281469961739
8.289687486811
8.297926892141
8.306215314106
8.314557968888
8.322843278472
8.331013090252
8.339195832422
8.347439994670
8.355416570096
8.363761810514
8.372096340879
8.384425982466
8.571232307405
8.579608640506
8.588119225608
8.596795194864
8.605669164948
8.614753097813
8.624153506372
8.633849533295
8.643600175995
8.653129302520
8.662709328146
8.673362137180
8.683397086958
8.693347305555
8.703462836538
8.713602691434
8.723466631317
8.733711097021
8.743633439170
8.753205281370
8.762690219728
8.772064735508
8.781243157352
8.789974205097
8.798244766058
8.806392194751
8.814373234808
9.631096386955
9.638931272294
9.647112630325
9.655339344105
9.663617517764
9.671966681776
9.680387110737
9.688728549159
9.697035832349
9.705280278094
9.713516220499
9.721768036704
9.729946579661
9.738009230612
9.745980540333
9.753834859557
9.761386002947
9.768874141938
9.776265195965
9.783623977342
9.790907801833
9.798056238242
9.804961168823
9.811913766515
9.818821264274
9.825698778485
9.832665482159
9.839410534996
9.846146523644
9.852766863145
9.859344248306
9.865873524172
9.872396821019
9.878927634189
9.885375342703
9.891793135441
9.899305523768
10.271658951684
10.278367173533
10.284783116227
10.291178739003
10.297615809197
10.304074094827
10.310470182247
10.316820013146
10.323243624820
10.329797214608
10.721447802618
10.728526794687
10.736043291657
10.743878006815
10.751845574118
10.759963950101
10.768148286707
10.776122132368
10.784270882755
10.792541246680
10.800897392270
10.809293868252
10.817703002510
10.826159485161
10.834614387500
10.843048014822
10.851467383474
10.859851002949
10.868242097600
10.876619876950
10.885031395812
10.893461792197
10.901919111099
10.910352047794
10.918813334935
10.927182009470
10.935586584454
10.943949531179
10.952329302258
10.960751408735
10.970062138397
10.979029714993
10.987485770187
10.996117369693
11.004681290417
11.013228632461
11.036112595510
11.038167924572
11.043495667255
11.046009443451
11.047844475162
11.050152099560
11.052713686603
11.054795266953
11.057295583814
11.059327648447
11.061395422697
11.063416326900
11.148051365292
11.157658736997
11.166584658791
11.175946631109
11.185577621603
11.195312474145
11.299716119570
11.309102807543
11.318701361377
11.328519450514
11.338464290829
11.348422392965
11.356873022940
11.365948311206
11.374530783243
11.383069122875
11.391744562951
11.400407434322
11.409011913596
11.417514668623
11.425999794754
11.434173343880
11.442280717519
11.450313933825
11.458349783037
11.466435072879
11.474551367961
11.482733852414
11.490913621842
11.499066563432
11.507198647745
11.515304613323
11.523452574785
11.531542550523
11.539675608538
11.547595594943
11.555409732096
11.563074865799
11.570675926163
11.578315212565
11.586164213111
11.593105924752
11.600556468308
11.608733853252
11.616800157344
11.624847611540
11.632983119390
11.641195740305
11.649177300717
11.657359467595
11.815594689238
11.824139081623
11.832864301356
11.841742571607
11.850811058569
11.860447300525
11.870082365480
11.879922321440
11.889964832650
11.900063405205
11.910290763049
11.920573654996
11.930961240604
11.941255576010
11.951467563129
11.961370406709
11.971290411489
11.981036361339
11.990856769463
12.000796397523
12.010688430371
12.020316165608
12.029754176983
12.039185234627
12.048471618143
12.057247376196
12.065499666033
12.073568817613
12.081626654956
12.703344839939
12.712334500677
12.721127621293
12.729983843247
12.738691118712
12.748157996643
12.757012171271
12.765962948743
12.774986232807
12.784026940258
12.793141999392
12.802251137532
12.811215285242
12.820114007806
12.828897441994
12.837700131153
12.846347941707
12.855011601514
12.863514236403
12.871646736784
12.879947618967
12.888142486724
12.896298080029
12.904334636987
12.912276198056
12.920232169487
12.928115370530
12.935889959302
12.943578245795
12.951221324407
12.958967372705
12.966645493475
12.974411060765
12.982211415212
12.990037074084
12.997796802181
13.005623899852
13.014026080325
13.022239150112
13.030454856852
13.038708242060
13.047081440165
13.055332154260
13.063401566261
13.071607116915
13.079832926085
13.088145229225
13.096533604749
13.105001580415
13.113473560820
13.122005169902
13.130414116457
13.169245178381
13.173530012943
13.178085198790
13.181821242395
13.186245513503
13.190667633211
13.194958224187
13.202538013927
13.206226751722
13.210740815686
13.215589241636
13.219736872232
13.224343069205
13.227936341138
13.232381515516
13.237030264820
13.241144924641
13.245396578889
13.249770411707
13.254147943743
13.258589773975
13.438917394407
13.446352868032
13.453690550580
13.461930557619
13.470303485336
13.478772580103
13.487119488560
13.495574637941
13.504046216233
13.512450471203
13.520838931416
13.529137016637
13.537422295791
13.545632474406
13.553805345571
13.562039971484
13.570202387124
13.578330466314
13.586466104822
13.594533397853
13.602566308641
13.610545740956
13.618569687802
13.626634150369
13.635066442496
13.643520572708
13.651706510062
13.659987831199
13.667962931103
13.875701917808
13.884210545433
13.892771658188
13.901283725949
13.909884776868
13.918629511772
13.927434500297
13.936338147618
13.945288190124
13.954292344464
13.963290225961
13.972401707427
13.981542009268
13.990609071740
13.999658716542
14.008611450578
14.017541831454
14.026469745968
14.035460655003
14.044652156150
14.309934839392
14.318591908167
14.327864565428
14.337081893162
14.346453676028
14.355837685907
14.365266339126
14.374769305771
14.384305162957
14.393803032605
14.403375362395
14.412906862792
14.422457479134
14.431904490046
14.441354296177
14.450561715748
15.164988742185
15.172965971523
15.181117065805
15.189387742345
15.197677669979
15.347124598139
15.354727126902
15.362701401908
15.370741954270
15.378880659175
15.387122933095
15.395294703741
15.403400968881
15.411442147983
15.419504022669
15.427604490890
15.435697318631
15.443768198245
15.451814472512
15.459886979317
15.467972478344
15.476017362602
15.484141860606
15.492266220203
15.500452954254
15.508719644595
15.517108753443
15.525814932666
15.533915496514
15.545940507014
15.557986483622
15.570046335654
15.582634735234
15.733595169321
15.740961598418
15.748882071562
15.756925478591
15.765121638280
15.773454648985
15.781895714861
15.790400237244
15.799051466961
15.807821068029
15.816805015164
15.825888304930
15.834917200862
15.890752018156
15.899071287631
15.907904494991
15.916509199367
15.925494248126
15.934617439063
15.943810545141
15.953108418744
15.962387134743
15.971771145618
15.981070949772
15.990422591218
15.999652264762
16.008894325938
16.016675137894
16.025148512389
16.034055216657
16.043109863089
16.052535395087
16.061722402004
16.070479413384
16.082519857084
16.137797747077
16.145971964122
16.154282159801
16.162662692538
16.170997121639
16.179252612596
16.187476383605
16.195688616304
16.203907220586
16.212119977865
16.220310304762
16.228509687266
16.236728264412
16.244974095304
16.253255457967
16.261696213120
16.270228957282
16.279295607273
16.290138555894
16.298948543035
16.307530652636
16.316633845243
16.325994262728
16.335732241379
16.345336103784
16.354867070080
16.364536472748
16.374246879449
16.383967008442
16.393681358701
16.403481039819
16.413238193946
16.423149246654
16.539970092925
16.549107620232
16.558344084844
16.567609401952
16.576814728423
16.586083502901
16.595330189249
16.604608855154
16.613888222090
16.623211670948
16.632697440366
16.642284860710
16.652051448145
16.661931138069
16.671963167909
16.682024181876
16.690762570136
16.700630921151
16.710370906448
16.720062547724
16.729701008751
16.739515512427
16.749309409455
16.759314903776
16.769101181790
17.666515673781
17.674272653930
17.681841781427
17.689328614586
17.696946431422
17.704469552639
17.711847206593
17.719158543086
17.726421779188
17.733675793009
17.740905720276
17.748063022189
17.755187486184
17.762383367680
17.769608317755
17.776783021946
17.783866556405
17.790892874130
17.797847101070
17.804772944080
17.811579876905
17.818301170940
17.824857212644
17.831319733025
17.837733655472
17.843962657850
17.850113530301
17.856222899450
17.862274122996
17.868246149179
17.874176691891
17.879986950738
17.885612529535
17.891274619255
17.896964085197
17.902860720006
17.908665583597
17.914510863491
17.920432798074
18.035161362840
18.046379391387
18.065794948706
18.071700256002
18.077587043693
18.083591195726
18.089617117214
18.095710005043
18.101897130618
18.108201738537
18.114876274965
18.120855599093
18.127250042202
18.133662915715
18.140198436064
18.146768518997
18.153411850703
18.160099697508
18.166841085072
18.173671842368
18.180545778915
18.187473003666
18.194369844022
18.201039868664
18.207985921693
18.215055783125
18.222139399731
18.229230785429
18.236307431440
18.243393374988
18.250479905740
18.257573917607
18.264668451629
18.271815835807
18.279063932912
18.287014384800
18.295124849673
18.302192081436
18.308952380869
18.390525850677
18.398730244598
18.406557617931
18.414560850397
18.422766575247
18.430633692152
18.597992975715
18.605012589330
18.612544765525
18.620306406677
18.627431054024
18.634863725967
18.642535087905
18.650180073617
18.657759598794
18.665286335027
18.672755446900
18.680177088200
18.687542154921
18.694901736001
18.702187573528
18.709409162920
18.716616248487
18.723797947793
18.730936025488
18.738100108328
18.745343972364
18.753570989384
18.761448018590
18.769332861709
18.926976535587
18.933598866570
18.939759398654
18.947065871232
18.954075005928
18.962277813741
18.969126473094
18.977052419035
18.984555608632
18.992975217972
19.000377281642
19.008957812924
19.016582517360
19.024940368421
19.033282932592
19.041387693179
19.049490461448
19.057959223838
19.200274966410
19.207761970492
19.215549226938
19.223810232850
19.232191301904
19.240641923853
19.248534845831
19.256525421858
19.264732177474
19.272398320295
19.461619504660
19.469744601375
19.477903662966
19.486154141529
19.494526561731
19.503026873265
19.511644895838
19.520191133255
19.528773453367
19.537772551922
19.546888491355
19.555970162236
19.565094452549
19.574354459785
19.583676528672
19.592997251623
19.602322695610
19.611649423143
19.620948163270
19.630051127787
19.638943920542
19.647463541931
19.655638354444
19.663541770953
19.671111283337
19.678678625974
19.686669912364
19.699626882752
19.711910780637
19.723619542839

