Time_s
0.642120335389
0.650164401899
0.658278599683
0.666541096574
0.674830189496
0.683174396185
0.691529957469
0.699697067974
0.707821062142
0.715355495346
0.722744513617
0.729789165515
0.736766381396
0.743652096332
0.750488444621
0.757270872786
0.764190911422
0.771138903886
0.778050490984
0.785048022764
0.792157815999
0.799471446024
0.807091334182
0.815061870578
0.823612906226
0.831812247872
1.110174889345
1.117601077518
1.124834566990
1.132223643269
1.139655710557
1.147102649744
1.154652883987
1.162219406991
1.169750301125
1.177295076309
1.184754338095
1.192218614910
1.199647401814
1.206951096010
1.214245853492
1.221460875687
1.228582766440
1.235721582559
1.242761331702
1.249778269457
1.257154813306
1.264049134798
1.271041712223
1.277933182127
1.284790674994
1.291657287279
1.298706588469
1.306056132926
1.313756610079
1.321567099193
1.329346610617
1.595104588479
1.605451671513
1.615954330206
1.626714709788
1.637397602689
1.648114101636
1.658716031604
1.669582031759
1.680758661859
1.692707166140
1.703415546767
1.713679900674
1.723647168773
1.733391329983
1.743058441531
1.752379407049
1.769593166075
1.778089819967
1.786730901946
1.795280785057
1.803966376250
1.812722901168
1.821432469369
1.830405578993
3.369594745090
3.383023278380
3.396607477574
3.404845859401
3.411574575035
3.418503763675
3.425407268746
3.432201215236
3.439122560888
3.445936177009
3.452740076275
3.459417696727
3.465994354624
3.472647208896
3.479360710302
3.486271575486
3.491996102063
3.499060551455
3.738158544303
3.745468683446
3.753241488787
3.760589250164
3.767974390891
3.775465440623
3.782916345160
3.790482554307
3.798010654458
3.805602636190
3.813222032112
3.820876659120
3.828556675089
3.836331090429
3.844157981870
3.852005122562
3.859772453669
3.867468432458
3.875158525644
3.882778773806
3.890388654895
3.897983237401
3.905478658969
3.912883799031
3.920370206605
3.928026978384
3.936058979177
3.945726769625
3.953142206703
3.960552826837
4.082433839557
4.092452828901
4.102630957136
4.112646783032
4.122822886107
4.133041222499
4.143409831535
4.153855272392
4.164414576535
4.174298455173
4.184650158578
4.195159173175
4.204892537679
4.213792543022
4.222521827715
4.231583428706
4.240388341929
4.248967616394
4.257392010310
4.265616206873
4.273693124632
4.281396243956
4.289121565101
4.296570297636
4.304124141081
4.311585615049
4.319056979050
4.326542244387
4.333858515055
4.341102350886
4.348295795666
4.355410883819
4.362495008921
4.369541694611
4.376582082584
4.383601493446
4.390663741110
4.397778057848
4.405038914594
4.412647218959
4.420472351373
4.428016219797
4.435904681775
4.444098293363
4.452499063764
4.461121743697
4.469814433076
4.478747370115
4.487969797707
4.497425791840
4.506763437598
4.516240389743
4.525713380735
4.535306704395
4.544650227440
4.553679909173
4.562267168522
4.570745255038
4.578951629833
4.587040921026
4.595085042905
4.603033021994
4.610945181723
4.618893209042
4.626852452919
4.634874042677
4.642825695166
4.650761156912
4.658698362926
4.666689298990
4.674675631622
4.682918760351
4.690526983348
4.876782568707
4.884928959524
4.893217574361
4.901697388639
4.910159347247
4.918911181204
4.927773833796
4.936820407398
4.945719479534
4.954385706513
4.962927894924
4.971398849461
4.979763342443
4.988067156507
4.996406304500
5.004776048120
5.013091207102
5.021544861501
5.030121475710
5.038754111313
5.047002512943
5.345392503192
5.355224951435
5.365287123806
5.375572627780
5.386103761922
5.396784365030
5.407559239091
5.418597489181
5.429827755402
5.441268024946
5.452260893617
5.463625920606
5.640663358142
5.649473911514
5.658094482219
5.666689362077
5.674969107869
5.683182941618
5.690997212538
5.698462951860
5.705621827805
5.712489113203
5.719035627662
5.725365732263
5.731635629272
5.737455758185
5.741940734698
5.746354568712
5.750932169240
5.755631152218
6.122356175393
6.130699450780
6.139285342232
6.148151166886
6.157298339223
6.167024721277
6.176931345362
6.187202950427
6.197470101690
6.207945771674
6.218535827988
6.229428727754
6.240164034530
6.251314339102
6.262335358562
6.273619590553
6.284978922976
6.296140543808
6.307333743683
6.318734322800
6.330483201987
6.343022051034
6.365373627847
6.368047901930
6.370270444020
6.372695847242
6.374964199287
6.376842486369
6.379086580599
6.381304077097
6.383601344557
6.385827313237
6.387998519257
6.390712890652
6.392817025471
6.395063799085
6.397339019249
6.399323998178
6.401155408344
6.402955425975
6.574358487668
6.581226479305
6.588445421512
6.596229433572
6.604504982457
6.613393892648
6.616101735894
6.618588322069
6.620911534834
6.623463502521
6.625920859583
6.628482914271
6.633974491113
6.636564011656
6.639139005001
6.641923211078
6.644333533861
6.646830288774
6.649376853245
6.651840142849
6.654285283469
8.174971034430
8.179636974123
8.185331119252
8.190809529338
8.196996473113
8.203416344902
8.209790203021
8.217049221921
8.223642895601
8.229783836605
8.235488402755
8.241717845033
8.547003876158
8.552199226300
8.557093589892
8.562802375060
8.569464428457
8.576157553307
8.583169166329
8.590369068835
8.597677010524
8.605026975263
8.612321475624
8.619704803584
8.627056779848
8.634409751256
8.641785794508
8.649136221697
8.656537833286
8.663854530283
8.671115563384
8.678363360275
8.685552334955
8.692668128929
8.699730122913
8.706715234957
8.713558579454
8.720304713360
8.727081268767
8.733990918985
8.740997203070
8.748309026826
9.292412835962
9.298890097854
9.305584681796
9.312108827025
9.319093154881
9.326224192478
9.333448052833
9.340696604619
9.348049763375
9.355417028065
9.362819644965
9.369800713838
9.376809608174
9.383858605719
9.390824753000
9.397745626489
9.404693158320
9.411827970537
9.419117310604
9.760533986071
9.767052917571
9.774875396563
9.782710327055
9.790769502866
9.798947298444
9.807297531712
9.815568894366
9.824104500172
9.832683357996
9.841177471202
9.849648106965
9.857974848303
9.866139761636
9.874273671538
9.882239794418
9.890235498510
9.898137902100
9.906101833271
9.914178964065
9.922370739630
9.930525469077
9.938782345385
9.947094212106
9.955528283497
9.963890412297
9.971981718076
9.980176210187
9.988413974276
9.996583289558
10.004581105058
10.012289047338
10.020232158349
10.132834419737
10.139839452205
10.146478900505
10.153695353654
10.161141886710
10.168940901250
10.177171470309
10.185955449621
10.195313847417
10.205289993258
10.215957589171
10.226728410676
10.237520113503
10.248653792237
10.259786870847
11.624638082341
11.631178368866
11.637512818243
11.644661441818
11.652161076283
11.659769404785
11.667421420589
11.675151644564
11.682928576370
11.690723952826
11.698453450410
11.706151526089
11.713859839568
11.721522963798
11.729131922951
11.736628928490
11.744075887265
11.751385225554
11.758750719605
11.766018197065
11.773432387556
11.780817822612
11.788286668191
11.795670290944
11.803152540253
11.810577981438
11.818055419110
11.825551295095
11.832880905620
11.840183006146
11.847312580127
11.854429528337
11.861740358009
11.869171256300
11.876851249352
11.884642181257
11.892285393720
12.017471438575
12.024630068782
12.031956792342
12.039628729189
12.047747981742
12.055846155862
12.063832606948
12.071979239422
12.079991554394
12.087764605662
12.370397395632
12.378588753833
12.387024908066
12.395750238394
12.404681971046
12.413660669489
12.422496068820
12.430792647435
12.439153047088
12.447255383846
12.455395047590
12.463447258927
12.471270459057
12.478864678418
12.486302999512
12.493287836029
12.500004783352
12.506915143473
12.513534422851
12.520125458638
12.526893632445
12.534237706587
12.646672605257
12.648672823402
12.650991859996
12.653028892339
12.655055901306
12.657324172901
12.659900107715
12.661898354894
12.664164343309
13.003031306811
13.011834094231
13.020921269464
13.050006971922
13.059675653768
13.069507137737
13.080064091638
13.089281762383
13.099720107198
13.170760620799
13.177633465287
13.184472400075
13.192447219868
13.200997689788
13.209929958288
13.218902638503
13.228121039028
13.237409707474
13.246712990178
13.255194892605
13.263742573889
13.272074538404
13.280460456597
13.288499633039
13.296524632509
13.304400241490
13.312231682316
13.319995845887
13.327774443655
13.335587319486
13.343567857247
13.351576579776
13.359796935822
13.367884013881
13.375575238301
13.383437886813
13.391600057785
13.399483274433
13.534533809573
13.541072876673
13.548089035906
13.555554003873
13.562859728623
13.570045241347
13.576875606304
13.583347593048
13.589474468291
13.595359950687
13.600970120642
13.606574087405
13.612009428655
13.617490726903
13.623008889005
13.628633040633
13.634077349413
13.639271718459
13.644860806761
14.770511947423
14.780038137238
14.789789952309
14.799666758224
14.809972066361
14.820219390900
14.830463048084
14.840992819570
14.851611481833
14.862190953500
14.872717773179
14.883231009176
14.893674838120
14.904121627411
14.914448857197
14.924658487810
14.934756824276
14.944578101897
14.954072109875
14.963308875498
14.971930275420
14.980528344907
14.989023284566
14.997305245919
15.005595989521
15.013846196489
15.022127914671
15.030484662444
15.038831790441
15.047116942066
15.055397442941
15.063679276108
15.072153609930
15.080845285295
15.089720690465
15.098587450319
15.107701096585
15.116773731741
15.126739194700
15.136716540720
15.146185064992
15.155851501506
15.165621505594
15.175459055988
15.184106789854
15.193739224184
15.201727647674
15.209786320044
15.217659285255
15.226524528066
15.235603919201
15.244860209687
15.254398086548
15.264119970745
15.273853974923
15.283230438290
15.291917982667
15.299642530767
15.306426806719
15.313789622289
15.320826444428
15.620288433419
15.628051428803
15.636367578354
15.645152291329
15.654791642915
15.664452880932
15.673985897911
15.683579652451
15.692469067714
15.701396995023
15.710219186448
15.718993963294
15.727475285455
15.735614833642
15.743434657033
15.751153568425
15.758095217116
15.764833090823
15.771195801249
15.777394776145
15.783675413580
15.790189450054
15.915397253952
15.919517420348
15.923769542470
15.927677346300
15.931674739891
15.935226988665
15.939269035434
15.943613203594
15.947576046191
15.951642017128
16.790796010194
16.800397051489
16.810231648990
16.820352835042
16.830630150804
16.840985030481
16.851202479476
16.861516239268
17.005847494072
17.016319788263
17.027102495732
17.037743246129
17.048365882694
17.058792527338
17.070299387301
17.080785451485
17.090702198273
17.100672463763
17.110298254481
17.119865557535
17.129404457766
17.138839321201
17.148462016620
17.200550051544
17.210066869842
17.219124224253
17.228220400087
17.237139344965
17.246221322296
17.255379265937
17.264518686514
17.273578194882
17.282581130765
17.291569564184
17.300713261781
17.310038227106
17.319477034161
17.329173162283
17.339282068186
17.349031914953
17.358550388955
17.368077645746
17.377579694555
17.387249025793
17.396911448367
17.406390274042
17.415652598886
17.425148916169
17.435001627900
17.445443118231
17.456531200178
17.467569074776
17.479339174352
17.490594704261
17.501626938595
17.513395056294
17.525034659305
17.536159380007
17.547023361441
17.557931964563
17.568359088927
17.579151079478
17.589536820568
17.600577530637
17.611178649893
17.621789827251
17.632388199136
17.643542287855
17.654706458911
17.667439792147
18.831474435192
18.840031023925
18.848845186507
18.858026097187
18.867491560878
18.877086494051
18.886872657904
18.896683425585
18.906307972876
18.915607836768
18.924171154962
18.932069429312
18.935281613393
18.938527805607
18.941162867479
18.943927654787
18.946742501977
18.949554467557
18.952192613590
18.954753643036
18.957366962733
18.960041999859
18.962848416825
18.965814934736
18.968921117436
18.971356201805
18.973740768748
18.976327271241
19.013992666092
19.021009944730
19.027891801234
19.034829946593
19.041615934944
19.048273323064
19.054891261301
19.061375095918
19.067866495216
19.074191710521
19.080584906374
19.087020951416
19.093638483964
19.100166785410
19.106977803363
19.113820320242
19.121088341736
19.128543492081
19.135867864013
19.143429766142
19.225765717849
19.231507078672
19.237350867710
19.244313251037
19.251460847731
19.258716172282
19.265851543269
19.272930212660
19.280171451408
19.287398232946
19.294675555720
19.302026250060
19.309422005612
19.316793553218
19.324158450461
19.332062745444
19.339740943449
19.347080144106
19.354398891930
19.361656326411
19.368935112275
19.376211740353
19.383514972140
19.390783440762
19.398065693225
19.405307246303
19.412552728728
19.419852170075
19.427097620839
19.434289686696
19.441563099436
19.448753147402
19.455997659382
19.463215795375
19.470422456044
19.477643179936
19.484820526210
19.492055021775
19.499324390281
19.506492852722
19.513608489672
19.521244764777
19.528512113647
19.535681023426
19.850884735391
19.859756559646
19.869100012981
19.878395889628
19.887873459361
19.897162914000
19.906332130265
19.915052058392
19.923594801026
19.932008874715
19.940262473238
19.948401601660
19.956497214963
19.964507607459
19.972485336283
19.980500134643
19.988462962466
19.996329243585

