Time_s
0.375600812835
0.378228786313
0.380546208838
0.385197286766
0.387114478410
0.388912861610
0.390691055148
0.392509202368
0.394543482617
0.396402856999
0.398076018841
0.400349881518
0.404138219595
0.406025772249
0.421686712787
0.425835517571
0.428556629880
0.432012077500
0.435706080339
0.439192309321
0.442468685418
0.445732923228
0.449094178919
0.452524397658
0.456016196325
0.459501921764
0.463021517222
0.466522703730
0.470033026369
0.473558251260
0.477150112925
0.480630228264
0.484106747051
0.487521484737
0.490921497931
0.494333545396
0.497754244289
0.501183765861
0.504623967334
0.508079171840
0.511528429572
0.514991526267
0.518461714580
0.521935404051
0.525424365811
0.528900221662
0.532384115636
0.535850112328
0.539318969519
0.542764790719
0.546221033743
0.549660539315
0.553079766530
0.556487396338
0.559879236204
0.563264100156
0.566623191734
0.569950755001
0.573278495924
0.576577285835
0.579852566119
0.583111476838
0.586361159462
0.589595289639
0.592798469200
0.595996708445
0.599193871115
0.602352915631
0.605511158020
0.608650110328
0.611811310308
0.614986926859
0.618220004771
0.621459820295
0.624553330660
0.627573052367
0.630633183303
0.633947934276
0.782977253827
0.785080737903
0.787090072542
0.789051236768
0.791196820275
0.793279865070
0.795292592296
0.797275078368
0.799342575233
0.801287019736
0.802906789758
0.804881042615
0.816362973370
0.819489575132
0.822691805754
0.825853390613
0.829070115252
0.832246093272
0.835311598821
0.838430066852
0.841575825758
0.844757961942
0.847978689840
0.851222869451
0.854489215508
0.857764335643
0.861070140861
0.864385061631
0.867708180048
0.871048855502
0.874401525822
0.877774770822
0.881156245860
0.884547045382
0.887954528976
0.891355211675
0.894760979256
0.898183637570
0.901612493976
0.905045048165
0.908517444029
0.912064468329
0.915524858701
0.918897556727
0.922298000502
0.925693622225
0.929093998366
0.932470762942
0.935861208222
0.939210952815
0.942576154182
0.945974903411
0.949367430183
0.952739952479
0.956159861846
0.959578040804
0.962972031609
0.966332263650
0.969676948177
0.973039933262
0.976409131262
0.979780323850
0.983158828851
0.986524992420
0.989878247272
0.993237904445
0.996572782958
0.999912623134
1.003253997231
1.006613896280
1.009974054138
1.013374070770
1.016694076386
1.019990482314
1.023241328499
1.176431611684
1.180139694814
1.183579658859
1.187353639664
1.190826783611
1.194175860985
1.197896848822
1.201779350200
1.205707112612
1.209659870871
1.213661916985
1.217697148312
1.221768027395
1.225829632853
1.229919942975
1.234000173504
1.238123166229
1.242259148028
1.246414593561
1.250568741889
1.254755487876
1.258957501125
1.263190955531
1.267462557125
1.271791582805
1.276211503179
1.280540413251
1.284862965461
1.289135733975
1.293413241527
1.297682686477
1.301953188109
1.306249922236
1.310565459127
1.314839057285
1.319123058490
1.323429054964
1.327670507634
1.331950578066
1.336204253997
1.340481662596
1.344792006728
1.349099253970
1.353414784876
1.357735969410
1.362039387415
1.366346607717
1.370657254080
1.374953929289
1.379252001017
1.383553068382
1.387821699057
1.392115313873
1.396380477787
1.400659673782
1.404929373629
1.409156521858
1.413398657184
1.417626477279
1.421860948349
1.426100393595
1.430303398713
1.434514618916
1.438722487030
1.442930437098
1.447099499970
1.451275630504
1.455438490990
1.459570729088
1.463720862584
1.467820642670
1.472002680638
1.476003174138
1.496380533641
1.507323117247
1.598705100010
1.606548175301
1.614666564127
1.622693287867
1.630857801441
1.644158281134
1.648181621781
1.652199856789
1.656225670717
1.660241855927
1.664247613868
1.668254303084
1.672248182021
1.676250111530
1.680228956624
1.684178383725
1.688190981192
1.692164812373
1.696145156638
1.700138249531
1.704035137239
1.707898932938
1.711780437761
1.856155466746
1.859230213719
1.862429940053
1.865917178805
1.869705329347
1.873280610788
1.876751469126
1.880122745278
1.883656225944
1.887176643194
1.890742735460
1.894274734463
1.897826214473
1.901367605656
1.904900720276
1.908479997983
1.912030276578
1.915597100568
1.919151336862
1.922729960351
1.926324239875
1.929910243844
1.933485496021
1.937086124301
1.940680461671
1.944268450638
1.947836236433
1.951396451863
1.954961418615
1.958506417172
1.962034709153
1.965562885761
1.969080079618
1.972585176238
1.976084265705
1.979585688057
1.983102311663
1.986638971873
1.990181270985
1.993791142251
1.997474570511
2.001065750411
2.004582372046
2.008327534156
2.012479591260
2.015963576129
2.076052827985
2.079696674952
2.083388560435
2.086614232193
2.089853118130
2.092929568573
2.096229413797
2.099548825321
2.102956656949
2.106389852264
2.109859582314
2.113345806886
2.116860857447
2.120409265929
2.124011466140
2.127685012910
2.131459955525
2.135395123226
2.139264102443
2.143074985062
2.147017985090
2.150989390096
2.154987413469
2.159028548403
2.163146045039
2.167271370933
2.171418299491
2.175556934512
2.179796994063
2.184088168491
2.188215148315
2.192212928452
2.196178534753
2.200199679603
2.204290173206
2.208246920094
2.238911114135
2.241990582470
2.245895833185
2.249663382383
2.253401562416
2.257036530873
2.260939833956
2.264993351626
2.269080801303
2.273188542332
2.277304060186
2.281418754805
2.285565760762
2.289717261466
2.293857193185
2.298013436347
2.302192247275
2.306368129326
2.310568798351
2.314758510309
2.318958135066
2.323146082334
2.327338381555
2.331534712515
2.335714229127
2.339914690688
2.344113721221
2.348315163335
2.352530773293
2.356749257030
2.360966104696
2.365186912035
2.369431564666
2.373688272712
2.377946867122
2.382228476165
2.386579137571
2.390919320230
2.395213176410
2.399248966018
2.403309982068
2.407374713273
2.411511684555
2.415723026957
2.419921197258
2.424130662469
2.428344678129
2.432574480578
2.436817546787
2.441039336488
2.445278840839
2.449511539139
2.453830737861
2.458229561227
2.462663515135
2.467142746933
2.471637160581
2.475966046835
2.480290431067
2.484691789791
2.489157257323
2.493309165465
2.546999070918
2.550136007469
2.554129723298
2.557838082146
2.561836478353
2.566320931434
2.570690505315
2.575080851859
2.579430585681
2.583786955595
2.588144879638
2.592474888575
2.596811412925
2.601129572357
2.605453652947
2.609724109144
2.613991057345
2.618227342776
2.622445269381
2.626634103354
2.630771856648
2.634892794892
2.638959877227
2.642997080632
2.646986353337
2.651043840472
2.655094327241
2.659214842270
2.662964802164
2.847838491048
2.851529363760
2.855274274111
2.859014638297
2.862700113758
2.866302193509
2.870122912332
2.874014876333
2.877969329851
2.881967031513
2.885978188403
2.889988245183
2.894027986655
2.898050918454
2.902090589597
2.906151534042
2.910241408520
2.914357649500
2.918440206368
2.922527278908
2.926627880238
2.930736999757
2.934864163205
2.938992537918
2.943125686861
2.947251436509
2.951387784820
2.955555506226
2.959696233622
2.963846585788
2.967994738040
2.972148356053
2.976299043795
2.980436981966
2.984592595394
2.988713881052
2.992845298021
2.996964871621
3.001061824868
3.005207881962
3.009340368538
3.013446673091
3.017594737405
3.021734799249
3.025857355062
3.029984054463
3.034122004481
3.038249304299
3.042423085341
3.046538149124
3.050606771087
3.054731353071
3.058932938334
3.063094237834
3.067249159441
3.071412945141
3.075529208332
3.079500081487
3.083398262122
3.087288626849
3.091206908206
3.095238753407
3.099111137432
3.106478318964
3.324835136300
3.328213827997
3.331705173607
3.335045081593
3.339046951313
3.343049052351
3.347197985515
3.351301933359
3.355408384994
3.359524631342
3.363592231789
3.367637734571
3.371671136470
3.375697329458
3.379681113141
3.383693309078
3.387715030760
3.391741555546
3.395771803835
3.399784265097
3.403789666061
3.407796266203
3.411813874247
3.415817864183
3.419814747178
3.423842092513
3.427919862086
3.431995978708
3.436100596203
3.440234764302
3.444414103571
3.448462508388
3.452405776568
3.456312513014
3.460288867660
3.464303615462
3.468242340925
3.472119494764
3.476239850762
3.480248493371
3.484090289861
3.528025927165
3.532484705916
3.536601503622
3.540735227852
3.544621828864
3.548686736691
3.552763351396
3.556993635673
3.561244076831
3.565484017481
3.569697903809
3.573894594012
3.578105320126
3.582263506488
3.586393795268
3.590526828579
3.594590102050
3.598569019955
3.602505278044
3.606609448555
3.610774578108
3.614973424317
3.619165142566
3.623439782493
3.627733470921
3.632024907168
3.636372160407
3.640728022487
3.645076956226
3.649465179914
3.653868057096
3.658269776716
3.662671987126
3.667063425905
3.671474464434
3.675883642961
3.680298294740
3.684695814537
3.689119788092
3.693543932775
3.697964414390
3.702374978570
3.706769483401
3.711189601635
3.715603420932
3.720011624499
3.724449380498
3.728927775826
3.733434144730
3.737866981171
3.742179810298
3.746496374819
3.750966146764
3.755438695899
3.873226079469
3.877231591349
3.881040917223
3.884799185473
3.888690539793
3.892950597693
3.897170088293
3.901494349518
3.905825949841
3.910239208337
3.914628728200
3.919000614775
3.923185136161
3.927213938589
3.931142944333
3.935329748377
3.939527782640
3.943807002867
3.948052456852
3.952311552665
3.956578785534
3.960866893934
3.965224715993
3.969517459466
3.973807683640
3.978104876542
3.982434288126
3.986755133373
3.991163499324
3.995629639346
3.999951470295
4.004114016429
4.008309024113
4.012786552609
4.016796145972
4.021131128230
4.025983287070
4.029933818923
4.033855447748
4.037704531663
4.041610900082
4.045833057717
4.050012314793
4.054160727090
4.058313726789
4.062461488683
4.066598245737
4.070698791286
4.074778528699
4.078856351453
4.082917105270
4.087020956174
4.091155362358
4.095396805703
4.099322781285
4.103361564308
4.269096345186
4.273237306204
4.277280838316
4.281228157454
4.285037503491
4.289316237434
4.293814339732
4.298378595184
4.307212128685
4.316234699331
4.325111283576
4.334302012933
4.343405498308
4.352591139965
4.361675996003
4.370838191657
4.379462266380
4.388601222680
4.401166775468
4.413710710778
4.417496341831
4.421318598805
4.425283216606
4.429232483370
4.433191794163
4.437257486098
5.028089429595
5.031491595956
5.034994992974
5.038534919717
5.042105041274
5.045660986497
5.049221411725
5.052768681863
5.056313514916
5.059869161734
5.063454868962
5.067106705212
5.071059468851
5.075047228740
5.078649002577
5.082618719782
5.234983152979
5.237901195977
5.240933052697
5.243886298744
5.246707968703
5.249654078674
5.252824796592
5.255995546850
5.259215148384
5.262431933404
5.265665240711
5.268913015368
5.272143444105
5.275410055610
5.278625535047
5.281881253617
5.285191420236
5.288441708502
5.291613000292
5.294934104772
5.303792037504
5.484089434963
5.487203302662
5.490579877588
5.493603250677
5.496663856110
5.499966910014
5.503601998219
5.507264071665
5.510979411399
5.514707467791
5.518421632568
5.522153353148
5.525902628803
5.529679650860
5.533470107568
5.537275804749
5.541087085975
5.544922310960
5.548762583634
5.552617155750
5.556479143519
5.560349007444
5.564202444085
5.568074800942
5.571967648954
5.575863452154
5.579779507993
5.583687862415
5.587619700006
5.591536171711
5.595464148417
5.599401619949
5.603361782178
5.607293285653
5.611261984187
5.615215573542
5.619194290681
5.623181555068
5.627165622339
5.631175512376
5.635190183513
5.639220763552
5.643290022679
5.647394890929
5.651519635211
5.655804611129
5.660079600095
5.664188392637
5.668396802435
5.672552650228
5.676547576396
5.680705841929
5.684702784288
5.728184074932
5.732204979577
5.736560419445
5.740915038733
5.745158660525
5.749377200538
5.753627767569
5.757824659860
5.762014404878
5.766271695528
5.770470112876
5.774714630662
5.778987766475
5.783240895354
5.787532126741
5.791788612148
5.795992585903
5.800162815789
5.804445073623
5.808555198126
5.813458584517
6.022074889856
6.026683059115
6.031156683903
6.035598234428
6.040123368453
6.044668007662
6.049098189875
6.053522588599
6.058021191216
6.062383147928
6.066746541250
6.071119538650
6.075425207071
6.079705348243
6.083949856186
6.088091030849
6.092252948687
6.096375668782
6.100552029890
6.104654682213
6.108800257416
6.112942422637
6.117108558351
6.121246278987
6.125303679388
6.129342973151
6.133579438162
6.137717089260
6.141718367974
6.188459311119
6.191724240496
6.195141020730
6.198862108374
6.202331883450
6.205731788228
6.209329917473
6.213011319102
6.216710717248
6.220423332694
6.224137526457
6.227842576676
6.231542153233
6.235264813026
6.238982910830
6.242720314925
6.246470642872
6.250237329041
6.254070432380
6.257943857238
6.261662521693
6.265403828357
6.269320267212
6.273563975227
6.401289583911
6.405029187673
6.408707828922
6.412322702601
6.415935904492
6.419474070434
6.423202853520
6.426872862043
6.430738759560
6.434555442922
6.438443764642
6.442342456008
6.446276683008
6.450203448923
6.454167228195
6.458121609132
6.462101166392
6.466072446871
6.470056228568
6.474069970726
6.478087200492
6.482080160102
6.486065866330
6.490053331367
6.494077584582
6.498092061135
6.502101719466
6.506092909074
6.510106936933
6.514122117528
6.518162047561
6.522211090200
6.526252914755
6.530316827683
6.534376571067
6.538436097331
6.542507793789
6.546605762393
6.550734525624
6.554888352137
6.559082290846
6.563117919226
6.567172567449
6.571274202103
6.744833737734
6.749034245168
6.752754129602
6.756803892370
6.761023625458
6.765074411394
6.769092253530
6.773096880887
6.777044383790
6.780998015932
6.785320712708
6.789681719310
6.794135707193
6.798629352636
6.803115283414
6.807596362683
6.812126923069
6.816652536477
6.821182913401
6.825705610476
6.830167502413
6.834661648997
6.839182725603
6.843641942487
6.848118473348
6.852590552852
6.857047555159
6.861493729820
6.865945701202
6.870383555835
6.874790615236
6.879158667777
6.883492993777
6.887817828845
6.892128007147
6.896409831270
6.900659780994
6.904860795856
6.909049447856
6.913168572387
6.917278599455
6.921326716382
6.925322435473
6.929325203581
6.933271098597
6.937152600055
6.940959560919
6.944728320770
6.948472484745
6.952148303596
6.955700810997
6.959342060122
6.962880794917
6.966249268004
6.969682050976
6.973074850797
6.976477016738
6.979656955607
6.982730593552
6.985856275630
6.989050230459
6.992175239550
6.995313673383
6.998300640968
7.001155393040
7.004714072852
7.861897583720
7.865347132914
7.868542604424
7.871702816430
7.875399544114
7.879306142670
7.883257479284
7.887212375226
7.891138494485
7.895087471050
7.899076657670
7.903048684432
7.906986195058
7.910926416398
7.914858949672
7.918781856167
7.922694257045
7.926627516881
7.930557136026
7.934433545298
7.938315007136
7.942179390086
7.946043800776
7.949880470846
7.953703378295
7.957505007382
7.961288422518
7.965055391452
7.968752350647
7.972410881270
7.976039347652
7.979656171835
7.983234181532
7.986771753276
7.990296484885
7.993782752485
7.997242266142
8.000638509066
8.004028623426
8.007374097048
8.010712793375
8.014065910526
8.017319871740
8.020588910920
8.023829033729
8.027057981452
8.030231927683
8.033412757986
8.036540892502
8.039635401570
8.042704568960
8.045722898286
8.048817866617
8.051803396966
8.054826410655
8.058027723014
8.061320552970
8.064595101772
8.068169496127
8.206897924843
8.209937565426
8.212789605675
8.215596119800
8.218457693607
8.221230469522
8.224115974113
8.227113942918
8.230182894772
8.233203616026
8.236310836288
8.239367646238
8.242483977132
8.245620483520
8.248744959066
8.251881672607
8.255027494895
8.258191274644
8.261350056963
8.264512507364
8.267679747653
8.270892206456
8.274152415509
8.277525885433
8.281137189672
8.284507931203
8.288331902008
8.291912439117
8.295380115776
8.565658329789
8.569159219953
8.572894270542
8.576410599041
8.579974620572
8.583511651276
8.587258551573
8.591276161410
8.595135559912
8.599003261362
8.602973623912
8.607139053970
8.611260777158
8.615546931165
8.619691857685
8.623846612323
8.628033012151
8.632217794453
8.636427587317
8.640627195344
8.644812632058
8.649021156378
8.653230673345
8.657459827520
8.661662599266
8.665883267658
8.670084418333
8.674320288126
8.678542173630
8.682770434139
8.686994563417
8.691212794022
8.695431906004
8.699641465029
8.703879174159
8.708104349926
8.712297987291
8.716507660772
8.720730514082
8.724932411358
8.729129436536
8.733329859473
8.737522080945
8.741736506676
8.745934885480
8.750144119943
8.754353602537
8.758578584080
8.762825426423
8.767098893837
8.771395559948
8.775875402419
8.780208544577
8.784418826706
8.788672569989
8.793013695553
8.797394173023
8.801771167821
8.805925193355
8.810278504294
8.814353815597
8.818680678901
8.822812135643
8.826974802591
8.934250811591
8.938314065436
8.942601150826
8.946762997580
8.951005718234
8.955243634618
8.959518211643
8.963748921176
8.968040142726
8.972326362449
8.976626882581
8.980981395363
8.985178426786
8.989396744573
8.993694604700
8.997941552806
9.002334763516
9.006778224731
9.010991956843
9.015161760060
9.019477222723
9.023710558809
9.027833366861
9.032062069483
9.036228346031
9.040323822936
9.044320789480
9.048243650770
9.052389371802
9.056639542181
9.061026613779
9.065369725317
9.069743051625
9.074161798255
9.078627755491
9.083098172457
9.087600929693
9.092161144120
9.096761244858
9.101434394144
9.105835953852
9.110349825152
9.115101160005
9.119379030924
9.123755694431
9.195551855840
9.199512259034
9.203316060169
9.207670477873
9.212472417534
9.216987800453
9.221699569806
9.226373028563
9.230966480437
9.235626867517
9.240262116460
9.244909844252
9.249593092797
9.254251402381
9.258866405909
9.263515820047
9.268175484303
9.272828220151
9.277565529636
9.282145507753
9.286503616231
9.290981676655
9.295469364688
9.299951941452
9.304404350905
9.308856815901
9.313354122336
9.317806080511
9.322257251203
9.326724182047
9.331200977319
9.335676904967
9.340121488570
9.344599447008
9.349072469118
9.353488136030
9.357922830963
9.362367648367
9.366805001619
9.371226067950
9.375599898685
9.379972879093
9.384354641715
9.388713622171
9.393053472413
9.397375187883
9.401690319820
9.406032093337
9.410611766478
9.415351074280
9.420362578866
9.424856912208
9.571655512817
9.575436068117
9.579240745327
9.582884996613
9.586846760765
9.591299842945
9.595671417124
9.600104622888
9.604581564839
9.609112975565
9.613635080299
9.618177975618
9.622718529361
9.627281535740
9.631810232660
9.636374680156
9.640926802581
9.645500589961
9.650018800229
9.654462808459
9.658927426345
9.663369464694
9.667826192703
9.672296064313
9.676742910253
9.681143288862
9.685539618731
9.689900580271
9.694245941770
9.698532997663
9.702809851264
9.707028115620
9.711246495127
9.715417513635
9.719539044609
9.723636394137
9.727684281057
9.731679252908
9.735632995510
9.739516282817
9.743424470877
9.747215496367
9.751019068171
9.754757365577
9.758618863067
9.762328359734
9.766050628774
9.769668986043
9.773321706824
9.776880912305
9.780490975216
9.784044653540
9.787646359804
9.791286613794
9.794755641623
9.798416800181
9.801903969463
9.805495474932
9.808960643328
9.812512462107
9.816073383601
9.819635182624
9.823201124270
9.826770505934
9.830326283754
9.833871759973
9.837381114656
9.840980020035
9.844524618386
9.848139249714
9.851827016482
9.855458127197
9.859065631813
9.862480506758
9.865920965683
9.869372997351
9.872901666174
10.167723793778
10.170704114375
10.173675465531
10.177333079087
10.180920181838
10.184555180034
10.188476172934
10.192347518310
10.196278852468
10.200268542488
10.204242873361
10.208237026438
10.212283505950
10.216469401401
10.220717635130
10.224814384563
10.228832336762
10.232726495937
10.236657712239
10.240652633409
10.244708335783
10.248764419079
10.252826804371
10.256887673749
10.260968119833
10.265021620134
10.269085382579
10.273159917473
10.277211606191
10.281279371948
10.285371838919
10.289467502204
10.293423146709
10.297488957791
10.301550619554
10.305710452890
10.309929723665
10.314120314019
10.318305683840
10.322549024286
10.326789790229
10.331013129025
10.335226767172
10.339444446703
10.343631413710
10.347748754233
10.351865167106
10.356012314786
10.360135944991
10.364199710658
10.368274314045
10.372312345773
10.376316561108
10.380343169252
10.384378813731
10.388399086892
10.392297835449
10.396324376023
10.400338346406
10.404314455626
10.408276093148
10.412240029947
10.416207769664
10.420155767443
10.424105813762
10.428052620397
10.431994652206
10.435944322591
10.439864646891
10.443786589915
10.447700596780
10.451588755228
10.455467730068
10.459357387781
10.463230310181
10.467079459916
10.470906013246
10.474712007892
10.478506588315
10.482310482638
10.486105120418
10.489886332006
10.493640517221
10.497391344872
10.501137348927
10.504890843744
10.508647017375
10.512426561694
10.516454073266
10.520155836665
10.524007177996
10.527930931215
10.531634350485
10.535235190997
10.538816159883
10.542538127085
10.546237951837
10.549774097498
10.553511186164
10.556824159486
10.560336750943
10.563777166580
10.567326760041
10.570740699654
10.573932051040
10.577121018692
10.580353292398
10.583766492851
10.587268075203
10.590724476323
10.594133739639
10.597564326543
10.600982627886
10.604386686758
10.607809014171
10.611224498990
10.614644153389
10.618035086930
10.621415282957
10.624798862171
10.628159066777
10.631517345011
10.634853985599
10.638161714511
10.641496767596
10.644846425516
10.648166895462
10.651572961758
10.654759458099
10.658315550600
10.678898623968
10.688421174250
10.697676030525
10.707066836414
10.714801618381
10.717621814766
10.721018506469
10.724114488457
10.727462522637
10.730641234777
10.734003259448
10.737228004365
10.740556324421
10.743864084004
10.747224585301
10.750609521578
10.754054032719
10.757551747510
10.760993767459
10.764640427239
10.897456503529
10.901144546460
10.904785006394
10.908379089557
10.912212935939
10.916097780068
10.920045701274
10.924011195394
10.927994502969
10.931916526558
10.935856223840
10.939851185934
10.943878186750
10.947928200951
10.952009247694
10.956094463921
10.960215815557
10.964373125849
10.968537244324
10.972766007704
10.976979704574
10.981207473783
10.985467019759
10.989736534267
10.994007340280
10.998291373887
11.002569761894
11.006858376795
11.011157982003
11.015437490623
11.019715758453
11.023958569250
11.028223929679
11.032472584076
11.036714168578
11.040922102517
11.045179599119
11.049427362560
11.053744716104
11.057969871504
11.062583502034
11.204386547123
11.208070979759
11.211535784570
11.215653372926
11.219891572442
11.224070465220
11.228319855889
11.232590499733
11.236843626054
11.241127248237
11.245390708727
11.249684854252
11.253967493913
11.258222176344
11.262482828834
11.266755715685
11.271003499095
11.275219040009
11.279424210051
11.283652688849
11.287871860552
11.292100808380
11.296328888896
11.300559928852
11.304808388347
11.309036762774
11.313274489872
11.317565521197
11.321826032435
11.326103093720
11.330389906575
11.334671833472
11.338972247120
11.343239970395
11.347513632648
11.351797331783
11.356086606362
11.360370560378
11.364668998925
11.368935303173
11.373201237909
11.377492051060
11.381760588430
11.386052072232
11.390323128962
11.394592733792
11.398862560596
11.403115646559
11.407376070230
11.411633194133
11.415895606381
11.420178601737
11.424453656870
11.428755893824
11.433064141688
11.437370958949
11.441707809333
11.446062597846
11.450422781663
11.454830958658
11.459208275370
11.463708873028
11.468282107798
11.472921175843
11.477627748275
11.482367579857
11.487166859091
11.491918756460
11.496617600551
11.501010433368
11.505507755655
11.510083128985
11.514491441689
11.606693415053
11.609908343889
11.613970024080
11.617805007531
11.621448673960
11.625665494987
11.629942796918
11.634184305221
11.638503202051
11.642773269276
11.647073923470
11.651330301961
11.655610476663
11.659880957850
11.664166128975
11.668457288988
11.672753935931
11.677029041326
11.681320037794
11.685594010759
11.689870711739
11.694146654494
11.698416180813
11.702701252304
11.706963376941
11.711240207473
11.715518479325
11.719795100784
11.724078185710
11.728362892362
11.732671225729
11.737201134405
11.741765910749
11.746095816427
11.750311345430
11.754574714345
11.758768564417
11.762920855438
11.767108843537
11.771292878403
11.775461811730
11.779620393144
11.783789187300
11.787971289141
11.792148978597
11.796307263654
11.800490967634
11.804669464263
11.808834975474
11.813011154753
11.817190059217
11.821360291199
11.825553219323
11.829816382698
11.834052192853
11.838248359193
11.842505686606
11.846653827094
11.850820869456
11.854988266280
11.859170445288
11.863359110267
11.867573615573
11.871848975041
11.876215076261
11.880721375629
11.885270949862
11.889768903249
11.894246384859
11.898831931706
11.903368464258
11.907828262649
11.912259829372
11.916799372237
11.921189477387
11.925754202831
12.000120885750
12.009630096195
12.019029423689
12.028242346848
12.843182898650
12.846703043913
12.850235829606
12.853474238680
12.857213814327
12.861326515438
12.865125526112
12.869050937201
12.872876041758
12.876702361981
12.880511556090
12.884304031001
12.888085736951
12.891867281157
12.895624762422
12.899391319332
12.903157061602
12.906912318542
12.910690516530
12.914487319669
12.918295158688
12.922144959717
12.926040351711
12.929969030718
12.934095123224
12.938682726855
12.951032878017
12.965567680747
12.978762633371
13.003330380097
13.007671262106
13.011468605225
13.015339253887
13.019180379492
13.022954681354
13.026683114052
13.030415515173
13.034123002145
13.037821796757
13.041525464829
13.045210555818
13.048909317959
13.052592552975
13.056266805899
13.059938818448
13.063607355541
13.067259326381
13.070908944652
13.074553846907
13.078198291277
13.081828626890
13.085451019590
13.089063031973
13.092673757175
13.096267518768
13.099842702631
13.103429477717
13.107006606948
13.110576781891
13.114119330929
13.117669495106
13.121197460610
13.124695098020
13.128239575026
13.131757767140
13.135260249988
13.138775514234
13.142245994011
13.145643042082
13.149021771339
13.152392384000
13.155760144778
13.159220441831
13.162655108486
13.286709679740
13.289447106873
13.292466792004
13.295283298775
13.297981799938
13.300806720496
13.303717746863
13.306693956223
13.309689983641
13.312692408965
13.315678576973
13.318703997799
13.321732118107
13.324746931214
13.327747239703
13.330762007841
13.333771584604
13.336797664172
13.339802853118
13.342819997545
13.345828932613
13.348851067843
13.351863731532
13.354907386611
13.357912435071
13.360953279027
13.364018785259
13.367119324608
13.370345450699
13.373494151223
13.376514606074
13.379608678985
13.382747569231
13.385885401418
13.389015107893
13.392183579257
13.395333642444
13.398529361479
13.401744000842
13.404866273920
13.407970957700
13.411127821925
13.414249039256
13.417465238963
13.420638273329
13.423808872615
13.426995170034
13.430217644375
13.433429213060
13.436678151147
13.439919367849
13.443183893600
13.446468307757
13.449756258794
13.453038538616
13.456374942431
13.459702647534
13.463036499007
13.466404604098
13.469770368392
13.473160529808
13.476576741953
13.479982691496
13.483438634394
13.486910582670
13.490396278258
13.493872231398
13.497392603981
13.500930382373
13.504509803117
13.508099105642
13.511740182215
13.515441343964
13.519300663778
13.523269858878
13.527250090809
13.531328609974
13.535313213352
13.539193461701
13.542993835416
13.547081980945
13.550991399639
13.554716651891
13.558341965388
13.562019417081
13.565967130243
13.569853724418
13.573796343528
13.577702937008
13.581650889765
13.585587237709
13.589526605714
13.593460963822
13.597384694326
13.601345778438
13.605309734755
13.609287117975
13.613329974939
13.617390021446
13.621518271718
13.625808591383
13.629954435065
13.762299107637
13.766454801739
13.770352391190
13.774218474790
13.778062321711
13.782038237223
13.786105638644
13.790239561190
13.794391522999
13.798551722330
13.802725444573
13.806896780156
13.811100403896
13.815308999784
13.819460728248
13.823697945107
13.827878118549
13.832063776914
13.836220895244
13.840436247236
13.844640594298
13.848778909829
13.852911339782
13.857041453428
13.861194366890
13.865368791885
13.869537978371
13.873710291612
13.877867030072
13.882019344906
13.886155584467
13.890292940928
13.894418681047
13.898595533660
13.902750050705
13.906906345297
13.911099765825
13.915259778851
13.919460791894
13.923645769226
13.927855099231
13.932109979013
13.936404365922
13.940571967635
13.944755557707
13.948958591235
13.953080793210
13.957288060049
13.961446718058
13.965573112220
13.969692364052
13.973831110129
13.977949457116
13.982106912650
13.986225102990
13.990191329117
13.994024559292
13.997963287952
14.001962143465
14.005949382609
14.010201932145
14.014412835207
14.018479188015
14.022639941809
14.159375412001
14.167123219256
14.175017053639
14.183022672246
14.191207862639
14.199550349876
14.207519044919
14.215852431724
14.223889120511
14.231908454391
14.239943398331
14.243950327477
14.247996090273
14.252026363450
14.256091515280
14.260109781334
14.264217068056
14.268281858059
14.271682554337
14.397719975744
14.401134325974
14.404443768300
14.407882451558
14.411831042279
14.415382827538
14.419289965528
14.423041923974
14.426955464821
14.430957735172
14.434881461143
14.438646695745
14.442591210521
14.526255292839
14.529713697574
14.533362396320
14.537149978575
14.540911260705
14.544878286869
14.548583278705
14.552098215203
14.688074271000
14.692377954618
14.696316149508
14.700253408613
14.704130113226
14.707954378908
14.711886318163
14.715906298581
14.720002700546
14.724119923773
14.728258512489
14.732378630096
14.736446089410
14.740548737405
14.744692779068
14.748847090826
14.753021070279
14.757223491582
14.761470572240
14.765720352181
14.769980819950
14.774282784723
14.778585481319
14.782901507538
14.787219041727
14.791537029861
14.795888264658
14.800243584675
14.804630584957
14.808989005490
14.813372920498
14.817746143018
14.822136022516
14.826535185595
14.830962995334
14.835352336653
14.839811297121
14.844223920920
14.848628366939
14.853054252584
14.857475727408
14.861870638866
14.866280035574
14.870683269645
14.875063279877
14.879448316608
14.883833294819
14.888290645801
14.893046693946
14.897467314946
14.902010014447
14.905581396534
14.995279162535
14.999823234160
15.004101311809
15.008216109605
15.012192873708
15.016169430240
15.020282682484
15.024467282440
15.028694066675
15.032945524637
15.037179629213
15.041431700525
15.045781937018
15.050254883476
15.054625453798
15.058947934498
15.063283845396
15.067604903821
15.071901237833
15.076168341994
15.080491575058
15.084766288891
15.089020539058
15.093310893596
15.097604894749
15.101911259862
15.106218421910
15.110506007662
15.114815714698
15.119129572603
15.123455420319
15.127768246352
15.132098335816
15.136440212277
15.140802751944
15.145358274520
15.149887016203
15.154413714683
15.158977691819
15.163517185475
15.168140741627
15.172490049204
15.176809892861
15.181246587427
15.185868410438
15.190321629704
15.195000045889
15.199450366932
15.204054496731
15.235248242036
15.239395108953
15.243578868018
15.246285623201
15.250195541893
15.253433002649
15.257809665970
15.261414835664
15.265150514504
15.268688153649
15.272500702562
15.276508095875
15.280464144153
15.284475409663
15.288443089365
15.292422394495
15.296369554490
15.300307515089
15.304232573288
15.308154930517
15.312055972915
15.315960267301
15.319825001749
15.323677601802
15.327528540475
15.331394008646
15.335265336028
15.339208036670
15.343410732892
15.347635484239
15.351893660277
15.356110672500
15.360177425058
15.364382032422
15.368607904353
15.372712644442
15.376809147375
15.380820293537
15.384882227605
15.388891794508
15.392636336432
15.396514366990
15.555388892749
15.559471442037
15.562691811938
15.566164571385
15.569736573074
15.573081935498
15.576547918581
15.580119797852
15.583725576277
15.587403421762
15.591090626741
15.598565255304
15.606145567138
15.613764256254
15.621447328479
15.629155545194
15.636922846705
15.644728202640
15.652574176669
15.660422340463
15.668271012434
15.676112682953
15.683926618042
15.691755867586
15.699570292244
15.707360625644
15.715120781361
15.722839292788
15.730548130692
15.738228732352
15.745906825120
15.753608699093
15.761397406588
15.769055889101
15.776690539071
15.784314670557
15.943843575398
15.947908815691
15.951529781092
15.955477727503
16.476202107423
16.484764662843
16.493408910161
16.502148084035
16.510697850324
16.519198628720
16.527604104698
16.536127306253
16.544985839269
16.553809633417
16.562504417854
16.571435532162
16.580387246290
16.589317237672
16.598229225100
16.607136473047
16.616072326623
16.625255239152
16.634403397641
16.643849596641
16.653154859069
16.662073393050
16.670848014909
16.823206825411
16.827169135500
16.831145599255
16.834991833038
16.838598504579
16.842424905304
16.846573671415
16.850660393915
16.854836463894
16.858983314752
16.863145546227
16.867302045242
16.871459953933
16.875633073765
16.879793002545
16.883972546004
16.888143947159
16.892308237246
16.896439459190
16.900626213320
16.904820403500
16.909025193528
16.913256775299
16.917487876132
16.921737337079
16.926074490884
16.930621273460
16.935233815139
16.939759733132
16.944272401485
16.948701682347
16.953102032637
16.957546800301
16.962011189634
16.965906934977
16.987939438358
16.992690297383
16.996398423163
17.000260802802
17.004013691985
17.007974914269
17.012300956437
17.016424602686
17.020715684091
17.024974934131
17.029278319012
17.033635666025
17.038056534046
17.042351754777
17.046793446774
17.051183322528
17.148107737598
17.152153908742
17.155997038510
17.159801636235
17.164033315993
17.168372598035
17.172756751116
17.177209760736
17.181725671513
17.186203049290
17.190821709776
17.195120671151
18.006050018918
18.010094010676
18.013599512306
18.016806133868
18.020440161172
18.024276011313
18.028120976553
18.032064939372
18.036065949625
18.040571475100
18.044906808842
18.126099568525
18.130055304600
18.133449620735
18.137206104573
18.140626872549
18.144116034963
18.147927946574
18.151678755120
18.155413056197
18.159135750820
18.162874650483
18.166617845232
18.170395028906
18.174170166896
18.177975349800
18.181785209626
18.185625932211
18.189490210818
18.193381401304
18.197282901921
18.201160991290
18.205038506902
18.208879868209
18.212683112333
18.216482633166
18.220275515316
18.224070564741
18.227894362231
18.231704057912
18.235520655471
18.239356488831
18.243163994131
18.246987972643
18.250824684532
18.254683622283
18.258559720197
18.262481734350
18.266451831520
18.270447950422
18.274424313719
18.278123696806
18.282063225115
18.545300705020
18.549055877933
18.552751911661
18.556276224232
18.559661126630
18.562895987184
18.566155972550
18.569636838928
18.573132488831
18.576662591228
18.580161038049
18.583719039194
18.587205317380
18.590756491173
18.594263490503
18.597798923860
18.601288670294
18.604817899831
18.608299762992
18.611800913659
18.615295981785
18.618781546213
18.622252028138
18.625701273818
18.629174918969
18.632636504593
18.636107069760
18.639592353375
18.643133308789
18.646666687162
18.650178915722
18.653479123559
18.656843150421
18.660185531967
18.663612203680
18.777534227524
18.780410377541
18.783441004392
18.786429103344
18.789273765331
18.792060115933
18.795281423155
18.798487985443
18.801902636556
18.805227533202
18.808588065483
18.811935868280
18.815280604100
18.818640998847
18.821974570380
18.825321502353
18.828706968258
18.832013666708
18.835364924781
18.838678701140
18.842068736321
18.845304946353
18.848626606809
18.851876466422
18.855184336041
18.858421704974
18.861706948418
18.864945304919
18.868227743820
18.871452651876
18.874653697646
18.877899327465
18.881175693473
18.884442878623
18.887696332980
18.891035698349
18.894380015691
19.077341085107
19.081060097447
19.084621139248
19.088052075738
19.091383161641
19.094885142764
19.098464415486
19.102123890919
19.105784536448
19.109480058845
19.113199581020
19.116960355415
19.120745719957
19.124554034808
19.128395475744
19.132256466170
19.136141515687
19.140050101735
19.143969186978
19.147903289843
19.151843409210
19.155802421773
19.159773480609
19.163757625653
19.167750061042
19.171738129643
19.175751811384
19.179765100362
19.183781320577
19.187834640756
19.191874962477
19.195905367121
19.199936238573
19.204010778204
19.208076867688
19.212131153593
19.216170066887
19.220216545640
19.224223278109
19.228202985436
19.232193506661
19.236242406786
19.240284129143
19.244303875757
19.248331835421
19.252343986637
19.256370585668
19.260401845858
19.264429750002
19.268478072605
19.272537916693
19.276622302627
19.280739005922
19.284907626669
19.289113617868
19.293342773732
19.297546956881
19.301753062643
19.305989524245
19.310224164787
19.314620773599
19.318623057168
19.322797730029
19.395145713950
19.398473758065
19.401892327454
19.405965368961
19.410143237308
19.414240772008
19.418413106645
19.422549379238
19.426730833693
19.430906339644
19.435101678020
19.439301156803
19.443521824497
19.447694356905
19.451877829306
19.456062978786
19.460264326307
19.464541438211
19.468789891867
19.473093292119
19.477371773113
19.481724060063
19.486026532932
19.490439787976
19.494644556440
19.573279923507
19.577162666935
19.581033565179
19.584732708310
19.588373318651
19.592345674056
19.596821116809
19.601201371041
19.605553253297
19.609938562603
19.614367934414
19.618756284906
19.623132931204
19.627533309403
19.631933487296
19.636293358699
19.640643803659
19.644993336397
19.649361643828
19.653770729790
19.658172771825
19.662522365116
19.666895880961
19.671263261045
19.675640592632
19.680036969445
19.684461837360
19.688890710354
19.693309519230
19.697713778022
19.702010780893
19.928222463129
19.932159445525
19.935736593708
19.939045389194
19.943074017390
19.947077105840
19.951129170152
19.955177305781
19.959232983279
19.963261207513
19.967282770342
19.971309778963
19.975340615135
19.979365772777
19.983391051734
19.987402745051
19.991375591017
19.995344511473
19.999293495416

