Time_s
0.598001241665
0.600759155130
0.604194647876
0.607872963920
0.611344900664
0.614827562802
0.618430693379
0.622005152083
0.625608343227
0.629240329115
0.632847506996
0.636461968797
0.640081258032
0.643699890041
0.647330202938
0.651005003760
0.654690096652
0.658324341893
0.661980716153
0.665674459960
0.669384862877
0.673056207378
0.676713425370
0.680389119014
0.684059959476
0.687723674078
0.691377433683
0.695011782417
0.698608378983
0.702181317505
0.705695840465
0.709206263648
0.712916884445
0.716560226229
0.720256951761
0.723803162387
0.897702528248
0.901677303945
0.905658196841
0.909439089123
0.913187929784
0.916945362496
0.920779971794
0.924725988676
0.928771415402
0.932790590028
0.936850976545
0.941036536869
0.945306837351
0.949494533893
0.953737624372
0.958018986582
0.962298465869
0.966596754717
0.970933234763
0.975266520983
0.979600874486
0.983971591625
0.988415755423
0.992750442111
0.997102046680
1.001475141819
1.005803484135
1.010169566323
1.014541576914
1.018932371934
1.023354429666
1.027792038102
1.032210765014
1.036628551373
1.041038991992
1.045437412535
1.049849973001
1.054132900541
1.058723828767
1.063472710745
1.222297294267
1.227208550001
1.231524936971
1.236321550956
1.241501135176
1.246693085118
1.251768143761
1.256868888720
1.262076366401
1.267357239153
1.272631101748
1.277910103782
1.283274889057
1.288630020092
1.294011511041
1.299423700263
1.304887471893
1.310366487627
1.315854099191
1.321317541584
1.326886135841
1.332325524388
1.337787419123
1.343322382788
1.348844030635
1.354383661199
1.360043417165
1.365749200142
1.371550561732
1.377343702502
1.383072259734
1.388813577121
1.394514790783
1.400247979866
1.405985756525
1.411763096883
1.417699900552
1.423504768577
1.429128867811
1.435214485283
1.440702837694
1.446628555045
1.452292701008
1.457838382131
1.463332581035
1.468918198809
1.474441786972
1.479907579736
1.485359964133
1.490847974507
1.496357817044
1.501857971247
1.507341737879
1.512763367856
1.518088619890
1.523299301472
1.528663620910
1.534117594446
1.539517415941
1.544879883794
1.550285084802
1.555780174357
2.191500418198
2.195049674244
2.199046116012
2.203293720038
2.207627773254
2.211787875127
2.216140678095
2.220495807576
2.224781814215
2.229040722609
2.233264962564
2.237462113141
2.241632572938
2.245759453327
2.249944348036
2.254094535550
2.258252209719
2.262430868569
2.266571586534
2.270633369297
2.274705417439
2.278787307755
2.282820592378
2.286867731203
2.290909740695
2.294941469815
2.298948569550
2.303006216182
2.307107398549
2.311331663565
2.448389294224
2.452117129002
2.455738869893
2.459323646566
2.462948379823
2.466552963515
2.470137029611
2.473741480639
2.477354550502
2.480981437311
2.484600366580
2.488250409599
2.491907017913
2.495550497811
2.499192276809
2.502862472619
2.506534771023
2.510240478950
2.513987760947
2.517656450006
2.521286234856
2.524934942100
2.528596538928
2.532255761676
2.535986963263
2.539687585371
2.543320131800
2.546958616175
2.550618282058
2.554286653445
2.557927538066
2.562003812099
2.565652227281
2.569345851476
2.573062893564
2.576786127851
2.580514648989
2.584225257732
2.587985722747
2.628009556190
2.631821715719
2.635664691820
2.639494342274
2.643405556334
2.647431400352
2.651458674717
2.655678465069
2.660638604528
2.664846280856
2.669157209136
2.674510205892
2.678968644636
2.683370480099
2.687830639823
2.692275729771
2.696829311576
2.701436394650
2.706063199129
2.710770705827
2.715470320134
2.720293765525
2.725018269554
2.729885202405
2.735159718455
2.740242337868
2.745099910543
2.749895611226
2.754715412545
2.759593733703
2.764449828847
2.769240757050
2.773815637462
2.777853750218
2.782220101261
2.786929944232
2.791663874838
2.796470151909
2.801324634802
2.806150325835
2.810885544801
2.815590626379
2.820262125254
2.824928940261
2.829570254784
2.834152142243
2.838737567323
2.843316777380
2.847896477422
2.852437385157
2.856861289438
2.861268236168
2.865657627899
2.869999305995
2.874313755574
2.878652579249
2.882951658137
2.887213788274
2.891526783746
2.895817309443
2.899948493202
2.903979946146
2.908110325857
2.912320358764
2.916533933736
2.920675501569
2.924781944996
2.928906724946
2.933026162148
2.937151794805
2.941281492368
2.945388615273
2.949479254883
2.953567030595
2.957664948943
2.961789331952
2.965966337980
2.970190172644
2.974407280159
2.978568140418
2.982746502107
2.986993293445
2.994529116077
2.998815808795
3.003106940019
3.007359448960
3.011449682879
3.015293656176
3.019203713014
3.023186299815
3.027170306329
3.031058791035
3.035104699621
3.039316267910
3.043997719591
3.048699451272
3.053458688175
3.058270524212
3.063076362272
3.067828183402
3.072643157759
3.077405376033
3.082192601118
3.086958761305
3.091798655254
3.096683200597
3.101494894363
3.106328181222
3.111114421208
3.116027614246
3.120809333641
3.268722463337
3.272468799487
3.276506221344
3.280497966287
3.284343351055
3.288231354327
3.292445351330
3.296718676011
3.301085368342
3.305513185931
3.309932217306
3.314321151866
3.318779616019
3.323194179963
3.327667642058
3.332123458914
3.336597783089
3.341081277645
3.345513305365
3.350021627966
3.354538023189
3.359083781314
3.363549664019
3.367939771774
3.372343900152
3.376818741412
3.381267534554
3.385647177974
3.390022413597
3.394399539616
3.398768179146
3.403153796687
3.407569676331
3.411979048272
3.416400322637
3.420848985319
3.425318705523
3.429886567918
3.434446838954
3.438814038414
3.443060707719
3.447291622604
3.451509649543
3.455743228962
3.459957867594
3.464197957499
3.468306302186
3.472397733061
3.476771565513
3.480990199798
3.485415430537
3.489861658957
3.494280905578
3.538960887277
3.543276073684
3.547591495273
3.551979124797
3.556447187701
3.560957475190
3.565535855528
3.570105297774
3.574738070715
3.579391579505
3.584075793278
3.588807091393
3.593577197971
3.598383314580
3.603189247480
3.608014395868
3.612887002944
3.617870193563
3.622921354717
3.627999590461
3.633099867398
3.638206437249
3.643358522547
3.648669060744
3.653903850730
3.659070784940
3.664254150804
3.669375347471
3.674428898372
3.679491028284
3.684565169410
3.718110834192
3.723286526886
3.728095131182
3.732434992993
3.737419623938
3.742300183793
3.747236238609
3.752234799786
3.757360157022
3.762466861871
3.767629849397
3.772805847746
3.777969308113
3.783151688209
3.788390414298
3.793606021029
3.798810656896
3.804014001415
3.809206155094
3.814386622733
3.819541278782
3.824690507779
3.829787678417
3.834857780623
3.839927583830
3.845056421172
3.850143209224
3.855176803806
3.860241464476
3.865367623656
3.870482092648
3.875563085366
3.880684787586
3.886016505063
3.891327573935
3.896140782167
3.900376106074
3.905599700757
3.910698579344
3.915850250813
3.920721202523
3.925503247713
3.930799911646
3.988693053810
3.993632817150
3.998883342278
4.003381179323
4.008609858360
4.013576967038
4.018841677189
4.023959338509
4.029094934666
4.034228632526
4.039474111608
4.044737634874
4.050038830717
4.055326651964
4.060620341829
4.065987761600
4.071361678963
4.076744994401
4.082157655837
4.087648283003
4.093078824866
4.098358510036
4.103664625283
4.109040735627
4.114416006612
4.119698671769
4.124953946375
4.130296379891
4.135694214470
4.141022605363
4.146242152136
4.151555484897
4.157097852168
4.162552614382
4.167826200024
4.173119848854
4.178619668283
4.184307809365
4.189693143541
4.195210351121
4.200630379079
4.206126191969
4.211522809764
4.217001841271
4.222409469519
4.227892858694
4.233337652167
4.238834734421
4.244369680215
4.249929799763
4.417378449258
4.422707548068
4.427979144764
4.433324247772
4.438579493690
4.443875759333
4.449118158293
4.454410965371
4.459670659650
4.464904835599
4.470105508844
4.475309356691
4.480525926883
4.485711440060
4.490860365145
4.495895951211
4.500871442040
4.510763902740
4.515363006898
4.519633648894
4.523784172187
4.528030437606
4.531307053415
4.535582175137
4.539145337628
4.542843950524
4.546549436373
4.550165145344
4.553741183290
4.557101008265
4.560694677679
4.564282486645
4.567698086208
4.571336056841
4.574777079897
4.578189284799
4.581681046923
4.585230894216
4.588679015649
4.592138100256
4.595662402351
4.599187102995
4.602549505403
4.605882384681
4.609184353815
4.612636555559
4.615976603006
5.387768690794
5.391685288712
5.395294761492
5.398947716540
5.402636846364
5.406218430107
5.409987178606
5.413607960779
5.417223151037
5.420813153413
5.424344379264
5.427960003317
5.431573295915
5.435160000715
5.438825025343
5.442463440579
5.446049627692
5.449619372609
5.453209095783
5.456772850725
5.460354417248
5.463954829185
5.467547893835
5.471104293581
5.474722466274
5.478405241786
5.482057019561
5.485692836913
5.489279053541
5.492827505140
5.496400541552
5.746426194369
5.750614176564
5.754485667505
5.758518330774
5.762475258679
5.766340876712
5.770396213768
5.774361186607
5.778349962154
5.782331045973
5.786358184539
5.790453629052
5.794485935304
5.798586944440
5.802624307634
5.806713960879
5.810834368951
5.814961215050
5.819159073628
5.823322584927
5.827476180976
5.831634761192
5.835802599194
5.839969649956
5.844127593107
5.848261984906
5.852403363778
5.856582182739
5.860801646755
5.865037995558
5.869255837241
5.873439048166
5.877476343920
5.880797814347
5.884922581655
5.889387044632
5.893778894745
5.898120657511
5.902335160707
5.966414267777
5.970621360686
5.975127797930
5.979582052235
5.983993747884
5.988323639505
5.992606745664
5.996972496685
6.001400771273
6.005773450757
6.010208064557
6.014775252822
6.019428163078
6.024147330384
6.028868219843
6.033521456491
6.038217988845
6.042972421213
6.047761255550
6.052507255788
6.057260767629
6.062055706807
6.066855337494
6.071660732769
6.076481057935
6.081426754020
6.086973732234
6.092559008149
6.097507536839
6.102354916319
6.107169363462
6.112097865626
6.116987159457
6.121704760238
6.239485894793
6.243280978892
6.247501979495
6.251740971181
6.255960532274
6.260220138122
6.264490830379
6.268776041113
6.273082665617
6.277423428204
6.281715052723
6.286015584800
6.290303882106
6.294601968991
6.298889655974
6.303166374037
6.307428546775
6.311689351626
6.315929035033
6.320167154483
6.324419667355
6.328732054903
6.333004275284
6.337289999636
6.341571053539
6.345832356966
6.350099597043
6.354643938055
6.359023794257
6.363335429156
6.367509721570
6.371832059740
6.376110037855
6.380419124274
6.384656593211
6.388992416282
6.393405681701
6.758070167639
6.762349296242
6.766784045662
6.771477142790
6.776351317685
6.780769704138
6.785321136191
6.790278306464
6.794796742902
6.799476636867
6.804194894891
6.808919536016
6.813750788021
6.818536801681
6.823398058680
6.828281829755
6.833128412909
6.837955034577
6.842793127640
6.847671938964
6.852567071863
6.857466569525
6.862364790982
6.867279561962
6.872200996168
6.877142989929
6.882111365247
6.887084119865
6.892048671461
6.896991437936
6.901929913499
6.906887782654
6.911849683433
6.916803014464
6.921749080214
6.926668886292
6.931603113985
6.936578403975
6.941593610833
6.946664067681
6.951768278200
6.956909809889
6.962103519268
6.967272957350
6.972369423118
6.977384167510
6.982364604324
6.987331653158
6.992307192724
6.997340627992
7.002382235507
7.007277269501
7.012122087054
7.017002296790
7.378117557934
7.381766868134
7.385795498009
7.390063665871
7.394457918457
7.399117772880
7.403527923823
7.407737712064
7.412045224585
7.417162635285
7.421773268505
7.426427492715
7.431165379600
7.435872851044
7.440579526560
7.445318105633
7.450030025689
7.454718982100
7.459348477812
7.463857253203
7.468285475846
7.472572283212
7.476599302623
7.480723525731
7.484802449387
7.488824889183
7.492848371316
7.496830820098
7.500703824587
7.504450859459
7.508061633852
7.511720828768
7.514634627023
7.518321861701
7.522055545079
7.525756429734
7.529383283475
7.532837251333
7.536372815275
7.539811369339
7.543240540889
7.546350816170
7.549414319877
7.552660438270
7.555949121133
7.559208753963
7.562479303507
7.565874048942
7.568804047948
7.571634915039
7.575016661702
7.578502719266
7.581701445300
7.584490981372
7.587685918488
7.591177639057
7.594441066842
7.597792886891
7.600679204087
7.603451907368
8.585702564132
8.589528346834
8.593357364211
8.597313222008
8.601267950337
8.605188520562
8.609163415577
8.613136662173
8.617104910948
8.621116306987
8.625168748603
8.629257948517
8.633374420023
8.637509975085
8.641651789128
8.645801010565
8.649978359423
8.654160941964
8.658335376924
8.662511257825
8.666669460883
8.670807524008
8.674937109065
8.679046670667
8.683143988140
8.687224370859
8.691258073990
8.695303404080
8.699318660786
8.703317584518
8.707290471077
8.711259672220
8.715225038750
8.719159341138
8.723093010655
8.727030198216
8.730992969397
8.734946458703
8.738895072647
8.742806567482
8.746758947697
8.750754131046
8.754747050986
8.758773940846
8.762743461804
8.766676803453
8.770573395106
8.774490836373
8.778502209772
8.782409582263
8.786122694356
8.790002758994
8.793870793823
8.919532384584
8.923503033510
8.927540343636
8.931504050495
8.935517806864
8.939723622455
8.943860148849
8.948173743044
8.952361022687
8.956598858978
8.960874496287
8.965176557021
8.969574067388
8.973941412018
8.978160835861
8.982389340405
8.986723314699
8.991214806165
8.995624097303
8.999943630663
9.004206938406
9.008477596130
9.012783225212
9.017096412716
9.021441897153
9.025786784991
9.030130466228
9.034470736193
9.038770290369
9.043065937994
9.047338820307
9.051593271529
9.055817654457
9.060035530375
9.064170159968
9.207179661098
9.212416692685
9.216782150423
9.221077803429
9.225438421455
9.229932831313
9.234398399275
9.238834557844
9.243459499770
9.248333870494
9.253004202392
9.257696791768
9.262468020008
9.267202342892
9.271995196252
9.276830506645
9.281693594783
9.286586491793
9.291503560372
9.296427865932
9.301373599527
9.306297310129
9.311228110135
9.316151836471
9.321095644529
9.326064261291
9.331033494798
9.336004191151
9.340985197631
9.345938721231
9.350900884325
9.355824073480
9.360746720124
9.365742369105
9.370695871935
9.375667963269
9.380607998126
9.385627495287
9.390665171187
9.395701929860
9.400718065810
9.405692407467
9.410684152609
9.415656157230
9.420596899027
9.425522738769
9.430504203088
9.532589394189
9.542721143740
9.552687793301
9.562976496562
9.572988517835
9.578122854192
9.583334631582
9.588590493514
9.593865383078
9.599114673987
9.604342287655
9.609618191766
9.614915147763
9.620163856820
9.625317873729
9.630477730248
9.635683873346
9.640880296750
9.646075391672
9.651175513995
9.656297677578
9.661388903473
9.666532584251
9.671815275755
9.718670478496
9.723706157957
9.728874224853
9.734169483248
9.739429033457
9.744677528745
9.750025822112
9.755435290939
9.760783700303
9.766071848470
9.771476228518
9.777040297658
9.782555722469
9.787803719104
9.792910660192
9.798309328388
9.804345139952
9.809952387321
9.814979232984
9.820022464224
9.825101678486
9.830117576949
9.835216622865
9.840348495533
9.845485025637
9.850576974497
9.855609213844
9.860683636215
9.865674780528
9.870533324413
9.875309967879
9.880050885728
9.884735201508
9.889453285243
9.894178610884
9.898826171246
9.903463517536
9.908099284474
9.912733511844
9.917364801401
9.922004851900
9.926650301366
9.931294473858
9.935881972480
9.940407258694
9.944916858692
9.949441512126
9.953844068813
9.958179906783
9.962637388733
9.967199545782
9.971851503670
9.976540921993
9.981219640500
9.985922190298
9.990666717770
9.995384602765
10.000080940638
10.004769070679
10.009332778544
10.014050610711
10.018698892434
10.023139720726
10.027794172364
10.157480002842
10.162077948674
10.166612346419
10.171127563798
10.175680824490
10.180289201511
10.184938990998
10.189642857703
10.194384016762
10.199167435245
10.203924166122
10.208679155112
10.213477431622
10.218331920274
10.223167252549
10.227965525073
10.232801292128
10.237677432651
10.242515311331
10.247298368149
10.252022300909
10.256737117022
10.261424644289
10.266075936621
10.270690246637
10.275239249170
10.279723213011
10.284133308991
10.288464299980
10.292676206367
10.296728101951
10.300832736591
10.304995240140
10.309152691825
10.313197106311
10.317127120071
10.321067333167
10.324986349542
10.328879206099
10.332816445126
10.336808017601
10.340847266506
10.344942610845
10.349456811606
10.353471332692
10.357310690008
10.361074453930
10.364913477179
10.368732353165
10.372537740565
10.376515152218
10.380525409262
10.384218956364
10.387326638128
10.391213894478
10.395081912258
10.399092584601
10.403024922760
10.407014742757
10.411119325549
10.415157409285
10.419048997329
10.422967323277
10.426886323818
10.430842252665
10.434875380753
10.438861998902
10.442780186865
10.446701263723
10.450547401551
10.454465287717
11.000448711044
11.007838192461
11.015053938950
11.022452009069
11.029500552494
11.036660485906
11.043723301436
11.053699761615
11.063637541740
11.073572292689
11.083364798213
11.093142134261
11.102822768093
11.112580154038
11.122363310752
11.132017365994
11.141766720781
11.146676897270
11.151583353849
11.156352425959
11.161148589980
11.165983963978
11.170811609666
11.175616644419
11.180317131822
11.185076518525
11.189848709635
11.194574366755
11.199237559314
11.203868549846
11.208492933073
11.213101108639
11.217677645613
11.222227625764
11.226794677201
11.231334399729
11.235718262685
11.239843950504
11.244016493134
11.248330925336
11.252638607681
11.256915469567
11.261201060682
11.265425080264
11.269613425603
11.273777974860
11.277957006948
11.282075433081
11.286188460217
11.290290602567
11.294401341251
11.298514954678
11.302603599077
11.306664875624
11.310726000856
11.314770992648
11.318806635629
11.322826442689
11.326837931648
11.330845477559
11.334848581332
11.338828119562
11.342802149031
11.346776973892
11.350785858177
11.354888616151
11.359168675108
11.363251474392
11.367298704920
11.371344501004
11.375421958199
11.379494733306
11.383522357763
11.387533624439
11.391550957406
11.395558483002
11.399517932392
11.403432978682
11.407307757625
11.411140482941
11.414927037977
11.418705759924
11.422524776427
11.426383574185
11.430272483295
11.434213626495
11.438158784056
11.442125829350
11.446131230082
11.450169184654
11.454246426130
11.458285357838
11.462355086178
11.466493190491
11.470707918811
11.475033487958
11.479449366957
11.483932451487
11.488470616253
11.493126432651
11.497837590380
11.502654014742
11.507453519949
11.511908348980
11.516790666548
11.521665916909
11.526542201655
11.531433356422
11.536273615729
11.541313619322
11.546259985461
11.551080584267
11.555957523713
11.561029935309
11.566112197085
11.570949415201
11.575956797921
11.580744685826
11.687398387879
11.691960828677
11.696227145705
11.700432125044
11.704726315355
11.709233325414
11.714023136151
11.718421543117
11.722751513145
11.727782444679
11.732328766335
11.736895345789
11.741604827744
11.746325302722
11.751054246175
11.755793295781
11.760522583351
11.765263566116
11.770067531115
11.774861851182
11.779680374671
11.784461270280
11.789244045206
11.794029721252
11.798807126386
11.803557930376
11.808286092662
11.813007134147
11.817744057132
11.822459692650
11.827163144987
11.831884291310
11.836641161617
11.841456540714
11.847176985268
11.852015210314
11.856784994393
11.862590961830
11.868210551736
11.873572154891
11.878907499187
11.883724529869
11.989923385632
11.993641628412
11.997820690380
12.002327705775
12.007116986806
12.011928904557
12.016480670565
12.021248659400
12.026048386000
12.030878568770
12.035607909878
12.040363066441
12.045213008325
12.050075333446
12.054972308997
12.059931255905
12.064859218678
12.069869806263
12.074982245744
12.080225114123
12.085543685599
12.090930485119
12.096266335456
12.101631374590
12.106949611165
12.112069646424
12.116691920308
12.121108125383
12.125995711639
12.131121228896
12.136307823276
12.141474852945
12.146576482872
12.151667451940
12.156715155532
12.161700850822
12.166676445962
12.171675647725
12.176733007417
12.181801559965
12.186846672316
12.191931476541
12.197075839765
12.202289634188
12.207494567396
12.212727758072
12.218000306916
12.223262250002
12.228504847101
12.233805916211
12.239245708926
12.244727446420
12.250040992101
12.255390005383
12.260836092290
12.266216076614
12.271466092824
12.276740226655
12.282107968722
12.287478792668
12.292778500241
12.297960147655
12.303130128257
12.308300357574
12.313455323177
12.318650701149
12.323862462627
12.328962418066
12.334179878013
12.339400265056
12.344528996515
12.349712770320
12.354841098044
12.359955843121
12.365109484801
12.370215785217
12.375289031553
12.380371832908
12.385465311186
12.390568010532
12.395657756900
12.400672629585
12.405695540482
12.410709178623
12.415710551334
12.420668584667
12.425609248395
12.430548476999
12.435485924242
12.440397394393
12.445326826150
12.450258206462
12.455195369271
12.460175722102
12.465167181467
12.470202943620
12.475306587704
12.480423691167
12.485546160138
12.490707107256
12.495833868438
12.500877006975
12.506017201975
12.511092890418
12.516014888066
12.520963108190
12.526056890463
12.531026672422
12.535914079243
12.540662470597
12.545443764277
12.550193799924
12.554903011278
12.559628300858
12.564353166368
12.569086190966
12.573801359432
12.578524385312
12.583267366519
12.588019182991
12.592785294867
12.597568864677
12.602360389972
12.607209753249
12.612084630284
12.616934346875
12.621771960481
12.626635715562
12.631514809435
12.636406613118
12.641375139282
12.646467751850
12.651646440510
12.657012717833
12.662068815425
12.666981691628
12.671844854034
12.676657577047
12.748767260288
12.754004121713
12.758424268209
12.763700380002
12.769177704955
12.774703558830
12.780152030158
12.785633806336
12.791229157381
12.796851682360
12.802493372274
12.808147838058
12.813838927539
12.819549901659
12.825280733654
12.831048210475
12.836821216022
12.842600293641
12.848389370074
12.854202022686
12.860066219672
12.865947676407
12.871842741096
12.877688897812
12.883609347215
12.889495759355
12.895359751823
12.901225194758
12.907133112626
12.913036002406
12.918940959751
12.924851344067
12.930787181999
12.936739956661
12.942681824629
13.987165282883
13.992433755827
13.996977108569
14.001668377044
14.010779048668
14.018170376720
14.025507920529
14.032328878482
14.039675997624
14.046965714878
14.054468971752
14.069906425305
14.074826550251
14.079963188920
14.084639554617
14.089087422054
14.093817361688
14.098114854769
14.102333917862
14.106771852886
14.111277549555
14.115607620714
14.120074181505
14.124453402508
14.128800100218
14.133128116354
14.137427152312
14.141668245164
14.145831793103
14.149951483327
14.154067679888
14.158173320541
14.162253418518
14.166400650609
14.170625667432
14.174755441727
14.178897769756
14.183094526598
14.187289532673
14.191545292051
14.195779844594
14.200015622691
14.204231340670
14.208498226012
14.212615267322
14.306551681567
14.310659432740
14.314678558466
14.318488393291
14.322251162746
14.325983593717
14.329738666528
14.333501087636
14.337276741572
14.341042141176
14.344839447724
14.348675065797
14.352534346296
14.356400540799
14.360259880034
14.364153778034
14.368063692493
14.371995481020
14.375970370913
14.379928558740
14.383884664404
14.387855452510
14.391828640491
14.395810533969
14.399798807023
14.403795351040
14.407794960364
14.411790569728
14.415854948870
14.419900611756
14.424010880245
14.428168612312
14.432280689831
14.436415840463
14.440525834049
14.444600896454
14.448671930235
14.452764276494
14.456901152633
14.461035922008
14.465155497797
14.469284942062
14.473466700559
14.477672182287
14.481888478640
14.486084836267
14.490278307323
14.494478323086
14.498703921556
14.502961526662
14.507234942789
14.511516514358
14.515828527381
14.520302030323
14.524570252081
14.528863098866
14.533236685451
14.537876519795
14.542479380070
14.546923349225
14.551241464636
14.555239668280
14.559191792444
14.563621568004
14.568473996337
14.573306728406
14.578148069225
14.582957231499
14.587824749740
14.592696004326
14.597588165046
14.602503518456
14.607432215281
14.612360912564
14.617255689982
14.622114282664
14.627050404919
14.632121017295
14.637625249246
14.643010696090
14.648050006876
14.652869033939
14.736841927320
14.741317479123
14.746862724377
14.751289175831
14.755651015835
14.760080061237
14.764766397174
14.769303320994
14.773612460896
14.778055993864
14.782989707719
14.787395519483
14.791823415175
14.796290336699
14.800921693483
14.805451033370
14.809959988672
14.814445549844
14.818928095121
14.823454849697
14.827945081908
14.832416017742
14.836887441730
14.841345027548
14.845805150265
14.850296526164
14.854734062849
14.859158937256
14.863558864248
14.867961281027
14.872373744131
14.876780023354
14.881169715718
14.885561984497
14.889969215482
14.894391993924
14.898832924262
14.903276555007
14.907736214168
14.912159848744
14.916565447221
14.920984333245
14.925409846267
14.929842201700
14.934256897496
14.938699161315
14.943166296454
14.947592235896
14.951999822855
14.956420962963
14.960847460796
15.053058716694
15.057258778338
15.061563549030
15.065911154499
15.070275914992
15.074649590837
15.079057494558
15.083515013692
15.088021423932
15.092607656590
15.097239515239
15.101825292754
15.106400734377
15.111034092868
15.115722419049
15.120406454626
15.125052572552
15.129693307197
15.134436533976
15.139139122030
15.143840268179
15.148550273842
15.153281154825
15.158116068485
15.162913833541
15.167737876896
15.172389404709
15.288360198640
15.292009268789
15.296020883144
15.300160012179
15.304400758746
15.308715900863
15.313092910574
15.317489442952
15.321884150480
15.326352379173
15.330907615540
15.335475508179
15.340124312213
15.344740410477
15.349377416827
15.354082960824
15.359012729492
15.363958366396
15.368666129694
15.373197668734
15.377592911129
15.381978192534
15.386450116740
15.390902749496
15.395370001233
15.400179737974
15.404924879568
15.409499255587
15.414008493064
15.418574382332
15.423060027950
15.545163483383
15.548802508166
15.552313509086
15.555960585059
15.560152032236
15.564494177722
15.569156491983
15.574093905375
15.578583798949
15.583376721345
15.588298757826
15.592895313381
15.597728129812
15.602590059528
15.607582306540
15.612540766832
15.617522008592
15.622514762226
15.627506088210
15.632552135377
15.637614889981
15.642688839203
15.647729799358
15.652744403877
15.657760889235
15.662826258180
15.667886616580
15.672885367142
15.677835080878
15.682787295158
15.687749271545
15.692626648371
15.697399174327
15.702123015068
15.706821460674
15.711450341254
15.716058545941
15.720677196867
15.725335684536
15.730016692618
15.734743949942
15.739530831161
15.744418397914
15.749343005911
15.754270069502
15.759231456076
15.764207827435
15.768972182858
15.776794321723
15.779310757195
15.781417125976
15.783949903251
15.786088435374
15.788250095296
15.790412523503
15.792604697854
15.794816704126
15.986962227338
15.996245260812
16.005452135933
16.014722117494
16.024100729454
16.033579015614
16.043267564302
16.052958393050
16.062570140407
16.067411687447
16.072268478923
16.077146960913
16.082004667884
16.086884878872
16.091747434406
16.096646964527
16.101606629597
16.106599363904
16.111590354137
16.116584909291
16.121630197413
16.126729668943
16.131827907848
16.136900723415
16.142019254453
16.147179112582
16.152344494249
16.157510845996
16.162689810956
16.167874846850
16.173070559919
16.178259783254
16.183481978949
16.188739510602
16.193987908972
16.199237949181
16.204540859088
16.209883032180
16.215164814509
16.220413215759
16.225830154586
16.231439659634
16.237035727476
16.242609383011
16.248021361090
16.253984481181
16.259329551780
16.264991166581
16.270411873158
16.275671600699
16.280986785308
16.286248837086
16.291144636464
16.300264781661
16.304671905661
16.309062228443
16.313482137942
16.317824313788
16.322130923394
16.326419481325
16.330721344899
16.335001634983
16.339265453961
16.343540055862
16.347782423280
16.352043761873
16.356286296037
16.360552071438
16.364838446419
16.369089478576
16.373351292268
16.377635458532
16.381950354779
16.386282354474
16.390582224455
16.394875231393
16.399147548139
16.403429808538
16.407711020630
16.411991363029
16.416284879466
16.420594198270
16.424897054621
16.429190963740
16.433497157894
16.437789499509
16.442049272234
16.446291328889
16.450535643099
16.454756442615
16.571542366065
16.575648354265
16.579966270533
16.584313665938
16.588638689338
16.593008743069
16.597410152285
16.601834722948
16.606324630429
16.610871240868
16.615455205632
16.620071312796
16.624700615724
16.629355109636
16.634075252718
16.638791274458
16.643465657258
16.648177419743
16.652890519920
16.657628240729
16.662374607904
16.667143151984
16.671908585048
16.676640876614
16.681384437744
16.686142965269
16.690936030263
16.695759101816
16.700566118971
16.705325975490
16.710059133278
16.714846669440
16.719697157750
16.725258907906
16.730640063553
16.735580282463
16.740546144319
16.745472950303
16.750353596373
16.755112835558
16.759872212407
16.764812595529
16.871562153106
16.876660967925
16.881268341573
16.886303615669
16.891141667260
16.896057687335
16.900995094336
16.906000844533
16.911012172012
16.916025281782
16.921130076521
16.926216055132
16.931298506937
16.936391620391
16.941533021639
16.946678737416
16.951848444212
16.957055813006
16.962245494320
16.967409641869
16.972587378395
16.977781518641
16.982978890913
16.988182305854
16.993428687393
16.998691689525
17.003924107711
17.009096902913
17.014276852246
17.019524368171
17.024773248348
17.029912635986
17.035034795001
17.040245574102
17.045401522804
17.050740965571
17.056006018776
17.061112152609
17.066188854340
17.071281192335
17.076598309349
17.081839994924
17.154485685363
17.165009643164
17.175662923129
17.195166875797
17.200529089879
17.205888876906
17.211288129544
17.216645293469
17.221999817474
17.227404487295
17.232906269192
17.238486979481
17.244006213180
17.249576062279
17.255164242215
17.260628443316
17.266168382802
17.271853429428
17.277407585101
17.282833576878
17.288262561285
17.293775234307
17.299249000189
17.304656012623
17.310088772787
17.315584245661
17.321098324510
17.326634581378
17.332102177608
17.337567509316
17.343103944899
17.348651554614
17.354211014125
17.359785528902
17.365436175886
17.371117460434
17.376837497541
17.382507791642
17.388197976667
17.393899136706
17.399586083738
17.478654590648
17.483340038116
17.488521282407
17.493752048165
17.499140840122
17.504680657376
17.509947450796
17.515479298827
17.520763667295
17.526511382267
17.532137261040
17.537937330803
17.543795049335
17.549509519622
17.555077912078
17.560584878760
17.566192328612
17.571820546997
17.577607961769
17.583219494523
17.588956601275
17.594770311780
17.600587154809
17.606488231554
17.612502714007
18.648082312112
18.651380977657
18.653937104781
18.656491977535
18.659404901969
18.662344172517
18.665675875358
18.668987942745
18.671554323596
18.675921229481
18.679245978500
18.683615746270
18.687641074180
18.691595150779
18.695456731866
18.699527566870
18.703589611254
18.707568174426
18.711656469343
18.715802534524
18.720047403584
18.724297015313
18.728606262132
18.732827474901
18.737154052591
18.741693965852
18.746157114285
18.750487091049
18.754650900516
18.759102224397
18.763723892997
18.767844157378
18.771964282063
18.776231931456
18.780382724804
18.784752640808
18.789082529664
18.793281543699
18.797469684907
18.801690679143
18.805813869299
18.809996349328
18.814206821999
18.818333438914
18.822583490600
18.826805549287
18.831023043066
18.835266817095
18.839537222753
18.843828455128
18.848145697459
18.852492919461
18.856845266891
18.861184604284
18.865576873978
18.870002357964
18.874448627750
18.878866394650
18.883363627789
18.887951392921
18.892509942089
18.897125972886
18.901848426023
18.906621636071
18.911329793191
18.916217078415
18.921184554478
18.926441586899
18.931743652332
18.936600376343
18.941572147228
19.076486119104
19.079757346525
19.083018649305
19.086349980552
19.089571274986
19.092804724681
19.096066894781
19.100109344689
19.103348223914
19.107419153771
19.110728396649
19.114704261427
19.118084987226
19.121591588018
19.125074275348
19.128684058861
19.132085984373
19.135460815648
19.138922773579
19.142409373917
19.145795786518
19.149216368842
19.152603107826
19.155968866262
19.159339349816
19.162701083880
19.166070585729
19.169421009733
19.172788262316
19.176244332840
19.179774083054
19.183303555646
19.186766429745
19.190189941734
19.193620205261
19.197075644905
19.200581787019
19.204108159150
19.207564432756
19.210938595543
19.214285290472
19.217590301453
19.220838567549
19.224144157697
19.227483292971
19.230830891270
19.234182450497
19.237528719322
19.240853450071
19.244159134069
19.247458897441
19.250773221880
19.254109412836
19.257462617023
19.260813061294
19.264162940354
19.267509436353
19.270895296113
19.274256002040
19.277656910959
19.281261741150
19.284584371756
19.288223017493
19.291586578042
19.294921798029
19.298310013047
19.301873551531
19.305361864947
19.337515471471
19.341523472936
19.345035643915
19.349269637473
19.353123453107
19.357126531252
19.361193070848
19.365226213881
19.369252664242
19.373245610319
19.377246661007
19.381176675062
19.385106189989
19.389004221192
19.392931973050
19.396829347635
19.400743448726
19.404648121134
19.408592819850
19.412559622039
19.416542935068
19.420555839646
19.424577671804
19.428467204697
19.432415364390
19.436239112756
19.440258788109
19.444140561526
19.498296162652
19.502214617547
19.505982307878
19.510025872308
19.513959751657
19.517816679914
19.521785604671
19.525633474771
19.529561573028
19.533599264680
19.537474890387
19.541315578042
19.570862760961
19.574757312774
19.579051931938
19.583141797117
19.587291094489
19.591601021271
19.595930999307
19.600372667139
19.604801038175
19.609247093251
19.613778124302
19.618309386529
19.622813775200
19.627363316946
19.631951061317
19.636503466292
19.641057064289
19.645561049760
19.650035758652
19.654450615287
19.658880105506
19.663330131610
19.667743697148
19.672111070840
19.676433687801
19.680739164835
19.685060343982
19.689415224132
19.693779523361
19.698171299323
19.702574274091
19.707008034829
19.711497740506
19.716062198135
19.720595261208
19.725067893158
19.729433284234
19.733678788374
19.737906803824
19.742156875336
19.746392305927
19.751078850501
19.755325444180
19.759318601579
19.763442687531
19.768086500668
19.796304087209
19.800490934788
19.804472619954
19.808777931079
19.812989727913
19.817308216561
19.821695715189
19.826164166332
19.830680462330
19.835188504937
19.839850839003
19.844523419894
19.849200288411
19.853900418886
19.858628888870
19.863297773740
19.868001817067
19.872791464151
19.877683077310
19.882578635025
19.887353170941
19.892197557690
19.897100754302
19.902070348481
19.907075868584
19.912133365671
19.917291335980
19.922516597699
19.927839847203
19.933316687452
19.938696077468
19.944038938981
19.949223609247
19.954071053951
19.958843779841
19.963573766211
19.968036546473
19.973104178676

