Time_s
1.234593754325
1.237551792893
1.240986116583
1.244531345829
1.247995072415
1.251780602160
1.255657730285
1.259424774571
1.263232185638
1.266993074280
1.270743874010
1.274479725505
1.278247035679
1.281968380550
1.285725463040
1.289213693017
1.292956631192
1.296580016713
1.300091233503
1.303582346812
1.307036833914
1.310452591764
1.313877569024
1.317292472292
1.320680990036
1.324105316565
1.327512461374
1.330909068389
1.334278965873
1.337652648326
1.341011793938
1.344382442008
1.347738120365
1.351082424865
1.354413127249
1.357748519164
1.361067862692
1.364396747209
1.367721346983
1.371005989285
1.374283702951
1.377515285506
1.380790069383
1.384056208965
1.387307552788
1.390537511126
1.393718031595
1.396918826858
1.400108078446
1.403277874564
1.406419861328
1.409535867052
1.412658826676
1.415769814018
1.418876939350
1.421959524325
1.425015287620
1.428069930571
1.431111252469
1.434155957276
1.437169582195
1.440177638718
1.443172056439
1.446132041481
1.449111182760
1.452073048606
1.455032995665
1.457989013126
1.460952925063
1.463934241758
1.466895029462
1.469835374028
1.472785419848
1.475732160335
1.478674979790
1.481617004133
1.484616538481
1.487590070636
1.490626207134
1.493671839088
1.497096260178
1.500470887145
1.503771146429
1.506804573789
1.510030670716
1.513019550416
1.516045745714
1.519086292330
1.522028689441
1.524991357893
1.528028463258
1.531070738509
1.534081932014
1.537033970980
1.539557625754
1.541922791991
1.785253365059
1.787816638406
1.790916019445
1.794075371301
1.797102440413
1.800134863963
1.803908768414
1.807028005656
1.810133816963
1.817450726473
1.820403470094
1.826167518157
1.829180727599
1.832380808938
1.835768975614
1.839225981008
1.842725501576
1.846222111424
1.849741981829
1.853281750599
1.856828615361
1.860396481383
1.863975016674
1.867570433598
1.871174371189
1.874799287362
1.878417165246
1.882041357642
1.885664306063
1.889278976101
1.892899382968
1.896507446073
1.900114351987
1.903739571048
1.907366169003
1.910983881736
1.914618379546
1.918241779597
1.921809986838
1.925383336160
1.928945325330
1.932504247350
1.936067334706
1.939626085016
1.943177194212
1.946693679029
1.950215729758
1.953728599373
1.957272439085
1.960774879052
1.964292424187
1.967798513855
1.971462062104
1.975112601328
1.978775912677
1.982440330888
1.986551757560
1.990149466583
1.994355077324
1.997915625070
2.001797343311
2.005307672430
2.190879339637
2.194496166475
2.198300831912
2.202120618260
2.206104117052
2.210174943948
2.214299643959
2.218518682667
2.222893312031
2.227295036288
2.231761370198
2.236357396284
2.240994845298
2.245681995036
2.250455497459
2.255230994643
2.260037895076
2.264819276964
2.269665261181
2.274528004235
2.279377380034
2.284247352694
2.289123331420
2.294036032854
2.298934334584
2.303835543717
2.308741255953
2.313649565097
2.318563864299
2.323503339996
2.328488332867
2.333288047001
2.338077788129
2.342851670133
2.347631052299
2.352413873948
2.357181610292
2.361960877533
2.366759346609
2.371572878551
2.376383598002
2.381005835145
2.385520873417
2.390529863373
2.395346318194
2.400181582248
2.405032795009
2.409864137873
2.414665776934
2.419514572514
2.424240633518
2.428985974176
2.433659781471
2.438293020627
2.442893662936
2.447384672530
2.451874279804
2.456280567773
2.460599577138
2.464816981902
2.469025474020
2.473167369576
2.477219842907
2.481213478756
2.485127906212
2.488987155453
2.492782828094
2.496654499507
2.500194715201
2.503326565734
2.506505966950
2.513017847781
2.516057759884
2.519178217637
2.522226678437
2.524859263964
2.527763951131
2.530547015182
2.532935482856
2.906844921049
2.911193990714
2.915454764659
2.919637986884
2.923830160128
2.928016947141
2.932187999384
2.936349960859
2.940495195727
2.944620296547
2.948727419297
2.952812841827
2.956853890853
2.960836727785
2.964841451861
2.968799495597
2.972749795081
2.976715271108
2.980670131158
2.984574035085
2.988588882589
2.992638641190
2.996642020438
3.000663216673
3.004714008109
3.008768585060
3.012681190484
3.016607813886
3.020546956349
3.024507785906
3.028426060677
3.032364813540
3.035781280227
3.039039654229
3.043075295444
3.047064656483
3.051278029195
3.055298222001
3.059308008149
3.063274082445
3.067364950311
3.071489238920
3.075520964170
3.079437696259
3.083378130503
3.236100975528
3.240187529677
3.243955752201
3.247462690877
3.251151885331
3.255195408251
3.259259626550
3.263425964679
3.267690485789
3.271972388074
3.276303518538
3.280649727873
3.284998683113
3.289371327590
3.293703646691
3.298037725299
3.302355032415
3.306702024445
3.311016348445
3.315300689635
3.319637012838
3.323913407023
3.328173833779
3.332406219067
3.336604925976
3.340766292370
3.344927812599
3.348997787631
3.353088526246
3.357125968121
3.361133800407
3.365135172741
3.369109621268
3.373081960142
3.376937798793
3.380795120178
3.384608650833
3.388430443382
3.392249569790
3.396142629240
3.400038586622
3.404025968526
3.407958361967
3.411828843939
3.415703228418
3.419544792382
3.423569674779
3.427580060741
3.431529381341
3.435112510582
3.439060572140
3.442929079201
3.446867966306
3.450747949066
3.454714370094
3.458666537730
3.462690980851
3.466723150622
3.555788716632
3.559389765798
3.562880894763
3.566475565683
3.570820736700
3.575037925764
3.579418054761
3.584171170469
3.588677632426
3.593344902988
3.597761476897
3.602253645400
3.606960307351
3.611574111511
3.616198936405
3.620869952989
3.625391108802
3.629997599494
3.634594966150
3.639147838886
3.643891180810
3.648365099343
3.652778174046
3.657565430504
3.662089702926
3.667138731672
3.671538756520
3.675473295573
3.678757238704
3.682198935943
3.686319122747
3.690183775387
3.694826655757
3.699126409072
3.703490639300
3.707715976073
3.711855827412
3.716051152866
3.720227464710
3.724283685381
3.728351927604
3.732457872863
3.736562885835
3.740641852823
3.744718868904
3.748768422181
3.752823394478
3.756875017997
3.760911363747
3.764959112798
3.769018614335
3.773057518779
3.777106110169
3.781136609774
3.785173068901
3.789206237310
3.793231704796
3.797245149506
3.801251025733
3.805268539124
3.809262211370
3.813250770738
3.817242879827
3.821246049290
3.825264047452
3.829254983998
3.833206531302
3.837163949617
3.841112064215
3.845060956694
3.849002703181
3.852914206222
3.856775341407
3.860679375794
3.864586958311
3.868464817663
3.872337595327
3.876242106110
3.880114156318
3.883995832006
3.887885077349
3.891796648896
3.895699486678
3.899602723239
3.903497716149
3.907406117302
3.911323499974
3.915244219895
3.919174162546
3.923103840362
3.927025279492
3.930968823576
3.934909203847
3.938884660465
3.942883368220
3.946881772364
3.950842338722
3.954812694521
3.958719244170
3.962568036512
3.966282986017
3.970079155396
3.974127042380
3.978155630166
3.982112900652
3.986066571495
3.989520691199
3.993219830748
3.997252651896
4.001288135097
4.005291735197
4.009328292056
4.013420771852
4.017355170047
4.021293003884
4.025181123069
4.028840473300
4.032866911165
4.036730372319
4.040786170012
4.045232593149
4.049120637436
4.053524524320
4.057792500725
4.062096202805
4.066348782820
4.070600525425
4.074860761428
4.079126321592
4.083397601195
4.087658705263
4.091933070355
4.096196377239
4.100442476731
4.104708246406
4.109068257566
4.113556168749
4.118092612318
4.122622103692
4.127192607622
4.131538869033
4.140146397813
4.144442896382
4.148997687095
4.153247676366
4.358758751217
4.362421791708
4.365767895598
4.369690638989
4.374072758814
4.378256461615
4.382503787648
4.386797010259
4.391054734400
4.395414613983
4.399763483021
4.404193755900
4.408519083371
4.412849070053
4.417194938940
4.421530195274
4.425877879715
4.430194552002
4.434502665403
4.438793530423
4.443070113968
4.447361155037
4.451580023336
4.455787886873
4.459993801863
4.464123126432
4.468212976482
4.472339855919
4.476402974222
4.480427728606
4.484384140723
4.488371094492
4.492377221721
4.496350959469
4.500286156021
4.504229871279
4.508126206348
4.512043624982
4.515923561761
4.519762039656
4.523575134907
4.527384780782
4.531168393095
4.534943954851
4.538681788261
4.542424416697
4.546191967306
4.549925403663
4.553627321050
4.557345848176
4.561097207866
4.564786000344
4.568434429888
4.572091842781
4.575776331176
4.579438699755
4.583137599346
4.586778822000
4.590468214087
4.594181225108
4.597823264684
4.601512032513
4.605302351541
4.608871825510
4.612573253186
4.616270993270
4.623392837562
4.626999300171
4.630578456718
4.634009445057
4.637841329874
4.641681152127
4.645486189248
4.648769765208
4.652377959751
4.656747739546
4.660345642557
4.664058951543
5.036339691338
5.040584232495
5.044652771590
5.048750634382
5.052909833928
5.057040510085
5.061187969614
5.065393352294
5.069589735509
5.073776762496
5.077981490586
5.082187934153
5.086377521026
5.090598058765
5.094816303573
5.099021974671
5.103260183869
5.107471667190
5.111735958069
5.115988559471
5.120247416741
5.124525032846
5.128799146745
5.133092326852
5.137406916494
5.141712610021
5.146075366848
5.150507812691
5.154953996750
5.159451212409
5.163933801081
5.168479111714
5.173159783996
5.177912069541
5.182578128507
5.187176991594
5.191732251058
5.196243192309
5.200831665902
5.205341587476
5.210128289549
5.214686596013
5.219395281777
5.224224721186
5.229011951540
5.233731409038
5.238595694821
5.243506577128
5.248238580136
5.253325705589
5.258216035113
5.262910247061
5.267914512264
5.272767271986
5.277679414833
5.282668311859
5.287406805485
5.292245078205
5.296969346296
5.301545162408
5.306047470907
5.310401996090
5.314742213489
5.319053749802
5.323363534802
5.327638668172
5.331882155048
5.336105297497
5.340342984865
5.344601265449
5.348890713943
5.353231675603
5.357586772609
5.361973325697
5.366372860948
5.370762641088
5.375140129270
5.379512758281
5.383866585308
5.388203835630
5.392532032504
5.396840577504
5.401142710470
5.405424619886
5.409673356727
5.413915816383
5.418142691537
5.422355823565
5.426543740113
5.430724434149
5.434879849962
5.439002851292
5.443100213064
5.447200183636
5.451251709606
5.455271614308
5.459289787834
5.463288113054
5.467266650425
5.471180280794
5.475137891072
5.479112678009
5.483010962665
5.486923719563
5.490917022819
5.494995682961
5.499058692129
5.503120826484
5.507257876860
5.511456637766
5.515578667440
5.519595339399
5.523593885659
5.527681712817
5.531737336951
5.535898944020
5.539917800461
5.544046398997
5.548139349149
5.552227971989
5.556248376188
5.560086242261
5.564523383665
5.636007985487
5.639169112453
5.643112868378
5.646613540528
5.650284209270
5.654477985211
5.658639109397
5.662912179014
5.667247576667
5.671641130377
5.676078831932
5.680606358077
5.685143662852
5.689683717118
5.694399279825
5.699046926446
5.703729374075
5.708375776349
5.713000588923
5.717593246580
5.722329618280
5.726945509115
5.731610420858
5.736229326938
5.740881905114
5.745523770925
5.750221848801
5.754930112328
5.759617221282
5.764270992414
5.769078868233
5.773931753246
5.778714872306
5.783560083333
5.788468309450
5.793290107346
5.798079315432
5.803456041265
5.809599010911
5.814648719802
5.819616391908
5.824496913366
5.829414794709
5.834335127151
5.839148757536
5.844031096037
5.848900405527
5.853720667602
5.858631188989
5.863551915661
5.868455792921
5.873429823466
5.878409169104
5.883325525603
5.888461032201
5.893585274546
5.898663397125
5.903717574334
5.908684283868
5.913386643556
5.985018958138
5.987091801467
5.991650999845
5.993710892281
5.995761633408
5.997814225834
5.999870616743
6.001917992878
6.005975495284
6.008030999671
6.010068926862
6.012141685220
6.014160976428
6.016246506810
6.018298829924
6.020359045956
6.022424262917
6.024465727626
6.026518802111
6.028565343132
6.030619686420
6.032688543550
6.034755160942
6.036815908291
6.038865871715
6.040967002998
6.042882061307
6.088132782366
6.092397294231
6.096670342985
6.101111106560
6.105237129343
6.109918483561
6.114555928936
6.119211499009
6.123874681154
6.128579315431
6.133281754932
6.138026870705
6.142781763373
6.147522895833
6.152267032673
6.157024102843
6.161763522943
6.166497835129
6.171215663505
6.175941824309
6.180737300723
6.185457064125
6.190232529030
6.194843877745
6.199547769255
6.204152689461
6.208773523323
6.213341179316
6.217813353308
6.222257099119
6.226751473014
6.230944688356
6.235278415135
6.239406684231
6.243509503972
6.247682756782
6.251658429534
6.255643949398
6.259435173633
6.263476562058
6.267242359015
6.271106048178
6.274518361355
6.278330120318
6.281785957031
6.285432518084
6.288920465682
6.292397704536
6.295880803239
6.299279953257
6.302621222711
6.305695940628
6.308976024983
6.312068042111
6.315204641420
6.318326088688
6.321376452539
6.324437884531
6.327302569051
6.330363203042
6.333412383633
6.336258941407
6.339017751131
6.342000750867
6.344986532695
6.347797640207
6.350555134170
6.353419670753
6.356298641056
6.359139293842
6.361918902021
6.364715092913
6.367381985071
6.370234726773
6.372974230982
6.375765612403
6.378877325188
6.381571987460
6.384382177174
6.387407602246
6.390117133908
6.392734460821
6.395619263695
6.398443238060
6.401376359891
6.403975994301
6.547985865081
6.558946264156
6.570184327069
6.581644487206
6.592976690809
6.609419086269
6.615233938141
6.620938147816
6.626658197209
7.246490507114
7.249651229427
7.252168807469
7.255125926232
7.257970249782
7.261291049660
7.264723922063
7.268108011946
7.271504758638
7.274881978514
7.278292638958
7.281712018141
7.285119910657
7.288583709073
7.292029023341
7.295567697545
7.299631502714
7.303160904094
7.307059006643
7.310407477082
7.314317157541
7.564076465913
7.567593927244
7.571314067168
7.574619916368
7.578094818205
7.581399440869
7.584839337864
7.588258845759
7.591672288071
7.595113328308
7.598528652961
7.602003211664
7.605466913159
7.608906071528
7.612365455963
7.615797812478
7.619223775151
7.622709275346
7.626166680793
7.629646386834
7.633125783522
7.636584120891
7.640050691870
7.643519241728
7.646990768978
7.650453171525
7.653927006437
7.657395254714
7.660877622490
7.664358283500
7.667852752018
7.671359742872
7.674897891682
7.678572699938
7.682123563100
7.685668009342
7.689213273089
7.692733978311
7.696267827867
7.699802104876
7.703354634451
7.706903394398
7.710447448134
7.713973724666
7.717514681799
7.721059027495
7.724576250030
7.728144472678
7.731681236455
7.735222247037
7.738723437300
7.742269940147
7.745817055602
7.749380055929
7.752908483645
7.756442628364
7.759993890180
7.763595650097
7.767025052635
7.770573354924
7.774147834775
7.777717112230
7.781357028911
7.785019524238
7.788694022909
7.792503607802
7.796249758253
7.800287587216
7.804180736019
7.807917816726
7.811667613601
7.815513212854
7.819350764504
7.823050534865
7.826638351135
7.830419376640
7.834035945805
7.837035019820
7.841669428883
7.845405189336
7.849151812231
7.852799526256
7.856324827815
7.859726894780
7.863562168903
7.867209460057
7.870749065906
7.873973241614
8.206504818270
8.210791786467
8.214728239725
8.218830383193
8.222973998842
8.227148910156
8.231431485983
8.235651021142
8.239871116042
8.244077274278
8.248370684152
8.252646615215
8.256997330029
8.261339439138
8.265759606415
8.270194875362
8.274857296123
8.279350617839
8.283527787704
8.287769064403
8.291979608744
8.296100448933
8.300119311638
8.304414309375
8.308912162746
8.313046976774
8.486309643700
8.489462530127
8.492992415364
8.496537187049
8.500266924713
8.504121705793
8.508045077422
8.512014767346
8.516042088128
8.520107218919
8.524211924336
8.528358825271
8.532556582739
8.536745217936
8.540921181253
8.545125687366
8.549318963413
8.553517774781
8.557714378277
8.561885630160
8.566070049280
8.570233094729
8.574397584223
8.578451160116
8.582571926168
8.586611685455
8.590627236850
8.594630865926
8.598599584897
8.602549761203
8.606488331788
8.610484655656
8.614586808396
8.618715699998
8.622828230849
8.915044228865
8.918460001696
8.922494782196
8.926426010566
8.930033433019
8.933674128801
8.937465253358
8.941399148377
8.945327931316
8.949257026188
8.953191195079
8.957123548230
8.961117258921
8.965115825615
8.969100725028
8.973157864667
8.977194043373
8.981259309685
8.985366986653
8.989499302484
8.993711683135
8.997869339085
9.001563071094
9.005833726850
9.010098857070
9.014327936778
9.018583765859
9.022880625659
9.027176420912
9.031492578562
9.035819345775
9.040163260459
9.044496561296
9.048841754261
9.053196605447
9.057521591691
9.061861301487
9.066189801894
9.070526794582
9.074863306083
9.079232793282
9.083612552499
9.087985450253
9.092357179899
9.096733490506
9.101074846380
9.105434072782
9.109802545381
9.114155390958
9.118510621073
9.122940972322
9.127331698384
9.131790797326
9.136212332523
9.140760579369
9.145636784423
9.150458912338
9.154972736695
9.159540453625
9.163968000295
9.168453316771
9.172972044681
9.177385435954
9.181829984323
9.186225408217
9.190481850571
9.194978552192
9.199269343712
9.203636822728
9.327629810611
9.331471324401
9.335533159852
9.339487804959
9.343646791848
9.348155918573
9.352508888588
9.356999419658
9.361444950462
9.365990285883
9.370554257755
9.375056204598
9.379735290281
9.384192368969
9.388756542895
9.393319321523
9.397811882496
9.402360612385
9.406873004867
9.411364492254
9.415846260255
9.420209751489
9.424623469747
9.429002258927
9.433208750583
9.437471607824
9.441341416025
9.445456933776
9.449529111422
9.453599542378
9.457592657756
9.461448424776
9.465362206857
9.469156927212
9.472892619048
9.476650201316
9.480287073452
9.483874234851
9.487407769195
9.490876853070
9.494641194850
9.497942652247
9.501248752179
9.504557382389
9.507831415976
9.511104669040
9.514160654273
9.517273403733
9.520413193281
9.523550176009
9.526678629802
9.529613456067
9.532571506997
9.535648951822
9.538599719098
9.541234164875
9.544105182702
9.546987774907
9.549783039601
9.552496752529
9.555524759627
9.558414730100
9.561129084272
9.564054499424
9.566829733583
9.569699502721
9.572340892077
9.575034032435
9.578084541837
9.581062900705
10.782764952411
10.786232064958
10.789908147479
10.793493154534
10.797170264532
10.800875636402
10.804576509927
10.808316524798
10.812060353884
10.815813917704
10.819568859188
10.823353128225
10.827142681671
10.830887737229
10.834673601913
10.838416649258
10.842152961038
10.845917086434
10.849643582816
10.853412808109
10.857087944860
10.860882343432
10.864500088416
10.868269378932
10.871897134597
10.875629685229
10.879284770981
10.882981204354
10.886654653835
10.890292069543
10.894035924664
10.897674375912
10.901388721627
10.905013265839
10.908718982840
10.912237021330
10.915853571764
10.919385313161
10.923003402333
10.926425287409
10.930073005760
10.933509201857
10.937101709472
10.940528094453
10.944154330316
10.947701025968
10.951392576534
10.954996309951
10.958681761533
10.962364150990
10.966010234698
10.969579773870
10.973286897341
10.976986210024
10.980683236639
10.984301832400
11.662928625795
11.666715958227
11.670567589724
11.674389451088
11.678233250829
11.682078022113
11.685904823892
11.689722815130
11.693541631259
11.697357863424
11.701159498751
11.704963848151
11.708765914446
11.712565285338
11.716368163697
11.720183663127
11.724041800999
11.727896512235
11.731836436931
11.735775002454
11.739759414444
11.743504408962
11.747412934249
11.751214592849
11.755151056765
11.759010405849
11.762871924299
11.766731520514
11.770640982633
11.774503804275
11.778317630440
11.782126683397
11.785973825164
11.789997877255
11.793631808221
11.797314719681
11.801422125059
11.805300520951
11.809120994076
11.813094217110
11.816937997121
12.221453866774
12.225859175058
12.229204859808
12.232692779551
12.236852996135
12.241394152978
12.245027944726
12.249252239668
12.253213360533
12.257715429024
12.261402568691
12.265936962001
12.269642169429
12.273599170524
12.277486171480
12.281412174274
12.285325700203
12.289403638349
12.293481446536
12.297561045097
12.301661842088
12.305747156312
12.309846821120
12.313918816134
12.318013881766
12.322084232643
12.326181006107
12.330239328358
12.334316021808
12.338377919705
12.342426696126
12.346470186643
12.350499894345
12.354532541391
12.358556196043
12.362582060181
12.366605093096
12.370630429393
12.374662205985
12.378705028490
12.382751735952
12.386804359795
12.390853545409
12.394908979788
12.398949095747
12.403002332209
12.407035896587
12.411077213627
12.415096923781
12.419120172242
12.423141038252
12.427165160199
12.431186856771
12.435238799627
12.439290908947
12.443366490855
12.447403828238
12.451472664877
12.455544099624
12.459618794752
12.463695582383
12.467735323569
12.471831884437
12.475886891547
12.479973083435
12.484032954818
12.488088927158
12.492154738082
12.496216925041
12.500280740593
12.504304831517
12.508355806447
12.512397989775
12.516416100672
12.520219295242
12.524137152030
12.528196964834
12.532247574512
12.536438313329
12.540485733606
12.544626947659
12.548749632978
12.552974834746
12.624757337560
12.628991087254
12.632862840425
12.636390604256
12.640122777316
12.643717465979
12.647497286545
12.651279508898
12.654895456975
12.725834547999
12.730338141738
12.734825158570
12.739226871291
12.743656788405
12.748090131650
12.752553336523
12.757090075053
12.761580876739
12.766106314877
12.771118379614
12.775618129311
12.780296397769
12.784993132220
12.789779002095
12.794641345862
12.799466719019
12.804219155082
12.809080791110
12.814067239483
12.818922649358
12.823628422356
12.828733947490
12.833798217042
12.838857930237
12.843983101560
12.849051119926
12.854061908556
12.858874633961
12.863622074823
12.868266588493
12.872770822579
12.877440544591
12.881921408941
12.953178443963
12.957624768295
12.961703351620
12.966302130241
12.971021968894
12.975521155834
12.980117566188
12.984616272198
12.989118981484
12.993615163429
12.998159886640
13.002699815959
13.007252678977
13.011870806842
13.016146748047
13.020703443874
13.025201452167
13.029649952548
13.034105631888
13.038510321544
13.042911913045
13.047309377251
13.051657162016
13.056007757298
13.060362300871
13.064698326195
13.069019543734
13.073349909906
13.077667609281
13.081980576288
13.086308070805
13.090681629310
13.095568104939
13.100401245975
13.105074880427
13.109759562428
13.114313030434
13.118980182681
13.123448435326
13.127960601907
13.132442761553
13.136885906523
13.141313439158
13.145705207171
13.150097330032
13.154340433506
13.158690266350
13.334523486702
13.338026575367
13.342414611435
13.346679938655
13.350876210391
13.355050369485
13.359203883654
13.363361589393
13.367527987190
13.371685047373
13.375847996147
13.379986617596
13.384119019475
13.388297727020
13.392393145371
13.396548629172
13.400621186290
13.404720310216
13.408809401791
13.412848784148
13.416934738685
13.420882411934
13.424879631391
13.428819939291
13.432767131254
13.436661401045
13.440524810542
13.444337818203
13.448146497775
13.451934140436
13.455695166500
13.459408904321
13.463079845347
13.466704557247
13.470295235685
13.473868885555
13.477404459201
13.480919666471
13.484393401816
13.487834586100
13.491249503674
13.494652976390
13.498032199666
13.501397596229
13.504673491757
13.507983323633
13.511315828804
13.514657537920
13.517980987421
13.521055185575
13.524298684766
13.527553033052
13.530834309352
13.534146448112
13.537398545235
13.540497735274
13.543542563348
13.546692747160
13.549803340699
13.553033081054
13.555916564321
13.558887635468
13.561679349492
13.565173069206
13.568240065237
13.571734523872
13.574951000714
13.949782028047
13.954384185578
13.958433709158
13.962594365011
13.966747483390
13.970838209675
13.975021425316
13.979203599416
13.983337624655
13.987536568806
13.991721547501
13.995913080543
14.000109434767
14.004283216926
14.008475698216
14.012665840723
14.016855405545
14.021500123852
14.025717489285
14.029923303535
14.034093386015
14.038308056390
14.042478800400
14.046679574153
14.050897184843
14.055093836123
14.059307137002
14.063511929501
14.067705257969
14.071886084538
14.076063359188
14.080212094092
14.084348107497
14.088473288156
14.092593488039
14.096697261033
14.100800849083
14.104895958359
14.108974359912
14.113061983099
14.117144399541
14.121231613307
14.125291888954
14.129382190366
14.133426277477
14.137499247374
14.141530031655
14.145615965562
14.149660211117
14.153676573048
14.157530363932
14.161349711719
14.165342468796
14.169297165126
14.173252254077
14.177184415348
14.181134144522
14.185053765575
14.188977383947
14.192870219184
14.196770213808
14.200651259919
14.204539211801
14.208403001366
14.212268188499
14.216129939675
14.219985698558
14.223847110637
14.227678252954
14.231489984861
14.235280211676
14.239047321390
14.242795733363
14.246545061830
14.250278801293
14.254030766601
14.257772795470
14.261512571915
14.265247340931
14.268990393721
14.272749247987
14.276540547625
14.280337450554
14.284171754766
14.288147377319
14.292204117650
14.296222960786
14.300355709345
14.304478894413
14.308582034634
14.315300033921
14.319413580860
14.323659915230
14.327868605229
14.332198484450
14.336535200900
14.341692383429
14.345983181815
14.350217288458
14.354450020566
14.358458951063
14.362270854577
14.366214009567
14.370185977668
14.374133648757
14.378043516531
14.381940335395
14.385795874760
14.389646573973
14.393508550373
14.397363687331
14.401181470878
14.404999040814
14.408796182993
14.412583328606
14.416318766433
14.420055327398
14.423786982170
14.427490071153
14.431176842217
14.434854041616
14.438521633504
14.442171062193
14.445814424573
14.449453059280
14.453085009954
14.456741318993
14.460394533621
14.464059533910
14.467738771318
14.471438577455
14.475153718297
14.478890520167
14.482668756776
14.486465410616
14.490294139040
14.494132844526
14.498016224318
14.501920852999
14.505836462739
14.509787140926
14.513756155891
14.517730603806
14.521736120191
14.525755433433
14.529816115492
14.534085990592
14.538439277935
14.542659556137
14.546562550970
14.550558294317
14.554782509485
14.559159081704
14.563367613008
14.568462274201
14.572899455200
14.576676469611
14.580735079331
14.584757302839
14.588660002082
14.592650181739
14.596616166041
14.600487588324
14.604727984158
14.608759570435
14.612667970666
14.616451142599
14.620211913107
14.624251058770
14.628324503134
14.632223206855
14.702908074100
14.706979766025
14.710776248188
14.714516244233
14.718289088187
14.722315032249
14.726266190774
14.730228648631
14.734120695539
14.737976623930
14.742044516114
14.746092975495
14.750149117593
14.754183574362
14.758230923590
14.762286267383
14.766322299722
14.770343514421
14.774349757545
14.778327576539
14.782281634784
14.786208193094
14.790115320205
14.794003192947
14.797851960837
14.801667097809
14.805455818953
14.809245324638
14.812976308528
14.816705748027
14.820404158362
14.824114873695
14.827784737975
14.831437374530
14.835053736593
14.838704010996
14.842387408880
14.846087311759
14.849732206479
14.853487743152
14.857354835577
14.861260416770
14.865032413137
14.868769264878
14.872589820450
14.876422304006
14.880243869377
14.884205028740
14.887923822244
14.891659191530
15.039596029524
15.042576501053
15.046321475352
15.049693823707
15.053308604113
15.057407205482
15.061420894457
15.065571578259
15.069765703272
15.074062836818
15.078361700666
15.082723199053
15.087105296936
15.091570146100
15.096073381983
15.100536042089
15.105025871568
15.109514387638
15.113988548896
15.118553858538
15.123117846791
15.127712699330
15.132230767582
15.136858009254
15.141466663825
15.146079755321
15.150637642590
15.155226274256
15.159790691246
15.164339940211
15.168932277573
15.173528881654
15.178104349662
15.182698639696
15.187297124212
15.191880102678
15.196433556399
15.200966379793
15.205538013999
15.210111092362
15.214687280733
15.219229803564
15.223757466539
15.228271915954
15.232824218256
15.237370413756
15.241951574764
15.246519470004
15.251155681460
15.255753819075
15.260446566064
15.265180893623
15.269959807612
15.274754494598
15.279594360269
15.284330128580
15.289161198552
15.294161646642
15.298893915242
15.303699414607
15.308556187448
15.313634971669
15.318613421625
15.323395641582
15.328245069659
15.333189493609
15.338147541698
15.342876005955
15.347904869938
15.352833873471
15.357678976004
15.362615057349
15.367473957333
15.669657045966
15.674703880757
15.679268907172
15.683752064867
15.688000391313
15.692331155912
15.696643655094
15.700923185043
15.705151719425
15.709333266655
15.713473699272
15.717591309718
15.721716839790
15.725781933316
15.729839168541
15.733869274608
15.737897840072
15.741895682501
15.745895910894
15.749899963305
15.753889838892
15.757871482899
15.761845087253
15.765804945739
15.769755617850
15.773695358086
15.777631788685
15.781571141590
15.785508962733
15.789444679713
15.793363417505
15.797274335429
15.801188672921
15.805099972133
15.809007618822
15.812912136438
15.816801820547
15.820684191556
15.824575898385
15.828468967206
15.832367070257
15.836254545783
15.840141782615
15.844012643494
15.847909176001
15.851832284324
15.855742914395
15.859658435747
15.863515201649
15.867360906072
15.871252973339
15.875216865574
15.879133922395
15.882958237435
15.886963826644
15.890664371514
15.894515973526
15.898472444261
15.902374439587
15.906277054943
15.910280340709
15.914130102808
15.918057768472
15.921984126984
15.926051281945
15.929874651504
15.934264802913
15.937929717673
15.941599115245
15.945083393855
15.948748535670
15.952676785617
15.956679954613
15.960734078553
15.964805777546
15.968908982868
15.973071482816
15.977247197817
15.981500098462
15.985711014443
15.989961319258
15.994264344542
15.998574533242
16.002913224130
16.007287024095
16.011680582393
16.016125371068
16.020551584341
16.024991422426
16.029456080544
16.033904639585
16.038341525237
16.042789494009
16.047254956729
16.051728759189
16.056216622390
16.060701458148
16.065142969347
16.069583928862
16.074042959900
16.078557670292
16.083012286651
16.087485450117
16.092097385176
16.096923950011
16.101558201169
16.106071189517
16.110695272873
16.115323339356
16.119979150881
16.124530899185
16.129022977239
16.133515531098
16.138098725367
16.142689710213
16.147434470711
16.152037769254
16.157296575334
16.161815587361
16.166596274798
16.171322103898
16.176602612191
16.201109407592
16.205585373966
16.209884475623
16.214900065049
16.219879527452
16.224926207477
16.230100558359
16.235281737706
16.240517901988
16.245823783625
16.251129629625
16.256492848520
16.261894841017
16.267385554465
16.272888239499
16.278341964922
16.283847131400
16.289424508919
16.295070292270
16.300827428304
16.306574004432
16.312377412226
16.318155923742
16.324009787979
16.329857833054
16.335748647634
16.341647893923
16.347624375643
16.353561679684
16.359589444759
16.365773348552
16.371863650870
17.265883915014
17.273916646867
17.282350262343
17.290778650703
17.299174763442
17.308201293755
17.434224575753
17.437949286244
17.441768025702
17.445501700650
17.449264045196
17.453061265581
17.456862591554
17.460615056395
17.464377014478
17.468033262215
17.471713440700
17.475359555779
17.479018324589
17.482640098308
17.486237091666
17.489871901133
17.493495730395
17.497064913286
17.500599653374
17.504169015885
17.507766606937
17.511403954234
17.515051286139
17.518801865698
17.522520033721
17.526259603679
17.530038315910
17.534301770418
17.537974391812
17.542035551226
17.546110843969
17.550135103036
17.553850580023
17.557495464587
17.561345904401
17.647907786634
17.654079017970
17.658007812481
17.661124017869
17.664311850069
17.667668731802
17.671130645756
17.674673242144
17.678296784784
17.681935302753
17.685615077873
17.689322814408
17.693027375257
17.696747536863
17.700471831369
17.704183511421
17.707926819556
17.711693030518
17.715443164078
17.719636410427
17.723358886680
17.727098431049
17.730918520089
17.734725909960
17.738542125956
17.742378191657
17.746237188569
17.750028501059
17.753876158942
17.757708815981
17.761546059356
17.765377479014
17.769215363513
17.773053687037
17.776859976738
17.780686624933
17.784534213757
17.788337967189
17.792196669297
17.796031672200
17.799828158426
17.803631638457
17.807427731156
17.811189114069
17.814959894257
17.818691110467
17.822420496704
17.826110115459
17.829796570382
17.833459557353
17.837106399149
17.840736344597
17.844351537702
17.847959236850
17.851543296451
17.855128801499
17.858693374287
17.862231177789
17.865756891901
17.869286086592
17.872782204812
17.876287015470
17.879755247778
17.883270202901
17.886739236994
17.890247991712
17.893742622910
17.897269127279
17.900819951591
17.905135378315
17.908978315448
17.912956785480
17.916916615483
17.921047830384
17.924999194206
17.928918717639
17.932947409700
17.937016070432
17.941010760260
17.944948269692
17.948470255246
17.951993029242
17.955896692554
17.959681771235
17.963669297058
17.966845830811
17.970477142510
17.974569177199
17.978579150259
17.982603331785
17.986589668274
17.990642605834
17.994735420903
17.998831568603
18.002934882956
18.007107159341
18.011330578232
18.015546909523
18.019769076863
18.023936192328
18.028089410359
18.032243440888
18.036445096732
18.040933133883
18.045760069716
18.050285447392
18.054656357954
18.059100375746
18.063247855647
18.067324223817
18.071718223966
18.187806495569
18.191737856947
18.195896639465
18.199606973806
18.203304243651
18.207194615891
18.211156084971
18.215116325873
18.219034993307
18.223027915877
18.226988902453
18.230973384347
18.234931895236
18.238888785112
18.242856778603
18.246840989679
18.250796515566
18.254451120240
18.258398772041
18.262346565179
18.266268505079
18.270196525961
18.274108318535
18.278032409968
18.281964628950
18.285887208952
18.289800608489
18.293718554181
18.297626012334
18.301517376371
18.305388075312
18.309253179910
18.313121830407
18.316959771075
18.320788154896
18.324590082144
18.328383342840
18.332174609567
18.335959793382
18.339753988456
18.343554137086
18.347388714764
18.351305309250
18.354872462358
18.358607853933
18.362252088405
18.365920233804
18.369603193473
18.373245475956
18.376884560932
18.380519847744
18.384164548757
18.387816245883
18.391459234515
18.395118504637
18.398789094399
18.402444441692
18.406169661312
18.409926965137
18.414110385040
18.418274372610
18.421995589434
18.425770761016
18.429476654755
18.433606552788
18.437443991722
18.441279689833
18.445055845521
18.448837426568
18.452785881682
18.456632329673
18.460439985192
18.464201782541
18.468163727049
18.498499041220
18.502225790288
18.506063499028
18.509606710247
18.513016415028
18.516701831788
18.520730092992
18.524331448850
18.528406255030
18.532511971404
18.536568928936
18.540623810958
18.544704019775
18.548801593332
18.552891708829
18.556993279469
18.561076681929
18.565144594653
18.569163154802
18.573164237484
18.577151460129
18.581091546166
18.585126536411
18.589156626230
18.593211885229
18.597308655901
18.601534545969
18.605571419951
18.609173204150
18.613289027235
18.617453116789
18.621575287225
18.625893489699
18.629869816205
18.638232506004
18.642384035609
18.646196597596
18.650314795461
18.654322139617
18.658463498513
18.662349333128
18.666490345159
18.670535785556
18.674628333371
18.678731478115
18.682531023486
18.686351651621
18.690312569488
18.694339155164
18.698323894249
18.796398546975
18.800054626111
18.803266872131
18.807302817716
18.811507231762
18.815271620484
18.819514488993
18.823589016254
18.827860984850
18.831988518189
18.840548993701
18.845934915087
18.850102603881
18.854439691499
18.858969167470
18.863298214936
18.867986063883
18.874605993407
18.878737854918
18.882544034328
18.887130201649
18.891038114922
18.895145943266
18.899392119341
18.903520120127
18.907593497058
18.911422512620
19.096269558864
19.100083438217
19.103756920019
19.107218400143
19.111173332817
19.115238246273
19.119318071163
19.123331736297
19.127405416133
19.131514068619
19.135700986090
19.139838851147
19.144089305683
19.148307092073
19.152521534267
19.156729184238
19.161135830753
19.165370915369
19.169575898499
19.173747390463
19.177919251703
19.182104467430
19.186303492153
19.190488801787
19.194643079231
19.198844825907
19.203011073654
19.207165590941
19.211307225709
19.215464046003
19.219555619035
19.223646362992
19.227723501956
19.231815260903
19.235846599147
19.239888257813
19.243881353884
19.247887812646
19.251846997469
19.255787323911
19.259713969171
19.263626038090
19.267489664387
19.271337492283
19.275170227912
19.278966671215
19.282722069417
19.286490305609
19.290186378185
19.293825373940
19.297389734403
19.300943056211
19.304413161679
19.308283447029
19.311663345818
19.315472137093
19.318748421023
19.322112054448
19.325771761071
19.328664660119
19.331894892313
19.335127726165
19.338435516015
19.341686081751
19.344905501725
19.348123364670
19.351099224841
19.354623725474
19.358021210162
19.361280846575
19.364281427258
19.707130065533
19.710962585367
19.714821573783
19.718968520068
19.723061438102
19.727276108413
19.731475455166
19.735683368686
19.739898662076
19.744113264051
19.748334558061
19.752568731677
19.756796884019
19.761007067432
19.765231073752
19.769486168346
19.773779225543
19.778128151956
19.782363785991
19.786678460762
19.790997782620
19.795298275326
19.799635658996
19.804029167992
19.808401370291
19.812841144242
19.817230309209
19.821662144464
19.826090387236
19.830541125111
19.834991301078
19.839492882975
19.843979620014
19.848496147484
19.853087712736
19.857777632642
19.862701810528
19.867574376556
19.872376518878
19.877133480313
19.881937106185
19.886666841125
19.891230889296
19.895852469589
19.900359243150
19.904762988652
19.909148314027
19.913550701604
19.917984727961
19.922418582823
19.926882335342
19.931349937660
19.935854686449
19.940365243035
19.944886334571
19.949406496733
19.953939937835
19.958476866040
19.963016799771
19.967592457255
19.972208664086
19.976922773480
19.981505569967
19.986055697606
19.990860312961
19.995779205382

