Time_s
0.572380721149
0.576083683278
0.579880664946
0.583581678187
0.587156729504
0.590746457853
0.594527091950
0.598405782625
0.602569218174
0.606698376294
0.610846864061
0.615059318081
0.619267947545
0.623510454318
0.627741017145
0.631869759709
0.635876937342
0.639801252831
0.643672470538
0.647537850432
0.651452094718
0.655324894957
0.659215006494
0.663121632082
0.667025313013
0.670920197556
0.674824529091
0.678720697884
0.682609149968
0.686498727512
0.690395367825
0.694272799261
0.698158391129
0.702026431979
0.705877249740
0.709743757022
0.713589632671
0.717451884548
0.721319675772
0.725172276304
0.729024743732
0.732859534597
0.736681437876
0.740520005610
0.744340976321
0.748133348037
0.751909886614
0.755529908130
0.759107530145
0.762699428578
0.935204835442
0.939397874605
0.943854418632
0.948459417820
0.953076855273
0.957747314838
0.962447490551
0.967195350777
0.971948079787
0.976777695360
0.981632186000
0.986501712580
0.991372512650
0.996272268356
1.001191088376
1.006099452177
1.011059032994
1.016007797614
1.020960021898
1.025935924243
1.030925041779
1.035945635201
1.040976845903
1.046044654634
1.051081243268
1.056098248100
1.061128573259
1.066189751037
1.071285840886
1.076406925505
1.081507888551
1.086556468161
1.091607982878
1.096669368564
1.101674666340
1.106712296668
1.111797701843
1.288959902461
1.293248269389
1.297857732848
1.302603920407
1.307542892291
1.312532103488
1.317614985736
1.322702600234
1.327858767213
1.333048841674
1.338227393414
1.343449425328
1.348693004922
1.353938961745
1.359220049519
1.364572972213
1.369921137012
1.375304988109
1.380730626773
1.386162132858
1.391634978065
1.397108992707
1.402672609508
1.408288822174
1.413827282077
1.419382765836
1.424985966135
1.430612296441
1.436208678717
1.441831964203
1.447488961177
1.453168077086
1.458784401484
1.464442571954
1.470141278672
1.475898505227
1.481682078836
1.487540265292
1.493393527840
1.499323093327
1.505166918736
1.511023480284
1.516877949892
1.522918241168
1.528990912442
1.534966579011
1.540834118467
1.546788370221
1.552486215425
1.558252197743
1.563765725489
1.569312634928
1.574323639130
1.579453977281
2.261306557697
2.273545223012
2.281927215531
2.290438353281
2.298853383042
2.307349289543
2.315797647437
2.324086403456
2.332164051129
2.340085300097
2.347790578848
2.355312387365
2.362627837973
2.369832985435
2.373485708283
2.377017619835
2.380506976643
2.383801939155
2.386842805326
2.390190276705
2.393743522907
2.397113958286
2.400514518617
2.403868463661
2.583734237292
2.587446775249
2.591311686040
2.595187294738
2.599106146736
2.602978697265
2.606839564633
2.610719773981
2.614645890633
2.618734487677
2.622919261162
2.627231059246
2.631505905631
2.635823547791
2.640187230665
2.644551570649
2.648891081407
2.653252680222
2.657604577784
2.661983778775
2.666382259993
2.670771509834
2.675164654575
2.679559626829
2.683935629800
2.688307459901
2.692686101717
2.697049364565
2.701408164969
2.705738549074
2.710065239210
2.714412936267
2.718783665379
2.723158629465
2.727642517498
2.732131076582
2.829062489625
2.833224577590
2.836980029116
2.841114537436
2.845522710245
2.849904808625
2.854454829444
2.859117322703
2.863895060575
2.868770521820
2.873738058333
2.878835553257
2.883908077051
2.888950613996
2.893939252405
2.899072021430
2.904437989392
2.909631649709
2.914663692823
2.919652611812
2.924757794945
2.930050335471
2.935192122056
2.940225007695
2.945244048487
2.951477132673
2.956062318996
2.960876426038
2.965021891818
2.969213514762
2.973779070170
2.978438650604
2.983144961356
2.987827346847
2.992535514727
2.997301264606
3.002093535355
3.006869595547
3.011650334215
3.016431932981
3.021228457929
3.026026739535
3.030834146616
3.035642683266
3.040463633095
3.045285751363
3.050107306485
3.054954551732
3.059800242627
3.064635273220
3.069481363349
3.074328472361
3.079170165553
3.084027529810
3.088891552145
3.093761631440
3.098652966754
3.103555336868
3.108442905366
3.113339258850
3.118257835653
3.123224273003
3.128212223876
3.133213034319
3.138215264976
3.143260207581
3.148380336593
3.153540445556
3.158720895957
3.163884157178
3.168988283756
3.174037089528
3.179230783669
3.184506830374
3.189754223477
3.195030710471
3.200278023476
3.205450711048
3.241985003908
3.247343862694
3.252507466581
3.257021825914
3.261764942919
3.266673996803
3.271578707413
3.276504377452
3.281415127189
3.286320986662
3.291246086437
3.296162382432
3.301061119518
3.305911267409
3.310776611387
3.315632362887
3.320460240900
3.325302017614
3.330158051173
3.334958581078
3.339839414189
3.344365563396
3.546069153156
3.550122361185
3.553805222254
3.557830421619
3.561901795323
3.566278662340
3.570717418388
3.575223680160
3.579755085694
3.584277257316
3.588824685438
3.593500924635
3.598063768468
3.602643997364
3.607343891221
3.612014901535
3.616754281388
3.621499614187
3.626262669827
3.631076033316
3.635889997547
3.640725162407
3.645575871023
3.650494079532
3.655372705698
3.660284438117
3.665278794849
3.670206953521
3.675233268964
3.680263969779
3.685313138349
3.690413489822
3.695503339196
3.700634264218
3.705826547678
3.711061289227
3.716315054560
3.721579090468
3.726907621485
3.732291534519
3.737656250856
3.743012694689
3.748424443286
3.753831230323
3.759207852355
3.764585107496
3.770022877323
3.775483866074
3.780949125785
3.786363425289
3.791730346923
3.797136388815
3.802561087730
3.807801891731
3.813146064139
3.818695831544
3.824351481577
3.927914826479
3.938218331923
3.948640831477
3.959183938704
3.969742847564
3.980344708709
3.991032125642
4.001820239133
4.012670511036
4.022978223245
4.028293380969
4.033635813082
4.038970239002
4.044246751102
4.049595760569
4.054916306616
4.060218071782
4.065366385690
4.070553177383
4.075748290765
4.080907435469
4.086089136879
4.091272043896
4.096424584137
4.101519573674
4.106582104640
4.111600146874
4.116575409357
4.121484977200
4.126328980934
4.131131185884
4.136142032523
4.141213325530
4.146451304423
4.151817140114
4.157194141332
4.162658260188
4.168149629102
4.173679954590
4.179226657905
4.184787324889
4.190295886204
4.195863725372
4.201409756612
4.207009670590
4.212555417862
4.218115998043
4.223690519287
4.229303602772
4.234877458407
4.240512570542
4.246126734888
4.267361864985
4.278589165905
4.289728128328
4.300828092993
4.311804611510
4.322664702109
4.333480650586
4.344260108169
4.355005138942
4.365693431696
4.376354466233
4.923800563026
4.933264403963
4.942854118817
4.952525621199
4.962346996447
4.967184174656
4.972353792770
4.977448126728
4.982509031806
4.987530390479
4.992647919316
4.997727734960
5.002817655755
5.007941273511
5.013103677642
5.018257744532
5.023436530223
5.028623921374
5.033823972591
5.039028934934
5.044264385079
5.049595178203
5.055016346294
5.060321524040
5.065506373546
5.070584386751
5.075648171624
5.080704365984
5.085453661496
5.090241722416
5.094958897381
5.099698022712
5.104583150349
5.109606526915
5.114625362328
5.119682277115
5.124811295598
5.129796664682
5.134982275719
5.292502179583
5.297399600789
5.302163747387
5.307325732799
5.312531952048
5.317809712378
5.323138201121
5.328513215840
5.334000183242
5.339523296828
5.345094633696
5.350696745263
5.356340149975
5.362056211680
5.367830893682
5.373658070402
5.379509526373
5.385407960826
5.391323684923
5.397285832561
5.403308613741
5.409391145247
5.415497125060
5.421630697432
5.427787723480
5.433970109473
5.440154219846
5.446328527287
5.452539323373
5.458802344107
5.464828942139
5.470836333402
5.476830579919
5.482762519771
5.488730769504
5.494635742554
5.500548187924
5.506405037033
5.512252293944
5.517909710064
5.523327605628
5.528813392866
6.416422652163
6.423680913822
6.431147376998
6.438737001629
6.446203511542
6.453682066240
6.461276836331
6.469155322246
6.476965093242
6.484338471398
6.491945252683
6.499646841553
6.507360799303
6.515094546405
6.805960676852
6.810162183665
6.813623237704
6.817230893649
6.820958916318
6.825084660729
6.829190593736
6.833412995768
6.837587383601
6.841830878532
6.846043247563
6.850289935331
6.854536148666
6.858784648075
6.863060741706
6.867350434881
6.871644522973
6.875945074362
6.880247441098
6.884555522320
6.888854177508
6.893144394895
6.897458195796
6.901778207351
6.906071440986
6.910360004161
6.914669246408
6.918971482730
6.923258275170
6.927545461311
6.931825825825
6.936090557501
6.940332858456
6.944569155127
6.948807739179
6.953045855019
6.957286235538
6.961528079706
6.965755866811
6.969977972394
6.974210692154
6.978456906964
6.982705685428
6.986945537473
6.991174469279
6.995430735647
6.999727334294
7.003994670767
7.008220598106
7.012444207910
7.016686436124
7.020965317615
7.025277290004
7.029583210359
7.033843134403
7.038084529704
7.042365817846
7.046705805889
7.051049198973
7.055343321135
7.059593946869
7.063874742205
7.068210303247
7.072559750611
7.076865572222
7.081084113473
7.085281883552
7.089677259349
7.094278187881
7.099134380286
7.103559447168
7.781005963048
7.790067174890
7.799235961480
7.808460023879
7.817666925181
7.826749102154
7.835599129428
7.844584943595
7.853542079459
7.862570121943
7.871644156584
7.880676101457
7.889665963406
7.898613733494
7.907470097726
7.916223092974
7.920541401116
7.924841480950
7.929100414828
7.933288532558
7.937413847115
7.941532404485
7.945609571638
7.949656034068
7.953614750623
7.957597809802
7.961121805852
8.525110562745
8.529271062475
8.533158740519
8.537145802830
8.541452084262
8.546087526397
8.550636608106
8.555201254912
8.559755153928
8.564377043006
8.569005201315
8.573608064995
8.578201192180
8.582825191624
8.587472829535
8.592136147629
8.596819405874
8.601493784037
8.606207850562
8.610931916354
8.615651825461
8.620378284630
8.625126734814
8.629874222913
8.634625991423
8.639389483326
8.644163475485
8.648934972062
8.653683111594
8.658411626258
8.663143528592
8.667880285437
8.672628635262
8.677369203940
8.682096894761
8.686817350397
8.691555845504
8.696289082957
8.701020715408
8.705722632662
8.710244159876
8.714640314426
8.719343955484
8.724151340586
8.728976370154
8.817557267709
8.819668845893
8.821576573813
8.823693883553
8.825803866952
8.828373087231
8.830093902153
8.832677891216
8.834364828873
8.878822716178
8.882711936723
8.886715452777
8.890841871258
8.895026771816
8.899502396711
8.903937943338
8.908621216902
8.913260214452
8.917942123159
8.922654898656
8.927421794999
8.932251564930
8.937086980777
8.941959355983
8.946872616105
8.951815653255
8.956780571137
8.961806032613
8.966866191008
8.971924661054
8.976953629009
8.982008110580
8.987113662540
8.992228662670
8.997349088594
9.002458754030
9.007576721895
9.012706399995
9.017793171924
9.022842774359
9.027849309266
9.032846907971
9.037803045467
9.042707792651
9.047557383711
9.052349563097
9.057077009928
9.061757457463
9.066392824873
9.070939196827
9.075353631022
9.079738844148
9.084170448947
9.088550972421
9.092712656980
9.096614630533
9.100098810215
9.104396411794
9.108353968940
9.112652734639
9.584375447386
9.588103799372
9.592015356390
9.596197304251
9.600441144449
9.604820219307
9.609254848698
9.613743041448
9.618280270595
9.622847108556
9.627458894722
9.632050571678
9.636655261109
9.641275315212
9.645910538173
9.650544577011
9.655154882070
9.659772681376
9.664363484106
9.668942740474
9.673494634931
9.678034382150
9.682561495152
9.687090769383
9.691606426738
9.696106718394
9.700593408947
9.705060750580
9.709490610976
9.713848543149
9.718175316021
9.722469274300
9.726731901338
9.731022795709
9.735309815219
9.739548500873
9.743745772825
9.747938510771
9.752127693491
9.756329483076
9.760562335310
9.764786050164
9.768952806618
9.773070091288
9.777104522096
9.781002245395
9.784872996795
9.788711912453
9.792671778807
9.796631964758
9.800722025671
9.805056968740
9.809314684175
9.813599940046
9.817819198641
9.822020367364
9.826171311115
9.830233741981
9.834429865896
9.838647245507
11.636247559611
11.639873493703
11.643581896762
11.647962976626
11.652067200809
11.656402459809
11.660714653258
11.665177519109
11.669620319228
11.674060137779
11.678533266751
11.683021583418
11.687511474471
11.692001900317
11.696479960285
11.700975303214
11.705494766668
11.709987690584
11.714417164914
11.718892611031
11.723371435072
11.727889195055
11.732427056242
11.736980609186
11.741496354496
11.745986852579
11.750495784596
11.754841184161
11.759307099710
11.763831229961
11.768334257658
11.772869851005
11.777398281448
11.781951079194
11.786467753207
12.425225362913
12.429066038085
12.432912050786
12.436864327275
12.441182793462
12.445954021222
12.450760991142
12.455674501958
12.460522457960
12.465380723521
12.470314816540
12.475259442774
12.480258112723
12.485260422296
12.490329272753
12.495393460632
12.500484340938
12.505622118369
12.510787935660
12.515976365297
12.521148095861
12.526342437767
12.531566604770
12.536794517023
12.542062239776
12.547318782398
12.552600859555
12.557861771568
12.563130319882
12.568409488238
12.573744075004
12.579060314027
12.584363925825
12.589667161543
12.594969780630
12.600266956740
12.605555340310
12.610834491821
12.616125584332
12.621439539958
12.626758854070
12.632083226853
12.637419766434
12.642746767064
12.648018240129
12.653324185864
12.658617940780
12.663902578537
12.669184529131
12.674470237659
12.679766298844
12.685061463559
12.690361702464
12.850764871748
12.855902509862
12.861093471701
12.866262516468
12.871418808157
12.876599774480
12.881759392253
12.887002805815
12.892205529724
12.897420191882
12.902425252258
12.907539682540
12.912846795515
12.917935185092
12.923066443214
12.928150010153
12.933312485803
12.938549254142
12.943607695185
12.948652745566
12.953728110554
13.005218865745
13.009894888627
13.014641960615
13.019577180793
13.024819682073
13.030186840931
13.035693742198
13.041133377419
13.046364696540
13.051510678506
13.056663245901
13.061672221050
13.066424634648
13.071165251321
13.076057908807
13.080943105739
13.085807439310
13.090597238490
13.095413457190
13.100149622504
13.104855181108
13.109508764829
13.114123730274
13.118692212342
13.123256376457
13.127816276262
13.132396556771
13.136936573075
13.141442345682
13.145965183628
13.150471254091
13.154924604392
13.159363124824
13.163784121920
13.168200197995
13.172606945514
13.177007741556
13.181375895444
13.185714566113
13.190048303130
13.194401769170
13.198705833796
13.202904056332
13.207016813522
13.210880604925
13.215146011898
13.423612177842
13.427460057194
13.431596902453
13.436272586382
13.441043464105
13.445838517700
13.450691995061
13.455559570773
13.460550424973
13.465605702691
13.470690642878
13.475780421861
13.480877272112
13.485988854446
13.491149991122
13.496293742605
13.501439211958
13.506625600030
13.511812680824
13.516992743905
13.522176599220
13.527363927393
13.532555098911
13.537725628072
13.542900438099
13.548075563003
13.553240380928
13.558387330602
13.563536017623
13.568688265889
13.573843580633
13.579008367663
13.584172007208
13.589375906423
13.594625030715
13.599900897200
13.605219851046
13.610403371348
13.615591242642
13.620751321223
13.625665885615
13.630537760268
13.635419798226
13.640372461681
13.645473856311
13.650647300549
13.655980634211
13.660953612785
13.665735154189
13.670677808159
13.912556039913
13.921424733479
13.930756499439
13.940181641676
13.950235977041
13.960338411802
13.965663688228
13.970757259563
13.975818392881
13.980905253867
13.985981537441
13.991128715793
13.996260782087
14.001382017563
14.006523165862
14.011622185662
14.016694549421
14.021857080046
14.027004625028
14.032126626530
14.037251495778
14.042405367488
14.047571670144
14.052726987378
14.057878535540
14.063046222836
14.068216019591
14.073405557771
14.078606793609
14.083778655847
14.088912918297
14.094037740459
14.099143854772
14.104165458848
14.109223223999
14.114285787675
14.119307048678
14.124398945602
14.129418088877
14.134435325576
14.139426364441
14.144422903097
14.149388845069
14.154324071189
14.159230542017
14.164124630836
14.168992608424
14.173831884726
14.178641938200
14.183457175946
14.188281992556
14.193099154118
14.197874348315
14.202616107287
14.207345135398
14.212109242601
14.216884291079
14.221651901644
14.226443590427
14.231261832776
14.236115941378
14.241271656388
14.246581093681
14.251584075230
14.256658810216
14.261748831152
14.266837565884
14.272028210264
14.277303506930
14.282571779331
14.287779229171
14.292827034840
14.297790927447
14.302773410008
14.307742763485
14.312659908229
14.317537262525
14.322395674393
14.327250057458
14.332105776367
14.336978284922
14.341858540288
14.346747615661
14.351635424938
14.356528405597
14.361410998645
14.366305009674
14.371202084605
14.376097174072
14.380985189696
14.385882232508
14.390777441323
14.395672300520
14.400563362660
14.405457173835
14.410347747497
14.415256129420
14.420160609411
14.425075067557
14.430000049887
14.434928759774
14.439846895400
14.444756545312
14.449669960034
14.454611146321
14.459573746387
14.464554882865
14.469521212551
14.474444797272
14.479390679578
14.484302016820
14.489236471002
14.494107923708
14.499054499863
14.505156760017
14.509765831466
14.514728805862
14.519530264962
14.607212622720
14.612236609939
14.617426180803
14.622509115610
14.627607768836
14.632756568123
14.637969336814
14.643249246045
14.801563364226
14.805688673353
14.810205795592
14.815425715412
14.820488345838
14.825591130184
14.830726978108
14.835891855177
14.841096358489
14.846047217522
14.851178340288
14.856296437148
14.861444587330
14.866600888908
14.871794451668
14.877020033501
14.882275832897
14.887513617332
14.892765416274
14.898062664229
14.903344392835
14.908632213564
14.913970903121
14.919321799014
14.924697344758
14.930098033033
14.935517514943
14.940966657746
14.946397046672
14.951845390433
14.957345477900
14.962843511795
14.968347794443
14.973879920165
14.979381218383
14.984860169264
14.990312952470
14.995775694958
15.001262291984
15.006758654847
15.012272291457
15.017797504491
15.023316125996
15.028850778110
15.034417682267
15.039925656395
15.045376758947
15.050861609995
15.056380136126
15.061768499293
15.067193287562
15.486735430234
15.491298689453
15.495702958054
15.500579843212
15.505605021696
15.510700228967
15.515818899350
15.520977483725
15.526198898174
15.531437200186
15.536661300564
15.541907355084
15.547188602162
15.552505527545
15.557795768324
15.563102045444
15.568473992806
15.573855957047
15.579227496310
15.584615947764
15.590003381812
15.595434291452
15.600813633382
15.606154088539
15.611517710405
15.616852528867
15.622161878558
15.627498335591
15.632824015416
15.638164397108
15.643360624501
15.648573803469
15.653802536171
15.658842509630
15.664067113189
15.669399346893
15.674713515388
15.680101752986
15.685536729259
15.691010218029
15.696507577730
15.701936715410
15.707474230748
15.713065820078
15.718597444366
15.724093042457
15.729562521286
15.735088172464
15.740603358747
15.746090908582
15.751647188855
15.757215804078
15.762819485908
15.768401932956
15.774129172941
15.779849793755
15.785582359847
15.791337318078
15.797291674208
15.803320753970
15.809181786632
15.917973969059
15.923575186003
15.929349273641
15.935125044252
15.940900024797
15.946680554784
15.952470230668
15.958267710160
15.964072241081
15.969869875966
15.975682688967
15.981476224001
15.987236852572
15.993033546705
15.998808671011
16.004570044318
16.010306896763
16.015962487796
16.021594529338
16.027196891984
16.032759173427
16.038288282264
16.043767696754
16.049236781081
16.054741930646
16.060264667206
16.065849048029
16.071517204713
16.077147808339
16.082779491786
16.088454830959
16.094036722514
16.099515406703
16.104860187787
16.110058176330
16.114873111917
16.119709221188
16.124733711842
16.130103671512
16.135514880664
16.140936575250
16.146348891196
16.151796451508
16.157252266571
16.162728294647
16.168214137956
16.173669024336
16.179127323794
16.184605588039
16.190065274788
16.195524505958
16.201005114241
16.206545122798
16.212086740601
16.217579990311
16.223018470619
16.228442155840
16.233826394074
16.239213608857
16.244633183376
16.250051789425
16.255455751550
16.348777196705
16.359904873052
16.371282829995
16.382718066577
16.394327349155
16.406012178094
16.417806822697
16.429770532377
16.441962331045
16.454360051774
16.467331065081
16.480450312429
16.493721156269
16.507109353659
16.519827957382
16.532603864692
16.545391656069
17.447477386403
17.451892753415
17.456283696713
17.460723740290
17.465070731006
17.469398443090
17.473731268702
17.478049092843
17.482379785265
17.486726733283
17.491091619359
17.495519621365
17.499707841964
17.503980048140
17.507450042104
17.512052595270
17.516637724879
17.520397804853
17.524675512580
17.528773040077
17.532573706336
17.536311956939
17.540059400565
17.543830012456
17.612461136094
17.616690712596
17.621221824395
17.625694814754
17.630130243324
17.634555024815
17.638954991980
17.643286464108
17.647612069965
17.651919238572
17.656184316726
17.660422328184
17.664581655684
17.668704087626
17.672817078994
17.676874415425
17.680877234293
17.684893594887
17.688895898306
17.692869105597
17.696694550894
17.700457582631
17.704264662239
17.707904785348
17.711432910707
17.714856655366
17.718450937507
17.722026559022
17.725484041718
17.728925106786
17.732220779652
17.736074233272
17.739510249175
17.743496616774
17.747405531462
17.751627466193
17.873463984148
17.876786043850
17.880189462889
17.883522015876
17.886672766764
17.889768461784
17.892924337358
17.896112734236
17.899323607636
17.902538381921
17.905754620515
17.908994323390
17.912249152059
17.915510224895
17.918806922818
17.922126517545
17.925508250738
17.928959436327
17.932501727206
17.936017129282
17.939444221745
17.942901971464
17.946370594052
17.949870555565
17.953359568064
17.956812136998
17.960301529542
17.963843448515
17.967418598211
17.971029405866
17.974673676557
17.978435038831
17.982239949241
17.985926877150
17.989609651026
17.993388018319
17.997247129612
18.001125368460
18.004923704880
18.008820062139
18.013241102130
18.017361991474
18.021358347738
18.025577466772
18.030105967316
18.034364822017
18.038681455683
18.043003891699
18.047320739021
18.051697228807
18.056141959210
18.060584203964
18.065044473282
18.069540978807
18.074078726805
18.078635506701
18.083410639225
18.088518124923
18.093778466212
18.098649172593
18.103658408362
18.108572333436
18.114267245447
18.119503875509
18.124538466619
18.129347306091
18.134148156619
18.138953633045
18.143751021833
18.148320878646
18.152785167203
18.157151531118
18.161499552329
18.165996317345
18.170536986612
18.175145983313
18.179871547110
18.184505730838
18.309537600618
18.314037269993
18.318363233927
18.322637634953
18.326916326788
18.331372442796
18.336100546834
18.340905806831
18.345739968850
18.350532937698
18.355305488568
18.360011298742
18.364747769796
18.369513535743
18.374283492480
18.379048147514
18.383819596932
18.388618962405
18.393426084146
18.398221509291
18.403032914997
18.407834637686
18.412646022010
18.417478580006
18.422319679136
18.427136477482
18.431955562843
18.436779776527
18.441602957116
18.446416204195
18.451217129752
18.456033800553
18.460834246702
18.465637800444
18.470440323518
18.475269851732
18.480133256138
18.485011191304
18.489923865236
18.494972419661
18.499900152697
18.504730879278
18.509555570274
18.598048742246
18.602682366272
18.606755195069
18.610909329047
18.615431802517
18.620070534624
18.624776681956
18.629512260118
18.634298388803
18.639051171471
18.643664670445
18.648395805640
18.653173952499
18.657977279459
18.662834442477
18.667714043945
18.672613167577
18.677533590263
18.682471094471
18.687425836365
18.692392150336
18.697335309752
18.702277381658
18.707232416161
18.712170001620
18.717096679915
18.722026789872
18.726930228367
18.731808348772
18.736675287551
18.741543543614
18.746418644711
18.751263234602
18.756069081902
18.760884147356
18.765693875546
18.770583033333
18.775381578795
18.780144681807
18.906292689598
18.910401344430
18.914715154644
19.143670320354
19.147683073555
19.151749636887
19.156363062891
19.161049647911
19.165751894219
19.170488122553
19.175250581011
19.179975212432
19.184665241896
19.189430469606
19.194207080269
19.199029590109
19.203868709862
19.208739012440
19.213651878670
19.218575236576
19.223547407720
19.228545833714
19.233569080558
19.238615628239
19.243708129333
19.248810713357
19.253927925523
19.259103971566
19.264210706140
19.269390002406
19.274543010858
19.279739608842
19.284949082116
19.290118188013
19.295339363080
19.300565641278
19.305754143506
19.312082565722
19.322436064657
19.332672531597
19.342709276888
19.352616340282
19.362363310069
19.372010225304
19.381727843946
19.391489049015
19.401197982033

