Time_s
0.628895412056
0.632705594669
0.636526320089
0.640093396262
0.643695795733
0.647384729116
0.651183633249
0.655004986818
0.658799022499
0.662598862676
0.666401596772
0.670214365275
0.674019579574
0.677816584982
0.681608933621
0.685389529026
0.689173941023
0.692958939008
0.696745598436
0.700530171768
0.704301860839
0.708080511323
0.711848314634
0.715622880053
0.719388530679
0.723144352508
0.726896601685
0.730640528709
0.734377867686
0.738094099893
0.741792284811
0.745496086043
0.749166684140
0.752832338697
0.756483689401
0.760122139330
0.763737718712
0.767355071483
0.770961195569
0.774552894023
0.778146000692
0.781707860003
0.785271593740
0.788827936576
0.792381999206
0.795945929517
0.799505563001
0.803061833181
0.806630095400
0.810213369644
0.813808574877
0.817410734935
0.821022665915
0.824613888203
0.828219103984
0.831852965938
0.835479209670
0.839088494873
0.842646345019
0.846156028970
1.087480288193
1.091789304490
1.095847984969
1.099797721944
1.103807128473
1.107847908699
1.111925911861
1.116019365370
1.120113947681
1.124217279447
1.128328182666
1.132455806191
1.136594915769
1.140742923977
1.144902405453
1.149070818797
1.153243762959
1.157420677991
1.161596942119
1.165781775745
1.169955689665
1.174132835735
1.178302859255
1.182480485122
1.186655515001
1.190810223953
1.194976060995
1.199142537460
1.203313591491
1.207490626387
1.211672349984
1.215859805861
1.220025364563
1.224193200668
1.228363777470
1.232531127291
1.236693186371
1.240850864288
1.245014832631
1.249178195430
1.253338821859
1.257495387634
1.261644466088
1.265788100230
1.269920056296
1.274050898115
1.278171854301
1.282289940055
1.286395889675
1.290493664107
1.294601564014
1.298695049211
1.302803101017
1.306881347116
1.310939411764
1.315043474699
1.319211650233
1.323385340952
1.327559863722
1.331766463159
1.336050992549
1.340204515827
1.344349918742
1.348499590521
1.352542200635
1.356560669239
1.360626307492
1.364648053294
1.537285602415
1.541484807826
1.545733874057
1.550080312258
1.554443782047
1.558802165374
1.563262968783
1.567738625200
1.572250587980
1.576788367900
1.581381066890
1.586019026943
1.590689804222
1.595385347430
1.600152322238
1.604914582666
1.609753812227
1.614626191738
1.619561902303
1.624495038096
1.629444731802
1.634460469135
1.639518386083
1.644605556522
1.649766564339
1.654878123319
1.660056914717
1.665222288536
1.670457698540
1.675734985980
1.681073924107
1.686454801226
1.691946061164
1.697562833810
1.703137000958
1.708670660976
1.714247588885
1.719955344874
1.725669510669
1.731398528424
1.737106002449
1.742819752695
1.748504549017
1.754210306160
1.759815158251
1.765456898503
1.771053759569
1.776563331852
1.782023824328
1.787497020994
1.792968568646
1.798497558648
1.804103723390
2.447521725418
2.452100135698
2.456686655864
2.461223377689
2.465733899596
2.470221403401
2.474681882903
2.479092912761
2.483469886088
2.487820779249
2.492154862779
2.496473936616
2.500756055547
2.505018473173
2.509253551042
2.513452892155
2.517650679601
2.521831905845
2.525971322184
2.530085976447
2.534193364797
2.538258979694
2.542285148405
2.546300259972
2.550301495942
2.554264776172
2.558201604588
2.562126005800
2.566017613025
2.569863059324
2.573697146171
2.577515766413
2.581318747641
2.585116362647
2.588920685985
2.592712403912
2.596482974155
2.600311063221
2.604237270041
2.608257690361
2.612294523968
2.616349498442
2.620444689074
2.624408404951
2.628472683843
2.632343978118
2.636273093209
2.640189940984
2.643949992112
2.647488798483
2.786276210369
2.790306207419
2.794601186134
2.798543000569
2.802438481749
2.806335862972
2.810259233513
2.814156014379
2.818022320620
2.821894632895
2.825798377293
2.829736959445
2.833691708782
2.837661992818
2.841653127687
2.845663556800
2.849681172038
2.853705680536
2.857721595179
2.861731107867
2.865744798159
2.869749670315
2.873741304062
2.877722355226
2.881691218263
2.885644384507
2.889591389846
2.893520193902
2.897435113315
2.901320652331
2.905191803657
2.909035015860
2.912877396995
2.916768575772
2.920762738253
2.924833101676
2.928938643495
2.932808054306
2.936688699237
2.940645904995
2.944604312682
2.948604311284
2.952650088669
2.956687276845
2.960721481443
2.964635183736
2.968597151387
2.972561162552
2.976515497440
2.980420934699
2.984443704423
2.988441373009
2.992363319425
2.996275665732
3.055907103259
3.060816546757
3.064760883981
3.068474852181
3.072463927015
3.076530245222
3.080644102497
3.084822672121
3.089074855669
3.093382453883
3.097768966144
3.102210075867
3.106758073467
3.111426192797
3.116092270872
3.120973923315
3.125653033563
3.130140528555
3.134822750929
3.139733147763
3.144860146210
3.149880297889
3.155436458169
3.160549914150
3.165577681411
3.170708593308
3.175865291289
3.180938756906
3.186311248261
3.191525509474
3.196700398170
3.201795833008
3.206860531906
3.211818695160
3.216299810224
3.221001158873
3.225585884192
3.230150585404
3.234641271372
3.239117406328
3.243569208138
3.247999419515
3.252426767396
3.256859330437
3.261284735280
3.265701777684
3.270109441853
3.274527543789
3.278930568536
3.283317303375
3.287699087375
3.292057868416
3.296401803150
3.300760808772
3.305093561015
3.309420866951
3.313723826135
3.318013941519
3.322266443718
3.326515209109
3.330758781450
3.334977045264
3.339196337905
3.343402825801
3.347588880047
3.351760487591
3.355915776931
3.360067719366
3.364226365192
3.368359292087
3.372490117867
3.376667374084
3.380830755309
3.384935958005
3.389021015124
3.393100541277
3.397188275156
3.401280831243
3.405337757016
3.409393067081
3.413462308544
3.417533743395
3.421589607269
3.425648609992
3.429702268766
3.433747152476
3.437795237374
3.441859800498
3.445908849208
3.449970515533
3.454011205245
3.458075805097
3.462144853198
3.466215330831
3.470266648088
3.474290461127
3.478360221887
3.482473167500
3.486596512995
3.490743837990
3.494900917177
3.499070533826
3.503282872794
3.507546002558
3.511856157138
3.516226672578
3.520649897659
3.525116285096
3.529817489612
3.534660163275
3.539238069754
3.543813325014
3.548497492956
3.553308065820
3.558041494174
3.562729656895
3.567206363527
3.571609045631
3.575983504269
3.580353089257
3.584720420541
3.589081215000
3.593457011148
3.597839595309
3.602221629212
3.606616635218
3.611023385381
3.615439952775
3.619861610632
3.624276699542
3.628687607068
3.633101808306
3.637503041021
3.641899343454
3.646285109332
3.650665551239
3.655035719243
3.659385404992
3.663730704859
3.668047906063
3.672354136367
3.676651107267
3.680918209024
3.685177873779
3.689419570266
3.693664168773
3.697909577634
3.702148903568
3.706415811610
3.710703813709
3.715044139130
3.719444871880
3.723867502612
3.728197905111
3.732256423789
3.736569456199
3.740725353744
3.744984762515
3.932050930814
3.935903197683
3.939484056691
3.943686786207
3.948093785894
3.952614881055
3.957233982875
3.961886861977
3.966587496995
3.971289796083
3.976000138178
3.980747746424
3.985474502604
3.990218623667
3.994959322347
3.999694793484
4.004440199607
4.009149038349
4.013872162295
4.018578282715
4.023277604364
4.027958404717
4.032633637435
4.037303219575
4.042007328014
4.046688234971
4.051394645109
4.056043596845
4.060649407051
4.065238528675
4.069834510364
4.074408581871
4.078962185993
4.083498655459
4.088033589679
4.092552924923
4.097048604919
4.101524263473
4.105978409312
4.110420884274
4.114829259684
4.119182134649
4.123512653252
4.127857383558
4.132215033354
4.136570834800
4.140926335438
4.145341561839
4.149785183920
4.154258289615
4.158803500962
4.163493125784
4.168224708690
4.172931191448
4.177725239527
4.182351266913
4.186918907850
4.191534891118
4.196225171071
4.200745244064
4.205185985966
4.209738011019
4.214291347835
4.218630869105
4.222967963557
4.227380931933
4.231838842101
4.236349225548
4.240887519865
4.245433857905
4.249964918063
4.254499572944
4.259032853071
4.263565934121
4.268081290245
4.272556029246
4.277019682356
4.281507423290
4.285988663713
4.290463338620
4.294953112648
4.299450199051
4.303940876936
4.308429616766
4.312906480855
4.317388188743
4.321858605809
4.326309627231
4.330745745521
4.335151176718
4.339558037433
4.343964467841
4.348374550470
4.352776904010
4.357172304081
4.361719470772
4.366648520079
4.371568189946
4.376611793271
4.381312603524
4.385909186316
4.390286731350
4.394772561861
4.399244760103
4.403675989949
4.408056015358
4.412657283066
4.417441724423
4.421752816955
4.426041519433
4.534720262857
4.539280991417
4.543821997271
4.548068761474
4.552659406910
4.557422591655
4.562253100935
4.567092641725
4.571976471610
4.576897379080
4.581825204547
4.586766515545
4.591739914467
4.596727436386
4.601707135970
4.606680188206
4.611676321633
4.616630194722
4.621597673303
4.626562341839
4.631525184372
4.636465343255
4.641375567895
4.646291150573
4.651190355619
4.656060134023
4.660929499918
4.665786197990
4.670626982009
4.675450191998
4.680269841764
4.685071346450
4.689870714784
4.694648724322
4.699392110228
4.704110942348
4.708802836842
4.713475425725
4.718165335177
4.722963960822
4.727766930695
4.732584294471
4.752273407130
4.757109685175
4.761997575022
4.766762428126
4.931843440584
4.936046774326
4.939806447707
4.944349877224
4.949090123799
4.953867213540
4.958694021773
4.963599236998
4.968645068839
4.973673293962
4.978780565278
4.983890392099
4.989056838578
4.994223191259
4.999438233731
5.004639011617
5.009860936822
5.015081527153
5.020285366136
5.025438503170
5.030641625405
5.035809995247
5.040957448789
5.046142758951
5.051276466478
5.056411949702
5.061507159919
5.066616466032
5.071728823473
5.076833083279
5.081933843610
5.086997046296
5.092013231466
5.096979923148
5.101946930912
5.106932021696
5.111910028209
5.116895589387
5.121853379014
5.126821599946
5.131786714674
5.136745014370
5.141714444076
5.146690203040
5.151664736957
5.156615687342
5.161605940369
5.166621056337
5.171615367992
5.176702683152
5.181852371500
5.187058975356
5.192262908188
5.197403870784
5.202613400039
5.207803067507
5.213052417325
5.218303978906
5.223366112895
5.228312641122
5.233157204138
5.238040640072
5.242916177145
5.247776141771
5.252651092570
5.257495021597
5.262338724592
5.267215996476
5.272211846603
5.277278158900
5.282060013282
5.437339143794
5.440976110872
5.444956442109
5.449253387886
5.453718758529
5.458211329838
5.462803047156
5.467390207775
5.472027832203
5.476683967028
5.481369604148
5.486115558555
5.490909482635
5.495742855738
5.500601399706
5.505504458866
5.510427050795
5.515416983573
5.520438772294
5.525579802652
5.530835205595
5.536203402929
5.541628394688
5.547151115455
5.552748439928
5.558409975226
5.564211562888
5.570059431506
5.575971628574
5.581928190444
5.587941818453
5.593862729979
5.599879389756
5.605616248264
5.644673499970
5.654213509888
5.663809517609
5.673807021131
6.356519388873
6.360700481648
6.364377620656
6.367811657818
6.371786755088
6.375981388376
6.380239434069
6.384502084991
6.388787008320
6.393067119113
6.397320392351
6.401537452728
6.405736493750
6.409889941251
6.414023537924
6.418095151215
6.422107769956
6.426078074830
6.429975908480
6.433823603399
6.437644182053
6.441513564541
6.445426939870
6.449531544550
6.453839055984
6.457963582511
6.462009529943
6.466024830834
6.470040744346
6.474071757096
6.478142986783
6.482261770073
6.486367829854
6.490372092699
6.494323669529
6.498167948060
6.502105296864
6.506103456664
6.510129960458
6.514219286755
6.518266776182
6.522228568254
6.526412155579
6.530637132792
6.534865088013
6.755282095398
6.759058419384
6.762597519155
6.766655306062
6.770825687263
6.775043106198
6.779291547553
6.783580416687
6.787882706025
6.792194105295
6.796512921874
6.800840610914
6.805177988286
6.809514314339
6.813843915580
6.818164400631
6.822494441771
6.826813715360
6.831131720767
6.835451720900
6.839772561706
6.844067518626
6.848357795516
6.852622815561
6.856904062189
6.861186660020
6.865452417440
6.869712213103
6.873971377793
6.878214023963
6.882465368468
6.886710367742
6.890949759714
6.895187927223
6.899441983628
6.903692765041
6.907918440513
6.912149735388
6.916375252930
6.920605999764
6.924831624237
6.929044040303
6.933255770606
6.937486757254
6.941757496829
6.946054913377
6.950369856765
6.954738070128
6.959226241926
6.963697618460
6.968463013550
6.972928061407
6.977213385538
6.981418264955
6.985552096094
6.989715826159
6.993980543301
6.998348825870
7.002747209558
7.007316571949
7.012108557957
7.017210231446
7.022274209430
7.082365707215
7.087168458581
7.092181706168
7.097228943236
7.102155870198
7.107109450936
7.112073681971
7.117029436207
7.121948107878
7.126919880687
7.131842328703
7.136734578904
7.141782962921
7.146674953774
7.151646921986
7.156575826314
7.161503150161
7.166412360297
7.171649117369
7.176512807860
7.343072459915
7.347232372536
7.350980229366
7.355237005152
7.359874196329
7.364482118288
7.369151100612
7.373810665279
7.378474778353
7.383179002346
7.387853946041
7.392530438041
7.397216190071
7.401916536502
7.406583700189
7.411258080760
7.415866667139
7.420461222984
7.425009401488
7.429560450615
7.434039683090
7.438510767231
7.442911208949
7.447286484422
7.451636402464
7.455948157419
7.460215758954
7.464405758951
7.468598724754
7.472847271386
7.477153939647
7.481511672109
7.485911437104
7.490342537638
7.494750607502
7.858668865095
7.862928723370
7.866891278805
7.871102240987
7.875597880855
7.880116478438
7.884653399792
7.889207922027
7.893837724810
7.898434690605
7.903092234386
7.907720517258
7.912388798126
7.917035327318
7.921396440210
7.926106933322
7.930785561385
7.935423748919
7.940102832289
7.944757444822
7.949446304260
7.954144817283
7.958843042915
7.963543291568
7.968211967608
7.972920239459
7.977593644248
7.982297956009
7.986959507013
7.991636824808
7.996303240980
8.000939835105
8.005585233940
8.010230699706
8.014844827254
8.019467403950
8.024094598993
8.028701556675
8.033302630285
8.037888913760
8.042467402865
8.047044438732
8.051622654632
8.056174020311
8.060731458070
8.065283492670
8.069825052439
8.074372594089
8.078907449349
8.083424368998
8.087939835819
8.092449321065
8.096949095308
8.101440990682
8.105915805900
8.110377964941
8.114855310998
8.119335733688
8.123800862918
8.128278275646
8.132736775478
8.137198090371
8.141646694409
8.146089321587
8.150529392146
8.154976167242
8.159495190200
8.164138146627
8.168834168290
8.173519358828
8.178055501340
8.182690023630
8.187396226270
8.192009936344
8.196610078253
8.378689769307
8.382866711555
8.387099190458
8.391143146037
8.395371227378
8.399940179948
8.404582496151
8.409282983031
8.414065656599
8.418896835647
8.423767140209
8.428692547208
8.433706622074
8.438645509083
8.443669628048
8.448770341039
8.453749734637
8.458829958844
8.463971573765
8.468981343423
8.474134778773
8.479197565790
8.484380935522
8.489430933309
8.494587669079
8.499737452772
8.504817673426
8.509981657228
8.515042425086
8.520197269856
8.525249697921
8.530376177429
8.535478816796
8.540507411249
8.545591928771
8.550669969524
8.555754328750
8.560934922396
8.566092805119
8.571311499317
8.576552535003
8.581767990292
8.586886754704
8.591888349128
8.596990380627
8.602202378348
8.607381030482
8.897621638940
8.901736973729
8.906418689443
8.911192993391
8.916011555052
8.920858903223
8.925748590957
8.930667512308
8.935604227908
8.940540323791
8.945557859186
8.950491923320
8.955517948125
8.960466951785
8.965431985442
8.970358217159
8.975308379122
8.980221013561
8.985135849292
8.990015224282
8.994915854024
8.999758237043
9.004626137291
9.009442309978
9.014294033847
9.019101338498
9.023883751019
9.028633832042
9.033390649370
9.038097314019
9.042770237331
9.047386392171
9.051987065455
9.056544196671
9.061064104775
9.065579223341
9.070077672717
9.074541628001
9.079002050610
9.083434493925
9.087803425604
9.092125783155
9.096438223804
9.100738646293
9.105050519489
9.109405017405
9.113856194323
9.118416519374
9.123031861707
9.127599195123
9.132025289355
9.136482159131
9.140818270446
9.145179398459
9.149608458094
9.154228138402
9.158365243462
9.162929675262
9.167489454292
9.172042630950
9.359141659678
9.362858675376
9.366470466434
9.370621507431
9.374937602498
9.379293825156
9.383697072778
9.388137774020
9.392624746400
9.397141273257
9.401659878793
9.406167534479
9.410703593676
9.415210143207
9.419731871581
9.424249511153
9.428776205056
9.433295851551
9.437805237569
9.442283174367
9.446775061745
9.451234886334
9.455730592242
9.460269750853
9.465026786200
9.469577288361
9.474068826535
9.478669034738
9.483192425526
9.487759084466
9.492420290101
9.497015937474
9.501615583651
9.506094995801
9.510588188638
9.515129770327
9.917380735539
9.921989090809
9.926211373654
9.930253992624
9.934754937072
9.939447947140
9.944198120485
9.948963535761
9.953764360855
9.958499435643
9.963363700314
9.968185378095
9.973048735116
9.977854374677
9.982638855707
9.987038075194
9.991899012493
9.996682046359
10.001436613374
10.006241230718
10.011144802400
10.016029436792
10.020944218310
10.025825186369
10.030742924555
10.035645778448
10.040554198618
10.045478753382
10.050417338861
10.055358652556
10.060305078986
10.065243943559
10.070204994811
10.075146611730
10.080116413009
10.085046338192
10.089969244556
10.094878484934
10.099754731927
10.104635118721
10.109515537070
10.114377658137
10.119204719355
10.124021362109
10.128837311430
10.133611693830
10.138384045367
10.143086040893
10.147795921580
10.152410263203
10.157059935441
10.161700271441
10.166449422260
10.171080696619
10.175749801392
10.180411665537
10.185119904482
10.189896845409
10.194758546127
10.199608469499
10.204403035502
10.209214033539
10.213986044165
10.218845697672
10.223685558799
10.228431261174
10.233145487348
10.345465638674
10.347303276211
10.349965794820
10.352257066334
10.354390718733
10.356478186143
10.358551375402
10.360632806452
10.362728172701
10.364624684886
10.411094309754
10.422139459872
10.430897783132
10.441430476584
10.451830533131
10.457021968974
10.462254690275
10.467375258757
10.472550752687
10.477732469071
10.482901065623
10.488123312641
10.493296491509
10.498577257461
10.503824245618
10.509169206395
10.514520472805
10.519922190072
10.525182359929
10.530446205650
10.535699363111
10.541057824090
10.546363768408
10.740549875257
10.745546464559
10.750867010252
10.756026707670
10.761441665178
10.766813565767
10.772258899936
10.777577805925
10.782747435798
10.788060176326
10.859056821930
10.863688924126
10.867507409551
10.872218380333
10.877092231677
10.882110446681
10.887200648774
10.892264563081
10.897323214305
10.902368300775
10.907403926704
10.912530872356
10.917265585279
10.922109759873
10.926822870941
10.931463304889
10.936074743590
10.940656530035
10.945214426679
10.949747921188
10.954274697399
10.958805717463
10.963317510479
10.967799950089
10.972245445735
10.976649163736
10.981036202713
10.985418057344
10.989750133035
10.994010900787
10.998270946997
11.002556349055
11.006839186108
11.011099700065
11.015317490369
11.019536387055
11.023687540862
11.027851909373
11.032055450164
11.036246624639
11.040435713471
11.044613438072
11.048885782095
11.053221115068
11.057728174951
11.062218013729
11.066768480070
11.071417430297
11.075920569064
11.080141866072
11.084303643121
11.256211946663
11.260507459145
11.265372358454
11.269261257532
11.273512580812
11.277892280531
11.282296178061
11.286774986338
11.291273743805
11.295842487402
11.300431405366
11.305077079102
11.309753732878
11.314465025453
11.319182642401
11.323940229128
11.328702196407
11.333497545445
11.338294705947
11.343117881319
11.347931286486
11.352745329829
11.357580537303
11.362425921868
11.367271784240
11.372105159182
11.376933656675
11.381768903422
11.386575052722
11.391421026019
11.396280821313
11.401103673349
11.405932081211
11.410783122498
11.415593199005
11.420465139892
11.425248885331
11.430142095478
11.434979624622
11.439812776550
11.444674346052
11.449613498178
11.454572754657
11.459576542239
11.464591536450
11.469550572609
11.474429545461
11.479287357323
11.484245384438
11.489167364595
11.494113041545
11.498988266502
11.503804093374
11.508612625071
11.513473906227
11.518324757692
11.523169827302
11.528032865812
12.070284716854
12.076124603238
12.081179762166
12.086549770406
12.091785963838
12.097023681012
12.102285926882
12.107468883449
12.112741343872
12.117934814364
12.123185453872
12.128458525677
12.133676083015
12.138850500783
12.144070504864
12.149238427411
12.154477584122
12.159676344614
12.164885927098
12.170097323518
12.175307464585
12.180519947477
12.185730540528
12.190942210761
12.196194534280
12.201386113704
12.206636312769
12.211811809618
12.216984761900
12.222210720176
12.227317361612
12.232489806492
12.237550519197
12.242650135139
12.247629770298
12.252627429538
12.257563704993
12.262462123829
12.267333877859
12.272043654113
12.276763297066
12.281474811528
12.286138452917
12.290742366214
12.295342730800
12.299927490687
12.304476269998
12.308981894587
12.313485010197
12.317978112394
12.322447453679
12.326914847647
12.331331264491
12.335733237571
12.340129648156
12.344510242641
12.348890141250
12.353248300394
12.357597287323
12.361932854574
12.366265804417
12.370575248345
12.374900638632
12.379203697835
12.383539925596
12.387851629079
12.392150908974
12.396445797882
12.400728181584
12.405014730784
12.409311769005
12.413591993937
12.417849432424
12.422065936924
12.426295772307
12.430556725598
12.434833017904
12.439189063540
12.443707380591
12.448308679079
12.453091318387
12.457777217362
12.462556340818
12.467263839806
12.471965788443
12.476657010917
12.481473540639
12.486099460085
12.490664876822
12.495266427175
12.499832615791
12.504426471748
12.508970060118
12.513352013122
12.517944169980
12.521775469609
12.525683008893
12.529924219164
12.534181135600
12.538352344376
12.542537059955
12.546704014150
12.550893064712
12.555082028350
12.559274588466
12.563438859087
12.567631638844
12.571795050800
12.575970640724
12.580158104469
12.584312578129
12.588500866954
12.592652979069
12.596834785517
12.600995299293
12.605169919486
12.609323272886
12.613501526383
12.617684884101
12.621849398345
12.626048714755
12.630238537691
12.634418402624
12.638617847803
12.642852541658
12.647092509648
12.651377531823
12.655685406127
12.660027233301
12.664427044842
12.668883123774
12.673315051062
12.743541435603
12.745643045655
12.747731195121
12.749705606441
12.751898905009
12.753896334462
12.756126780633
12.871862971499
12.881783069766
12.886722222228
12.891654200023
12.896647506030
12.901598534141
12.906553591853
12.911530957436
12.916467234283
12.921415433101
12.926384840428
12.931323132671
12.936268398930
12.941217394704
12.946148110069
12.951100209370
12.956029747136
12.960943109768
12.965819448037
12.970704620917
12.975585509200
12.980433134590
12.985254561615
12.990056449732
12.994841187160
12.999651961511
13.004508276909
13.009729727521
13.014805152481
13.019554729003
13.024420398212
13.029587841769
13.034531744351
13.039618312631
13.044462945044
13.049212874291
13.053915028526
13.329443174969
13.333333078328
13.337667807109
13.341956464118
13.346354682921
13.350925987922
13.355556677237
13.360160190238
13.364812784652
13.369494350494
13.374145588414
13.378836655694
13.383557476473
13.388230025797
13.392948428835
13.397699897370
13.402482510836
13.407283440936
13.412122428336
13.416985539490
13.421886768324
13.426796899016
13.431732909859
13.436673200928
13.441594754757
13.446479620104
13.451333024546
13.456157580488
13.460969909485
13.465783155156
13.470377385857
13.475116267378
13.479882480247
13.484661166887
13.489422001713
13.494191293873
13.498961282316
13.503695960759
13.508443417170
13.513180586401
13.517877190943
13.522577230413
13.527276247177
13.531975547475
13.536653213267
13.541343032166
13.545997889233
13.550629753243
13.555272726864
13.559858509557
13.564458873417
13.569027378218
13.573588433094
13.578122457107
13.582659059129
13.587158402707
13.591644023420
13.596122606377
13.600604757620
13.605057347239
13.609495274789
13.613902086456
13.618310759660
13.622696452806
13.627080579004
13.631431506084
13.635759029739
13.640075209863
13.644397837626
13.648700338714
13.652994450952
13.657257553092
13.661547000382
13.665804514066
13.670056306043
13.674295431369
13.678532692578
13.682748455498
13.686956882862
13.691167943761
13.695391069881
13.699623657694
13.703891219154
13.708194796477
13.712519395584
13.716900670081
13.721256664281
13.725581140419
13.729840973254
13.734057481355
14.077563357544
14.081658286136
14.085425262199
14.089690169435
14.094232240993
14.098840666446
14.103491348072
14.108181822710
14.112879587777
14.117610216399
14.122371903136
14.127176855003
14.132042275812
14.136903883175
14.141758327551
14.146594515137
14.151452458356
14.156262200905
14.161120511733
14.165965552137
14.170908352835
14.175753263394
14.180640503321
14.185527805991
14.190401454485
14.195299072146
14.200163365278
14.205068715270
14.209906337689
14.214782965973
14.219608147812
14.224494030392
14.229335705413
14.234220527060
14.239042633462
14.243889155774
14.248709925459
14.253541879263
14.258360206363
14.263190061929
14.268038289166
14.272842167534
14.277677018743
14.282489302636
14.287273311395
14.292068361512
14.296836500138
14.301582689051
14.306324147208
14.311019355264
14.315726090125
14.320444780317
14.325215349682
14.330020262625
14.334862133756
14.339765423880
14.344792082169
14.350085585636
14.355137504071
14.360179359775
14.365091500618
14.369855947659
14.374745258825
14.379429945561
14.383983436268
14.388762138426
14.393949716437
14.398782399968
14.403810807337
14.408852035444
14.413775543159
14.418567827660
14.423475747494
14.428254387279
14.432897289785
14.437585825265
14.442385893250
14.447182914679
14.451942248456
14.456690719565
14.461445071318
14.466205211683
14.470995293453
14.475801817133
14.480599916923
14.485404196255
14.490228061560
14.495068216248
14.499899479986
14.504742926016
14.509598144434
14.514461955840
14.519330570731
14.524222258546
14.529125107625
14.534033385356
14.538963740460
14.543889508590
14.548820886068
14.553795546924
14.558834321452
14.563919191934
14.568986164569
14.573967777285
14.578997750188
14.584070787450
14.589201552819
14.594296638390
14.599325336142
14.604424548112
14.609430454723
14.614291063446
14.619111738736
14.624074676039
14.629059650055
14.634047287769
14.767110101851
14.772745262299
14.777393761137
14.782377694347
14.787275503476
14.792176058789
14.797060797385
14.801947123041
14.806841970023
14.811747282391
14.816647366252
14.821578468176
14.826473518953
14.831414557065
14.836305750741
14.841248796389
14.846149699869
14.851117533959
14.856029472739
14.861004610940
14.865919011341
14.870915279703
14.875835550582
14.880836403350
14.885666130511
14.890690074630
14.895760683448
14.900841446301
14.905874090064
14.910910416280
14.915881633209
14.920959776086
14.926055550586
14.931098726957
14.935923488554
14.940573216026
14.945301734057
14.949995877568
14.954753126790
14.959508754838
14.964314610955
14.969109031833
14.973964061138
14.978774013467
14.983640102726
14.988472450775
14.993333438232
14.998146717914
15.003006483763
15.007806630387
15.012661358263
15.017446933844
15.022268188047
15.027014737399
15.031818430808
15.036566083796
15.041368333605
15.046131336641
15.050948654540
15.055723856584
15.060549450529
15.065361117157
15.070200523754
15.075062288372
15.079920072510
15.084849009665
15.089776710317
15.094724417230
15.099677703252
15.104601803790
15.109653845565
15.114696026253
15.119799911178
15.125035678803
15.130097860485
15.135158960949
15.140304771647
15.145473505702
15.150719648883
15.155978273695
15.161314110538
15.166514634673
15.171841191050
15.177902509937
15.183207938501
15.188481715857
15.241628846815
15.246555207507
15.251521456848
15.256647195586
15.261846766889
15.267088377821
15.272366111908
15.277689461602
15.283053486060
15.288427844644
15.293878405745
15.299367053782
15.304939418456
15.310529602346
15.316181804810
15.321884595157
15.327646489142
15.333472063609
15.339361555838
15.345252181450
15.351217818064
15.357216698971
15.363212785881
15.369329814883
15.375416480713
15.381540687445
15.387658268999
15.393853549348
15.400031946380
15.406439074661
15.412577571394
15.418951464659
15.423995833787
16.283944173732
16.288192189647
16.292305059558
16.296382151238
16.301089065724
16.305916077404
16.310777968045
16.315694718653
16.320599223066
16.325510078657
16.330393720218
16.335302587622
16.340216597912
16.345134138809
16.350110695624
16.355121341385
16.360185161391
16.365348495716
16.370704896495
16.376106274242
16.381458505977
16.386997099605
16.451095731771
16.456770255372
16.461760149967
16.466847647735
16.471762509096
16.476629706082
16.481456117357
16.486160269363
16.490819409081
16.495365765605
16.499861628554
16.504315159324
16.508711798472
16.513076846308
16.517388799569
16.521685517277
16.525904598173
16.530121082093
16.534284835500
16.538419510035
16.542522504085
16.546599940206
16.550652511104
16.554641727170
16.558628333835
16.562568749484
16.566457513747
16.570324841386
16.574199137063
16.578168003700
16.582122236017
16.586211856290
16.590673484489
16.595068567035
16.599337744002
16.603483070636
16.607568871781
16.611677331441
16.615723976563
16.619597244545
16.623560108841
16.627421080986
16.631417307988
16.635445783400
16.639478592834
16.643514643538
16.688423798629
16.692701726437
16.696199654759
16.699455001765
16.703077700221
16.706743740747
16.710406738607
16.714103640340
16.717833272715
16.721575390906
16.725349666166
16.729119605538
16.732918097089
16.736723712162
16.740563462271
16.744397850749
16.748236607864
16.752091440444
16.755938786240
16.759795355857
16.763676646425
16.767562710620
16.771472015575
16.775372996020
16.779280317056
16.783205816105
16.787145704359
16.791115024651
16.795329760702
16.799346493991
16.803341147532
16.807349118319
16.811440400054
16.815511742313
16.819588482236
16.823706604900
16.827808494121
16.831946352004
16.836101442852
16.840260368006
16.844400179595
16.848570205266
16.852742928162
16.856928969650
16.861128533337
16.865332133720
16.869468790334
16.873710299298
16.877958809868
16.882204878604
16.886475793782
16.890741669194
16.895009535399
16.899273334069
16.903539223097
16.907807640579
16.912060140622
16.916314827550
16.920577336822
16.924824652437
16.929068250933
16.933333478863
16.937582486734
16.941833299348
16.946087650924
16.950345181384
16.954606116522
16.958867318672
16.963139207070
16.967418614950
16.971691209057
16.975981689335
16.980303568006
16.984633152514
16.988992326030
16.993375214572
16.997756889087
17.002142137129
17.006532332327
17.010937007552
17.015367470321
17.019829861062
17.024334377240
17.028868690708
17.033436314199
17.038039831421
17.042710107978
17.047396589898
17.052111078202
17.056859946830
17.061713709232
17.066507744936
17.071366813343
17.076204550854
17.081042862830
17.085819735586
17.090590434277
17.095211543938
17.099862228973
17.104522304183
17.109396906327
17.114268637242
17.119232603042
17.124101985597
17.128917928655
17.133869973179
17.239303829658
17.243555606191
17.247650793963
17.252070219354
17.256618128338
17.261163932933
17.265717855942
17.270322411861
17.274959238677
17.279576961870
17.284247073378
17.288935045249
17.293613302808
17.298325233803
17.303018766311
17.307490209552
17.312119016387
17.316854923845
17.321555250969
17.326244878444
17.330915495553
17.335632203978
17.340330379582
17.345019848789
17.349712226602
17.354407163493
17.359111047194
17.363801516737
17.368471468941
17.373140766687
17.377795479898
17.382429814933
17.387042969619
17.391626802743
17.396210009400
17.400754049432
17.405269932841
17.409740232984
17.414206343488
17.418662624537
17.423112184153
17.427548467427
17.431946768660
17.436339524130
17.440748535219
17.445121149748
17.449473431484
17.453811780413
17.458117381294
17.462404163890
17.466679741290
17.470938402330
17.475178361527
17.479404543565
17.483613386670
17.487793731176
17.491965893541
17.496108185909
17.500260889896
17.504418221342
17.508546471057
17.512627477053
17.516777803067
17.520991152576
17.525237734003
17.529518711493
17.533830001024
17.538027966774
17.542230460756
17.546415919718
17.550521886687
17.554629718786
17.558763580463
17.562854844931
17.566999763872
17.571144927461
17.692461289466
17.696356735705
17.700738780360
17.704846760737
17.708764611142
17.712903009314
17.717101736220
17.721334304087
17.725573298264
17.729831142771
17.734148139739
17.738527746710
17.742925304566
17.747385577984
17.751857063441
17.756350415362
17.760867148314
17.765392680236
17.769939063694
17.774491592136
17.779039862896
17.783580624957
17.788131582295
17.792660621878
17.797169841259
17.801695936597
17.806192516776
17.810679587096
17.815152015814
17.819612235408
17.824042386810
17.828452043159
17.832877782976
17.837290851954
17.841703921898
17.846136086387
17.850590260253
17.855116247652
17.859983030579
17.864591733114
17.869115388280
17.873815910943
17.878544083191
17.883036311429
17.887791125574
17.892131469432
17.896635356394
17.901133367150
17.905657130663
17.910188334787
17.914704183465
17.919235779784
17.923749816085
18.031087573411
18.035091939433
18.038642449956
18.042689607055
18.046969834262
18.051346578821
18.055773848940
18.060253753258
18.064787990096
18.069328325435
18.073856126841
18.078393667234
18.082946242332
18.087494458944
18.092007668423
18.096526575222
18.101080913892
18.105709276925
18.110342045142
18.114880133186
18.119466517268
18.124097741186
18.128687211415
18.133327381318
18.137946514470
18.142470474635
18.146960591790
18.151537182454
18.156068897723
18.160699222923
18.165318335357
18.418499657440
18.422711811865
18.426691626057
18.430789069370
18.435252209764
18.439839625193
18.444419821209
18.449041908358
18.453701498272
18.458134991512
18.462641317444
18.467249497214
18.471893067578
18.476520993518
18.481182253075
18.485846106291
18.490523103670
18.495174262178
18.499840769208
18.504485773686
18.509171651382
18.513822660721
18.518478971457
18.523098343607
18.527713943403
18.532306626755
18.536895419917
18.541471928485
18.546019525586
18.550578148268
18.555129310708
18.559677210486
18.564227216001
18.568765657866
18.573310628062
18.577845421539
18.582376759452
18.586918763351
18.591437054608
18.595957238774
18.600501943482
18.605049938653
18.609650853120
18.614329398909
18.618922446008
18.623503217096
18.628072981915
18.632648638786
18.637296420518
18.641856400214
18.646485259447
18.651077231835
18.655637620824
18.660189945097
18.664815275596
18.669386736590
18.717347529059
18.721535289780
18.726036104866
18.730649319691
18.735359504792
18.740105796202
18.744906021419
18.749748119513
18.754652661914
18.759640849682
18.764639743584
18.770367306691
18.775163203704
18.780212601058
18.785252881127
18.790261131390
18.795329211847
18.800327559186
18.805474367568
18.810587589363
18.815766922060
18.820898521071
18.825989477868
18.831095643630
18.836309244591
18.841549524732
18.846782045139
18.852056419631
18.857312475742
18.862590472380
18.867846937829
18.873140143131
18.878404830636
18.883705875244
18.889089878999
18.894522785656
18.900073094983
18.905539806613
18.910859679682
18.916345930318
18.921950674500
18.927532724059
18.933002388027
18.938592061605
18.944004075575
18.949567899989
19.081184946476
19.085004928553
19.088790050018
19.093329640638
19.098055232062
19.102715738650
19.107354774667
19.111955364168
19.116502416889
19.121042376776
19.125621661990
19.130254199362
19.134886283161
19.139552414620
19.144223634811
19.148874370025
19.153519364657
19.158132987204
19.162752190165
19.167351143025
19.171960484206
19.176530824438
19.181103539121
19.185675716488
19.190234362139
19.194785362031
19.199310334714
19.203836786118
19.208338142920
19.212845658453
19.217359398167
19.221859679290
19.226349915847
19.230832736784
19.235302067046
19.239774963353
19.244239706926
19.248701691231
19.253198244209
19.257724359420
19.262341270287
19.267038989511
19.271765945705
19.276477356453
19.281175945539
19.285844367868
19.290600687525
19.295394330615
19.300152903119
19.304901409080
19.310723784329
19.315494883699
19.320306792454
19.325013757252
19.329675060809
19.334669600869

