Time_s
1.158009220924
1.164195738469
1.170380406306
1.179113364583
1.187231592818
1.195624325202
1.204089289398
1.212507054847
1.220414424512
1.228198476541
1.236186756873
1.244022118735
1.251818666193
1.259526751636
1.267222646874
1.274389835961
1.281482806769
1.288594950691
1.295541350249
1.302434732932
1.309281509885
1.316068936863
1.322753939783
1.329451950973
1.336181823739
1.342830599590
1.349484041557
1.356207744382
1.363056158067
1.370067599092
1.376860175014
1.383776632213
1.390733414462
1.397628782957
1.404404985525
1.411194963934
1.418068320939
1.424802407693
1.431608791386
1.438432867705
1.445125616249
1.451985069182
1.458950628701
1.465731005235
1.472535571760
1.479275520217
1.574397887568
1.581617048449
1.589085653370
1.596643832212
1.604212887506
1.611863938166
1.619465531999
1.627119171400
1.634707422626
1.642329835842
1.649819403277
1.657283573456
1.664755889490
1.672293435659
1.680088597147
1.687601263094
1.695180827732
1.702841230988
1.710653511860
1.718407490619
1.725896360013
1.733532741672
1.741351927943
1.748997680229
1.756439177075
1.764021511779
1.771670875586
1.779544064662
1.787330933134
1.795037329890
1.802616543877
1.810153568363
1.817845662564
1.940340716993
1.947764980864
1.955933755380
1.964409454250
1.973193210510
1.982330510022
1.991653941353
2.001180844092
2.010702188100
2.020353115482
2.029808948696
2.039556103581
2.049324602161
2.060233854519
2.069043363955
2.079506875805
2.089132904486
2.099510878135
2.109317998777
2.119622498691
2.129579677059
2.139423013587
2.149783082317
2.159798677092
2.169946278290
2.179963719831
2.190039561968
2.200228485139
2.209261441010
2.416899204317
2.425061273236
2.434229371859
2.443285376666
2.452232700572
2.461128158981
2.469906592179
2.478458190747
2.486928032829
2.495315449459
2.503648418104
2.511768546232
2.519943176490
2.527879923307
2.535774180780
2.543576429483
2.551358223867
2.559062437585
2.566893042072
2.574754391773
2.582544087485
2.590339471173
2.598214437540
2.605804083485
2.613219423807
2.899535386005
2.907305109019
2.915253065426
2.923300552967
2.931569950471
2.939742954814
2.948040752470
2.956266386449
2.964504016789
2.972711595637
2.980945689756
2.989177210788
2.997312728100
3.005480376100
3.013578988880
3.021679462704
3.029783161139
3.037896174024
3.046013016612
3.054139560038
3.062339955288
3.070625519014
3.078996617488
3.087529536412
3.095734687998
3.103946512857
3.112065375103
3.120154940813
3.208972638450
3.217603441708
3.226485295734
3.235685367163
3.245172887803
3.254766166567
3.264148456175
3.273739197226
3.283402527120
3.293058994472
3.302893364494
3.312433251792
3.321988243579
3.331372342107
3.340528817723
3.349953073031
3.358482832070
3.366981188866
3.375469540076
3.384122164889
3.392829538915
3.401595287424
3.410329899904
3.419026323758
3.427689318952
3.436321269820
3.444954996987
3.453580898501
3.462180869440
3.470736771987
3.479215605077
3.487753283612
3.496264656954
3.504807874478
3.513373775343
3.521922814613
3.530408483728
3.538936362153
3.547436773370
3.555940782029
3.564395056544
3.572747029870
3.581135592068
3.589518867604
3.597956381738
3.606370593539
3.614905953065
3.623627182786
3.632574854054
3.641651593404
3.650759916388
3.659748224989
3.668772472849
3.677759657029
3.686623690929
3.695623959876
3.704545759540
3.713330448136
3.721952870042
3.730625367805
3.739313407658
3.748076733965
3.757056411923
3.766143569784
3.774947229174
3.783946189843
3.793142338177
3.802453345774
3.811921469490
3.821630171132
3.831676696337
3.841463018196
3.851562232369
3.861892325494
3.872028033226
3.882023151143
3.892480421038
3.902440791432
3.912417015771
3.922083135910
3.931619172022
3.941027759788
3.950591802932
3.960222382165
4.207803481903
4.215134240285
4.223858634955
4.232526739272
4.241142435794
4.249824693229
4.258518019271
4.267263574325
4.275998533732
4.284710957476
4.293436469624
4.302145625755
4.310871600490
4.319582878819
4.328309965075
4.337089354194
4.345819461938
4.354519329227
4.363195973484
4.371881078234
4.380588841939
4.389434860436
4.398463462699
4.407567066355
4.416586403474
4.425660134189
4.434541548831
4.443294898405
4.452254148656
4.647001542287
4.653958621246
4.661699833770
4.669869074028
4.678409075022
4.687100327518
4.695960895142
4.704886367356
4.714088211276
4.723221949192
4.732366991484
4.741541060095
4.750695515015
4.759867153573
4.769099746366
4.778239945392
4.787389007694
4.796482723987
4.805664394825
4.814890634712
4.824309663711
4.833652564312
4.843026943519
4.852363393634
4.861541450166
4.870562615674
4.879587697096
4.888681652960
4.897725870379
4.906839023349
5.094918430046
5.102409866964
5.109897177851
5.117519922661
5.125157729055
5.132838272224
5.140524773235
5.148146907573
5.155821342810
5.163485116979
5.171141684773
5.178865131006
5.186581631501
5.194250831399
5.201818535511
5.209386922307
5.216895735097
5.224427560989
5.231954091607
5.239519703305
5.247191933125
5.254957343440
5.262485798826
5.270096360690
5.277596438475
5.285204661457
5.292901296362
5.300564566917
5.409471552181
5.415917785327
5.423335050605
5.430942797811
5.438552930310
5.446270917635
5.454090292297
5.462134826772
5.470412399646
5.478769045432
5.487176891079
5.495723058859
5.504248211521
5.512758072608
5.521258760399
5.529765371992
5.538269765415
5.546707453448
5.555133481269
5.563501681909
5.571906462426
5.580339138971
5.588772616589
5.597227296926
5.605727519873
5.614152947472
5.622586829523
5.630982874293
5.639438380704
5.647921255523
5.656435443605
5.664965042857
5.673535140141
5.682225180788
5.691062700623
5.699968443591
5.709151461832
5.718317899308
5.727343638072
5.736367504516
5.745394474659
5.754373046623
5.763281446833
5.772229307472
5.781098681900
5.831919028554
5.840779417044
5.849394600956
5.858253334503
5.867246729597
5.876258899748
5.885319600774
5.894357860877
5.903346931383
5.912370522247
5.921364634646
5.930398850652
5.939516458451
5.948691124418
5.957882708304
5.967065175298
5.976229919782
5.985320875677
5.994398291078
6.003522489600
6.012605089818
6.021693368729
6.030792085288
6.040042684731
6.049353016375
6.058641707182
6.067851562448
6.073250546175
6.076500858809
6.079809723287
6.082828014284
6.086231856862
6.089428171541
6.093317339276
6.096344869629
6.099449234691
6.102534631660
6.106357849844
6.114774949913
6.117785311062
6.120689315037
6.123863349881
6.126988148961
6.129944150612
6.132863670647
6.791557707808
6.799290795846
6.806738659109
6.814639085606
6.822837457529
6.831376621461
6.839990895023
6.848863266859
6.857985184765
6.867289853849
6.876784329504
6.886415288105
6.895895576872
6.905334786393
6.914882063375
6.924500026463
6.934010522060
7.287396630731
7.293261376450
7.300162479116
7.307673319627
7.315281925624
7.323124442814
7.331096402298
7.339474211995
7.348076223803
7.356963064364
7.366191825231
7.375427767830
7.384957221335
7.394635851934
7.404661596755
7.414861489823
7.425183676862
7.435724715280
7.446283283381
7.575556816627
7.585900981969
7.596103238111
8.261210504494
8.267333001700
8.273185386736
8.279213219877
8.285057395615
8.290972947971
8.296816657484
8.302711940525
8.308690549943
8.314981543573
8.321236628434
8.327347855485
8.333240719684
8.339132208307
8.344921127328
8.350855181855
8.356706379940
8.362688083202
8.368816047934
8.374892679114
8.637052997377
8.645155382689
8.652308207622
8.660037558861
8.667661056055
8.675255004611
8.682753668830
8.690355301941
8.697868014614
8.705426687861
8.712906018741
8.720351892708
8.727740995146
8.735093381505
8.742363686045
8.749545438557
8.756767329190
8.764017140221
8.771288180061
8.778559042872
8.785833523678
8.793096472690
8.800312635600
8.807496929962
8.814721138149
8.821963785594
8.829170840095
8.836353115183
8.843592187580
8.850857625021
8.858242347784
8.865849989738
8.873086118203
8.880218126057
8.887154374833
8.894452084247
8.901538456817
8.908891038258
8.916589377227
8.924683018089
9.040876030153
9.049912397864
9.057184129353
9.065195938464
9.073271128469
9.081434246859
9.089638701041
9.097888088700
9.106206188827
9.114525789420
9.123058542088
9.131556673697
9.139939849380
9.148263228377
9.156589753115
9.164948984489
9.431935368523
9.439681971725
9.447592451878
9.455718792255
9.463956212970
9.472164121803
9.480417564932
9.488728340969
9.497032115534
9.505318602897
9.513639706197
9.522074794376
9.530542252429
9.539129527555
9.547767970750
9.556347434382
9.564953870424
9.573473608434
9.582054613637
9.590511391251
9.598903980506
9.606618173844
9.614407195034
9.621892063320
9.629520474969
9.636819302755
9.644504854358
9.651461635750
9.659610350083
9.667316986215
9.674508426412
9.682389185715
10.741318576249
10.748505268240
10.756195111949
10.764058502307
10.772104687008
10.780302557205
10.788781789182
10.797231654169
10.805848721482
10.813847943999
10.822177791968
10.830566714474
10.838975343546
10.847369404059
10.855774881099
10.864223317263
10.872699481226
10.881186532289
10.889662278543
10.898065423327
10.906363681349
10.914554693057
10.922618454175
10.930528459449
10.938401203621
10.946103502287
10.953853724202
10.961571516056
10.969275013275
10.976939555933
10.984781733313
10.992652105403
11.000944240704
11.009115150978
11.017015534729
11.024708058806
11.032557834134
11.040415724850
11.048260980881
11.055950806850
11.067241244804
11.078681484369
11.090133608506
11.101565038556
11.135403748341
11.143511933038
11.151519932369
11.159192860804
11.167132080584
11.175358188104
11.183786986247
11.192402144973
11.201065773659
11.209856413599
11.218679778811
11.227576128855
11.236412524356
11.245175557728
11.253946086194
11.262717366043
11.271419950105
11.280040334241
11.288581933963
11.296995663920
11.305336620052
11.313704001798
11.322012742357
11.330289200260
11.338595089342
11.346967985294
11.355033835938
11.363161959156
11.371260379940
11.379303163083
12.051765556568
12.059227525798
12.066888964481
12.074604179582
12.082462527810
12.090378278866
12.098371076116
12.106356099804
12.114312146919
12.122167690617
12.129990667829
12.137642102999
12.145244732942
12.152630266493
12.160014383529
12.167193444700
12.174339594235
12.181326181213
12.188197464244
12.194949251804
12.201734172461
12.208549694045
12.215656127673
12.222589967805
12.229645462776
12.236377647184
12.243104679330
12.250048657757
12.257026313040
12.263931224763
12.270827479910
12.277844632035
12.284893724454
12.291745299798
12.298599496760
12.305335675017
12.440285640165
12.447266591544
12.454785492799
12.462509220370
12.470367610347
12.478253452364
12.486187652331
12.494186418947
12.502099707748
12.509947836872
12.517888016200
12.525695904851
12.533782466104
12.541059182827
12.549095756323
12.556914020775
12.564712205426
12.572641810001
12.848427373672
12.856519736046
12.864397740989
12.872404553824
12.880542471493
12.888947882643
12.897387926997
12.905850295429
12.914360668985
12.922817733475
12.931320776286
12.939844782868
12.948381901892
12.956874249249
12.965316813999
12.973734063417
12.982130422802
12.990535625732
12.999002540848
13.007499447252
13.016016766743
13.024582533295
13.033145756994
13.041597112611
13.050015881627
13.058422233323
13.066776990848
13.075204927528
13.083795312982
13.092330796726
13.409689368889
13.412981709412
13.416248734350
13.419442081048
13.422706345617
13.425818925338
13.439211446124
13.447673189631
13.456105167551
13.464666388072
13.473268045683
13.482088582423
13.491094737549
13.500017479087
13.507557273152
13.516445541072
13.525306391914
13.534170616636
13.762873502455
13.771551163646
13.780005733488
13.788579096774
13.797162623698
13.805776609255
13.814483800850
13.823217494710
13.832014576313
13.840840776240
13.849688598633
13.858561718166
13.867500656620
13.876520718513
13.885461040668
13.894444978977
13.901923069492
13.910052276886
13.918267956491
13.926600687741
13.934848711150
13.943137731149
13.951354189096
13.959607067702
13.967683274398
13.975745091820
13.983683655319
13.991550525862
13.999395958966
14.007345329493
14.015400751762
14.023469172889
14.031534135943
14.039649810122
14.047803822113
14.056204546771
14.064881617926
14.073135714645
14.081317590145
14.089541741713
14.097543994212
14.220361945829
14.227943569136
14.235777355103
14.243840438522
14.252065680494
14.260501095136
14.269008423570
14.277554236242
14.285992737462
14.294450120934
14.302958973016
14.311428553014
14.319851387074
14.328254408184
14.336577826484
14.344907383113
14.353201951363
14.361509053065
14.369777202117
14.378045909368
14.386239005993
14.394447385437
14.402613527725
14.410720298092
14.418758598892
14.426857607226
14.434845847885
14.442708104190
14.450766630100
14.458763564739
14.466861545393
14.810527923113
14.819213507605
14.827676983847
14.836252040094
14.844848693299
14.853961455851
14.862940048984
14.872024275989
14.881147140578
14.890173929712
14.899248725341
14.908261794748
14.917255069981
14.926174799872
14.935018548922
14.943772932843
14.952462302221
14.961138162544
14.969821930606
14.978654485963
14.987613759919
14.996315135894
15.004982896251
15.013755996418
15.022741596457
15.031759256936
15.040762530340
15.049702888432
15.058623825838
15.067586386443
15.076417554657
15.085304398779
15.094402624371
15.103155655828
15.111739426075
15.120175284235
15.128541786910
15.136915331910
15.145148354468
15.153276867806
15.161309334555
15.169342256602
15.177321663560
15.185256121514
15.193202662878
15.201091008437
15.208714869329
15.216140880930
15.223768778503
15.231300894526
15.238866399460
15.246328751520
15.253690569933
15.260989731266
15.268186172213
15.275387402542
15.282524017255
15.289691736460
15.296884345587
15.304033887069
15.311220443244
15.318400184969
15.325612862993
15.332848700477
15.340152332205
15.347457388228
15.354803677496
15.362202854925
15.369613724127
15.377099810089
15.384867588136
15.392526024662
15.400254301614
15.407974503859
15.415608444894
15.423263022852
15.430844583502
15.438367847030
15.445951101136
15.453455733201
15.460747264425
15.467833017439
15.474863328101
15.482103997589
15.489366434980
15.496640037292
15.503924102704
15.511227702151
15.518555832966
15.525881871925
15.533203578037
15.540530912177
15.547866428453
15.555209875696
15.562504668139
15.569775602360
15.577020887546
15.584223186642
15.591385790347
15.598529630510
15.605672566431
15.612762810708
15.619760862645
15.626688422655
15.633578452837
15.640352421124
15.647152649147
15.654147811952
15.661610335569
15.668362566212
15.675442597974
15.683360010082
15.690227307855
15.697024957044
15.703889429380
15.711226949709
15.718653126427
15.993475843867
16.001676696918
16.009799273561
16.026855755729
16.035495580690
16.043867528563
16.242353572064
16.250266709899
16.258293936592
16.266414644435
16.274392348504
16.282536590446
16.290665292836
16.298602365821
16.306542672689
16.314451143093
16.322326091115
16.330184697342
16.338060704807
16.345898255845
16.353777476130
16.361713491198
16.369611850104
16.377583259717
16.385584988063
16.393547455388
16.401490393877
16.409367253741
16.417218759800
16.425025218028
16.432857802812
16.440741846411
16.448627553028
16.456623538155
16.464654609317
16.472463774722
16.480257318376
16.488247162048
16.496137604183
16.503694182649
16.511468370569
16.519266184722
16.719115705798
16.726692554660
16.734833857768
16.743376362220
16.752030988964
16.760722821941
16.769415747748
16.778179708363
16.786917935769
16.795589351726
16.804241948635
16.812857517126
16.821501530556
16.830086331250
16.838617168278
16.847157957119
16.855641784761
16.864139835706
16.872626460073
16.881105500688
16.889587088764
16.898115999244
16.906641203443
16.915172855909
16.923563364309
16.931944361661
16.940312412739
16.948695670715
16.957140131104
16.965455957212
16.973825144959
17.108830081461
17.115657966485
17.121644363627
17.128747272770
17.136098920545
17.143476288672
17.150942011514
17.158530432738
17.166178541106
17.173856938050
17.181555503329
17.189248352088
17.196898199258
17.204536280762
17.212205232399
17.219896434841
17.227567152077
17.235237736690
17.242899164903
17.250611044939
17.258387945024
17.266285849811
17.274518818426
17.282381139401
17.289949056866
17.297710253048
17.305689530242
17.313713119382
17.321745657843
17.329814913658
17.339404283400
17.347513492426
17.355537504797
17.363409871638
17.371168698931
18.365078606965
18.374880657776
18.383166864165
18.391668124435
18.400101813560
18.408623697273
18.417077112696
18.549053801164
18.550946465916
18.553300969688
18.555352796348
18.557472405369
18.559703752532
18.561862246059
18.564199506525
18.566674740141
18.568955763829
18.571111093001
18.572868205237
18.574647740019
18.576444513040
18.876168524041
18.878981555296
18.881889699780
18.884737237586
18.887648187092
18.890614750211
18.893558060110
18.896568729799
18.899461723669
18.902502283761
18.905509216465
18.908431380434
18.911352084174
18.914294833307
18.917287808412
18.920346598079
18.923288406108
18.954312556199
18.963994441140
18.972272397941
18.980315892842
18.988406576169
18.996651414472
19.004975277898
19.013297637052
19.021541062758
19.029862827500
19.038202336148
19.046457531375
19.054541247024
19.062451990364
19.070353313212
19.078225470603
19.086045777365
19.093745856697
19.101436930485
19.108889763753
19.116403388219
19.123993116568
19.131504899670
19.138996470417
19.146562738038
19.154104581221
19.161664912079
19.169198397370
19.176792491918
19.184360569654
19.192025330201
19.199837768145
19.208209073214
19.216105463171
19.223893268644
19.231659351969
19.239513296902
19.247546143252
19.255594842278
19.263594454205
19.271155724220
19.278548440481
19.286068372255
19.293558616904
19.301112634251
19.308711921831
19.316385887808
19.324117098095
19.332106880237
19.340147761702
19.347920296278
19.355730311416
19.363672622437
19.371134369959
19.379070499054
19.386842135284
19.394520836952
19.402421339004
19.410456615836
19.418094946882
19.425643490401
19.433711297960
19.441438667907
19.449082185374
19.456837346891
19.464613537155
19.472274741673
19.501547408949
19.509156358382
19.516836075214
19.524690179588
19.532691093055
19.540932388263
19.549304611164
19.557781137965
19.566368931744
19.574929892446
19.583946443433
19.593055848736
19.602871138722
19.612269392533
19.621160005838
19.630939924205
19.639698264795
19.648923906073
19.659043378120

