Time_s
0.680337347270
0.687345166570
0.694549919214
0.701887413883
0.709330806689
0.716774994339
0.724043748824
0.731711708150
0.739579642925
0.747602747358
0.755749152445
0.763925875143
0.772046713422
0.780128649554
0.788228147749
0.796127853478
0.803967071797
0.811666730426
0.819184531028
0.826630351351
0.834045517940
0.841427476349
0.848890081822
0.856339819553
0.863894545941
0.871477889976
0.879140748468
0.886736525554
0.894086215568
0.901229991113
0.908870218844
0.916337427224
0.923872668620
0.931580818567
0.938979114022
0.947030735000
0.954304895707
1.257804045048
1.265206287918
1.272701892463
1.279672188265
1.287325648663
1.294994795345
1.302790961236
1.310704923555
1.318795458381
1.327048379357
1.335343944117
1.343798985573
1.352330725083
1.360971807404
1.369616808520
1.378251487901
1.386831271817
1.395092852552
1.403621683319
1.411894002170
1.420520360510
1.428983934032
1.437682517176
1.677004433248
1.685049257701
1.693199174677
1.701068355050
1.710205197560
1.750280802735
1.759724784017
1.769862250086
1.780208670744
1.790374440308
1.800371691471
1.810500108305
1.820685821939
1.830886902287
1.840955131837
1.850825648084
1.860338576928
1.869928346301
1.879548252015
1.889065818255
1.898759193424
1.908417217585
1.918118596398
1.927706429557
1.937242063217
1.946603190442
1.955923093349
1.965036944700
1.974103159800
1.983008695422
1.991810606489
2.000176944883
2.008797085314
2.017040966909
2.025264951662
2.033547711518
2.041543958787
2.049197837085
2.057078007961
2.064403478167
2.071916494974
2.079971959636
2.087363558880
2.094944078609
2.103145597800
2.433203622219
2.441900474994
2.450146873728
2.459469237132
2.467948699683
2.477008738049
2.486003106341
2.494870058471
2.503746665080
2.512686361750
2.521537834535
2.530543253931
2.539202310781
2.546908999237
2.555632512754
2.564543905456
2.748345794471
2.756939675242
2.764755616251
2.772418605183
2.780259660895
2.788115022397
2.795918212673
2.804170798120
2.812552076564
2.820870030681
2.829467536707
2.838123718891
2.846920097022
2.855754456059
2.864743762298
2.873842823985
2.882741092774
2.891561667452
3.039480646864
3.049744780409
3.060490220148
3.070874899715
3.081471964309
3.092074268951
3.102669728233
3.113098912083
3.123855708399
3.133589665479
3.142935260996
3.152549457062
3.162435841586
3.172229451546
3.181893173435
3.191530418072
3.201340551659
3.211352910017
3.221426171559
3.231417164625
3.241553063114
3.251675109947
3.261776833628
3.271918377708
3.282017331680
3.292052422653
3.302079706090
3.312274680729
3.322043135075
3.331895020660
3.341633073077
3.351097865827
3.360915485280
3.370850260428
3.380522510686
3.390354313200
3.399932385361
3.409650012777
3.419364311914
3.429024143325
3.438684622499
3.448705748715
3.458859015265
3.468635567023
3.478297586406
3.487945776890
3.496992447131
3.505877434770
3.513781026784
3.522319655861
3.531132545434
3.540249712551
3.549656713920
3.559114075827
3.568461166813
3.577997474697
3.587701892044
3.597366864683
3.607093700180
3.616913580614
3.626774651177
3.636421925705
3.646058521125
3.655660547279
3.665370741105
3.674808381740
3.683971496014
3.822500986581
3.830416998060
3.838786709375
3.849207200183
3.858659957732
3.992350576300
4.001335532851
4.009740052215
4.019739229025
4.028953862995
4.162159900628
4.170095956364
4.177994235051
4.185800930285
4.194838082378
4.202945056692
4.212585337005
4.221307419668
4.231444713758
4.240921530238
4.251069933454
4.260877120502
4.270747446039
4.280543656984
4.290173956528
4.299860161506
4.310738027962
4.321314464163
4.331311142230
4.342303453907
4.353949153319
4.364935601295
4.396261227331
4.406828390367
4.416197435983
4.426095302074
4.435667225383
4.444714341266
4.455038753272
4.465054162628
4.715630785505
4.722320657585
4.730209830364
4.738225359441
4.799553713172
4.810070748909
4.820067660924
4.830905091234
4.841460886564
4.852353212781
4.862910009613
4.874299043645
4.884587184211
4.895655426507
4.907510072747
4.917919034045
4.928457111197
4.939957213717
5.285811705799
5.295004073101
5.303959672446
5.313063617406
5.322015177248
5.330924177757
5.339658004820
5.348155161418
5.356365151065
5.364444871600
5.372334659512
5.380105926016
5.387832637554
5.395468368717
5.403094597330
5.410194870781
5.418132883100
5.425643246586
5.433300830476
5.441151529284
5.449036749121
5.457133142583
5.464917647533
6.689207501604
6.696424314711
6.704582757899
6.712478329606
6.720796831594
6.729508405112
6.738591593068
6.748233271791
6.757449235350
6.766836510054
7.086454586252
7.094915642538
7.102944278479
7.111556769574
7.120444723746
7.129758228864
7.139110596739
7.148699921759
7.158297679633
7.167973202943
7.177651394157
7.187334058092
7.197268320927
7.207331258765
7.217242099386
7.227176552942
7.236993009497
7.246805431104
7.256524353335
7.266190348331
7.275761538501
7.285498468142
7.295013668425
7.304460559294
7.313799758533
7.322745256558
7.331641199270
7.340058763063
7.348119517111
7.355819906308
7.364030217271
7.371626545465
7.379425413974
7.387150068838
7.394832038206
7.402312724855
7.410030672509
7.417768338649
7.425535373094
7.433728636889
7.441846525360
7.495350432533
7.497086126262
7.499664566876
7.502245007572
7.504196526208
7.506143290920
7.508771725781
7.510739572120
7.512712951500
7.514707900474
7.517004004281
7.519088327215
7.521134247967
7.522920895878
7.524696328185
7.526472057233
7.528894816789
7.530673940077
7.532957834885
7.534735221554
7.669466719387
7.678067504010
7.686753437815
7.695462334527
7.704262410600
7.713751932095
7.723130884305
7.732948140080
7.742580983095
7.752481444095
7.762332346866
7.772152897734
7.781906937666
7.791968072486
7.802268241198
7.812153254988
7.821494004889
7.830880043249
8.007820058835
8.018164468885
8.027119725481
8.037212270664
8.047284542493
8.057546423584
8.068035831454
8.078641361664
8.089083296998
8.099681468528
8.110602138987
8.121504745899
8.132190290132
8.143211775018
8.153697155500
9.937542888727
9.946249009154
9.954415213768
9.963053815895
9.971509965826
9.980366189744
9.988987967537
9.998188307449
10.007625384089
10.017113418058
10.026665946952
10.036228602314
10.045961186268
10.055881335303
10.066027717462
10.076309435008
10.086769156809
10.097398874348
10.108022873482
10.118578615807
10.129330023287
10.140375455559
10.150548003002
10.257353148068
10.265718197530
10.273801850126
10.282621792077
10.291881063191
10.302055563631
10.312380474598
10.322771175783
10.333748631391
10.344227037696
10.355613774124
10.366192617697
10.377083697040
10.387970906414
10.398819024070
10.409559618142
10.420366607312
10.430430605580
10.439824164707
10.449125460653
10.458246086026
10.466924840198
10.475811632331
10.484117526662
10.492114215040
10.500221723347
10.506987089672
10.514765426322
10.522262910705
10.529579411952
10.537239991890
10.544300603083
10.551928357726
10.559250215147
10.566634874459
10.574473788251
10.582050370736
10.590431008559
10.598317147322
10.606353052304
10.614041662805
10.622220082575
10.859543610412
10.867399260422
10.875721828105
10.884314469185
10.893372386840
10.902933327220
10.913031458397
10.923105035233
10.933306447106
10.943341505758
10.953335817628
10.963304924216
10.973375445020
10.983769660849
10.994438928346
11.005175133932
11.015829168634
11.026797683131
11.037411478118
11.048265943660
11.059147361234
11.069943167906
11.821315437688
11.829512340122
11.838044750002
11.846996971392
11.855693118959
11.865331343300
11.874967683718
11.884788656695
11.894793215557
11.904672510908
11.914557050147
11.924511354263
11.934539978614
11.944669789423
11.954865952887
11.965131086411
11.975266449011
11.985251654179
11.995197371407
12.005006347614
12.014787052803
12.024475701031
12.033949865255
12.043481564971
12.052490369994
12.062248273639
12.071420167228
12.079492769892
12.089190829264
12.232617897763
12.243041102228
12.252668216068
12.262053700730
12.271596402414
12.281437263093
12.291487523738
12.301883328509
12.312124541921
12.322209235451
12.332659178068
12.343249084562
12.353668288132
12.364299811719
12.375019318896
12.385029147450
12.395704522275
12.405527259973
12.414291904089
12.423914407843
12.433477054040
12.442933553978
12.452609583299
12.462435061076
12.471908982446
12.482379213892
12.493053157284
12.504607787393
12.516000252068
12.527413476818
12.538958835162
12.550727408731
12.666879129409
12.668651777306
12.671042056655
12.672793381454
12.675108922636
12.676866134941
12.678959365386
12.681236406738
12.682980710665
12.684708276979
12.686725468451
12.689119721632
12.690863846491
12.693180789805
12.694905359651
12.696923228232
12.699343894957
12.701728236938
12.703523040628
12.761168216702
12.771111857343
12.781069049362
12.792328229991
12.803866603663
12.815629218660
12.826899052116
12.838380352282
12.849547532030
12.860615336370
12.871363709270
12.881815398957
12.892255522318
12.902734847336
12.912949076222
12.922849600134
12.932711716182
12.942569956802
12.952430430696
12.961724867951
12.970966780077
12.979995148109
12.988808896801
12.997513337345
13.005953701661
13.014569965881
13.389201816271
13.397080545301
13.404508682503
13.413218632753
13.421843786642
13.430794181863
13.440132484322
13.449314783754
13.458560350349
13.467969242587
13.477415911432
13.486856383541
13.496516506399
13.506237335494
13.516078195724
13.525921003144
13.535605111952
13.545458355350
13.555285948648
13.565111990344
13.574513676704
13.584540882587
13.594752405306
13.604929538751
13.615183206057
13.625506603484
13.635891727782
13.646108183070
13.656421372031
13.666685619521
13.677033165717
13.687996073373
13.699416245504
13.708508863353
13.716289574583
13.726439520348
13.777010365263
13.787431397171
13.797849799707
13.807916112311
13.818148108338
13.828457874529
13.838647192990
13.848925383592
13.859066216229
13.869281732443
13.879498636023
13.889867373060
13.900350590142
13.910730760605
13.921124724927
13.931611097172
13.942459294932
13.953635986951
13.965157501871
14.313638454485
14.321987471796
14.329666855617
14.338467041467
14.346429114827
14.355554893711
14.364921076329
14.374429496737
14.847557548893
14.857268789019
14.866786448239
14.876723874484
14.886823040882
14.897440700191
14.907446831290
14.918188492221
14.929156764441
14.939878232169
14.950446468985
14.960828238042
14.970553423313
14.980802343067
14.991011887567
15.001352578989
15.011600738573
15.021767934917
15.031752899929
15.041908293228
15.051927153114
15.062033656615
15.072233342810
15.082475929971
15.092914125428
15.103702295042
15.114329924640
15.124993739129
15.135135981106
15.144934402038
15.193670942207
15.201212138986
15.209992434817
15.219311212751
15.228658109069
15.238125252881
15.247527913159
15.257020059750
15.266780447269
15.276523539335
15.286427767139
15.296412146442
15.306461175642
15.316658710611
15.326980185996
15.337499231264
15.348023861987
15.358378443840
15.369057443828
15.379699011240
15.390694430265
15.401574059737
15.411963065975
15.422593779486
15.433568494843
15.445886073023
15.458276938091
15.471447676404
15.482466770487
15.492995791180
15.504330873533
15.514373105651
15.525253929056
15.535564252327
15.553636607253
15.562257787325
15.571061410593
15.580450333312
15.589493722108
15.597688165264
15.606735952436
15.616827941797
15.626844268844
15.637149277512
15.647608075761
15.658326716992
15.669161619456
15.678553715558
15.690195005200
15.702059590061
15.706647582732
15.710266150544
15.713201560372
15.716291910221
15.720090474887
15.723639155010
15.726626136442
15.729670956460
15.736903499719
15.739887871955
15.742933628085
15.745776938494
15.748520226871
15.751363241272
15.754357045589
15.757403965400
15.760239624096
15.763100162501
15.766098841281
15.769156707820
15.772312870739
15.775821017241
15.779215274353
15.782226162843
15.785352864289
15.788559767615
15.791611429811
15.797303771344
15.800561435080
15.803715626570
16.562011206308
16.571845895999
16.580751648376
16.589787635182
16.598766308647
16.614363152719
16.624713464650
16.634850382668
16.644828545012
16.654664875764
16.664343024908
16.673980249714
16.683322339679
16.692519644556
16.701542333369
16.710469097263
16.719243300427
16.727915000586
16.736501780221
16.745103037606
16.753765414072
16.762169939216
16.886255014178
16.894535538056
16.901922578137
16.910295564536
16.919030118592
16.927961538674
16.937070910364
16.946341606257
16.955695460490
16.965025018577
16.974402858543
16.983593596474
16.992842481544
17.002087654106
17.011356703988
17.020917862576
17.030473628456
17.039968602114
17.049613388359
17.059302156337
17.068925289335
17.078832840906
17.089045287244
17.099380651903
17.109729873240
17.120362461500
17.130592215634
17.140880852911
17.150454325418
17.160462610744
17.170655747944
17.181225021462
17.358500588992
17.367615893136
17.376508278367
17.385880190564
17.395213552911
17.405165698269
17.413829230382
17.424064252862
17.434375953921
17.444893462975
17.455783292491
17.466587749112
17.479094061410
17.491902885441
17.503817284597
17.515222311784
17.526075353293
17.536924666944
17.547547405329
17.679425468381
17.687601623278
17.696546104395
17.705542286938
17.714982516992
17.723890165592
17.734262258279
17.744770260774
17.747971632969
17.751174562772
17.755222584322
17.758440365217
17.761698692004
17.765307731852
17.768518860747
17.771688696180
17.774648471639
17.802608406169
17.812607966949
17.822797624751
17.832264547562
17.841823562218
17.851019326900
17.859423039419
18.061287874430
18.070184249464
18.079711012342
18.088742752668
18.325677197701
18.336051900275
18.344247735464
18.353297640108
18.362569085657
18.371949567787
18.381450202900
18.391598543402
18.401787522805
18.412215530210
18.423070242137
18.434347470082
18.445981601172
18.457575745139
18.469973471843
18.482359607183
18.495455997566
18.508155760877
18.520294060118
18.531305644251
19.823108844422
19.835016715323
19.845711232707
19.858922969227
19.870235462975
19.884255308367
19.896716870014
19.909556148356
19.921310262330
19.933382316802
19.944489244855
19.956807262643
19.967635054017
19.980920657076
19.991475636969

