Time_s
1.029333721181
1.032985431222
1.036703575931
1.040581072150
1.044694356185
1.048846486378
1.053038872833
1.057180522857
1.061307468168
1.065433380339
1.069543393760
1.073657754612
1.077738638174
1.081795103151
1.085830937981
1.089884468637
1.093905279046
1.097870825078
1.101815056339
1.105739067540
1.109640125593
1.113514485643
1.117360654539
1.121178786676
1.124971660257
1.128723078546
1.132460057424
1.136155526271
1.139824719703
1.143445860094
1.147039283043
1.150595934300
1.154119435600
1.157606840622
1.161074995180
1.164506497865
1.167893259287
1.171229922446
1.174552356016
1.177790869710
1.181010586629
1.184197418402
1.187319889923
1.190434465602
1.193523855112
1.196562289582
1.199584163878
1.202588545632
1.205582575971
1.208569469115
1.211531691976
1.214505200639
1.217489302259
1.220472746967
1.223454510827
1.226457191687
1.229455213405
1.232464256083
1.235467456103
1.238422254860
1.241486875782
1.244547375895
1.247145475037
1.249953918475
1.253279186803
1.256634671738
1.259902036235
1.263129791533
1.431324180295
1.436209297816
1.441192253233
1.446222683603
1.451316671553
1.456511780500
1.461815511030
1.467089806355
1.472444248485
1.477804018160
1.483245933160
1.488727328318
1.494216412351
1.499815781235
1.505379156509
1.511032095057
1.516642969349
1.522317274256
1.527973906352
1.533609234365
1.539278211585
1.544935196300
1.550522323097
1.556030486321
1.561469052941
1.566863243207
1.572370590883
1.577685633473
1.582941548840
1.588173155125
1.593387875211
1.598566058133
1.603730708359
1.608850604509
1.613969738647
1.619031190174
1.624087233198
1.629127118902
1.634191987050
1.639201293442
1.644413869219
1.649621996948
1.654867220725
1.660096607668
1.665537622310
1.670971590466
1.676545808688
1.682354167212
1.688165731761
1.693689791494
1.877750107008
1.883523662529
1.889613879550
1.895762873681
1.901889994224
1.908054730810
1.914316011669
1.920705035228
1.927150196744
1.933696463332
1.940253072179
1.946872039980
1.953604181969
1.960284296118
1.966971897364
1.973722236625
1.980515956936
1.987422185906
1.994626131892
2.001665626615
2.008562083911
2.015490982433
2.022395842953
2.029214668000
2.036025943172
2.042670837371
2.049229488571
2.055632428135
2.061865649722
2.068074376666
2.074216563281
2.079967874318
2.086118093586
2.092244312885
2.098360884668
2.104565364471
2.110572328060
2.116682533764
2.126514515723
2.137501533394
2.149701216316
2.160539911836
2.171656142500
2.182055004328
2.187378684616
2.192362012778
2.197401496065
2.202249382636
2.207042729763
2.211673724423
2.216180251389
2.220614738671
2.224998574570
2.229260709853
2.233401255082
2.237537475990
2.241600220083
2.245562188885
2.249430214598
2.253211289425
2.256867903140
2.260422548227
2.263969704626
2.267429655043
2.270840025116
2.274183830027
2.277448067687
2.280652512373
2.283735783975
2.286747035231
2.289570038468
2.292370191333
2.295031832492
2.297673632310
2.300299370917
2.302746590140
2.502646656984
2.508099259151
2.513585222116
2.519440547891
2.525063357329
2.530515837923
2.536038858322
2.541512670395
2.546904691385
2.552248187607
2.557509756888
2.562660813361
2.567746095598
2.572747599039
2.577705825656
2.582605132215
2.587430773477
2.592190858969
2.596887157404
2.601536842747
2.606139833958
2.610687877446
2.615202293139
2.619647918540
2.624035059486
2.628350356925
2.632537328115
2.636651352105
2.640715500249
2.644735662459
2.648708077502
2.652652761311
2.656511701710
2.660284926710
2.664015979439
2.667756461246
2.671501981632
2.675274846989
2.679076564304
2.682951615367
2.686829378970
2.690640216748
2.694467842137
2.698097145232
2.701805996272
2.856155576911
2.859999841605
2.864185280386
2.868288386706
2.872333817478
2.876465392596
2.880648320636
2.884855324444
2.889063037562
2.893315614328
2.897569774207
2.901845850709
2.906169882681
2.910538241930
2.914937914186
2.919339589140
2.928209575768
2.937188118523
2.946053783504
2.955293793807
2.965004159718
2.974896240563
2.984928887239
2.995434580477
3.005870067011
3.108649693350
3.112802904895
3.116806247278
3.120995104863
3.125485721664
3.130126830882
3.134785703308
3.139457582118
3.144165484752
3.148851876294
3.153561723732
3.158294298404
3.163008805128
3.167751492255
3.172499249301
3.177297247345
3.182182780610
3.187662508904
3.193020632235
3.198206223751
3.203693778683
3.209261054420
3.214415318489
3.219496909901
3.311117979153
3.317333057070
3.323075548321
3.328846070440
3.334585642999
3.340231353689
3.345823100591
3.351305022689
3.356723376839
3.362068803902
3.367341694208
3.372557298854
3.377713051556
3.382779985909
3.387836796566
3.392837903769
3.397782038619
3.402621276127
3.407403027760
3.412135982927
3.416719476653
3.421314586914
3.425840847062
3.430312268406
3.434761966700
3.439172904757
3.443505676140
3.447808333308
3.452069644361
3.456274104716
3.460467014086
3.464613737890
3.468738481986
3.472833782799
3.476899134349
3.480913585591
3.484906330482
3.488864366641
3.492804574907
3.496713272196
3.500612484192
3.504491492211
3.508360195714
3.512232270651
3.516104435841
3.519974558473
3.523841472928
3.527717377686
3.531603598041
3.535505701838
3.539428432017
3.543370036088
3.547344511195
3.551349437655
3.555406838422
3.559488306671
3.563628997546
3.567850167645
3.572139749325
3.576488126795
3.580906086292
3.585511310946
3.590290454255
3.595448438932
3.600467692989
3.605481258927
3.610626637216
3.615820928900
3.621089068564
3.626105719946
3.631110797421
3.636150320803
3.641260152204
3.646485021859
3.651741207359
3.657046740789
3.662418799936
3.667756417913
3.673141395499
3.678510855216
3.683901170380
3.689313456847
3.694737445825
3.700208923116
3.705709169215
3.711261678907
3.716869270754
3.722507949300
3.728163652600
3.733839231520
3.739588432491
3.745255396322
3.750986655396
3.756750127482
3.762666703159
3.768610537747
3.774932814859
3.781150692824
3.787823131742
3.947266594701
3.951871684011
3.956641952489
3.961111248141
3.966409493029
3.971597768377
3.976915923163
3.982260781724
3.987761010186
3.993307799578
3.998866063255
4.004446112438
4.010101696750
4.015756999251
4.021384630855
4.027084859065
4.032741843407
4.038443634060
4.044131701951
4.049791602858
4.055418460013
4.061054667929
4.066662109078
4.072233560091
4.077701415972
4.083123467490
4.088478714936
4.093752406114
4.098985857482
4.104160852912
4.109271957479
4.114301757705
4.119284168368
4.124167515037
4.128973238698
4.133693441064
4.138340921561
4.142955477229
4.147495472787
4.151990967442
4.156501900616
4.160999295902
4.165469016827
4.169846385381
4.174294350978
4.178888695964
4.183161153107
4.188155202449
4.192516019393
4.196733127411
4.201070935821
4.377816092146
4.383452810027
4.389007450491
4.394636102688
4.400278211934
4.405905820955
4.411556319991
4.417196244530
4.422884950469
4.428576784343
4.434303841346
4.440025084748
4.445763840050
4.451578820793
4.457432483083
4.463326894774
4.469259223887
4.475230123642
4.481267319192
4.487860700360
4.494530940449
4.500944967260
4.506517484604
4.513014165149
4.519426249476
4.525110223224
4.531017200202
4.537127717576
4.543045639468
4.548827751665
4.580674705804
4.586342322083
4.591984129066
4.597576026823
4.603547793320
4.609420723434
4.615877902194
4.622634249019
4.628956713835
4.635607366874
4.642141981052
4.649326923255
4.655911566982
4.662109295190
4.668708781853
4.674682476014
4.680070030359
4.685246347308
4.691065231707
4.696816329957
4.702750216156
4.708787631961
4.714784642778
4.720842518197
4.726834656121
4.732831803715
4.738747099799
4.744749353595
4.750686665892
4.756617809895
4.762642712511
4.768621107114
4.774656125267
4.780683463818
4.786766091654
4.792820759139
4.798908891260
4.804983749091
4.811102327006
4.817249786736
4.823503059678
4.829795670224
4.836154035654
4.842523265233
4.848941419908
4.855310391819
4.861665738933
4.867998355100
4.874253734252
4.880455488681
4.886615976594
4.892695795187
4.898693635411
4.904591794691
4.910416998732
4.916169832338
4.921827248648
4.927339918746
4.932689110213
4.937901305018
4.943091685942
4.948022960443
4.952947937541
4.957856988086
4.962787906264
4.967586908416
4.972041883387
4.976430345437
4.980722130038
4.984852896951
4.988865764151
4.992875621861
4.996915325496
5.449263492458
5.459231960666
5.469161997827
5.485086732459
5.490039836123
5.494960807553
5.499894456790
5.504845068848
5.509806306415
5.514789177921
5.519789291044
5.524807116111
5.529827219280
5.534834933934
5.539834745605
5.544829475591
5.549815832716
5.554794202904
5.559760058671
5.564713125866
5.569645721204
5.574553548597
5.579445203747
5.584307953586
5.589150413849
5.593985814109
5.598806144415
5.603604981084
5.608404834600
5.613203200411
5.617928017943
5.622560278724
5.627240932523
5.631905038564
5.636554238160
5.641230582943
5.645920276389
5.650604985097
5.655315947413
5.659978523423
5.664698349796
5.669425237516
5.674196867825
5.678965356168
5.683817118354
5.688737009987
5.693776223566
5.698895188523
5.704279773788
5.709856855771
5.715646746202
5.721565703113
5.727631377615
5.733760502895
5.739315917491
5.744622417621
5.749984920965
5.755438886644
5.761316383724
5.767276423461
5.773335561094
5.779482559478
5.785734057865
5.792052819937
5.798482051747
5.805032031556
5.811639725388
5.818270591982
5.824973437233
5.831668363707
5.838334962464
5.844971516060
5.851671907921
5.858457578399
5.865252515379
5.871945303900
6.036602360314
6.041018940791
6.045448911508
6.049246928288
6.053150758179
6.057292522563
6.061484068425
6.065730276387
6.070008795127
6.074279967504
6.078500610882
6.082695187960
6.086885558157
6.091055499674
6.095268207366
6.099528085312
6.103824778975
6.108165625828
6.112478593925
6.116820943940
6.121185272504
6.125679445883
6.130196182263
6.134734514365
6.139310429300
6.144000542154
6.148851423220
6.153915936544
6.159290421915
6.164894316855
6.170704646120
6.176788432302
6.183119838931
6.189686380103
6.196423804021
6.203421861021
6.210264543031
6.216732998684
6.223499465213
6.229281589862
6.235947284313
6.242490392421
6.249037845430
6.255805735339
6.262164713619
6.268333896628
6.274524452438
6.280680451475
6.286878967090
6.293004026278
6.299038003437
6.727997627900
6.732108406724
6.736057554787
6.739992923410
6.743939107546
6.747894252189
6.751904318393
6.755938065942
6.759990459280
6.764055784857
6.768124777681
6.772175076817
6.776196724258
6.780195467536
6.784149883330
6.788015873016
6.791792780135
6.795699115968
6.799289485127
6.802905822900
6.806430445512
6.809949163051
6.813482710017
6.817017796620
6.820579165823
6.824231645489
6.828015725575
6.831848872059
6.835550161522
6.839193664528
6.842679914632
6.846055674512
6.849493532239
6.852961577033
7.154659821355
7.159619486463
7.164792742459
7.169868339390
7.174943374041
7.179992146140
7.184997201605
7.189984655671
7.194965826115
7.199898106562
7.204683206476
7.209558487191
7.214348793882
7.219039681520
7.223732725365
7.228419094592
7.233070650387
7.237693456508
7.242313140843
7.246900635054
7.251441946276
7.255981258959
7.260465663430
7.264934644798
7.269417345745
7.273882316982
7.278335426962
7.282765993127
7.287188878043
7.291598422705
7.295999391662
7.300376575490
7.304757751230
7.309091261181
7.313409085322
7.317731324709
7.321969711523
7.326218095906
7.330470350700
7.334719133399
7.338962655004
7.343174585424
7.347369224690
7.351540353158
7.355682305639
7.359812649430
7.363889385687
7.367942130720
7.371990265374
7.376015973074
7.380032080779
7.384037198442
7.388054206876
7.392074277762
7.396151345643
7.400304373494
7.404653648766
7.409163989830
7.413541153487
7.417329009675
7.421153475610
7.483286687414
7.486893119917
7.491155522137
7.495572982175
7.500452265516
7.505382996489
7.510461659661
7.515590422484
7.520822031740
7.526240191033
7.531722087918
7.537222427744
7.542775905876
7.548337372543
7.553870582939
7.559397598381
7.564896028151
7.570361790394
7.575815111304
7.581282155733
7.586763763686
7.592257807068
7.597781709042
7.603318420352
7.608905931766
7.614556718767
7.620266885819
7.626079490155
7.631979643058
7.637908389853
7.643727080729
7.649478147602
7.867781630879
7.873117379122
7.878312695597
7.883544270925
7.888694704231
7.893782304125
7.899011091293
7.903963891844
7.908904957179
7.913684905009
7.918593237399
7.923263486389
7.928133994658
7.932775544031
7.937570507472
7.942279573411
7.946989816829
7.951661711978
7.956292784371
7.960905423384
7.965472528825
7.969977149008
7.974455353770
7.978894095558
7.983294361242
7.987624946190
7.991935153651
7.996212832091
8.000491564269
8.004707507687
8.008962248155
8.013026294507
8.017211591531
8.021221903186
8.025348421167
8.029344083346
8.033439936451
8.037390702068
8.041410721994
8.045422522537
8.049397765438
8.053368443105
8.057373646181
8.061460839567
8.065649367527
8.069638766797
8.073653705276
8.311949080443
8.315585542958
8.318794551965
8.322401116339
8.325754116248
8.329425693251
8.332778830460
8.391267283004
8.401704309305
8.412143386080
8.422612151899
8.432896090896
8.438205916385
8.443535626755
8.448893687356
8.454278428642
8.459663171520
8.465074395390
8.470512819625
8.475959860578
8.481369274005
8.486954481208
8.492583953782
8.498199734586
8.503819142556
8.509477890873
8.515176723161
8.520881238226
8.526635628378
8.532403048585
8.538131673271
8.543852482713
8.549586886452
8.555290325841
8.560967957162
8.566607199901
8.572204928192
8.577725426929
8.583193195822
8.588625239777
8.594055851994
8.599434592954
8.604808818141
8.610177081675
8.615524166437
8.620873290015
8.626212669082
8.631537960436
8.636847272000
8.642169874414
8.647500210204
8.652831014260
8.658183454730
8.663555941353
8.668960765900
8.674424602397
8.680007106258
8.685834736502
8.691779934613
8.697855254761
8.703787842884
8.710543394889
8.814963959968
8.820706242740
8.826775318782
8.832624478299
8.838559312950
8.844546077873
8.850423820897
8.856467134730
8.862526030594
8.868532563114
8.874642681667
8.880798855061
8.886772773811
8.892776273161
8.898853274804
8.904862933811
8.910760620858
8.916827547992
8.922848216082
8.928813895262
8.934752633883
8.940734562980
8.946708127043
8.952604966327
8.958570570326
8.964614107252
8.970522640988
8.976324371771
8.982358039054
8.988266890102
8.994161187990
9.000028179532
9.005741779132
9.011417678654
9.016989948958
9.022480714924
9.027880265888
9.033239950239
9.038429749947
9.043480946259
9.048476267738
9.053377735329
9.058181843043
9.062877964578
9.067494357039
9.072056730514
9.076567784824
9.080993473076
9.085392503516
9.089753760593
9.094031633126
9.098267011906
9.102459028735
9.106579854073
9.110677893596
9.114740368134
9.118665495145
9.122596904559
9.126273086208
9.129985638970
9.555761731867
9.559685118487
9.564442622882
9.569248316816
9.574155488366
9.579116207032
9.584065188569
9.589019477410
9.594091101146
9.599080985590
9.603964970524
9.609015590971
9.613934993133
9.618982358738
9.623986458835
9.628946477547
9.634009949525
9.639028655956
9.644025315329
9.649140123072
9.654215929349
9.659242614506
9.664293365450
9.669360710060
9.674386079937
9.679376804577
9.684320828004
9.689219544710
9.694122938805
9.698952532502
9.703718705841
9.708435481142
9.713118331306
9.717862801887
9.722581593628
9.727225273499
9.731817971177
9.736336706107
9.740807677351
9.745187352586
9.749502287131
9.753732926785
9.757939071464
9.762131432424
9.766291303459
9.770459200135
9.774617467333
9.778764202059
9.782900615088
9.787037545820
9.791172161165
9.795327577534
9.799522697158
9.803816633813
9.808148833396
9.812415249341
10.059346905436
10.063768256977
10.068235329135
10.072715346044
10.077553945764
10.082504024821
10.087519842723
10.092666709641
10.097931443253
10.103263381240
10.108899454540
10.114600568679
10.120260340607
10.126213994732
10.132097668805
10.137757292600
10.143712123992
10.149407032621
10.155309576983
10.161047547323
10.166879206835
10.172966030219
10.179351388675
10.185467230861
10.982645749704
10.987613537308
10.992665474836
10.997675913994
11.002823261438
11.007950794531
11.013129908572
11.018301066133
11.023230566307
11.027982905700
11.033036523462
11.038168217789
11.043232099550
11.048325976038
11.053425878486
11.058524699474
11.063632996278
11.068709188630
11.073807887869
11.078900763505
11.083941054363
11.088956425143
11.093971290226
11.098985025699
11.103971107026
11.108938589556
11.113867013087
11.118776660282
11.123611511800
11.128464550465
11.133268739987
11.138083085811
11.142873937786
11.147639694601
11.152365505803
11.157071637478
11.161757720419
11.166404682768
11.171008796139
11.175579865498
11.180101723460
11.184630908981
11.189133366390
11.193622094827
11.198088607713
11.202596714659
11.207132858056
11.211752032294
11.216538255423
11.221329498932
11.225866468032
11.230356959339
11.235303318657
11.239650664945
11.243973261800
11.365271160639
11.367572094808
11.369302953043
11.371210155667
11.373113333430
11.375604521290
11.378097609023
11.379845142659
11.381974752016
11.383928602220
11.393292332827
11.395362869710
11.398017136388
11.400086034154
11.402898545033
11.404781290272
11.406852044219
11.409492452161
11.411736957348
11.413622353161
11.416298394085
11.418580803855
11.421051585200
11.423345827446
11.426115760071
11.618324758302
11.623779314824
11.629362392431
11.635321628319
11.641054542948
11.646895563518
11.652715330388
11.658447897731
11.664297854270
11.670022858085
11.675860854466
11.681713869566
11.687555872451
11.693410002292
11.699275273004
11.705185274431
11.711155447771
11.717185652551
11.723250187951
11.729285233373
11.735521529826
11.741651334091
11.747869578582
11.754055643193
11.760244592820
11.766482010154
11.772717578190
11.779032395330
11.785240800121
11.791528269065
11.797940282424
11.946153307245
11.951401067359
11.956868756113
11.962368727782
11.968018031688
11.973796028935
11.979601097574
11.985458981150
11.991312298102
11.997188671989
12.003041772931
12.009004679223
12.015057722343
12.021010065105
12.027007405704
12.033007524396
12.038455285746
12.044459075444
12.049733843156
12.055249073480
12.060600586322
12.065865852075
12.071128952849
12.076357902126
12.081208503985
12.086794387631
12.091858500973
12.097016253369
12.102094958193
12.107198673449
12.112288317198
12.117374262325
12.122432071032
12.127528658468
12.132588340908
12.137715412291
12.142854152449
12.148041801945
12.153267418587
12.158568368110
12.163879913087
12.169229407566
12.174584046346
12.180009036131
12.185413885726
12.190848184141
12.196298716261
12.201805559539
12.207306664911
12.212871785789
12.218470015300
12.224124846238
12.229927695308
12.236093642843
12.242621444178
12.249434290435
12.256404678499
12.376764656691
12.387445731314
12.395435245984
12.400910111693
12.406464050966
12.411972767432
12.417581102322
12.423244858856
12.428934321860
12.434640893802
12.440403051630
12.446176879657
12.451979261873
12.457805197638
12.463594806427
12.469412031823
12.475170873501
12.480881415049
12.486511663713
12.492132545243
12.497664873443
12.503183027189
12.508643462777
12.514118824524
12.519478977765
12.524792890321
12.529973676779
12.535132715393
12.540159665099
12.545189449217
12.550157115689
12.555004651912
12.559810449852
12.564548926225
12.569235119932
12.573827907581
12.578413911812
12.582940158332
12.587426558145
12.591920099913
12.596367864035
12.600781699196
12.605185294204
12.609600919347
12.614022112090
12.618446229843
12.622905084435
12.627415123455
12.631719382076
12.636149003732
12.640114174672
12.643805506853
12.733106818091
12.737407447774
12.742509501814
12.747290249433
12.751916810850
12.897022415520
12.902605464078
12.908240846152
12.913953077393
12.919709066342
12.925374033354
12.931251891869
12.937251768092
12.943079526570
12.948823823468
12.954538947378
12.960263878834
12.965968923977
12.971701972996
12.977418277505
12.983159604999
12.988869705220
12.994615010565
13.000325362754
13.006023443783
13.011738088842
13.017504093833
13.023265410074
13.028843742305
13.034540121321
13.040074214505
13.045739298186
13.051396752777
13.057047334781
13.062676275729
13.068316602645
13.073974821328
13.079690643581
13.085466090650
13.090993894223
13.096481550180
13.102060530379
13.107553640399
13.113123513537
13.118772606039
13.124315169307
13.129955146240
13.135636476736
13.141299983227
13.146916487997
13.152533698736
13.158083466281
13.163608683416
13.169104409079
13.174566418255
13.179960266218
13.185289514152
13.190518413058
13.195724659835
13.200815644438
13.205856951267
13.210793752530
13.215636529423
13.220131711518
13.225285175255
13.230090937125
13.234921451549
13.239692367673
13.244441295138
13.249048600342
13.253592301873
13.258100590556
13.262529532302
13.266858022885
13.271097297726
13.275242291435
13.279322998809
13.283369985062
13.287386844212
13.291379693762
13.295341945590
13.299284024037
13.303213101544
13.307123270985
13.311003207787
13.314870311251
13.318722059403
13.322553201899
13.326340006254
13.330102643030
13.333837478976
13.337542943303
13.341247448450
13.344929998145
13.348628606682
13.352313300202
13.355990743022
13.359662993991
13.363324080106
13.366995568799
13.370677693234
13.374358476378
13.378049127070
13.381744528447
13.385470079655
13.389410601003
13.393720312780
13.398005287084
13.402374089470
13.406864043346
13.411383516297
13.415915925189
13.420467947249
13.425299970308
13.430140914758
13.434846037992
13.439758636269
13.444759204911
13.449788816768
13.454770021065
13.460066402558
13.465405536359
13.470933238500
13.476414984899
13.482216146629
13.487665575210
13.493480177287
13.499017185708
13.503900011826
13.509434372071
13.514547078344
13.519667656770
13.524821391764
13.530044080349
13.535281534577
13.540555329676
13.545889617020
13.551282695180
13.556740151130
13.562211839750
13.567714674467
13.573237022020
13.578792002488
13.584345164472
13.589914040507
13.595476473550
13.601034212230
13.606560214541
13.612042872209
13.617491983684
13.622876697970
13.628292806565
13.633706340750
13.639160463932
13.644670142457
13.647742113638
13.650628164429
13.653533787724
13.656475219139
13.659297973500
13.662792564853
13.664980392528
13.667626538227
13.670283715318
13.674907083778
13.677601095373
13.679799580187
13.681973516916
13.684468846809
13.835202974839
13.841431226174
13.847572585423
13.853642550224
13.859662004003
13.865659483404
13.871635575288
13.877644591427
13.883682850212
13.889731554744
13.895811388890
13.901879309482
13.907959102144
13.914022118014
13.920095804712
13.926164158304
13.932248771711
13.938332794990
13.944402654774
13.950482300487
13.956522847505
13.962617829234
13.968654699195
13.974689520384
13.980749772679
13.986839620358
13.992933181347
13.999030947660
14.005135978935
14.011215317746
14.017250106868
14.023264783883
14.029245716970
14.035101616295
14.062603060289
14.067909701100
14.073083648680
14.078118043957
14.083160725458
14.088091492589
14.093063179669
14.098109458286
14.513968343748
14.517780612390
14.521479188910
14.528814049228
14.532242792778
14.535759521957
14.539837043767
14.543541630983
14.547032179997
14.555207666393
14.559036067106
14.563165954328
14.567212908721
14.571450709936
14.575713052737
14.579930236577
14.584135206710
14.588121644003
14.592226178019
14.596199842007
14.600316191828
14.604267497370
14.608327663926
14.612318597445
14.616316935282
14.620258933195
14.624149105516
14.628037577116
14.631934556342
14.635813433315
14.639681170593
14.643534363539
14.647372856072
14.651192151368
14.655004739977
14.658801761043
14.662587032108
14.666354327865
14.670112130729
14.673864095036
14.677595428860
14.681309438041
14.685008274488
14.688690807443
14.692364080456
14.696027209997
14.699672425515
14.703312510242
14.706956308148
14.710601330494
14.714248446267
14.717898275373
14.721548899317
14.725183257566
14.728814169276
14.732605175174
14.736626005839
15.575865423651
15.581080624236
15.586505832901
15.591964076345
15.597393034544
15.602849917173
15.608366579619
15.613919239014
15.619516147286
15.625122253008
15.630628801001
15.636139757226
15.641717664895
15.647381031660
15.653090511123
15.658848204196
15.664592596032
15.670446281543
15.676268022397
15.682159023975
15.688105284311
15.694028327313
15.699929554983
15.705837833875
15.711687476733
15.717558246905
15.723338526313
15.729112225794
15.734842371493
15.740621493022
15.746338744416
15.752019315143
15.757713507020
15.763415626049
15.769165080223
15.774760116360
15.780848215900
15.786861197942
15.792633127713
15.798267648473
15.803992263692
15.809679113507
15.815324036006
15.820755903262
15.826436107596
15.832220514368
15.837964233829
15.844105991826
15.850508010965
15.856694933876
15.863017467283
15.971025576706
15.976091150573
15.981482844085
15.986969315810
15.992560182149
15.998185081930
16.003968013043
16.009743956311
16.015471165191
16.021316587236
16.027191677522
16.033166184546
16.039211024944
16.045309200868
16.051392228352
16.057444992153
16.063485110978
16.069603145903
16.075743250342
16.081942822505
16.088176130599
16.094715706368
16.101309934418
16.107934084257
16.114507737425
16.121078401480
16.127623244028
16.134160512339
16.140620108391
16.147114837297
16.153625572363
16.160437305667
16.167188698443
16.173757228690
16.180359303464
16.187085982318
16.193833861334
16.200535388190
16.207133556412
16.213833798584
16.220538991544
16.233605683493
16.245266612732
16.251116652129
16.257015563635
16.262663057181
16.268380228018
16.274222738467
16.280658501079
16.287576378699
16.293573865428
16.299558975847
16.305489951535
16.311363674491
16.317191337570
16.323066441819
16.328893818953
16.334774257445
16.340609014969
16.346488932206
16.352335031473
16.358211424452
16.364091892665
16.369980748937
16.375889708908
16.381816515063
16.387816305225
16.394046310654
16.400628137260
16.407416506789
16.414000347909
16.420303724296
16.426695526823
16.433277134798
16.439863332721
16.446531328477
16.453201914207
16.459760149719
16.466540802257
16.472611356368
16.479562179241
16.484540333805
16.490116741430
16.495982668535
16.501916541491
16.507857362646
16.513883714587
16.519831315086
16.525801371384
16.531798371301
16.537770165118
16.543739647701
16.549736101940
16.555708434698
16.561801645213
16.568240740574
16.574654782685
16.580778312463
16.586850145566
16.593045241791
16.599373696007
16.606099628768
16.612568541734
16.618909725253
16.625241112133
16.631628467591
16.638115197233
16.644528242639
16.650876103454
16.657101284595
16.663270249211
16.669282140768
16.675156343998
16.681044581003
16.686615671677
16.692135174884
16.697411300662
16.702596611887
16.707498903943
16.712045806991
16.716468868526
16.720896163702
16.725307727732
16.729742946203
16.734150238644
16.738516531302
16.742856590849
16.747164462025
16.751481225460
16.755800706928
16.760137987678
16.764499840462
16.768889197575
16.773312225631
16.777771390336
16.782253679352
16.786796706369
16.791381120030
16.796236406033
16.801030936308
16.805980896828
16.811187043315
16.816492330759
16.822043901677
16.827707748993
16.833678549214
16.839610593212
16.845741286670
16.852119608413
16.858514078519
16.865170477988
16.871806724010
16.878458895127
16.885065136002
16.891889739208
16.898638643418
16.905591303476
16.912620287345
16.919882616448
16.926549344359
16.933431335808
16.939952364513
17.355552248069
17.360525239035
17.365404584448
17.370059197741
17.374634763923
17.379117694590
17.383546115267
17.387906470143
17.392191881544
17.396426237635
17.400632850237
17.404782481468
17.408875113454
17.412930168435
17.416941116538
17.420887153607
17.424802532679
17.428695901418
17.432546056349
17.436376018022
17.440181185527
17.443962907635
17.447703668047
17.451429167208
17.455106791015
17.458744275128
17.462347999058
17.465911865368
17.469460881071
17.472938544531
17.476392121531
17.479799602939
17.483177437223
17.486522440925
17.489834874723
17.493137141839
17.496410186105
17.499670082251
17.502905859246
17.506145474517
17.509368599293
17.512572712734
17.515805686216
17.519046881000
17.522311266003
17.525586512165
17.528860078351
17.532142951477
17.535452133488
17.538771068141
17.542096269520
17.545442654810
17.548811106873
17.552189611077
17.555576679387
17.558974965617
17.562388417190
17.565817517372
17.569257448529
17.572717495788
17.576200324774
17.579713442624
17.583253966582
17.586815101209
17.590396952065
17.593996706636
17.597615714936
17.601257371292
17.604949851541
17.608686115281
17.612473919050
17.616311701640
17.620188341846
17.624133171696
17.628134430171
17.632163437943
17.636244335936
17.640359955709
17.644545952979
17.648851605214
17.653246484577
17.657662097721
17.662119994542
17.666571974652
17.671051389494
17.675627031081
17.680246014646
17.684841504307
17.689487656881
17.694168802587
17.698859099532
17.703556881542
17.708264386921
17.712972901638
17.717873168890
17.722962905004
17.728230014838
17.874281245912
17.883908671470
17.893130773850
17.902685430758
17.912823324436
17.922813083818
17.927969125257
17.933081040130
17.938324919157
17.943628923118
17.948919419037
17.954223581640
17.959506735597
17.964901208019
17.970361434425
17.975639196083
17.981094215305
17.986491645549
17.992011081435
17.997462472165
18.003024851713
18.008547692726
18.014148905048
18.019811056192
18.025391039273
18.031044328031
18.036692000726
18.042320757005
18.047960395600
18.053612113468
18.059248215808
18.064873107089
18.070430014488
18.075965021059
18.081546763982
18.087077561140
18.092621589111
18.098140211385
18.103646593302
18.109128552482
18.114606357012
18.120065122030
18.125500761778
18.130901264790
18.136231316970
18.141547074397
18.146791354609
18.152019639706
18.157182132986
18.162297259800
18.167397116428
18.172441597723
18.177441412205
18.182407541981
18.187322804810
18.192202679855
18.197032143815
18.201839761806
18.206604854426
18.211321821870
18.216024540347
18.220765680904
18.225605842869
18.230283812886
18.234577028280
18.239089627259
18.243915832558
18.248765133368
18.253917390742
18.259492756211
18.265893628240
18.269474743140
18.273208616780
18.276727778274
18.280056746372
18.283348298605
18.304971560730
18.307401089718
18.309852601298
18.311813904129
18.314264151094
18.438479867625
18.445549511014
18.451647530305
18.457452952018
18.463376087336
18.469207148932
18.475058169574
18.480932525903
18.486766172165
18.492670836663
18.498610752196
18.504583439735
18.510581649836
18.516626658584
18.522705509032
18.528847836317
18.534967242212
18.541162221828
18.547380106526
18.553567766360
18.559773424076
18.565958966890
18.572133091964
18.578305243232
18.584437548836
18.590605358936
18.596853290061
18.603000488521
18.609160482004
18.615257976189
18.621394458799
18.627473337062
18.633585966869
18.639609614774
18.645602163356
18.651572373552
18.657431285241
18.663230533506
18.668978770866
18.674650472975
18.680243157557
18.685841233043
18.691317801266
18.696701067636
18.701979612227
18.707119154764
18.712099947819
18.716976350584
18.721725601643
18.726357293418
18.730906745299
18.735375634153
18.739804325000
18.744203034284
18.748455136563
18.752653860357
18.756681597106
18.760641275377
18.764563596972
18.768542387624
18.772823617971
18.777021018763
18.780488759118
18.783753385486
18.787353821423
18.790715070608
18.794180227539
18.797516789499
18.801062495558
18.804447830021
19.042224445075
19.052482278474
19.062971463438
19.073584531896
19.097788449445
19.103228496934
19.108652192475
19.114136004054
19.119581662069
19.125005958904
19.130433700903
19.135866617256
19.141313725658
19.146766082725
19.152198164366
19.157627888922
19.163036894494
19.168368273670
19.173674186276
19.178870367508
19.183989540682
19.189039413620
19.194034084751
19.198982177617
19.203872551405
19.208699938442
19.213438924064
19.218139521587
19.222777690721
19.227349062848
19.231822484237
19.236300551554
19.240745516577
19.245159701365
19.249590171290
19.253991947807
19.258214295398
19.262404496058
19.266587346739
19.270617071518
19.274649846489
19.278578799603
19.282401087610
19.286193741374
19.289963716814
19.293720087370
19.297466258116
19.301205936941
19.304952717030
19.308691486921
19.312443470632
19.316204595912
19.319983900542
19.323833260102
19.327858989966
19.334998174688
19.338817565396
19.342538160856
19.346166546860
19.406987217711
19.410842747710
19.414422668075
19.418079512760
19.421416798713
19.424589339336
19.428485784112
19.432048442890
19.435238402319
19.456822208909
19.461875930721
19.466855723858
19.471934427883
19.477149071695
19.482539636252
19.487999375025
19.493503563243
19.499024429189
19.504908971691
19.510709208382
19.516816784155
19.522652040309
19.528547988137
19.534437233090
19.540329298140
19.546181758441
19.551992607947
19.557825920661
19.563648510742
19.569460600740
19.575278505043
19.581078944226
19.774281271314
19.780151387917
19.785743873684
19.791374471328
19.797045461002
19.802751796089
19.808564104456
19.814467928501
19.820443060576
19.826488822215
19.832700887141
19.839247378826
19.845818391582
19.852321820257
19.858814619532
19.865203386103

