Time_s
0.594772762686
0.600460310638
0.606044164908
0.611649512077
0.617321943614
0.622975390860
0.628623104214
0.634202477085
0.639617128380
0.644790240761
0.649871245870
0.654865737641
0.659818185426
0.664591396420
0.669364842063
0.674041607524
0.678670519959
0.683237963239
0.687670330565
0.692120191089
0.696551597384
0.700922101352
0.705313864196
0.709802662489
0.714126470722
0.718555379092
0.722922553368
0.727327364322
0.731887602798
0.736434122389
0.741132953902
0.745979973142
0.750951946895
0.756121664451
0.761416270543
0.766558273817
0.771179783555
0.901704968627
0.906681065235
0.912066949026
0.917555738547
0.923197710435
0.928912214691
0.934749271131
0.940714145251
0.946827261150
0.953072222384
0.959402313199
0.965804286854
0.972287331565
0.978832887737
0.985523248455
0.992381103414
0.999193350233
1.006136019693
1.013077034418
1.019974880864
1.026869748234
1.033803479993
1.040874559784
1.047701260273
1.054293047948
1.061196499644
1.067891317032
1.075037905536
1.082437395948
1.189162590114
1.195110911324
1.201306330116
1.207839776597
1.214441540174
1.221228335393
1.228161867639
1.235188359984
1.242359818527
1.249681828036
1.257158849362
1.264694332150
1.272417001756
1.280237997000
1.288350746992
1.296356735842
1.304424339182
1.312524861063
1.320674554252
1.328798246579
1.337038706498
1.345221311693
1.353304699635
1.361419719030
1.369696401510
1.378130125301
1.386699596844
1.395605090380
1.404745208392
1.414435278686
1.610832935453
1.618332664168
1.626460733786
1.634301950370
1.641972186663
1.649494982863
1.656898039017
1.713587632653
1.719033763730
1.724242504846
1.729569470089
1.735151518095
1.740728398409
1.746138332036
1.751653075805
1.757392548305
1.763395411343
1.768672737824
1.774231068541
1.902124626475
1.907363548105
1.912162991948
1.916861556028
1.921691408685
1.926631719241
1.931656960638
1.936733790129
1.941898818511
1.947112058262
1.952410641727
1.957847808611
1.962866091690
1.968132456460
1.973830065604
1.979797220403
1.985205677434
1.990956477489
1.996636388609
2.002287703983
2.007901510887
2.013542223381
2.019195282558
2.024968927354
2.030798854110
2.036749243868
2.042832817506
2.048949232597
2.055087366816
2.061530762382
2.067945599829
2.074344312236
2.080883853429
2.087814414352
2.094864774092
2.101878200614
2.108933590311
2.116139586063
2.123345147113
2.130539609730
2.137921548005
2.145834750414
2.153275330471
2.159765469685
2.166011635363
2.172409463754
2.178789516273
2.185043097174
2.191286873701
2.197599766671
2.203900938820
2.210260163144
2.216591951384
2.222940208640
2.229305491390
2.235718630451
2.242202833849
2.248720844372
2.255236817358
2.261818419843
2.268455078549
2.275133132624
2.281788797624
2.288359954859
2.294920832930
2.301511646379
2.308092198545
2.314683984616
2.321314874750
2.328030816497
2.334852042009
2.341683375698
2.348562023295
2.355424029169
2.362396743054
2.369414559278
2.376143918597
2.383004198171
2.389906133337
2.396849189468
2.403868242410
2.410916965803
2.418023829386
2.425142430297
2.432320506344
2.439507945357
2.446681911434
2.453869250780
2.461058181200
2.468217618467
2.475398069967
2.482577584310
2.489594713957
2.496741488576
2.503892467948
2.510933999012
2.518331449577
2.525226827977
2.531752106950
2.692299277403
2.697891105170
2.703644450699
2.710213946136
2.717215731221
2.724340867944
2.731655965402
2.739118870113
2.746704261748
2.754426394486
2.762258110428
2.770092024460
2.778005385758
2.785924460375
2.793824256028
2.801765943535
2.809734394323
2.817711915120
2.825714774308
2.833733954701
2.841761597846
2.849728938044
2.857599816821
2.865473075817
2.873247824636
2.880971258779
2.888678715746
2.896328185832
2.903936251508
2.911542611593
2.918909588032
2.926372057075
2.934045130032
2.941483840214
2.948787336077
2.956417656925
2.966574728305
2.977850838392
2.987921984625
2.996828183548
3.008601698629
3.017328550489
3.029129913667
3.038743606946
3.049856035763
3.059511832093
3.069798328586
3.079007870731
3.089016209795
3.099399117585
3.109392276233
3.120282108148
3.129857459551
3.140106911764
3.149846249658
3.168520069929
3.175612002918
3.182918117773
3.190006165144
3.197041827882
3.204055297537
3.210933401508
3.217650756914
3.224195051759
3.230592677056
3.236882911568
3.243093692934
3.249207398745
3.255254934112
3.261201114790
3.267068455027
3.272871190020
3.278566878639
3.284257196314
3.289924816276
3.295548331065
3.301203999971
3.307005564410
3.312881814113
3.318856286893
3.324849660658
3.330457055818
3.336603572138
3.342805328779
3.348613840871
3.355067705663
3.361295798066
3.367528372012
3.373907484559
3.380292903491
3.386889560696
3.393030688068
3.400004609808
3.407086600129
3.414071068417
3.421067041978
3.427997705735
3.434719016730
3.441250992496
3.447765683992
3.454139518512
3.460699657564
3.467415910066
3.474400746684
3.481461659817
3.488701078368
3.496062731682
3.503437319363
3.510796288712
3.518164373980
3.525508201116
3.532832673092
3.540176025648
3.547541641743
3.554904494683
3.562250255154
3.569554816193
3.576845878848
3.584094122216
3.591281125026
3.598457616092
3.605679346041
3.612855324899
3.619718220590
3.626346166798
3.632867889056
3.639651630273
3.647056472865
3.653516560697
3.676466417397
3.683183474198
3.689933173107
3.696222126521
3.702894354478
3.709830708908
3.716947539474
3.724185807114
3.731572738816
3.739090971863
3.746743479500
3.754268331516
3.761813992793
3.769396641856
3.776844801976
3.784312556076
3.791726652109
3.799125098103
3.806450801386
3.813426683452
3.820568118900
3.827844879286
3.835205191854
3.842914335187
3.850678755940
3.857823305011
3.864703349813
3.871782138298
4.013279624955
4.019068154590
4.026083328337
4.033120422512
4.040434734054
4.047844555389
4.055372731861
4.062972227947
4.070633136155
4.078376528717
4.086161432873
4.094020573146
4.101893159814
4.109872418217
4.117921263955
4.126068551306
4.134300032691
4.142605337518
4.151012330413
4.159502259610
4.168077825853
4.176675340786
4.185314703455
4.194045671041
4.202849910035
4.211764797688
4.220663612934
4.229562545128
4.238446936209
4.247258362420
4.256033085189
4.264671488842
4.273141508420
4.281501862449
4.289603339897
4.297288093689
4.304666033260
4.311641090665
4.909434054677
4.914525918270
4.919915357678
4.925187254829
4.930559090436
4.935686969848
4.941116924876
4.946535494335
4.951841964033
4.957087607395
4.962287741958
4.967436295688
4.972573696145
4.977720872911
4.982848861854
4.987861585800
4.992804032694
4.997909226201
5.003267224808
5.008658896419
5.014042347601
5.019112397229
5.024227261152
5.029389285578
5.034501033520
5.217848107211
5.222801033972
5.227218219246
5.232612305790
5.237698017239
5.243064810038
5.248652678804
5.254289542180
5.259951363730
5.265630762551
5.271371899333
5.277139341558
5.282923218873
5.288720469384
5.294516087955
5.300335875069
5.306124905506
5.311877813841
5.317625934531
5.323342639730
5.329029409197
5.334748908063
5.340443910257
5.346147380611
5.351867888826
5.357601427581
5.363378918615
5.369243156224
5.375138854944
5.381018789918
5.386995464853
5.392981638625
5.399042624149
5.405247012430
5.411611328858
5.418016424291
5.424426002894
5.431051432563
5.437962646337
5.444690189392
5.451369093639
5.457942030550
5.464309862514
5.470643847911
5.476918319216
5.483236646762
5.489572781816
5.495954558997
5.502395498659
5.508986535641
5.515800274751
5.522855115499
5.530097681566
5.536676051312
5.544023182257
5.550499940232
5.556990674122
5.563192462594
5.569609781453
5.657675402113
5.662561975326
5.668462699013
5.674462457628
5.680476333529
5.686527091492
5.692590219699
5.698663573302
5.704745142811
5.710819770812
5.716858675202
5.722894931602
5.728891495968
5.734768187780
5.740604404066
5.746458814073
5.752411197121
5.758385729319
5.764350934092
5.770646910184
5.776642035782
5.782645492838
5.908603245268
5.915438980621
5.920863191854
5.926211892807
5.932052518770
5.938143916786
5.944469680411
5.950824070579
5.957367774452
5.963964941151
5.970618910415
5.977330506094
5.984078398378
5.990852756875
5.997693428130
6.004617309680
6.011580764353
6.018602656473
6.025660935716
6.032806416404
6.040023961494
6.047306145931
6.054695998965
6.062143043826
6.069602750796
6.077010387520
6.084462692253
6.091986564622
6.099666642674
6.107544423265
6.115756689753
6.124147253775
6.131779359766
6.139306971504
6.230938532718
6.238215779134
6.245830639958
6.253501561800
6.261340402445
6.269249424755
6.277177984559
6.285187095138
6.293205314349
6.301228236398
6.309310171062
6.317390877489
6.325497665905
6.333630221791
6.341768772128
6.349933591566
6.358129790036
6.366394544771
6.374673459598
6.382914692248
6.391104505716
6.399223297523
6.407210103627
6.415214370612
6.423099417161
6.430895203922
6.438595248624
6.446069630057
6.453384968022
6.460258760611
6.467228257828
6.474177813937
6.481035871752
6.487856128147
6.494712291233
6.501587745539
6.508416629864
6.515328593265
6.521908896646
6.528479730656
6.535454856252
6.542275344171
7.049550823573
7.055859139679
7.062296835696
7.068834902772
7.075348832641
7.081872428718
7.088475871503
7.094998475676
7.101428650568
7.107734849045
7.113977941477
7.120140212731
7.126176164266
7.132138822501
7.138060198370
7.143944116999
7.149839822096
7.155630932718
7.161364425383
7.166997418300
7.172809353088
7.178804865435
7.184757001749
7.190455253351
7.257899751725
7.263033125952
7.267994488215
7.273115263382
7.278374400558
7.283742535005
7.289178259692
7.294715587528
7.300390551618
7.306684988603
7.312773119666
7.318220161331
7.323631197534
7.328873120086
7.333939223398
7.339332766410
7.344773463479
7.350354449425
7.468970308999
7.474141186720
7.479991046470
7.485874284922
7.491824238827
7.497828676269
7.503882550394
7.510039994128
7.516207093344
7.522358578878
7.528629792412
7.535052781788
7.541518656902
7.548018521006
7.554580531804
7.561159248050
7.567790407223
7.574447366390
7.581153381931
7.587905065917
7.594694536373
7.601464900982
7.608233557289
7.614990737074
7.621741422913
7.628455462435
7.635156890751
7.641864956145
7.648569982254
7.655289099884
7.662013208911
7.668817201902
7.676031291303
7.682818581187
7.689544618242
7.696383788010
7.703345196033
7.710429666328
7.717226959128
7.724200818367
7.731275042263
7.738341964863
7.745764755335
7.752962982015
7.759916557764
7.766873055298
7.773881269919
7.780640007007
7.787373124965
7.794145034106
7.800970453365
7.807941681290
7.815107494784
7.822472494665
7.829884254779
7.837508396142
7.845041890223
7.852160633925
7.860017929725
7.866939085737
8.009754798873
8.016642215008
8.023455985708
8.030037930518
8.036697992154
8.043490499029
8.050254777831
8.057045870641
8.063852086582
8.070697794941
8.077536906798
8.084443629438
8.091294272311
8.098130110296
8.105023333977
8.111869869079
8.118692056145
8.125513749491
8.132368925869
8.139208059876
8.145994133283
8.152765558149
8.159545096983
8.166589776484
8.173695955185
8.180662167936
8.187719635338
8.194689126288
8.201304828095
8.207989302016
8.214813660126
8.221733868469
8.228404408281
8.284511687963
8.292075576227
8.299655386620
8.307383845544
8.315224254244
8.323158254434
8.331149568874
8.339215285123
8.347296646678
8.355369104600
8.363474997056
8.371584179662
8.379706451373
8.387885191177
8.396035588526
8.404173513102
8.412361173971
8.420483470292
8.428627246944
8.436771112741
8.444827892282
8.452892233563
8.460988821406
8.468969871609
8.476889427998
8.484712283287
8.492431075047
8.500103146537
8.507649836575
8.515064976627
8.522258986737
8.529716183384
8.536879458671
8.543961546400
8.550736158988
8.557332048299
8.951514555624
8.959247925512
8.966883291701
8.974331483641
8.982048348093
8.989222417402
8.996345083370
9.003401963067
9.010331787391
9.017228698427
9.024098571970
9.030831357024
9.037489446524
9.044057529546
9.050637152463
9.056724493616
9.062920372751
9.069145755004
9.075338458905
9.081513124778
9.087627772285
9.093692493374
9.099711809400
9.105697744074
9.111664567217
9.117568515601
9.123400235231
9.129220406606
9.134991963232
9.140737649423
9.146449905464
9.152160719563
9.157868083021
9.163582410553
9.169369041421
9.175093903252
9.180690478913
9.186115072687
9.191486040395
9.196807913429
9.202058878056
9.207364708102
9.212642077371
9.217922314315
9.223186448334
9.228534784581
9.233877047257
9.239252746080
9.244643067222
9.250035444318
9.255445762324
9.260867808307
9.266280674095
9.271668150849
9.277036879815
9.282472903140
9.288035242048
9.293617588429
9.299205161514
9.304794162332
9.310395773582
9.316027766327
9.321733630784
9.327552291999
9.333515600568
9.339166147505
9.344788302988
9.350354196966
9.355311320715
9.361190692781
9.366760685945
9.371965648178
9.445390704087
9.451726082548
9.457073898518
9.462489442876
9.468257671187
9.474250888132
9.480278581191
9.486374932333
9.492516655724
9.498734249260
9.505063929084
9.511511548100
9.518090257851
9.524724739046
9.531443637610
9.538223778360
9.545085338219
9.551988237781
9.558957055657
9.565929744858
9.572892915641
9.579874078479
9.586823020302
9.593675364955
9.600482357873
9.607164272349
9.613870370991
9.621165073013
9.628076674130
9.634947927743
9.641870748282
9.656976184493
9.662881471028
9.664858554018
9.667017685687
9.669082032277
9.671201148820
9.673289147356
9.750138045225
9.756247361504
9.762215647438
9.768427970786
9.774871426266
9.781450390274
9.788106402348
9.795000052712
9.801901326348
9.808723213658
9.815530989144
9.822252939049
9.828899455669
9.835479420355
9.842020957726
9.848540051500
9.855005958366
9.861543627813
9.868150355237
9.874849016195
9.881665317943
9.888598181504
9.895650690606
9.902830643557
9.910208456489
9.917895402783
9.925590006067
9.933140103769
9.940632161613
9.948063620175
9.955448880518
9.962802039321
9.969897181105
9.976875672352
9.983862713739
9.990944207041
9.998162446323
10.005511672694
10.012917912726
10.020336465837
10.027804569014
10.035291903186
10.042877672169
10.050442451884
10.058111909689
10.065866464163
10.073700159064
10.081640085598
10.089761537523
10.097806938886
10.105870858675
10.113868065966
10.121832352625
10.129708621765
10.137550054576
10.145308745638
10.153048120303
10.160786234463
10.168578774168
10.176425915228
10.184432342324
10.192642034035
10.201091965501
10.209740621071
10.218355183689
10.226879978932
10.235304336159
10.243487758016
10.251462716553
10.259142242929
10.265869402390
10.273745676308
10.280740810323
10.287976197592
10.295140681684
10.302779109758
10.310807720972
10.318884412592
10.327153333484
10.335469738031
10.343951155290
10.352510891365
10.361236083443
10.369922338675
10.378831284397
10.387535248301
10.396395217337
10.405151765552
10.414049204868
10.422881964291
10.431939862293
10.441023024275
10.450350743908
10.459716560307
10.469120862667
10.478643588328
10.488196521362
10.497809940975
10.507583610040
10.516819112537
10.525853434290
10.534632657131
10.543328080931
10.551816202272
10.560125164384
10.568512183860
10.576568219248
11.023191837898
11.030330035415
11.036832405832
11.043612353679
11.050400307982
11.057018005380
11.063628000139
11.070170409015
11.076679104478
11.083195296812
11.089624246913
11.095977707129
11.102333663579
11.108642901394
11.114957964354
11.121232674071
11.127414568505
11.133603612659
11.139728866968
11.145866689652
11.151949235969
11.158045267729
11.164121123538
11.170226289406
11.176346812635
11.182448855181
11.188529304964
11.194615655868
11.200670464960
11.206684141346
11.212666881027
11.218602276804
11.224508550172
11.230423010122
11.236293935242
11.242096909553
11.247853503244
11.253519812311
11.259131998495
11.264662548088
11.270349496491
11.276054009326
11.281842766876
11.287735555612
11.293725292175
11.300035760438
11.344725753782
11.351019172140
11.356206860589
11.361571321551
11.366518159146
11.371533101372
11.376554283066
11.381595247727
11.386674134857
11.391758019224
11.396893021207
11.402088280338
11.407359692833
11.412657428472
11.417897434847
11.423163395913
11.428443205863
11.433729106826
11.438993275456
11.444278438623
11.449602463724
11.454968078294
11.460365573801
11.465826097025
11.471391589526
11.477086167800
11.482986383424
11.488918365116
11.494776852573
11.500754379225
11.506969259014
11.513194796093
11.520094059763
11.526014126013
11.532125837146
11.538453870780
11.544714885553
11.550929099093
11.557154148052
11.563442231544
11.571005039583
11.578817237455
11.585645438328
11.592272454051
11.599112292550
11.605669666285
11.612017596386
11.618342779620
11.663344303584
11.669990870420
11.675428854730
11.681036884217
11.687232236298
11.693553372499
11.699853102224
11.706181925081
11.711710703717
11.718111886473
11.724548018607
11.730996937653
11.737537580488
11.744095431593
11.750722791452
11.757478835759
11.764295554098
11.771182520955
11.778077238778
11.784984374677
11.791888776317
11.798849528693
11.805807792554
11.812819240281
11.819845174668
11.826912257905
11.834169557444
11.841550536135
11.849322772095
11.857106673294
11.938086996775
11.944921866524
11.950779203274
11.956760282479
11.962714679467
11.968789811366
11.974884003945
11.981023685571
11.987241679078
11.993485539054
11.999693873863
12.005872766057
12.012016470852
12.018132691339
12.024168297430
12.030153235549
12.036049718303
12.041889718232
12.047678686111
12.053440444547
12.059266767304
12.065161225588
12.071239688040
12.196489759240
12.202200812196
12.208623502032
12.215266765524
12.222751489385
12.229790500724
12.354814816978
12.361759296903
12.368828865978
12.376157575438
12.383599375223
12.391078354473
12.398546369848
12.405921550292
12.413655056551
12.421393937395
12.429160499851
12.436950906391
12.444731644788
12.452558286080
12.460323300066
12.468077714021
12.475781359357
12.483468265671
12.491167192659
12.498855710715
12.506477831925
12.514098073922
12.521833631017
12.529576353177
12.537372694614
12.545226475750
12.552909913711
12.560602377686
12.664834678216
12.672228200149
12.679598240663
12.687027144798
12.694273130488
12.701403016168
12.708429957411
12.715486399238
12.722574810887
12.729533331171
12.736588600523
12.743753002036
12.750929468752
12.758155207811
12.765457317875
12.773023124683
12.780526765569
12.787808118591
12.795001366562
12.802311094066
12.809635971148
12.817084259106
12.824736404781
12.832196155131
12.839774030060
12.847439002321
12.854782134705
12.862100832512
12.869175058414
12.876239940269
12.882849777062
12.889229045663
12.895710598275
12.902223584403
12.908804157836
12.915418652169
12.922109518202
12.928963442636
12.936004567342
12.943071968083
12.949977390424
12.956697942485
12.963318504532
12.970296456690
12.977357382200
12.984184531646
12.991115824215
12.998240399380
13.005314227756
13.086389860435
13.091480981744
13.097423835920
13.103164399470
13.108949725479
13.114760704960
13.120687933636
13.126677396860
13.132722283593
13.138776974900
13.144850340197
13.150892335887
13.156897774323
13.162886044407
13.168860262148
13.174788308332
13.180666691581
13.186508400582
13.192323397367
13.198113639341
13.203847293260
13.209543303119
13.215191891892
13.220865616785
13.226543798976
13.232253869455
13.238008927237
13.243809152656
13.249662996693
13.255560073748
13.261532133562
13.267647074062
13.274150321947
13.280954313760
13.306195208415
13.308370654850
13.312529084313
13.314460962737
13.316360852063
13.318427723961
13.320376795568
13.322767846132
13.325155316369
13.327480880257
13.332668616586
13.335066540661
13.357497759079
13.363243882474
13.369293362454
13.375805656326
13.382589243416
13.389501808846
13.396639605595
13.404019796491
13.411595555462
13.419439834201
13.427570765520
13.435754731531
13.443813415392
13.451688820252
13.459307506146
13.466817045620
13.474279840652
13.481745320649
13.489193200994
13.496736022593
13.504212256768
13.511677944923
13.519127111137
13.526787010580
13.534147139631
13.617494230428
13.624158456845
13.631147880507
13.638121512869
13.645166269660
13.652380808794
13.659664766859
13.667388657733
13.675315327244
13.682964959050
13.690795222018
13.698704051612
13.706503945884
13.714414578363
13.722073881878
13.729561701833
13.737276322154
13.745142204352
13.753369976321
13.761710143354
13.769970387987
13.869021468449
13.875331982695
13.882665700329
13.889975595438
13.897259770704
13.904886779118
13.912641608195
13.920408357928
13.928314978384
13.936218586130
13.944238599302
13.952455753826
13.960689335464
13.969030821436
13.977521079959
13.986074718897
13.994768381492
14.003508862173
14.012730848536
14.021842471420
14.031025432249
14.039984603003
14.048990768743
14.057783605396
14.066473360709
14.075084249834
14.083405759832
14.091735903978
15.039062337489
15.044182388149
15.050115038033
15.056088361691
15.062006802721
15.067910359565
15.074345761666
15.080434940210
15.086895041777
15.092960032712
15.117715111585
15.124393240209
15.129773751183
15.135161087622
15.140488681471
15.145833072822
15.151200185977
15.156595142735
15.162064042778
15.167583670402
15.173194809886
15.178702305751
15.184046516176
15.189329767910
15.194590557043
15.199942144118
15.205394421582
15.211028187909
15.216898715890
15.223257200024
15.228708737254
15.234043471011
15.239532181701
15.244987439829
15.250367276509
15.255777580635
15.261187760731
15.266458013896
15.271739720622
15.360850634570
15.366040700393
15.370955510458
15.375990585494
15.381046427186
15.386047309661
15.390965632349
15.395804539113
15.400610178396
15.405371321904
15.410104744475
15.414846011515
15.419514842529
15.424166439952
15.428804848619
15.433386651595
15.437934709556
15.442452762923
15.446939702247
15.451469019069
15.455966156309
15.460480791026
15.465030191950
15.469658320143
15.474654041502
15.479635976758
15.484520997510
15.489517118364
15.494617089696
15.499900257774
15.505198394459
15.510488948997
15.515864463701
15.521280235990
15.526732768863
15.532232176094
15.538131180138
15.543872747980
15.549544872938
15.555217112075
15.560951966154
15.566775418182
15.572617650951
15.578296872956
15.583681158433
15.588867472196
15.594086391103
15.599111201646
15.604069533127
15.609051510426
15.614007213860
15.619018273190
15.624013736652
15.629073930255
15.634160388652
15.639269226782
15.644430881687
15.649702099308
15.655079867162
15.660567627800
15.666194840106
15.671981347999
15.682503474263
15.688035209072
15.693280698133
15.698383768306
15.703677996181
15.709004258886
15.714436908532
15.719765691480
15.820714864135
15.826385865526
15.832438494272
15.838620770496
15.844927194488
15.851328600012
15.857816659420
15.864417589857
15.871080486959
15.877741611745
15.884511019182
15.891310504636
15.898090048221
15.904826728934
15.911527595616
15.918228752125
15.924983370213
15.931746267813
15.938558658436
15.945396297088
15.952230078283
15.958986885029
15.965773572414
15.972661135682
15.979549350261
15.986520543923
15.993631743658
16.000641303540
16.007585750479
16.014680918596
16.021429603327
16.028154027811
16.034873777345
16.041649053599
16.048564248613
16.148988136477
16.151424887411
16.153623743449
16.155904007793
16.158352694865
16.162608643632
16.164974087417
16.167398707282
16.174216904585
16.180381978005
16.186646173191
16.192858602963
16.199187670504
16.205574871227
16.211956283421
16.218534614545
16.225135095847
16.231546950897
16.237933134931
16.244312226704
16.250702869435
16.257113787879
16.263550788344
16.270095414367
16.276423457367
16.282798732731
16.289189626230
16.295529942889
16.301876572154
16.308475722174
16.315165370145
16.322214785042
16.329038526775
16.335795864807
16.342471162848
16.349020941984
16.426139502739
16.432219591613
16.437506536027
16.443177781133
16.448903756873
16.454616390986
16.460275351626
16.465955389250
16.471653725708
16.477323325890
16.482996484662
16.488673279805
16.494350226104
16.499993402132
16.505622147437
16.511286248140
16.516956270277
16.522555138034
16.528161938680
16.533820132808
16.539537608044
16.545312740041
16.551109448941
16.556986631485
16.562918656225
16.568929668881
16.575010739053
16.581195584065
16.587537635018
16.593975573841
16.600417122519
16.606865222304
16.613350541359
16.619861319022
16.626347402721
16.632749920780
16.639157380891
16.645628357823
16.652192556311
16.658821041502
16.665503811913
16.672263437353
16.679106648718
16.686015129223
16.693014885624
16.700096659610
16.707290289506
16.715074746238
16.722408596188
16.729643534039
16.736995893181
16.744454979379
16.752178595455
16.760010109947
16.767863340674
16.775683460875
16.783565788574
16.791606116938
16.799747071444
16.808107919326
16.816413036187
16.824288118436
16.831758852324
16.838526044020
16.845862171059
16.853659131973
16.860194291386
16.867521653063
16.874993721233
16.882585900947
16.890164001871
16.897770441140
16.905423750058
16.913136325102
16.920918393618
16.928797830026
16.936749965314
16.944760884760
16.952813478147
16.960855666577
16.968910534552
16.976958886394
16.985048489685
16.993174645124
17.001412730811
17.009670171671
17.017969421905
17.026330339979
17.034756117251
17.043192532305
17.051733499461
17.060294892932
17.068885629492
17.077429782186
17.085937907848
17.094316021533
17.102668250022
17.111040479502
17.119293481233
17.127409790950
17.135566611094
17.143949046528
17.400216669859
17.406644652878
17.412996942005
17.420482718109
17.427240102280
17.434113541800
17.440838352186
17.447590427583
17.454407628080
17.461229390604
17.468031444179
17.474623447045
17.481269235025
17.487965669818
17.494631110322
17.501269107039
17.507889298009
17.514508024716
17.521141096174
17.527764175982
17.534393443416
17.540958259849
17.547364707387
17.553705318331
17.559979562643
17.566157785352
17.572254235781
17.578246241553
17.584183229337
17.590006322500
17.595775455933
17.601602802527
17.607345017160
17.613086999932
17.618798449344
17.624515458831
17.630223604222
17.635915538528
17.641581620581
17.647268680268
17.652950224583
17.658636440832
17.664321613909
17.670048406855
17.675760772729
17.681493819152
17.687183714786
17.692872240663
17.698560377854
17.704266815098
17.709972924980
17.715687854195
17.721416891711
17.727172970106
17.732959062201
17.738765612696
17.744657949056
17.750556119405
17.756432349169
17.762304871072
17.768222992127
17.774171282582
17.780182766420
17.786282581693
17.792494695122
17.798805057976
17.805220087030
17.811611791030
17.818175592366
17.825046028215
17.831938863830
17.838702911050
17.845613890413
17.852806929636
17.859727694544
17.866914972582
17.874074885796
17.881495229053
17.890860295306
17.899228074683
17.905899925644
17.912625033655
17.919293953680
17.925758007750
17.932068746076
17.938340056190
17.944539846834
17.950711440025
17.956885071874
17.963088341979
17.969280107415
17.975458082037
17.981549592979
17.987671338410
17.993795690716
17.999933326338
18.006103598338
18.012325584718
18.018569326028
18.024930277561
18.031554083032
18.037821260954
18.044003372392
18.050138335448
18.056325537083
18.062458554343
18.068566776777
18.074668649850
18.080693397303
18.086691507444
18.092662047839
18.098679187192
18.104550321786
18.110186290005
18.116072642074
18.122040673743
18.128013553809
18.133916995268
18.139851207011
18.145761139756
18.151613607831
18.157487773501
18.163350413563
18.169188100292
18.175018541848
18.180798401548
18.186544239318
18.192289574664
18.198053868017
18.203822612171
18.209610879164
18.215457401045
18.221552127447
18.227906376972
18.234119149606
18.241893664490
18.248324939307
18.254908207648
18.261670384002
18.268332765818
18.275690301700
18.282193731519
18.288566155201
18.295052087802
18.301317724148
18.307747669935
18.314182083634
18.320792782972
18.327690964685
18.334862676299
18.342248225021
18.349677845399
18.357174473263
18.364691331049
18.372142314102
18.379575100774
18.386952772478
18.394354856744
18.401732672926
18.409057552185
18.416430135949
18.423822742557
18.431267273827
18.438778161354
18.446297437086
18.453713171988
18.461132946064
18.468587421956
18.475833147550
18.482945725419
18.489900045606
18.496773180321
18.503470975385
18.510097391219
18.516780459158
18.523435282037
18.530010816344
18.536464163332
18.542841110038
18.549150969160
18.555375463744
18.561517098460
18.567631369441
18.573739198149
18.579623106089
18.585522695025
18.591323692499
18.597120955273
18.602916539258
18.608769922635
18.614650246548
18.620619229761
18.626756427822
18.633182111147
18.775358099723
18.781266830340
18.788281221170
18.795300722569
18.802411336302
18.809740912892
18.817078897742
18.824417957660
18.831862251876
18.839296885045
18.846768343018
18.854293440391
18.861885614619
18.869520395243
18.877204476726
18.884906571772
18.892605039148
18.900339408493
18.908027336878
18.915698982298
18.923299701602
18.930962197016
18.938726422416
18.946842282178
18.954522183914
18.962047421988
18.969364137959
18.976945818892
18.984501071147
18.991839238108
18.999413059658
19.006959969463
19.014480692646
19.022058025644
19.029829675779
19.037548010971
19.045143395087
19.052676666742
19.059890473349
19.067107052198
19.114821493988
19.121913560413
19.128352438119
19.134733599956
19.141435289624
19.148273218750
19.155418967790
19.162738850274
19.170134651994
19.177626569177
19.185173037635
19.192772076715
19.200365360445
19.207950345667
19.215477571719
19.222998334236
19.230479546820
19.238001489102
19.245677675919
19.253217275996
19.260740877673
19.268259495894
19.276020631822
19.283791165733
19.291646861418
19.299463938619
19.436143158451
19.442411353697
19.448767827561
19.455250016905
19.462029718958
19.468942668790
19.475919372510
19.482875461571
19.489848171248
19.496831757080
19.503812012789
19.510781100105
19.517746934048
19.524836603272
19.531667981374
19.538614077554
19.545701895903
19.552899305785
19.560347984238
19.567947995132
19.575073862676
19.581623357451
19.588926081439
19.596282394001
19.603626764226
19.691119835291
19.699636531276
19.708327094000
19.717270724964
19.726186811179
19.735259934160
19.744560962002
19.753902796174
19.763275657926
19.772535539732
19.781567742135
19.790374092705
19.798874437927
19.806988832345
19.814973075760
19.822810168048

