Time_s
1.188489268477
1.195925815995
1.203490433310
1.210844892215
1.218250642492
1.225697276619
1.233104079713
1.240368050647
1.247589982808
1.254813931102
1.262011434892
1.269132813909
1.276217345375
1.283180494535
1.290015246709
1.296853855391
1.303652405447
1.310581273341
1.317547693529
1.324662237071
1.331519027573
1.499260094146
1.506856946528
1.514652267431
1.522533458474
1.530578176697
1.538793833316
1.547140125576
1.555515927135
1.563931604746
1.572445426648
1.581015573961
1.589611731067
1.598180523261
1.606656088135
1.615221823691
1.623910278063
1.632917089484
1.642453361351
1.653769852538
1.662409594217
1.671017386791
1.679533146157
1.687333891284
1.851526938099
1.859529430019
1.868073018067
1.876641912668
1.885247806088
1.893904908554
1.902659293515
1.911395124174
1.920154246452
1.928908720221
1.937696288046
1.946656081764
1.955374695379
1.963830988251
1.972369573300
1.980928785825
1.989443394480
1.997739793442
2.006090435110
2.014561442889
2.023102748984
2.031599530774
2.040157938915
2.048762303510
2.057228154097
2.065751620724
2.074382188509
2.082939198833
2.091539553166
2.100178162067
2.108831418114
2.117390141047
2.125971273338
2.134540823995
2.143167260431
2.151699025204
2.160289838667
2.168958110595
2.177427716568
2.185757211986
2.194112862455
2.202968783336
2.212445811630
2.222942596149
2.232155041553
2.650525517607
2.659087758001
2.668276295554
2.677498603023
2.686760323680
2.695913964733
2.705004931366
2.713818979319
2.722417485471
2.731186117355
2.739975978670
2.748661277681
2.757308768714
2.765891474869
2.774978899947
2.783761160492
2.792615827062
2.940718958682
2.949084333821
2.957665646740
2.966237610396
2.975066606318
2.983985528233
2.992971764813
3.002046508869
3.011176062915
3.020593844247
3.030625304274
3.040739727776
3.051182466829
3.060875463880
3.093346867143
3.101540905114
3.110366786126
3.119907984762
3.130159122773
3.140910126293
3.151908215133
3.162994951883
3.173786193888
3.184614675427
3.195871321058
3.206709361514
3.240433946953
3.250150144724
3.260140538541
3.270196928390
3.280256525091
3.290296230063
3.300166885204
3.310093169830
3.319906178310
3.329608384333
3.339399454732
3.349155447515
3.358887719354
3.368432169246
3.377869111787
3.387341080232
3.396772209126
3.406388494027
3.416078706415
3.425933390050
3.435988208247
3.446737832074
3.457725772012
3.468429877324
3.479008487216
3.489642471721
3.500556106040
3.510727590729
3.520027198991
3.530025898119
3.540138292113
3.550316885306
3.560556187643
3.570863626925
3.581310154150
3.591981599256
3.602439122745
3.612508977087
3.622787724457
3.633235004749
3.869405402334
3.878948619625
3.888347123661
3.897738791187
3.907324936090
3.916954521490
3.926564009395
3.936182209365
3.945866420811
3.955602230131
3.965264252891
3.974909641077
3.984500009200
3.994046660184
4.003633244497
4.013240668154
4.022712535983
4.032468054400
4.042554849846
4.052231042183
4.061533206192
4.070848990556
4.080360592585
4.274367307348
4.286157243394
4.297204941038
4.308546924733
4.319783998112
4.331172137447
4.342768791008
4.354610525204
4.509766374934
4.519888750582
4.530327859354
4.540630734703
4.551128125944
4.561559873112
4.572082616611
4.582861772104
4.593597385064
4.604389641716
4.615103659959
4.626042145385
4.637328102412
4.649032500252
4.659591612738
4.812800806782
4.823145516168
4.833746275325
4.844331789204
4.855026809774
4.865892752546
4.876794833424
4.887847856594
4.899021624407
4.910294462908
4.921630706253
4.933077407306
4.944693302976
4.956251509866
4.967775119589
4.979085689897
4.990228596600
5.001216873912
5.012055647946
5.022280392973
5.263642757804
5.275219771237
5.286399398417
5.297770103797
5.309697131906
5.319209575190
5.504800630913
5.515565822917
5.526298521389
5.536878610873
5.547542999317
5.558176570741
5.568842253315
5.579454522675
5.589967198485
5.600372251424
5.610719268690
5.620983013293
5.631133090527
5.641155771748
5.651095071759
5.660964976793
5.670695175559
5.680302818767
5.689834016531
5.699311104639
5.708507667539
5.717594180638
5.726819515794
5.735931410568
5.744540579476
5.753217461439
5.762075856112
5.771012930290
5.780003618298
5.789916363144
5.799195370908
6.671036487605
6.678967511081
6.687455614790
6.696059050124
6.704836520835
6.713838750539
6.723212346546
6.733375508719
6.978014287993
6.986494826671
6.995172276508
7.003905561670
7.012747172209
7.021696051292
7.030692333994
7.039651217462
7.048711480334
7.057674877857
7.066556119453
7.075417241678
7.084247849954
7.093129722118
7.102291939309
7.111246800000
7.120303467839
7.129481125314
7.138435752718
7.147829927623
7.157560189907
7.167649585061
7.177895725865
7.188261767340
7.198736605856
7.209430167895
7.220168925380
7.231387299448
7.243397959635
7.421937554514
7.431848985778
7.442708857155
7.453362111700
7.463761591622
7.474212976821
7.484725073014
7.495398543538
7.506321762677
7.517216069658
7.528601011387
7.730889159754
7.740345280322
7.748737095390
7.758407784461
7.769032232760
7.780066084182
7.982308138620
7.990621266122
7.998252570247
8.007857082123
8.017561934378
8.027541767097
8.037664577796
8.047436721794
8.057682097803
8.067995899111
8.078247639558
8.088565409501
8.098798026282
8.108989078019
8.119097964043
8.129194379308
8.139137035699
8.149047425723
8.158961920853
8.169748137589
8.180235859271
8.289165535488
8.297221064536
8.305511883356
8.313718888610
8.322090290354
8.330589062531
8.339307541621
8.348040750818
8.356788490236
8.365631962493
8.374529814693
8.383378243789
8.392365920820
8.401093353832
8.409984899826
8.418823844372
8.427605382982
8.436392933339
8.445103465533
8.453689315479
8.461951990761
8.470473187855
8.478891103398
8.893692328502
8.902274041832
8.911478415337
8.920876165505
8.930400863904
8.939946630465
8.949569163652
8.959368650206
8.969148111554
8.978857149659
8.988735462953
8.998480154560
9.008214772747
9.017986109831
9.027684987547
9.037795716756
9.048402109892
9.058615209682
9.068211517562
9.346561252462
9.355391763549
9.365482551950
9.375849285970
9.386278634480
9.396707338933
9.407261383137
9.418502356931
9.429974348404
9.724156167647
9.734656993184
9.746174006883
10.184388938872
10.194016665132
10.203738128531
10.213616703417
10.223620475503
10.233487112044
10.242880342799
10.253010958920
10.263152908318
10.273367043337
10.283663615553
10.293996453605
10.304317296275
10.314470814029
10.324453387781
10.334326708147
10.343887773145
10.353272908187
10.362569175620
10.371570451620
10.380351811175
10.388955607134
10.397207133619
10.654997387163
10.665561487298
10.675833553211
10.686369488760
10.696917277371
10.707730912722
10.718570808929
10.729458301694
10.740450740031
10.751519429314
10.762672664062
10.773961122437
10.785502117747
10.797124800674
10.808343628983
10.819499923398
10.830369566167
11.507279107324
11.518497295332
11.528503233063
11.538780000180
11.549183818190
11.559665293210
11.570195949117
11.580326896446
11.590349079242
11.600430106456
11.610266188226
11.620168464777
11.630074838126
11.640045502500
11.649925784248
11.659706849290
11.669324137962
11.678670023209
11.688173089495
11.698424069375
11.707372931877
11.881027297604
11.889713435648
11.898640931175
11.907859780641
11.917099580920
11.926364374017
11.935646746255
11.944870184073
11.954054025825
11.963165142111
11.972299402924
11.981396855638
11.990592959533
11.999722521393
12.008843957575
12.017920681558
12.026913483447
12.035842078775
12.044701362391
12.053549920876
12.062444318385
12.071421216115
12.080367502685
12.089478428665
12.098630209403
12.107667436336
12.116388386678
12.561550670018
12.571363312675
12.581178545867
12.591157732328
12.601620099452
12.611898856633
12.622317706402
12.632713928129
12.643069808678
12.653325273724
12.663566043037
12.673807333281
12.684064321684
12.694205685825
12.704094702559
12.713476979428
12.722880648987
12.732193948249
12.741467529040
12.750722190937
12.759891290789
12.768937762137
12.777804528827
12.786591536542
12.795261725157
12.803869092562
12.812498657756
12.821337258936
12.830645381380
12.839651399832
12.848881249600
12.858100999768
12.867078008324
12.875929180905
12.884620979839
12.893249003827
12.901930636670
12.910685326408
12.919492476646
12.928357752033
12.937346538723
12.946355344735
12.955592132976
12.964971557711
12.974458995964
12.984012081606
12.993713583856
13.003671779283
13.013791675273
13.024051001702
13.034469116219
13.045050269824
13.056302195134
13.066839639061
13.077436490806
13.239194813363
13.248854998084
13.258539741137
13.268305636377
13.277963429610
13.287299877538
13.296732857394
13.306350141145
13.315893119789
13.325409462240
13.334900735733
13.344367002973
13.353913206257
13.363618487302
13.374322603103
13.585508064130
13.596158812494
13.606961623407
13.617764287056
13.628693505386
13.639663592404
13.650760135612
13.662089777989
13.673443904783
13.685055578403
13.696724155757
13.708038525576
13.719559892172
13.731410737682
13.743104192940
13.754522030947
13.765511427702
13.775627732884
13.785692573843
13.795869248275
13.806034371804
13.816583983551
13.827400108756
13.838657154943
13.849969138025
13.861325596515
13.872696544316
13.884441681262
13.896060832320
13.907684912248
13.919304999332
13.931138981069
13.943813196303
13.956440461109
13.969183612264
13.981629823026
13.992825769847
14.004017694381
14.015433492906
14.027092009471
14.038566381505
14.049937951681
14.061286926031
14.072519262787
14.083458759863
14.094246956108
14.104808516030
14.115355984742
14.125757656290
14.135984605965
14.146130025920
14.156295995554
14.166699987000
14.177385464200
14.188149793675
14.199218819000
14.210177365739
14.220908226259
14.231125325746
14.241318190721
14.251774378393
14.262377232910
14.273065581872
14.284085181129
14.295960808766
14.307837451261
14.319645814015
14.331532614379
14.343389847497
14.355210225685
14.367187134116
14.379094583615
14.391048478592
14.402863920293
14.414111175985
14.425479558840
14.437396053030
14.449572713025
14.462225281879
14.475179844265
14.488332047176
14.501304253883
14.514231063127
14.527112985328
14.540097649873
14.553488274614
15.666836297642
15.677111749004
15.686707383959
15.696248319557
15.705827743584
15.715327594277
15.724599844868
15.733769978674
15.742922072309
15.751987547356
15.760859139495
15.769662630556
15.778310433427
15.786846682588
15.795229894442
15.803531553367
15.811808754087
15.819985956191
15.827931787214
15.835714712195
15.843764896520
15.852355564686
15.860480551946
15.868541387754
15.964391740188
15.971707311006
15.979720642174
15.988001250126
15.996386287954
16.005123068952
16.013783015998
16.022558559310
16.031382926931
16.040267624957
16.049077803791
16.057960120495
16.066933369726
16.075594032676
16.084357158405
16.093308639731
16.102065976618
16.110828999794
16.119658119874
16.128450427430
16.137221601557
16.146129221168
16.155877041386
16.165365867297
16.174552701304
16.183415426095
16.192372878500
16.201621158643
16.211106767670
16.220829831189
16.230810435382
16.241140606822
16.251454369189
16.261885462643
16.413859450258
16.422863203981
16.432180626452
16.441640083230
16.451070178817
16.460765070694
16.470585654328
16.480326957458
16.490160634067
16.499808211280
16.509413471875
16.518934547243
16.528570219692
16.538138975571
16.547969538602
16.557580925929
16.567358267625
16.577314519311
16.586942608465
16.646968944900
16.655872132246
16.664185898884
16.673250831971
16.681749856666
16.690401382705
16.699523790776
16.708872931217
16.718239371207
16.727840027518
16.737354397896
16.746850402024
16.756385519860
16.765886337093
16.775433045628
16.784894310902
16.794363330715
16.804150256642
16.813651471950
16.823199100913
16.964072685088
16.973297111815
16.982768238453
16.993049249380
17.177766698219
17.187374103515
17.196812644863
17.206389022442
17.215990840124
17.225333626784
17.234876818667
17.244695675580
17.254444053530
17.264315019974
17.274199588567
17.284152227170
17.294209361550
17.304267712189
17.314225040705
17.324244586823
17.334312707365
17.344336035245
17.354332377360
17.364322193232
17.374475681344
17.384695247353
18.026295805994
18.036504340880
18.046866901881
18.058225625497
18.068663557353
18.079563250161
18.090340527613
18.101111694057
18.111879278858
18.122769615348
18.133876424752
18.145911487452
18.158180048862
18.171554799199
18.184824516814
18.196663500082
18.206992579235
18.250032504682
18.259557647548
18.269475759326
18.279347887331
18.289006670991
18.298637819114
18.308187822588
18.317646975739
18.326986693529
18.336371847688
18.345585536095
18.355552817873
18.366546244757
18.376258033896
18.386005054122
18.395777078241
18.716077130303
18.725717164471
18.735129690304
18.744579783888
18.754056282256
18.763568284652
18.773001344121
18.782569805795
18.792238372563
18.802201591894
18.812155881592
18.822116672572
18.831992238737
18.841827907779
18.851638405844
18.861379163502
18.871119606517
18.880697743806
18.890320645845
18.899963502673
18.909648479015
18.919293604545
18.928965621164
18.938425792562
18.947882468080
18.957623883419
18.967842282438
18.977370116889
18.987337049409
18.996771371561
19.160469421379
19.169785607754
19.179790372350
19.190072056341
19.200483824789
19.210929335643
19.221431728567
19.232095589864
19.242871702770
19.253662041793
19.264378103930
19.275081361583
19.285727126316
19.296369516075
19.306774000385
19.317105159572
19.327270750060
19.337329428166
19.347859255751
19.358448300458
19.368865387931
19.716219097157
19.726643023430
19.737330865970
19.748293686509
19.759465813373
19.771224682106
19.783879398195
19.797556930943

